400.000000	-0.000831
401.000000	-0.006602
402.000000	-0.009039
403.000000	-0.009390
404.000000	-0.008904
405.000000	-0.009144
406.000000	-0.012941
407.000000	-0.021786
408.000000	-0.030548
409.000000	-0.033559
410.000000	-0.029631
411.000000	-0.019804
412.000000	-0.009551
413.000000	-0.003942
414.000000	-0.002010
415.000000	-0.001383
416.000000	-0.000096
417.000000	0.002698
418.000000	0.003771
419.000000	-0.000069
420.000000	-0.007810
421.000000	-0.016900
422.000000	-0.022819
423.000000	-0.021767
424.000000	-0.014781
425.000000	-0.004144
426.000000	0.007700
427.000000	0.017761
428.000000	0.021008
429.000000	0.013795
430.000000	0.000054
431.000000	-0.014155
432.000000	-0.021830
433.000000	-0.018338
434.000000	-0.009453
435.000000	-0.002304
436.000000	0.000961
437.000000	0.000438
438.000000	0.000215
439.000000	0.003862
440.000000	0.008871
441.000000	0.011523
442.000000	0.009323
443.000000	0.001393
444.000000	-0.007898
445.000000	-0.013944
446.000000	-0.016448
447.000000	-0.016568
448.000000	-0.016988
449.000000	-0.019646
450.000000	-0.021975
451.000000	-0.020871
452.000000	-0.015589
453.000000	-0.006840
454.000000	0.001200
455.000000	0.004588
456.000000	0.003782
457.000000	0.000419
458.000000	-0.003545
459.000000	-0.006216
460.000000	-0.006259
461.000000	-0.003013
462.000000	0.002057
463.000000	0.006436
464.000000	0.005521
465.000000	-0.003719
466.000000	-0.015952
467.000000	-0.024530
468.000000	-0.025899
469.000000	-0.019152
470.000000	-0.010860
471.000000	-0.007683
472.000000	-0.009151
473.000000	-0.012728
474.000000	-0.014751
475.000000	-0.012438
476.000000	-0.007663
477.000000	-0.003123
478.000000	-0.000156
479.000000	0.000358
480.000000	-0.001990
481.000000	-0.006951
482.000000	-0.012118
483.000000	-0.014792
484.000000	-0.013253
485.000000	-0.006954
486.000000	0.000941
487.000000	0.006962
488.000000	0.010116
489.000000	0.010209
490.000000	0.007769
491.000000	0.003600
492.000000	-0.001117
493.000000	-0.005174
494.000000	-0.007624
495.000000	-0.007586
496.000000	-0.004162
497.000000	0.002933
498.000000	0.011530
499.000000	0.018950
500.000000	0.022934
501.000000	0.021885
502.000000	0.016450
503.000000	0.008050
504.000000	-0.001032
505.000000	-0.008115
506.000000	-0.009792
507.000000	-0.004015
508.000000	0.005095
509.000000	0.012535
510.000000	0.015942
511.000000	0.014563
512.000000	0.011451
513.000000	0.009639
514.000000	0.008268
515.000000	0.005598
516.000000	0.000264
517.000000	-0.007660
518.000000	-0.012725
519.000000	-0.009756
520.000000	-0.000064
521.000000	0.012519
522.000000	0.020547
523.000000	0.018482
524.000000	0.012025
525.000000	0.008552
526.000000	0.010909
527.000000	0.018836
528.000000	0.024178
529.000000	0.019552
530.000000	0.008562
531.000000	-0.002473
532.000000	-0.007367
533.000000	-0.002693
534.000000	0.004075
535.000000	0.004803
536.000000	-0.000376
537.000000	-0.008148
538.000000	-0.010740
539.000000	-0.002523
540.000000	0.009102
541.000000	0.014851
542.000000	0.010925
543.000000	-0.002845
544.000000	-0.017610
545.000000	-0.024440
546.000000	-0.023112
547.000000	-0.015797
548.000000	-0.005548
549.000000	0.004324
550.000000	0.010366
551.000000	0.009975
552.000000	0.004105
553.000000	-0.004848
554.000000	-0.012265
555.000000	-0.014104
556.000000	-0.010839
557.000000	-0.004155
558.000000	0.003938
559.000000	0.010885
560.000000	0.012273
561.000000	0.004905
562.000000	-0.007704
563.000000	-0.020417
564.000000	-0.028327
565.000000	-0.028073
566.000000	-0.022256
567.000000	-0.014478
568.000000	-0.006381
569.000000	0.001024
570.000000	0.007308
571.000000	0.011940
572.000000	0.013418
573.000000	0.010481
574.000000	0.003804
575.000000	-0.004554
576.000000	-0.008940
577.000000	-0.004918
578.000000	0.003479
579.000000	0.010366
580.000000	0.010905
581.000000	0.002653
582.000000	-0.008296
583.000000	-0.015329
584.000000	-0.018289
585.000000	-0.019161
586.000000	-0.022051
587.000000	-0.029382
588.000000	-0.034727
589.000000	-0.031059
590.000000	-0.017814
591.000000	0.002033
592.000000	0.017808
593.000000	0.020289
594.000000	0.013745
595.000000	0.005356
596.000000	0.000434
597.000000	0.001767
598.000000	0.003901
599.000000	0.000966
600.000000	-0.006331
601.000000	-0.015338
602.000000	-0.022199
603.000000	-0.023833
604.000000	-0.021447
605.000000	-0.017079
606.000000	-0.011783
607.000000	-0.006239
608.000000	-0.000599
609.000000	0.004733
610.000000	0.007811
611.000000	0.006653
612.000000	0.000672
613.000000	-0.009654
614.000000	-0.020973
615.000000	-0.029713
616.000000	-0.034288
617.000000	-0.033780
618.000000	-0.027948
619.000000	-0.017475
620.000000	-0.006051
621.000000	0.002576
622.000000	0.007426
623.000000	0.008533
624.000000	0.007224
625.000000	0.005278
626.000000	0.004999
627.000000	0.008177
628.000000	0.014014
629.000000	0.019730
630.000000	0.017188
631.000000	0.000462
632.000000	-0.022181
633.000000	-0.039638
634.000000	-0.043647
635.000000	-0.030317
636.000000	-0.010391
637.000000	0.004086
638.000000	0.010504
639.000000	0.009204
640.000000	0.002887
641.000000	-0.005315
642.000000	-0.012901
643.000000	-0.017849
644.000000	-0.019426
645.000000	-0.017534
646.000000	-0.013342
647.000000	-0.008321
648.000000	-0.003897
649.000000	-0.001335
650.000000	-0.001306
651.000000	-0.004023
652.000000	-0.008463
653.000000	-0.013416
654.000000	-0.018154
655.000000	-0.022091
656.000000	-0.024725
657.000000	-0.025488
658.000000	-0.023452
659.000000	-0.018039
660.000000	-0.010433
661.000000	-0.002448
662.000000	0.003334
663.000000	0.004875
664.000000	0.003089
665.000000	-0.000472
666.000000	-0.004657
667.000000	-0.008422
668.000000	-0.010754
669.000000	-0.011017
670.000000	-0.010062
671.000000	-0.009019
672.000000	-0.008631
673.000000	-0.009188
674.000000	-0.009537
675.000000	-0.008636
676.000000	-0.007331
677.000000	-0.006923
678.000000	-0.008661
679.000000	-0.012549
680.000000	-0.013681
681.000000	-0.007658
682.000000	0.002963
683.000000	0.012953
684.000000	0.013339
685.000000	-0.001481
686.000000	-0.019875
687.000000	-0.028402
688.000000	-0.023606
689.000000	-0.007499
690.000000	0.006021
691.000000	0.004643
692.000000	-0.005702
693.000000	-0.015343
694.000000	-0.017906
695.000000	-0.010485
696.000000	-0.000768
697.000000	0.003082
698.000000	0.001591
699.000000	-0.002349
700.000000	-0.005065
701.000000	-0.003729
702.000000	0.000320
703.000000	0.004968
704.000000	0.009163
705.000000	0.012161
706.000000	0.013388
707.000000	0.012633
708.000000	0.010975
709.000000	0.009568
710.000000	0.008561
711.000000	0.007508
712.000000	0.004573
713.000000	-0.001481
714.000000	-0.008117
715.000000	-0.012238
716.000000	-0.012296
717.000000	-0.008234
718.000000	-0.004421
719.000000	-0.004865
720.000000	-0.007718
721.000000	-0.009687
722.000000	-0.007554
723.000000	0.000691
724.000000	0.012304
725.000000	0.023639
726.000000	0.032197
727.000000	0.035837
728.000000	0.032715
729.000000	0.022479
730.000000	0.010458
731.000000	0.002276
732.000000	-0.000934
733.000000	-0.000130
734.000000	-0.000153
735.000000	-0.005244
736.000000	-0.013373
737.000000	-0.021219
738.000000	-0.026556
739.000000	-0.027702
740.000000	-0.024045
741.000000	-0.015895
742.000000	-0.006174
743.000000	0.001738
744.000000	0.005237
745.000000	0.002921
746.000000	-0.002576
747.000000	-0.008102
748.000000	-0.012450
749.000000	-0.015013
750.000000	-0.015625
751.000000	-0.014326
752.000000	-0.011544
753.000000	-0.007856
754.000000	-0.004038
755.000000	-0.000932
756.000000	0.000570
757.000000	-0.000278
758.000000	-0.003583
759.000000	-0.009034
760.000000	-0.015298
761.000000	-0.020354
762.000000	-0.020442
763.000000	-0.013003
764.000000	-0.002003
765.000000	0.007427
766.000000	0.012042
767.000000	0.009994
768.000000	0.003152
769.000000	-0.005512
770.000000	-0.012330
771.000000	-0.013789
772.000000	-0.007705
773.000000	0.005756
774.000000	0.018358
775.000000	0.022159
776.000000	0.018458
777.000000	0.011392
778.000000	0.007212
779.000000	0.010816
780.000000	0.019576
781.000000	0.029583
782.000000	0.039324
783.000000	0.047627
784.000000	0.052286
785.000000	0.051978
786.000000	0.049953
787.000000	0.049267
788.000000	0.047621
789.000000	0.042273
790.000000	0.034048
791.000000	0.024638
792.000000	0.015632
793.000000	0.008463
794.000000	0.004045
795.000000	0.002680
796.000000	0.002735
797.000000	0.002332
798.000000	0.000537
799.000000	-0.003191
800.000000	-0.008765
801.000000	-0.015131
802.000000	-0.017979
803.000000	-0.013748
804.000000	-0.005120
805.000000	0.003499
806.000000	0.007056
807.000000	0.002397
808.000000	-0.005374
809.000000	-0.010270
810.000000	-0.011021
811.000000	-0.007992
812.000000	-0.003359
813.000000	0.000708
814.000000	0.003862
815.000000	0.006148
816.000000	0.007343
817.000000	0.007125
818.000000	0.005045
819.000000	0.001122
820.000000	-0.002633
821.000000	-0.004017
822.000000	-0.002043
823.000000	0.003651
824.000000	0.012141
825.000000	0.021775
826.000000	0.029258
827.000000	0.031411
828.000000	0.027152
829.000000	0.017553
830.000000	0.010200
831.000000	0.011702
832.000000	0.018237
833.000000	0.023571
834.000000	0.022245
835.000000	0.011477
836.000000	-0.001568
837.000000	-0.009091
838.000000	-0.010688
839.000000	-0.008143
840.000000	-0.004602
841.000000	-0.002813
842.000000	-0.002563
843.000000	-0.002935
844.000000	-0.003166
845.000000	-0.002488
846.000000	0.000043
847.000000	0.004737
848.000000	0.009198
849.000000	0.010954
850.000000	0.009933
851.000000	0.007168
852.000000	0.005697
853.000000	0.007739
854.000000	0.010225
855.000000	0.009559
856.000000	0.005319
857.000000	-0.001056
858.000000	-0.003843
859.000000	0.001525
860.000000	0.010719
861.000000	0.017822
862.000000	0.019456
863.000000	0.014114
864.000000	0.005245
865.000000	-0.003045
866.000000	-0.008976
867.000000	-0.011526
868.000000	-0.010375
869.000000	-0.005781
870.000000	0.000393
871.000000	0.005958
872.000000	0.009014
873.000000	0.007953
874.000000	0.002029
875.000000	-0.008170
876.000000	-0.017594
877.000000	-0.021280
878.000000	-0.019072
879.000000	-0.012338
880.000000	-0.003722
881.000000	0.004042
882.000000	0.009139
883.000000	0.010533
884.000000	0.009394
885.000000	0.007710
886.000000	0.008526
887.000000	0.013905
888.000000	0.020911
889.000000	0.025803
890.000000	0.026612
891.000000	0.022007
892.000000	0.011423
893.000000	-0.004239
894.000000	-0.018979
895.000000	-0.026716
896.000000	-0.026136
897.000000	-0.018374
898.000000	-0.009603
899.000000	-0.005644
900.000000	-0.005865
901.000000	-0.008168
902.000000	-0.011046
903.000000	-0.013204
904.000000	-0.013616
905.000000	-0.011962
906.000000	-0.010489
907.000000	-0.011672
908.000000	-0.016334
909.000000	-0.023856
910.000000	-0.029500
911.000000	-0.028795
912.000000	-0.022461
913.000000	-0.012582
914.000000	-0.001513
915.000000	0.008480
916.000000	0.015767
917.000000	0.019191
918.000000	0.018839
919.000000	0.015225
920.000000	0.009318
921.000000	0.002066
922.000000	-0.006120
923.000000	-0.014457
924.000000	-0.020131
925.000000	-0.019998
926.000000	-0.011629
927.000000	0.004863
928.000000	0.019927
929.000000	0.024254
930.000000	0.018953
931.000000	0.008463
932.000000	0.000123
933.000000	-0.000409
934.000000	0.002891
935.000000	0.004625
936.000000	0.003331
937.000000	-0.001127
938.000000	-0.007531
939.000000	-0.014228
940.000000	-0.019196
941.000000	-0.020779
942.000000	-0.019171
943.000000	-0.015405
944.000000	-0.012030
945.000000	-0.010679
946.000000	-0.007806
947.000000	0.000245
948.000000	0.012386
949.000000	0.025269
950.000000	0.031234
951.000000	0.024679
952.000000	0.012541
953.000000	0.003563
954.000000	0.001171
955.000000	0.006039
956.000000	0.013151
957.000000	0.017501
958.000000	0.019801
959.000000	0.021807
960.000000	0.023718
961.000000	0.024741
962.000000	0.021682
963.000000	0.012297
964.000000	0.000564
965.000000	-0.008578
966.000000	-0.012547
967.000000	-0.010492
968.000000	-0.006111
969.000000	-0.003386
970.000000	-0.002882
971.000000	-0.004266
972.000000	-0.007033
973.000000	-0.010606
974.000000	-0.014290
975.000000	-0.017319
976.000000	-0.018751
977.000000	-0.017704
978.000000	-0.013705
979.000000	-0.006516
980.000000	0.003576
981.000000	0.015624
982.000000	0.026567
983.000000	0.033132
984.000000	0.033323
985.000000	0.026838
986.000000	0.018880
987.000000	0.014722
988.000000	0.014423
989.000000	0.016638
990.000000	0.019605
991.000000	0.021790
992.000000	0.022970
993.000000	0.023540
994.000000	0.025057
995.000000	0.029261
996.000000	0.037468
997.000000	0.049607
998.000000	0.060481
999.000000	0.065326
1000.000000	0.066225
1001.000000	0.067100
1002.000000	0.072378
1003.000000	0.084614
1004.000000	0.098381
1005.000000	0.107498
1006.000000	0.110745
1007.000000	0.108462
1008.000000	0.102257
1009.000000	0.094483
1010.000000	0.089208
1011.000000	0.089386
1012.000000	0.091803
1013.000000	0.091435
1014.000000	0.082195
1015.000000	0.061144
1016.000000	0.038998
1017.000000	0.027323
1018.000000	0.027445
1019.000000	0.037244
1020.000000	0.051068
1021.000000	0.062799
1022.000000	0.067973
1023.000000	0.063869
1024.000000	0.053066
1025.000000	0.040054
1026.000000	0.031647
1027.000000	0.033155
1028.000000	0.041536
1029.000000	0.052346
1030.000000	0.063894
1031.000000	0.075410
1032.000000	0.087066
1033.000000	0.098353
1034.000000	0.105100
1035.000000	0.103603
1036.000000	0.095683
1037.000000	0.085208
1038.000000	0.078696
1039.000000	0.081350
1040.000000	0.090450
1041.000000	0.101986
1042.000000	0.114709
1043.000000	0.128334
1044.000000	0.143681
1045.000000	0.160804
1046.000000	0.175586
1047.000000	0.183756
1048.000000	0.184594
1049.000000	0.178739
1050.000000	0.168707
1051.000000	0.157830
1052.000000	0.150814
1053.000000	0.151217
1054.000000	0.156634
1055.000000	0.162199
1056.000000	0.159164
1057.000000	0.142147
1058.000000	0.123096
1059.000000	0.115341
1060.000000	0.120396
1061.000000	0.135061
1062.000000	0.149091
1063.000000	0.153588
1064.000000	0.152095
1065.000000	0.150201
1066.000000	0.149230
1067.000000	0.148892
1068.000000	0.146700
1069.000000	0.140986
1070.000000	0.135548
1071.000000	0.134219
1072.000000	0.135493
1073.000000	0.135723
1074.000000	0.128021
1075.000000	0.108424
1076.000000	0.087909
1077.000000	0.078755
1078.000000	0.083502
1079.000000	0.100870
1080.000000	0.124032
1081.000000	0.144438
1082.000000	0.152190
1083.000000	0.140071
1084.000000	0.112944
1085.000000	0.080634
1086.000000	0.060744
1087.000000	0.066341
1088.000000	0.084562
1089.000000	0.098947
1090.000000	0.104577
1091.000000	0.100928
1092.000000	0.093507
1093.000000	0.087674
1094.000000	0.082150
1095.000000	0.074622
1096.000000	0.065259
1097.000000	0.055081
1098.000000	0.046021
1099.000000	0.039701
1100.000000	0.035602
1101.000000	0.032939
1102.000000	0.032016
1103.000000	0.033498
1104.000000	0.038400
1105.000000	0.046738
1106.000000	0.054194
1107.000000	0.056418
1108.000000	0.053284
1109.000000	0.046198
1110.000000	0.038475
1111.000000	0.033108
1112.000000	0.029876
1113.000000	0.027771
1114.000000	0.025835
1115.000000	0.023114
1116.000000	0.018615
1117.000000	0.012251
1118.000000	0.007598
1119.000000	0.008062
1120.000000	0.012706
1121.000000	0.019174
1122.000000	0.023767
1123.000000	0.024226
1124.000000	0.025398
1125.000000	0.032202
1126.000000	0.042747
1127.000000	0.053072
1128.000000	0.057745
1129.000000	0.053026
1130.000000	0.043410
1131.000000	0.034150
1132.000000	0.025308
1133.000000	0.015506
1134.000000	0.002799
1135.000000	-0.013298
1136.000000	-0.026863
1137.000000	-0.031995
1138.000000	-0.029276
1139.000000	-0.021258
1140.000000	-0.011877
1141.000000	-0.005457
1142.000000	-0.006484
1143.000000	-0.017440
1144.000000	-0.032622
1145.000000	-0.044469
1146.000000	-0.046184
1147.000000	-0.034566
1148.000000	-0.020044
1149.000000	-0.013618
1150.000000	-0.014960
1151.000000	-0.020687
1152.000000	-0.026539
1153.000000	-0.028873
1154.000000	-0.027385
1155.000000	-0.022896
1156.000000	-0.017393
1157.000000	-0.013014
1158.000000	-0.011329
1159.000000	-0.013065
1160.000000	-0.016139
1161.000000	-0.018076
1162.000000	-0.017640
1163.000000	-0.014204
1164.000000	-0.008345
1165.000000	-0.001928
1166.000000	-0.000759
1167.000000	-0.008970
1168.000000	-0.020058
1169.000000	-0.025940
1170.000000	-0.022835
1171.000000	-0.010784
1172.000000	-0.000811
1173.000000	-0.002763
1174.000000	-0.010802
1175.000000	-0.016372
1176.000000	-0.015741
1177.000000	-0.008583
1178.000000	-0.003377
1179.000000	-0.007804
1180.000000	-0.017536
1181.000000	-0.025995
1182.000000	-0.029617
1183.000000	-0.026315
1184.000000	-0.016911
1185.000000	-0.004116
1186.000000	0.004703
1187.000000	0.002940
1188.000000	-0.008306
1189.000000	-0.023987
1190.000000	-0.030958
1191.000000	-0.019637
1192.000000	-0.002800
1193.000000	0.004372
1194.000000	-0.000578
1195.000000	-0.014795
1196.000000	-0.026898
1197.000000	-0.026751
1198.000000	-0.017728
1199.000000	-0.006075
1200.000000	0.003974
1201.000000	0.008905
1202.000000	0.006084
1203.000000	-0.004549
1204.000000	-0.013630
1205.000000	-0.011887
1206.000000	0.000161
1207.000000	0.018716
1208.000000	0.036638
1209.000000	0.047141
1210.000000	0.048178
1211.000000	0.040105
1212.000000	0.028139
1213.000000	0.018679
1214.000000	0.017972
1215.000000	0.029440
1216.000000	0.045336
1217.000000	0.056766
1218.000000	0.061403
1219.000000	0.059029
1220.000000	0.051281
1221.000000	0.040915
1222.000000	0.033296
1223.000000	0.033022
1224.000000	0.038998
1225.000000	0.048642
1226.000000	0.059112
1227.000000	0.068155
1228.000000	0.076123
1229.000000	0.083172
1230.000000	0.086063
1231.000000	0.081598
1232.000000	0.070122
1233.000000	0.054789
1234.000000	0.046432
1235.000000	0.053589
1236.000000	0.067942
1237.000000	0.078582
1238.000000	0.081084
1239.000000	0.074951
1240.000000	0.068902
1241.000000	0.071032
1242.000000	0.077715
1243.000000	0.083323
1244.000000	0.085937
1245.000000	0.085204
1246.000000	0.083335
1247.000000	0.083124
1248.000000	0.087124
1249.000000	0.096495
1250.000000	0.107070
1251.000000	0.112728
1252.000000	0.104870
1253.000000	0.079387
1254.000000	0.052605
1255.000000	0.041640
1256.000000	0.046342
1257.000000	0.060931
1258.000000	0.074373
1259.000000	0.078152
1260.000000	0.079067
1261.000000	0.084963
1262.000000	0.092566
1263.000000	0.095990
1264.000000	0.090021
1265.000000	0.073195
1266.000000	0.058364
1267.000000	0.057846
1268.000000	0.067517
1269.000000	0.079429
1270.000000	0.086795
1271.000000	0.085665
1272.000000	0.082295
1273.000000	0.083226
1274.000000	0.085947
1275.000000	0.086176
1276.000000	0.081613
1277.000000	0.071251
1278.000000	0.057267
1279.000000	0.043280
1280.000000	0.035474
1281.000000	0.039089
1282.000000	0.053002
1283.000000	0.072626
1284.000000	0.085865
1285.000000	0.083433
1286.000000	0.074788
1287.000000	0.071636
1288.000000	0.075935
1289.000000	0.085712
1290.000000	0.093024
1291.000000	0.091498
1292.000000	0.087004
1293.000000	0.086717
1294.000000	0.090787
1295.000000	0.097137
1296.000000	0.101812
1297.000000	0.101899
1298.000000	0.100522
1299.000000	0.101342
1300.000000	0.104114
1301.000000	0.107537
1302.000000	0.109990
1303.000000	0.110159
1304.000000	0.108274
1305.000000	0.105131
1306.000000	0.102234
1307.000000	0.101116
1308.000000	0.102707
1309.000000	0.107443
1310.000000	0.114373
1311.000000	0.121981
1312.000000	0.127875
1313.000000	0.129930
1314.000000	0.127974
1315.000000	0.123197
1316.000000	0.120283
1317.000000	0.122207
1318.000000	0.121615
1319.000000	0.111089
1320.000000	0.093299
1321.000000	0.075317
1322.000000	0.071742
1323.000000	0.091809
1324.000000	0.115761
1325.000000	0.122245
1326.000000	0.112522
1327.000000	0.095318
1328.000000	0.086604
1329.000000	0.097643
1330.000000	0.113609
1331.000000	0.117790
1332.000000	0.112000
1333.000000	0.102971
1334.000000	0.098572
1335.000000	0.103950
1336.000000	0.112231
1337.000000	0.115957
1338.000000	0.117342
1339.000000	0.120438
1340.000000	0.126966
1341.000000	0.136341
1342.000000	0.141077
1343.000000	0.134743
1344.000000	0.122027
1345.000000	0.109663
1346.000000	0.101451
1347.000000	0.099552
1348.000000	0.102499
1349.000000	0.107677
1350.000000	0.111499
1351.000000	0.110741
1352.000000	0.104612
1353.000000	0.093359
1354.000000	0.078952
1355.000000	0.064887
1356.000000	0.059055
1357.000000	0.067529
1358.000000	0.084725
1359.000000	0.101894
1360.000000	0.109276
1361.000000	0.101252
1362.000000	0.089769
1363.000000	0.087292
1364.000000	0.090799
1365.000000	0.093794
1366.000000	0.091386
1367.000000	0.081606
1368.000000	0.072561
1369.000000	0.071793
1370.000000	0.074500
1371.000000	0.073843
1372.000000	0.067173
1373.000000	0.054344
1374.000000	0.041021
1375.000000	0.032875
1376.000000	0.029793
1377.000000	0.030214
1378.000000	0.032584
1379.000000	0.035336
1380.000000	0.036842
1381.000000	0.035681
1382.000000	0.031304
1383.000000	0.023898
1384.000000	0.015712
1385.000000	0.009469
1386.000000	0.007732
1387.000000	0.012122
1388.000000	0.020661
1389.000000	0.030201
1390.000000	0.036506
1391.000000	0.035789
1392.000000	0.027129
1393.000000	0.012193
1394.000000	0.000118
1395.000000	-0.000990
1396.000000	0.005377
1397.000000	0.013539
1398.000000	0.020664
1399.000000	0.025611
1400.000000	0.031165
1401.000000	0.039598
1402.000000	0.047213
1403.000000	0.049776
1404.000000	0.046883
1405.000000	0.039564
1406.000000	0.030758
1407.000000	0.023528
1408.000000	0.019522
1409.000000	0.019767
1410.000000	0.024226
1411.000000	0.032314
1412.000000	0.042308
1413.000000	0.051252
1414.000000	0.052393
1415.000000	0.041102
1416.000000	0.025045
1417.000000	0.013748
1418.000000	0.011885
1419.000000	0.020309
1420.000000	0.029457
1421.000000	0.030320
1422.000000	0.026533
1423.000000	0.023796
1424.000000	0.023436
1425.000000	0.024923
1426.000000	0.024678
1427.000000	0.020881
1428.000000	0.021801
1429.000000	0.035183
1430.000000	0.056598
1431.000000	0.078215
1432.000000	0.090780
1433.000000	0.088139
1434.000000	0.077959
1435.000000	0.069533
1436.000000	0.064838
1437.000000	0.063865
1438.000000	0.065968
1439.000000	0.070381
1440.000000	0.076504
1441.000000	0.083802
1442.000000	0.091850
1443.000000	0.100231
1444.000000	0.108449
1445.000000	0.115978
1446.000000	0.122243
1447.000000	0.126841
1448.000000	0.130117
1449.000000	0.132533
1450.000000	0.134283
1451.000000	0.135481
1452.000000	0.136190
1453.000000	0.136511
1454.000000	0.136757
1455.000000	0.137255
1456.000000	0.138190
1457.000000	0.139597
1458.000000	0.141065
1459.000000	0.141791
1460.000000	0.139868
1461.000000	0.133947
1462.000000	0.126023
1463.000000	0.118515
1464.000000	0.112184
1465.000000	0.106984
1466.000000	0.101285
1467.000000	0.093493
1468.000000	0.083745
1469.000000	0.072856
1470.000000	0.062626
1471.000000	0.055068
1472.000000	0.052056
1473.000000	0.054654
1474.000000	0.060821
1475.000000	0.068103
1476.000000	0.075511
1477.000000	0.082331
1478.000000	0.087481
1479.000000	0.089429
1480.000000	0.085216
1481.000000	0.073070
1482.000000	0.057398
1483.000000	0.043421
1484.000000	0.033444
1485.000000	0.028338
1486.000000	0.026144
1487.000000	0.024830
1488.000000	0.024883
1489.000000	0.026790
1490.000000	0.028510
1491.000000	0.027505
1492.000000	0.021789
1493.000000	0.010859
1494.000000	-0.000387
1495.000000	-0.007013
1496.000000	-0.009316
1497.000000	-0.008978
1498.000000	-0.007993
1499.000000	-0.008320
1500.000000	-0.011464
1501.000000	-0.017995
1502.000000	-0.025198
1503.000000	-0.029873
1504.000000	-0.030152
1505.000000	-0.024821
1506.000000	-0.013946
1507.000000	0.000098
1508.000000	0.006973
1509.000000	-0.001769
1510.000000	-0.019060
1511.000000	-0.034359
1512.000000	-0.038748
1513.000000	-0.028201
1514.000000	-0.016635
1515.000000	-0.017645
1516.000000	-0.025588
1517.000000	-0.031372
1518.000000	-0.031342
1519.000000	-0.024947
1520.000000	-0.018630
1521.000000	-0.018384
1522.000000	-0.021417
1523.000000	-0.023540
1524.000000	-0.023758
1525.000000	-0.022130
1526.000000	-0.019728
1527.000000	-0.017598
1528.000000	-0.015672
1529.000000	-0.013876
1530.000000	-0.013220
1531.000000	-0.014709
1532.000000	-0.018232
1533.000000	-0.022901
1534.000000	-0.025850
1535.000000	-0.024586
1536.000000	-0.020106
1537.000000	-0.014298
1538.000000	-0.009132
1539.000000	-0.006474
1540.000000	-0.007682
1541.000000	-0.013404
1542.000000	-0.021959
1543.000000	-0.030746
1544.000000	-0.035821
1545.000000	-0.033497
1546.000000	-0.022463
1547.000000	-0.003924
1548.000000	0.013223
1549.000000	0.020914
1550.000000	0.022091
1551.000000	0.021703
1552.000000	0.021709
1553.000000	0.022418
1554.000000	0.020533
1555.000000	0.014083
1556.000000	0.010003
1557.000000	0.014785
1558.000000	0.024253
1559.000000	0.031566
1560.000000	0.029880
1561.000000	0.016292
1562.000000	0.003651
1563.000000	0.004576
1564.000000	0.015012
1565.000000	0.027491
1566.000000	0.037576
1567.000000	0.043007
1568.000000	0.047219
1569.000000	0.054195
1570.000000	0.064434
1571.000000	0.076864
1572.000000	0.087624
1573.000000	0.092303
1574.000000	0.087082
1575.000000	0.071167
1576.000000	0.055278
1577.000000	0.050057
1578.000000	0.054325
1579.000000	0.063854
1580.000000	0.074045
1581.000000	0.080834
1582.000000	0.082666
1583.000000	0.079065
1584.000000	0.071354
1585.000000	0.061439
1586.000000	0.051754
1587.000000	0.044752
1588.000000	0.042419
1589.000000	0.045270
1590.000000	0.048400
1591.000000	0.047541
1592.000000	0.046387
1593.000000	0.049688
1594.000000	0.058460
1595.000000	0.069968
1596.000000	0.070219
1597.000000	0.049396
1598.000000	0.025644
1599.000000	0.019205
1600.000000	0.030742
1601.000000	0.053448
1602.000000	0.070213
1603.000000	0.067295
1604.000000	0.054724
1605.000000	0.045804
1606.000000	0.043149
1607.000000	0.046254
1608.000000	0.052820
1609.000000	0.059824
1610.000000	0.063155
1611.000000	0.060260
1612.000000	0.055918
1613.000000	0.055334
1614.000000	0.058095
1615.000000	0.061655
1616.000000	0.060547
1617.000000	0.051497
1618.000000	0.042913
1619.000000	0.043396
1620.000000	0.050625
1621.000000	0.059618
1622.000000	0.065663
1623.000000	0.065233
1624.000000	0.059263
1625.000000	0.050549
1626.000000	0.044855
1627.000000	0.046994
1628.000000	0.055007
1629.000000	0.064416
1630.000000	0.067452
1631.000000	0.058541
1632.000000	0.044190
1633.000000	0.032419
1634.000000	0.025216
1635.000000	0.022721
1636.000000	0.023714
1637.000000	0.026289
1638.000000	0.027155
1639.000000	0.024675
1640.000000	0.025220
1641.000000	0.035064
1642.000000	0.052098
1643.000000	0.071259
1644.000000	0.084057
1645.000000	0.084821
1646.000000	0.082578
1647.000000	0.086722
1648.000000	0.093412
1649.000000	0.096355
1650.000000	0.092677
1651.000000	0.082581
1652.000000	0.075140
1653.000000	0.078609
1654.000000	0.089085
1655.000000	0.100440
1656.000000	0.109802
1657.000000	0.115535
1658.000000	0.117701
1659.000000	0.116446
1660.000000	0.110546
1661.000000	0.099873
1662.000000	0.090061
1663.000000	0.087108
1664.000000	0.092708
1665.000000	0.105789
1666.000000	0.118518
1667.000000	0.124042
1668.000000	0.126177
1669.000000	0.129962
1670.000000	0.134665
1671.000000	0.137995
1672.000000	0.137193
1673.000000	0.131090
1674.000000	0.125345
1675.000000	0.125331
1676.000000	0.128443
1677.000000	0.130626
1678.000000	0.129983
1679.000000	0.125887
1680.000000	0.120611
1681.000000	0.116149
1682.000000	0.110465
1683.000000	0.101604
1684.000000	0.091961
1685.000000	0.084747
1686.000000	0.082079
1687.000000	0.084113
1688.000000	0.084248
1689.000000	0.077036
1690.000000	0.068406
1691.000000	0.065348
1692.000000	0.067710
1693.000000	0.072454
1694.000000	0.072145
1695.000000	0.061962
1696.000000	0.051955
1697.000000	0.052014
1698.000000	0.056524
1699.000000	0.058084
1700.000000	0.057641
1701.000000	0.057616
1702.000000	0.057962
1703.000000	0.058163
1704.000000	0.058284
1705.000000	0.058471
1706.000000	0.058605
1707.000000	0.058621
1708.000000	0.058926
1709.000000	0.059638
1710.000000	0.059247
1711.000000	0.057348
1712.000000	0.059568
1713.000000	0.067417
1714.000000	0.059889
1715.000000	0.022324
1716.000000	-0.012040
1717.000000	-0.011586
1718.000000	0.000935
1719.000000	-0.002173
1720.000000	-0.014004
1721.000000	-0.020767
1722.000000	-0.015735
1723.000000	0.002214
1724.000000	0.018830
1725.000000	0.020564
1726.000000	0.012038
1727.000000	0.001582
1728.000000	-0.005819
1729.000000	-0.006836
1730.000000	-0.001416
1731.000000	0.008633
1732.000000	0.017340
1733.000000	0.019338
1734.000000	0.015831
1735.000000	0.009611
1736.000000	0.003243
1737.000000	-0.001244
1738.000000	-0.003744
1739.000000	-0.005231
1740.000000	-0.009077
1741.000000	-0.017715
1742.000000	-0.027410
1743.000000	-0.033130
1744.000000	-0.030811
1745.000000	-0.019372
1746.000000	-0.008700
1747.000000	-0.007914
1748.000000	-0.012103
1749.000000	-0.014209
1750.000000	-0.012619
1751.000000	-0.008053
1752.000000	-0.005112
1753.000000	-0.007745
1754.000000	-0.013401
1755.000000	-0.018540
1756.000000	-0.022153
1757.000000	-0.024014
1758.000000	-0.024493
1759.000000	-0.024278
1760.000000	-0.024742
1761.000000	-0.026459
1762.000000	-0.026127
1763.000000	-0.020745
1764.000000	-0.012409
1765.000000	-0.004513
1766.000000	-0.000556
1767.000000	-0.002580
1768.000000	-0.006690
1769.000000	-0.008630
1770.000000	-0.008637
1771.000000	-0.007791
1772.000000	-0.006044
1773.000000	-0.002968
1774.000000	0.002243
1775.000000	0.009140
1776.000000	0.011865
1777.000000	0.005687
1778.000000	-0.004213
1779.000000	-0.011183
1780.000000	-0.012593
1781.000000	-0.008694
1782.000000	-0.007234
1783.000000	-0.014466
1784.000000	-0.023150
1785.000000	-0.025003
1786.000000	-0.021052
1787.000000	-0.014775
1788.000000	-0.010157
1789.000000	-0.009487
1790.000000	-0.007780
1791.000000	-0.000995
1792.000000	0.003848
1793.000000	-0.000547
1794.000000	-0.011513
1795.000000	-0.023117
1796.000000	-0.026332
1797.000000	-0.014809
1798.000000	0.003992
1799.000000	0.020547
1800.000000	0.030896
1801.000000	0.033169
1802.000000	0.028290
1803.000000	0.018470
1804.000000	0.008258
1805.000000	0.001096
1806.000000	-0.006361
1807.000000	-0.017465
1808.000000	-0.028832
1809.000000	-0.035955
1810.000000	-0.036587
1811.000000	-0.030598
1812.000000	-0.024058
1813.000000	-0.022583
1814.000000	-0.023770
1815.000000	-0.023714
1816.000000	-0.020514
1817.000000	-0.013302
1818.000000	-0.003342
1819.000000	0.006287
1820.000000	0.007383
1821.000000	-0.005617
1822.000000	-0.022598
1823.000000	-0.031822
1824.000000	-0.030728
1825.000000	-0.020499
1826.000000	-0.008107
1827.000000	0.000261
1828.000000	0.007339
1829.000000	0.016356
1830.000000	0.023598
1831.000000	0.024598
1832.000000	0.018835
1833.000000	0.007752
1834.000000	-0.003296
1835.000000	-0.008963
1836.000000	-0.007860
1837.000000	-0.000813
1838.000000	0.006454
1839.000000	0.008101
1840.000000	0.002713
1841.000000	-0.007699
1842.000000	-0.011856
1843.000000	-0.001137
1844.000000	0.013178
1845.000000	0.018262
1846.000000	0.015014
1847.000000	0.008069
1848.000000	0.003289
1849.000000	0.004377
1850.000000	0.005188
1851.000000	-0.000672
1852.000000	-0.010736
1853.000000	-0.020777
1854.000000	-0.028388
1855.000000	-0.031970
1856.000000	-0.031341
1857.000000	-0.026975
1858.000000	-0.020549
1859.000000	-0.013871
1860.000000	-0.008067
1861.000000	-0.003834
1862.000000	-0.000819
1863.000000	0.001705
1864.000000	0.004929
1865.000000	0.009856
1866.000000	0.016283
1867.000000	0.023373
1868.000000	0.028958
1869.000000	0.030893
1870.000000	0.028449
1871.000000	0.021690
1872.000000	0.012421
1873.000000	0.003152
1874.000000	-0.002526
1875.000000	-0.002214
1876.000000	0.000643
1877.000000	0.001709
1878.000000	-0.001065
1879.000000	-0.007686
1880.000000	-0.012264
1881.000000	-0.010104
1882.000000	-0.007190
1883.000000	-0.009858
1884.000000	-0.015193
1885.000000	-0.018294
1886.000000	-0.015585
1887.000000	-0.006061
1888.000000	0.002320
1889.000000	0.002153
1890.000000	-0.002802
1891.000000	-0.007059
1892.000000	-0.009405
1893.000000	-0.009922
1894.000000	-0.009600
1895.000000	-0.008767
1896.000000	-0.004190
1897.000000	0.006157
1898.000000	0.015895
1899.000000	0.018356
1900.000000	0.014106
1901.000000	0.006161
1902.000000	0.000096
1903.000000	-0.000088
1904.000000	0.000751
1905.000000	-0.002218
1906.000000	-0.004873
1907.000000	-0.002418
1908.000000	0.003673
1909.000000	0.009739
1910.000000	0.009635
1911.000000	-0.000107
1912.000000	-0.009775
1913.000000	-0.009542
1914.000000	-0.002312
1915.000000	0.006134
1916.000000	0.011232
1917.000000	0.009563
1918.000000	0.001056
1919.000000	-0.012481
1920.000000	-0.025082
1921.000000	-0.030742
1922.000000	-0.027456
1923.000000	-0.015198
1924.000000	0.002151
1925.000000	0.019253
1926.000000	0.028834
1927.000000	0.026249
1928.000000	0.019287
1929.000000	0.016432
1930.000000	0.016495
1931.000000	0.016301
1932.000000	0.014395
1933.000000	0.010792
1934.000000	0.009658
1935.000000	0.014097
1936.000000	0.018802
1937.000000	0.017858
1938.000000	0.011325
1939.000000	0.001156
1940.000000	-0.009108
1941.000000	-0.015610
1942.000000	-0.014833
1943.000000	-0.005614
1944.000000	0.004133
1945.000000	0.006248
1946.000000	0.000671
1947.000000	-0.009974
1948.000000	-0.020432
1949.000000	-0.024885
1950.000000	-0.017911
1951.000000	0.001946
1952.000000	0.020655
1953.000000	0.024118
1954.000000	0.013439
1955.000000	-0.005566
1956.000000	-0.023448
1957.000000	-0.030691
1958.000000	-0.021157
1959.000000	0.005408
1960.000000	0.029094
1961.000000	0.031193
1962.000000	0.017961
1963.000000	0.001796
1964.000000	-0.005294
1965.000000	0.003399
1966.000000	0.013771
1967.000000	0.011226
1968.000000	0.000000
1969.000000	-0.011572
1970.000000	-0.017600
1971.000000	-0.013958
1972.000000	-0.001140
1973.000000	0.017205
1974.000000	0.029429
1975.000000	0.025847
1976.000000	0.012634
1977.000000	-0.000895
1978.000000	-0.008737
1979.000000	-0.006899
1980.000000	0.003883
1981.000000	0.020124
1982.000000	0.032085
1983.000000	0.031367
1984.000000	0.021186
1985.000000	0.007449
1986.000000	-0.004777
1987.000000	-0.011456
1988.000000	-0.011846
1989.000000	-0.007562
1990.000000	-0.006363
1991.000000	-0.014402
1992.000000	-0.025272
1993.000000	-0.030661
1994.000000	-0.027183
1995.000000	-0.013898
1996.000000	0.005284
1997.000000	0.023864
1998.000000	0.029829
1999.000000	0.015152
2000.000000	-0.006749
2001.000000	-0.020469
2002.000000	-0.024104
2003.000000	-0.019897
2004.000000	-0.013172
2005.000000	-0.008137
2006.000000	-0.001446
2007.000000	0.009889
2008.000000	0.019866
2009.000000	0.022032
2010.000000	0.017131
2011.000000	0.008093
2012.000000	-0.000593
2013.000000	-0.004571
2014.000000	-0.001558
2015.000000	0.007739
2016.000000	0.012741
2017.000000	0.004670
2018.000000	-0.008169
2019.000000	-0.014400
2020.000000	-0.007432
2021.000000	0.012623
2022.000000	0.023626
2023.000000	0.007399
2024.000000	-0.016375
2025.000000	-0.024806
2026.000000	-0.020031
2027.000000	-0.010455
2028.000000	-0.004532
2029.000000	-0.006719
2030.000000	-0.005447
2031.000000	0.009119
2032.000000	0.023844
2033.000000	0.024955
2034.000000	0.019106
2035.000000	0.015659
2036.000000	0.014369
2037.000000	0.012870
2038.000000	0.009912
2039.000000	0.004683
2040.000000	-0.003001
2041.000000	-0.012332
2042.000000	-0.019146
2043.000000	-0.019374
2044.000000	-0.012666
2045.000000	-0.000766
2046.000000	0.009916
2047.000000	0.012920
2048.000000	0.006237
2049.000000	-0.008702
2050.000000	-0.021147
2051.000000	-0.020670
2052.000000	-0.007440
2053.000000	0.012770
2054.000000	0.022369
2055.000000	0.008642
2056.000000	-0.009794
2057.000000	-0.012493
2058.000000	-0.003018
2059.000000	0.009774
2060.000000	0.019853
2061.000000	0.023524
2062.000000	0.023605
2063.000000	0.022851
2064.000000	0.017248
2065.000000	0.003932
2066.000000	-0.008603
2067.000000	-0.011137
2068.000000	-0.002900
2069.000000	0.013191
2070.000000	0.027930
2071.000000	0.032619
2072.000000	0.026885
2073.000000	0.013282
2074.000000	-0.002266
2075.000000	-0.014031
2076.000000	-0.020445
2077.000000	-0.021597
2078.000000	-0.020051
2079.000000	-0.017491
2080.000000	-0.009600
2081.000000	0.006273
2082.000000	0.020120
2083.000000	0.021560
2084.000000	0.011397
2085.000000	-0.005822
2086.000000	-0.021744
2087.000000	-0.029028
2088.000000	-0.028176
2089.000000	-0.021630
2090.000000	-0.011754
2091.000000	-0.001137
2092.000000	0.006651
2093.000000	0.008482
2094.000000	0.003986
2095.000000	-0.005382
2096.000000	-0.013622
2097.000000	-0.015287
2098.000000	-0.011691
2099.000000	-0.005661
2100.000000	0.000670
2101.000000	0.005574
2102.000000	0.008242
2103.000000	0.008368
2104.000000	0.006737
2105.000000	0.004361
2106.000000	0.002052
2107.000000	0.000168
2108.000000	-0.002558
2109.000000	-0.007107
2110.000000	-0.011684
2111.000000	-0.013419
2112.000000	-0.007924
2113.000000	0.006281
2114.000000	0.017526
2115.000000	0.014906
2116.000000	0.003717
2117.000000	-0.007655
2118.000000	-0.014663
2119.000000	-0.014952
2120.000000	-0.011089
2121.000000	-0.006811
2122.000000	-0.005610
2123.000000	-0.009211
2124.000000	-0.012513
2125.000000	-0.010351
2126.000000	-0.004130
2127.000000	0.002777
2128.000000	0.005707
2129.000000	0.001757
2130.000000	-0.003636
2131.000000	-0.005113
2132.000000	-0.005963
2133.000000	-0.009813
2134.000000	-0.013003
2135.000000	-0.011664
2136.000000	-0.008374
2137.000000	-0.006422
2138.000000	-0.005486
2139.000000	-0.004445
2140.000000	-0.002598
2141.000000	-0.000051
2142.000000	0.000290
2143.000000	-0.003498
2144.000000	-0.006606
2145.000000	-0.004796
2146.000000	-0.002854
2147.000000	-0.005628
2148.000000	-0.009206
2149.000000	-0.009163
2150.000000	-0.007802
2151.000000	-0.008144
2152.000000	-0.009373
2153.000000	-0.009407
2154.000000	-0.004953
2155.000000	0.005111
2156.000000	0.012019
2157.000000	0.008056
2158.000000	-0.000394
2159.000000	-0.005182
2160.000000	-0.005187
2161.000000	-0.001648
2162.000000	0.001790
2163.000000	0.001930
2164.000000	-0.000215
2165.000000	-0.002502
2166.000000	-0.002488
2167.000000	0.000965
2168.000000	0.003465
2169.000000	0.000482
2170.000000	-0.007534
2171.000000	-0.016922
2172.000000	-0.016155
2173.000000	0.001872
2174.000000	0.018701
2175.000000	0.016174
2176.000000	0.002901
2177.000000	-0.007703
2178.000000	-0.009771
2179.000000	-0.001741
2180.000000	0.008273
2181.000000	0.011691
2182.000000	0.007756
2183.000000	-0.001013
2184.000000	-0.006799
2185.000000	-0.003423
2186.000000	0.003457
2187.000000	0.005673
2188.000000	-0.003155
2189.000000	-0.023451
2190.000000	-0.033616
2191.000000	-0.016351
2192.000000	0.006420
2193.000000	0.010434
2194.000000	0.001305
2195.000000	-0.008574
2196.000000	-0.009570
2197.000000	0.003023
2198.000000	0.016962
2199.000000	0.020036
2200.000000	0.017100
2201.000000	0.015012
2202.000000	0.011577
2203.000000	0.003835
2204.000000	-0.005176
2205.000000	-0.010610
2206.000000	-0.006386
2207.000000	0.009593
2208.000000	0.022270
2209.000000	0.018269
2210.000000	0.008111
2211.000000	0.004761
2212.000000	0.007073
2213.000000	0.010100
2214.000000	0.007793
2215.000000	-0.003018
2216.000000	-0.012898
2217.000000	-0.012937
2218.000000	-0.008945
2219.000000	-0.007687
2220.000000	-0.005037
2221.000000	0.004188
2222.000000	0.018513
2223.000000	0.033267
2224.000000	0.037661
2225.000000	0.024575
2226.000000	0.007696
2227.000000	0.001513
2228.000000	0.002929
2229.000000	0.005381
2230.000000	0.006024
2231.000000	0.003660
2232.000000	-0.000046
2233.000000	-0.003123
2234.000000	-0.005242
2235.000000	-0.006302
2236.000000	-0.005474
2237.000000	-0.002168
2238.000000	0.002527
2239.000000	0.006931
2240.000000	0.008695
2241.000000	0.005544
2242.000000	-0.003816
2243.000000	-0.017951
2244.000000	-0.025476
2245.000000	-0.016875
2246.000000	-0.000050
2247.000000	0.014086
2248.000000	0.019982
2249.000000	0.015085
2250.000000	0.003460
2251.000000	-0.009151
2252.000000	-0.016913
2253.000000	-0.015601
2254.000000	-0.007531
2255.000000	0.003436
2256.000000	0.013810
2257.000000	0.020693
2258.000000	0.023189
2259.000000	0.021394
2260.000000	0.017370
2261.000000	0.013164
2262.000000	0.008792
2263.000000	0.003901
2264.000000	-0.001301
2265.000000	-0.006008
2266.000000	-0.007571
2267.000000	-0.003392
2268.000000	0.007087
2269.000000	0.021504
2270.000000	0.027855
2271.000000	0.017225
2272.000000	0.002705
2273.000000	-0.001206
2274.000000	0.003630
2275.000000	0.011226
2276.000000	0.015458
2277.000000	0.012270
2278.000000	0.006006
2279.000000	0.001663
2280.000000	-0.001543
2281.000000	-0.004875
2282.000000	-0.005728
2283.000000	-0.001353
2284.000000	0.007694
2285.000000	0.019552
2286.000000	0.030435
2287.000000	0.036368
2288.000000	0.034543
2289.000000	0.024277
2290.000000	0.012227
2291.000000	0.004618
2292.000000	-0.001386
2293.000000	-0.009713
2294.000000	-0.019598
2295.000000	-0.027669
2296.000000	-0.024823
2297.000000	-0.006656
2298.000000	0.006708
2299.000000	-0.002355
2300.000000	-0.016935
2301.000000	-0.017071
2302.000000	-0.005141
2303.000000	0.010081
2304.000000	0.016562
2305.000000	0.007620
2306.000000	0.001240
2307.000000	0.012994
2308.000000	0.024149
2309.000000	0.014953
2310.000000	-0.004109
2311.000000	-0.017136
2312.000000	-0.016794
2313.000000	-0.001192
2314.000000	0.018362
2315.000000	0.029357
2316.000000	0.027672
2317.000000	0.013817
2318.000000	-0.001561
2319.000000	-0.008198
2320.000000	-0.007502
2321.000000	-0.003977
2322.000000	-0.002837
2323.000000	-0.006442
2324.000000	-0.005036
2325.000000	0.009062
2326.000000	0.023105
2327.000000	0.024688
2328.000000	0.023182
2329.000000	0.027541
2330.000000	0.023259
2331.000000	-0.000999
2332.000000	-0.020423
2333.000000	-0.012899
2334.000000	-0.003237
2335.000000	-0.016667
2336.000000	-0.033176
2337.000000	-0.029297
2338.000000	-0.013000
2339.000000	0.001509
2340.000000	0.006517
2341.000000	-0.000829
2342.000000	-0.010445
2343.000000	-0.012624
2344.000000	-0.012104
2345.000000	-0.014628
2346.000000	-0.015499
2347.000000	-0.009021
2348.000000	0.004066
2349.000000	0.020827
2350.000000	0.035970
2351.000000	0.044220
2352.000000	0.042714
2353.000000	0.031470
2354.000000	0.019601
2355.000000	0.015493
2356.000000	0.015520
2357.000000	0.014304
2358.000000	0.011467
2359.000000	0.008359
2360.000000	0.008251
2361.000000	0.013555
2362.000000	0.021339
2363.000000	0.026869
2364.000000	0.023552
2365.000000	0.008062
2366.000000	-0.007986
2367.000000	-0.012032
2368.000000	-0.002664
2369.000000	0.016413
2370.000000	0.032179
2371.000000	0.032757
2372.000000	0.020148
2373.000000	0.001584
2374.000000	-0.008654
2375.000000	0.000044
2376.000000	0.016572
2377.000000	0.026516
2378.000000	0.023950
2379.000000	0.009072
2380.000000	-0.001924
2381.000000	0.004382
2382.000000	0.014304
2383.000000	0.012339
2384.000000	0.002821
2385.000000	-0.005962
2386.000000	-0.009749
2387.000000	-0.006574
2388.000000	0.000384
2389.000000	0.006175
2390.000000	0.003915
2391.000000	-0.009516
2392.000000	-0.020252
2393.000000	-0.015426
2394.000000	-0.003148
2395.000000	0.005385
2396.000000	0.007618
2397.000000	0.004369
2398.000000	0.001317
2399.000000	0.003901
2400.000000	0.011736
2401.000000	0.021302
2402.000000	0.022350
2403.000000	0.007560
2404.000000	-0.011931
2405.000000	-0.023069
2406.000000	-0.023571
2407.000000	-0.015649
2408.000000	-0.008714
2409.000000	-0.011010
2410.000000	-0.018909
2411.000000	-0.025765
2412.000000	-0.024722
2413.000000	-0.011792
2414.000000	0.005351
2415.000000	0.017622
2416.000000	0.021972
2417.000000	0.018387
2418.000000	0.012957
2419.000000	0.010377
2420.000000	0.003654
2421.000000	-0.012272
2422.000000	-0.023049
2423.000000	-0.015096
2424.000000	0.002673
2425.000000	0.017216
2426.000000	0.021470
2427.000000	0.012859
2428.000000	0.000770
2429.000000	-0.005151
2430.000000	-0.006180
2431.000000	-0.006186
2432.000000	-0.008483
2433.000000	-0.014585
2434.000000	-0.019348
2435.000000	-0.017476
2436.000000	-0.009716
2437.000000	0.000238
2438.000000	0.002945
2439.000000	-0.006980
2440.000000	-0.012957
2441.000000	-0.000056
2442.000000	0.018078
2443.000000	0.025137
2444.000000	0.022724
2445.000000	0.016752
2446.000000	0.012454
2447.000000	0.012579
2448.000000	0.010611
2449.000000	0.002026
2450.000000	-0.000470
2451.000000	0.013800
2452.000000	0.030160
2453.000000	0.032261
2454.000000	0.022421
2455.000000	0.007689
2456.000000	-0.004624
2457.000000	-0.009896
2458.000000	-0.014508
2459.000000	-0.023846
2460.000000	-0.028311
2461.000000	-0.019714
2462.000000	-0.010502
2463.000000	-0.013505
2464.000000	-0.022466
2465.000000	-0.027292
2466.000000	-0.021643
2467.000000	-0.003903
2468.000000	0.012407
2469.000000	0.015157
2470.000000	0.012923
2471.000000	0.016351
2472.000000	0.023653
2473.000000	0.030355
2474.000000	0.033670
2475.000000	0.031907
2476.000000	0.026067
2477.000000	0.018111
2478.000000	0.011159
2479.000000	0.007484
2480.000000	0.004819
2481.000000	0.000541
2482.000000	-0.004869
2483.000000	-0.009450
2484.000000	-0.008427
2485.000000	0.001938
2486.000000	0.018415
2487.000000	0.034707
2488.000000	0.039218
2489.000000	0.025145
2490.000000	0.010159
2491.000000	0.011154
2492.000000	0.017446
2493.000000	0.015482
2494.000000	0.007805
2495.000000	0.000501
2496.000000	-0.002271
2497.000000	0.000907
2498.000000	0.002427
2499.000000	-0.004015
2500.000000	-0.010471
2501.000000	-0.008493
2502.000000	-0.001877
2503.000000	0.003724
2504.000000	0.007485
2505.000000	0.009507
2506.000000	0.008775
2507.000000	0.003923
2508.000000	-0.006691
2509.000000	-0.021642
2510.000000	-0.026948
2511.000000	-0.012213
2512.000000	0.006063
2513.000000	0.010214
2514.000000	0.004788
2515.000000	-0.001037
2516.000000	-0.001800
2517.000000	0.004663
2518.000000	0.011028
2519.000000	0.010161
2520.000000	0.005183
2521.000000	0.000017
2522.000000	-0.008454
2523.000000	-0.022338
2524.000000	-0.032650
2525.000000	-0.030636
2526.000000	-0.019550
2527.000000	-0.006531
2528.000000	-0.002244
2529.000000	-0.012863
2530.000000	-0.023058
2531.000000	-0.017912
2532.000000	-0.005651
2533.000000	0.002445
2534.000000	0.006039
2535.000000	0.007302
2536.000000	0.007508
2537.000000	0.007446
2538.000000	0.006864
2539.000000	0.005752
2540.000000	0.006121
2541.000000	0.008998
2542.000000	0.009470
2543.000000	0.003606
2544.000000	-0.002641
2545.000000	-0.002756
2546.000000	0.002154
2547.000000	0.008902
2548.000000	0.013603
2549.000000	0.013892
2550.000000	0.014179
2551.000000	0.017386
2552.000000	0.013711
2553.000000	-0.003844
2554.000000	-0.018349
2555.000000	-0.013337
2556.000000	0.001871
2557.000000	0.013247
2558.000000	0.013711
2559.000000	0.002290
2560.000000	-0.004511
2561.000000	0.007100
2562.000000	0.022585
2563.000000	0.024751
2564.000000	0.014109
2565.000000	-0.003448
2566.000000	-0.018192
2567.000000	-0.021705
2568.000000	-0.014644
2569.000000	-0.001333
2570.000000	0.008308
2571.000000	0.005868
2572.000000	-0.005429
2573.000000	-0.019350
2574.000000	-0.029263
2575.000000	-0.030480
2576.000000	-0.026484
2577.000000	-0.022161
2578.000000	-0.019839
2579.000000	-0.020278
2580.000000	-0.020529
2581.000000	-0.017014
2582.000000	-0.007356
2583.000000	0.007360
2584.000000	0.013390
2585.000000	0.000350
2586.000000	-0.016052
2587.000000	-0.018593
2588.000000	-0.010070
2589.000000	0.001545
2590.000000	0.007604
2591.000000	0.002694
2592.000000	-0.004989
2593.000000	-0.006497
2594.000000	-0.003468
2595.000000	0.000284
2596.000000	0.002841
2597.000000	0.003051
2598.000000	0.000929
2599.000000	-0.003263
2600.000000	-0.009444
2601.000000	-0.017310
2602.000000	-0.025479
2603.000000	-0.031493
2604.000000	-0.029655
2605.000000	-0.015759
2606.000000	0.005188
2607.000000	0.025626
2608.000000	0.036982
2609.000000	0.033354
2610.000000	0.020536
2611.000000	0.006851
2612.000000	-0.000950
2613.000000	0.000490
2614.000000	0.002512
2615.000000	-0.003403
2616.000000	-0.013215
2617.000000	-0.020597
2618.000000	-0.022640
2619.000000	-0.018972
2620.000000	-0.015956
2621.000000	-0.019194
2622.000000	-0.024524
2623.000000	-0.024938
2624.000000	-0.011822
2625.000000	0.016295
2626.000000	0.030695
2627.000000	0.008781
2628.000000	-0.017381
2629.000000	-0.014167
2630.000000	0.003613
2631.000000	0.013815
2632.000000	0.013377
2633.000000	0.005789
2634.000000	0.001659
2635.000000	0.008260
2636.000000	0.012413
2637.000000	0.002429
2638.000000	-0.006970
2639.000000	-0.001314
2640.000000	0.006433
2641.000000	0.002120
2642.000000	-0.005732
2643.000000	-0.005554
2644.000000	0.003724
2645.000000	0.017841
2646.000000	0.021702
2647.000000	0.004526
2648.000000	-0.016375
2649.000000	-0.022919
2650.000000	-0.022050
2651.000000	-0.023102
2652.000000	-0.019954
2653.000000	-0.006177
2654.000000	0.010426
2655.000000	0.019566
2656.000000	0.015226
2657.000000	-0.003227
2658.000000	-0.019171
2659.000000	-0.018073
2660.000000	-0.011025
2661.000000	-0.010578
2662.000000	-0.009509
2663.000000	0.000477
2664.000000	0.012191
2665.000000	0.016428
2666.000000	0.011405
2667.000000	-0.000896
2668.000000	-0.010845
2669.000000	-0.009516
2670.000000	0.001554
2671.000000	0.017178
2672.000000	0.028043
2673.000000	0.026081
2674.000000	0.012337
2675.000000	-0.008633
2676.000000	-0.027338
2677.000000	-0.034990
2678.000000	-0.030552
2679.000000	-0.016610
2680.000000	-0.002478
2681.000000	0.003920
2682.000000	0.006961
2683.000000	0.012274
2684.000000	0.018187
2685.000000	0.021256
2686.000000	0.018234
2687.000000	0.007652
2688.000000	-0.005062
2689.000000	-0.013268
2690.000000	-0.012379
2691.000000	-0.000673
2692.000000	0.014158
2693.000000	0.022478
2694.000000	0.016275
2695.000000	-0.006387
2696.000000	-0.024781
2697.000000	-0.020158
2698.000000	-0.004345
2699.000000	0.006123
2700.000000	0.006471
2701.000000	-0.002477
2702.000000	-0.009246
2703.000000	-0.004590
2704.000000	0.001180
2705.000000	-0.002855
2706.000000	-0.010494
2707.000000	-0.013726
2708.000000	-0.014429
2709.000000	-0.015448
2710.000000	-0.013596
2711.000000	-0.005828
2712.000000	0.004319
2713.000000	0.011533
2714.000000	0.009998
2715.000000	-0.001282
2716.000000	-0.003517
2717.000000	0.016928
2718.000000	0.033275
2719.000000	0.019715
2720.000000	-0.005275
2721.000000	-0.017535
2722.000000	-0.014464
2723.000000	-0.000393
2724.000000	0.014177
2725.000000	0.020191
2726.000000	0.020561
2727.000000	0.020149
2728.000000	0.019645
2729.000000	0.019248
2730.000000	0.021354
2731.000000	0.027406
2732.000000	0.032831
2733.000000	0.033140
2734.000000	0.030206
2735.000000	0.027185
2736.000000	0.026017
2737.000000	0.026971
2738.000000	0.024859
2739.000000	0.015096
2740.000000	0.000956
2741.000000	-0.012598
2742.000000	-0.021717
2743.000000	-0.023613
2744.000000	-0.018636
2745.000000	-0.008737
2746.000000	0.000877
2747.000000	0.005309
2748.000000	0.004174
2749.000000	-0.000671
2750.000000	-0.002907
2751.000000	0.002162
2752.000000	0.008275
2753.000000	0.007982
2754.000000	0.000025
2755.000000	-0.013672
2756.000000	-0.024651
2757.000000	-0.025721
2758.000000	-0.021290
2759.000000	-0.018004
2760.000000	-0.019864
2761.000000	-0.027356
2762.000000	-0.029537
2763.000000	-0.017756
2764.000000	-0.003944
2765.000000	-0.001495
2766.000000	-0.009072
2767.000000	-0.020854
2768.000000	-0.027807
2769.000000	-0.023141
2770.000000	-0.012245
2771.000000	-0.002977
2772.000000	-0.000893
2773.000000	-0.007972
2774.000000	-0.014183
2775.000000	-0.009995
2776.000000	0.000113
2777.000000	0.008154
2778.000000	0.006107
2779.000000	-0.009472
2780.000000	-0.023678
2781.000000	-0.022536
2782.000000	-0.014141
2783.000000	-0.010529
2784.000000	-0.017434
2785.000000	-0.034112
2786.000000	-0.040204
2787.000000	-0.021230
2788.000000	-0.005824
2789.000000	-0.020646
2790.000000	-0.041336
2791.000000	-0.040202
2792.000000	-0.027245
2793.000000	-0.018666
2794.000000	-0.017763
2795.000000	-0.023178
2796.000000	-0.027813
2797.000000	-0.025563
2798.000000	-0.020022
2799.000000	-0.016807
2800.000000	-0.019924
2801.000000	-0.030385
2802.000000	-0.038852
2803.000000	-0.036923
2804.000000	-0.030305
2805.000000	-0.026670
2806.000000	-0.027448
2807.000000	-0.031636
2808.000000	-0.034736
2809.000000	-0.032545
2810.000000	-0.025534
2811.000000	-0.016450
2812.000000	-0.012474
2813.000000	-0.017927
2814.000000	-0.021246
2815.000000	-0.012082
2816.000000	-0.000822
2817.000000	0.000409
2818.000000	-0.006739
2819.000000	-0.017230
2820.000000	-0.026266
2821.000000	-0.030314
2822.000000	-0.030664
2823.000000	-0.028736
2824.000000	-0.021642
2825.000000	-0.008691
2826.000000	-0.002285
2827.000000	-0.011971
2828.000000	-0.022795
2829.000000	-0.019259
2830.000000	-0.008181
2831.000000	0.000302
2832.000000	0.005108
2833.000000	0.008241
2834.000000	0.014990
2835.000000	0.028357
2836.000000	0.038905
2837.000000	0.038011
2838.000000	0.032756
2839.000000	0.033256
2840.000000	0.046069
2841.000000	0.072614
2842.000000	0.097303
2843.000000	0.105817
2844.000000	0.105919
2845.000000	0.109461
2846.000000	0.122564
2847.000000	0.146114
2848.000000	0.165775
2849.000000	0.170331
2850.000000	0.176270
2851.000000	0.200358
2852.000000	0.232774
2853.000000	0.258545
2854.000000	0.268675
2855.000000	0.260234
2856.000000	0.248586
2857.000000	0.250156
2858.000000	0.267327
2859.000000	0.296206
2860.000000	0.321851
2861.000000	0.331043
2862.000000	0.328499
2863.000000	0.323367
2864.000000	0.324587
2865.000000	0.336817
2866.000000	0.347786
2867.000000	0.348175
2868.000000	0.357389
2869.000000	0.393606
2870.000000	0.441378
2871.000000	0.479329
2872.000000	0.496003
2873.000000	0.490007
2874.000000	0.490279
2875.000000	0.519912
2876.000000	0.548292
2877.000000	0.544367
2878.000000	0.529056
2879.000000	0.528218
2880.000000	0.535513
2881.000000	0.539336
2882.000000	0.539227
2883.000000	0.536682
2884.000000	0.529885
2885.000000	0.517278
2886.000000	0.501635
2887.000000	0.489931
2888.000000	0.501594
2889.000000	0.546493
2890.000000	0.583798
2891.000000	0.576122
2892.000000	0.550547
2893.000000	0.541836
2894.000000	0.551005
2895.000000	0.569627
2896.000000	0.585236
2897.000000	0.588532
2898.000000	0.586919
2899.000000	0.591517
2900.000000	0.611603
2901.000000	0.648470
2902.000000	0.673310
2903.000000	0.663860
2904.000000	0.654144
2905.000000	0.677353
2906.000000	0.707071
2907.000000	0.713259
2908.000000	0.711008
2909.000000	0.721304
2910.000000	0.743600
2911.000000	0.770292
2912.000000	0.787095
2913.000000	0.784974
2914.000000	0.782592
2915.000000	0.797619
2916.000000	0.816062
2917.000000	0.822452
2918.000000	0.827072
2919.000000	0.842100
2920.000000	0.861533
2921.000000	0.876546
2922.000000	0.885213
2923.000000	0.888727
2924.000000	0.893871
2925.000000	0.906952
2926.000000	0.926792
2927.000000	0.948666
2928.000000	0.961144
2929.000000	0.956382
2930.000000	0.947578
2931.000000	0.949598
2932.000000	0.962948
2933.000000	0.983130
2934.000000	1.000000
2935.000000	1.003584
2936.000000	0.990232
2937.000000	0.961703
2938.000000	0.935055
2939.000000	0.927517
2940.000000	0.941703
2941.000000	0.969415
2942.000000	0.973813
2943.000000	0.926891
2944.000000	0.864603
2945.000000	0.828545
2946.000000	0.818908
2947.000000	0.822848
2948.000000	0.816782
2949.000000	0.782740
2950.000000	0.735941
2951.000000	0.697496
2952.000000	0.678900
2953.000000	0.683080
2954.000000	0.688323
2955.000000	0.672780
2956.000000	0.638708
2957.000000	0.599796
2958.000000	0.591351
2959.000000	0.638344
2960.000000	0.702771
2961.000000	0.739420
2962.000000	0.737230
2963.000000	0.699591
2964.000000	0.653552
2965.000000	0.625197
2966.000000	0.613106
2967.000000	0.606995
2968.000000	0.588627
2969.000000	0.548400
2970.000000	0.519188
2971.000000	0.529777
2972.000000	0.550116
2973.000000	0.546500
2974.000000	0.529447
2975.000000	0.515997
2976.000000	0.505047
2977.000000	0.491779
2978.000000	0.474654
2979.000000	0.454280
2980.000000	0.436585
2981.000000	0.427378
2982.000000	0.426669
2983.000000	0.431188
2984.000000	0.430349
2985.000000	0.414594
2986.000000	0.385781
2987.000000	0.350685
2988.000000	0.324330
2989.000000	0.317658
2990.000000	0.317038
2991.000000	0.307297
2992.000000	0.291654
2993.000000	0.276344
2994.000000	0.261273
2995.000000	0.244248
2996.000000	0.221013
2997.000000	0.191278
2998.000000	0.172695
2999.000000	0.179389
3000.000000	0.193436
3001.000000	0.194638
3002.000000	0.185736
3003.000000	0.173783
3004.000000	0.160134
3005.000000	0.144514
3006.000000	0.125835
3007.000000	0.103587
3008.000000	0.080386
3009.000000	0.059809
3010.000000	0.046151
3011.000000	0.042712
3012.000000	0.048082
3013.000000	0.058997
3014.000000	0.069484
3015.000000	0.073086
3016.000000	0.064109
3017.000000	0.041306
3018.000000	0.020448
3019.000000	0.015418
3020.000000	0.015530
3021.000000	0.008380
3022.000000	-0.000729
3023.000000	-0.003668
3024.000000	0.001292
3025.000000	0.011358
3026.000000	0.012052
3027.000000	-0.006389
3028.000000	-0.023187
3029.000000	-0.019353
3030.000000	-0.013591
3031.000000	-0.025198
3032.000000	-0.038147
3033.000000	-0.033596
3034.000000	-0.016765
3035.000000	0.002099
3036.000000	0.016694
3037.000000	0.023125
3038.000000	0.023182
3039.000000	0.019675
3040.000000	0.013811
3041.000000	0.006291
3042.000000	-0.002591
3043.000000	-0.011842
3044.000000	-0.017262
3045.000000	-0.014491
3046.000000	-0.001739
3047.000000	0.019931
3048.000000	0.040617
3049.000000	0.049648
3050.000000	0.042130
3051.000000	0.018323
3052.000000	-0.006665
3053.000000	-0.017124
3054.000000	-0.009786
3055.000000	0.012489
3056.000000	0.034767
3057.000000	0.044093
3058.000000	0.047499
3059.000000	0.053475
3060.000000	0.056338
3061.000000	0.050997
3062.000000	0.048884
3063.000000	0.060137
3064.000000	0.073182
3065.000000	0.074692
3066.000000	0.066031
3067.000000	0.052035
3068.000000	0.036734
3069.000000	0.023369
3070.000000	0.012820
3071.000000	0.005931
3072.000000	0.005767
3073.000000	0.012762
3074.000000	0.014607
3075.000000	0.001300
3076.000000	-0.015179
3077.000000	-0.020967
3078.000000	-0.016662
3079.000000	-0.007594
3080.000000	-0.003570
3081.000000	-0.011217
3082.000000	-0.019973
3083.000000	-0.018302
3084.000000	-0.007955
3085.000000	0.005123
3086.000000	0.011512
3087.000000	0.005535
3088.000000	-0.000037
3089.000000	0.006225
3090.000000	0.011920
3091.000000	0.004208
3092.000000	-0.007695
3093.000000	-0.012419
3094.000000	-0.012048
3095.000000	-0.011385
3096.000000	-0.012660
3097.000000	-0.016949
3098.000000	-0.023281
3099.000000	-0.029912
3100.000000	-0.034059
3101.000000	-0.033434
3102.000000	-0.028784
3103.000000	-0.021913
3104.000000	-0.015824
3105.000000	-0.011499
3106.000000	-0.000637
3107.000000	0.020453
3108.000000	0.027752
3109.000000	0.001880
3110.000000	-0.030275
3111.000000	-0.038929
3112.000000	-0.028994
3113.000000	-0.012718
3114.000000	0.003004
3115.000000	0.013404
3116.000000	0.016886
3117.000000	0.012734
3118.000000	0.000599
3119.000000	-0.017884
3120.000000	-0.033504
3121.000000	-0.038831
3122.000000	-0.041131
3123.000000	-0.045740
3124.000000	-0.035580
3125.000000	0.000724
3126.000000	0.029316
3127.000000	0.019519
3128.000000	-0.001388
3129.000000	-0.001894
3130.000000	0.008492
3131.000000	0.013271
3132.000000	0.009020
3133.000000	-0.001674
3134.000000	-0.005247
3135.000000	0.007557
3136.000000	0.017796
3137.000000	0.008151
3138.000000	-0.004015
3139.000000	-0.000784
3140.000000	0.003303
3141.000000	-0.008361
3142.000000	-0.028204
3143.000000	-0.043648
3144.000000	-0.046288
3145.000000	-0.031711
3146.000000	-0.007301
3147.000000	0.016472
3148.000000	0.028601
3149.000000	0.022370
3150.000000	0.008772
3151.000000	0.001725
3152.000000	0.009135
3153.000000	0.030686
3154.000000	0.039199
3155.000000	0.013718
3156.000000	-0.014945
3157.000000	-0.016478
3158.000000	-0.014332
3159.000000	-0.032524
3160.000000	-0.043571
3161.000000	-0.020394
3162.000000	0.010966
3163.000000	0.019305
3164.000000	0.005896
3165.000000	-0.017510
3166.000000	-0.029716
3167.000000	-0.014438
3168.000000	0.015511
3169.000000	0.041742
3170.000000	0.052658
3171.000000	0.042417
3172.000000	0.021407
3173.000000	0.002584
3174.000000	-0.007053
3175.000000	-0.004374
3176.000000	0.004237
3177.000000	0.011125
3178.000000	0.013069
3179.000000	0.009339
3180.000000	0.004736
3181.000000	0.004307
3182.000000	0.008563
3183.000000	0.015394
3184.000000	0.016739
3185.000000	0.005832
3186.000000	-0.012974
3187.000000	-0.030711
3188.000000	-0.031082
3189.000000	-0.005240
3190.000000	0.018534
3191.000000	0.014252
3192.000000	0.002234
3193.000000	0.005351
3194.000000	0.010375
3195.000000	0.001962
3196.000000	-0.007603
3197.000000	-0.004910
3198.000000	0.000333
3199.000000	-0.003129
3200.000000	-0.009600
3201.000000	-0.010228
3202.000000	-0.000476
3203.000000	0.018620
3204.000000	0.028032
3205.000000	0.013612
3206.000000	-0.001288
3207.000000	0.006459
3208.000000	0.021582
3209.000000	0.023542
3210.000000	0.009132
3211.000000	-0.015158
3212.000000	-0.021393
3213.000000	0.009865
3214.000000	0.042617
3215.000000	0.040687
3216.000000	0.022628
3217.000000	0.015300
3218.000000	0.024067
3219.000000	0.044144
3220.000000	0.051646
3221.000000	0.028114
3222.000000	-0.004122
3223.000000	-0.018392
3224.000000	-0.011467
3225.000000	0.009209
3226.000000	0.016927
3227.000000	-0.006370
3228.000000	-0.024865
3229.000000	-0.004507
3230.000000	0.027808
3231.000000	0.039591
3232.000000	0.036921
3233.000000	0.032682
3234.000000	0.028416
3235.000000	0.023719
3236.000000	0.021745
3237.000000	0.025553
3238.000000	0.034263
3239.000000	0.044556
3240.000000	0.047307
3241.000000	0.036959
3242.000000	0.028035
3243.000000	0.033894
3244.000000	0.043170
3245.000000	0.042556
3246.000000	0.035702
3247.000000	0.028108
3248.000000	0.015712
3249.000000	-0.004322
3250.000000	-0.020351
3251.000000	-0.020056
3252.000000	-0.002892
3253.000000	0.026064
3254.000000	0.051007
3255.000000	0.058503
3256.000000	0.055321
3257.000000	0.052621
3258.000000	0.058939
3259.000000	0.076753
3260.000000	0.086949
3261.000000	0.073148
3262.000000	0.051499
3263.000000	0.042061
3264.000000	0.048006
3265.000000	0.065305
3266.000000	0.078011
3267.000000	0.072026
3268.000000	0.052575
3269.000000	0.030203
3270.000000	0.017407
3271.000000	0.022257
3272.000000	0.033164
3273.000000	0.038177
3274.000000	0.043558
3275.000000	0.057431
3276.000000	0.077146
3277.000000	0.095120
3278.000000	0.094816
3279.000000	0.067040
3280.000000	0.040919
3281.000000	0.044286
3282.000000	0.061468
3283.000000	0.072085
3284.000000	0.080434
3285.000000	0.090874
3286.000000	0.083350
3287.000000	0.044934
3288.000000	0.015635
3289.000000	0.031884
3290.000000	0.062873
3291.000000	0.071490
3292.000000	0.062651
3293.000000	0.051535
3294.000000	0.052354
3295.000000	0.072672
3296.000000	0.094435
3297.000000	0.098817
3298.000000	0.089523
3299.000000	0.075356
3300.000000	0.062967
3301.000000	0.057578
3302.000000	0.060837
3303.000000	0.069691
3304.000000	0.065860
3305.000000	0.038030
3306.000000	0.017989
3307.000000	0.035887
3308.000000	0.072235
3309.000000	0.100250
3310.000000	0.113620
3311.000000	0.113619
3312.000000	0.111393
3313.000000	0.116059
3314.000000	0.118757
3315.000000	0.109399
3316.000000	0.090977
3317.000000	0.071401
3318.000000	0.065176
3319.000000	0.081016
3320.000000	0.097885
3321.000000	0.094530
3322.000000	0.078575
3323.000000	0.063400
3324.000000	0.056516
3325.000000	0.060437
3326.000000	0.063551
3327.000000	0.056300
3328.000000	0.051456
3329.000000	0.061465
3330.000000	0.075130
3331.000000	0.080068
3332.000000	0.082784
3333.000000	0.090403
3334.000000	0.093646
3335.000000	0.083124
3336.000000	0.065399
3337.000000	0.051251
3338.000000	0.052375
3339.000000	0.072960
3340.000000	0.086250
3341.000000	0.069982
3342.000000	0.050801
3343.000000	0.056642
3344.000000	0.071689
3345.000000	0.075269
3346.000000	0.071020
3347.000000	0.066701
3348.000000	0.062227
3349.000000	0.056586
3350.000000	0.052884
3351.000000	0.054044
3352.000000	0.058134
3353.000000	0.061861
3354.000000	0.061357
3355.000000	0.054878
3356.000000	0.049753
3357.000000	0.052776
3358.000000	0.059516
3359.000000	0.063642
3360.000000	0.062433
3361.000000	0.057563
3362.000000	0.064683
3363.000000	0.093181
3364.000000	0.113425
3365.000000	0.097766
3366.000000	0.065504
3367.000000	0.043574
3368.000000	0.042514
3369.000000	0.062543
3370.000000	0.079010
3371.000000	0.070487
3372.000000	0.053303
3373.000000	0.046662
3374.000000	0.043525
3375.000000	0.033946
3376.000000	0.022608
3377.000000	0.017050
3378.000000	0.021605
3379.000000	0.036341
3380.000000	0.047477
3381.000000	0.042787
3382.000000	0.030108
3383.000000	0.021810
3384.000000	0.028317
3385.000000	0.052443
3386.000000	0.068502
3387.000000	0.055189
3388.000000	0.037210
3389.000000	0.040292
3390.000000	0.048236
3391.000000	0.042074
3392.000000	0.033698
3393.000000	0.037230
3394.000000	0.044860
3395.000000	0.045832
3396.000000	0.039541
3397.000000	0.028823
3398.000000	0.020121
3399.000000	0.018559
3400.000000	0.020361
3401.000000	0.021577
3402.000000	0.026446
3403.000000	0.039444
3404.000000	0.057794
3405.000000	0.074931
3406.000000	0.076396
3407.000000	0.052848
3408.000000	0.023309
3409.000000	0.008920
3410.000000	0.010923
3411.000000	0.023464
3412.000000	0.032201
3413.000000	0.027167
3414.000000	0.024389
3415.000000	0.037876
3416.000000	0.047560
3417.000000	0.033391
3418.000000	0.009465
3419.000000	-0.005010
3420.000000	-0.004513
3421.000000	0.009513
3422.000000	0.021462
3423.000000	0.017573
3424.000000	0.005626
3425.000000	-0.002070
3426.000000	0.003383
3427.000000	0.025540
3428.000000	0.050003
3429.000000	0.061384
3430.000000	0.058288
3431.000000	0.044246
3432.000000	0.028505
3433.000000	0.018703
3434.000000	0.010325
3435.000000	0.000317
3436.000000	0.003610
3437.000000	0.029782
3438.000000	0.049025
3439.000000	0.034358
3440.000000	0.009510
3441.000000	0.003114
3442.000000	0.012713
3443.000000	0.028178
3444.000000	0.039774
3445.000000	0.039578
3446.000000	0.026523
3447.000000	0.003338
3448.000000	-0.018918
3449.000000	-0.028299
3450.000000	-0.017642
3451.000000	0.013676
3452.000000	0.044905
3453.000000	0.054444
3454.000000	0.038668
3455.000000	0.003686
3456.000000	-0.023431
3457.000000	-0.021569
3458.000000	-0.014416
3459.000000	-0.025233
3460.000000	-0.030780
3461.000000	-0.008681
3462.000000	0.013490
3463.000000	0.006972
3464.000000	-0.011793
3465.000000	-0.021088
3466.000000	-0.023291
3467.000000	-0.024419
3468.000000	-0.020951
3469.000000	-0.008995
3470.000000	0.007283
3471.000000	0.020721
3472.000000	0.020242
3473.000000	0.000598
3474.000000	-0.016216
3475.000000	-0.008673
3476.000000	0.015636
3477.000000	0.040830
3478.000000	0.046966
3479.000000	0.022682
3480.000000	-0.005016
3481.000000	-0.008396
3482.000000	0.004807
3483.000000	0.018300
3484.000000	0.017021
3485.000000	-0.004993
3486.000000	-0.018530
3487.000000	0.001461
3488.000000	0.028211
3489.000000	0.030647
3490.000000	0.012292
3491.000000	-0.013576
3492.000000	-0.029256
3493.000000	-0.022529
3494.000000	-0.007526
3495.000000	0.000503
3496.000000	0.008173
3497.000000	0.023897
3498.000000	0.041401
3499.000000	0.050521
3500.000000	0.040210
3501.000000	0.006347
3502.000000	-0.026609
3503.000000	-0.033330
3504.000000	-0.013581
3505.000000	0.022133
3506.000000	0.045452
3507.000000	0.033618
3508.000000	0.004137
3509.000000	-0.018560
3510.000000	-0.022597
3511.000000	-0.005531
3512.000000	0.009907
3513.000000	0.003173
3514.000000	-0.012367
3515.000000	-0.019767
3516.000000	-0.021665
3517.000000	-0.023584
3518.000000	-0.022998
3519.000000	-0.017200
3520.000000	-0.010811
3521.000000	-0.008652
3522.000000	-0.009021
3523.000000	-0.008988
3524.000000	-0.007230
3525.000000	-0.004148
3526.000000	-0.005440
3527.000000	-0.014854
3528.000000	-0.023043
3529.000000	-0.021234
3530.000000	-0.016036
3531.000000	-0.015386
3532.000000	-0.017157
3533.000000	-0.017469
3534.000000	-0.015505
3535.000000	-0.011804
3536.000000	-0.009274
3537.000000	-0.009752
3538.000000	-0.008433
3539.000000	-0.001429
3540.000000	0.004836
3541.000000	0.003517
3542.000000	-0.003614
3543.000000	-0.012515
3544.000000	-0.018679
3545.000000	-0.017839
3546.000000	-0.007137
3547.000000	0.011426
3548.000000	0.017828
3549.000000	-0.002135
3550.000000	-0.021390
3551.000000	-0.013633
3552.000000	0.003067
3553.000000	0.005618
3554.000000	-0.004809
3555.000000	-0.020081
3556.000000	-0.028491
3557.000000	-0.022189
3558.000000	-0.012318
3559.000000	-0.010830
3560.000000	-0.013911
3561.000000	-0.015207
3562.000000	-0.013967
3563.000000	-0.011904
3564.000000	-0.014975
3565.000000	-0.026047
3566.000000	-0.031390
3567.000000	-0.018304
3568.000000	0.005183
3569.000000	0.025623
3570.000000	0.028621
3571.000000	0.006521
3572.000000	-0.020425
3573.000000	-0.030052
3574.000000	-0.020465
3575.000000	0.000805
3576.000000	0.008781
3577.000000	-0.013820
3578.000000	-0.036052
3579.000000	-0.027470
3580.000000	-0.007854
3581.000000	-0.002368
3582.000000	-0.007497
3583.000000	-0.014129
3584.000000	-0.019455
3585.000000	-0.021958
3586.000000	-0.018997
3587.000000	-0.009882
3588.000000	-0.002851
3589.000000	-0.005076
3590.000000	-0.010524
3591.000000	-0.011795
3592.000000	-0.009214
3593.000000	-0.004957
3594.000000	-0.000883
3595.000000	0.001829
3596.000000	0.004389
3597.000000	0.007583
3598.000000	0.008111
3599.000000	0.001651
3600.000000	-0.016118
