400.000000	-0.008122
401.000000	0.007251
402.000000	0.015585
403.000000	0.017305
404.000000	0.012836
405.000000	0.003652
406.000000	-0.004579
407.000000	-0.006633
408.000000	-0.003268
409.000000	0.003351
410.000000	0.011399
411.000000	0.018881
412.000000	0.022771
413.000000	0.020794
414.000000	0.014699
415.000000	0.007190
416.000000	0.000776
417.000000	-0.002522
418.000000	-0.002428
419.000000	0.000655
420.000000	0.005353
421.000000	0.009812
422.000000	0.011238
423.000000	0.007864
424.000000	0.002979
425.000000	0.000580
426.000000	0.002443
427.000000	0.008752
428.000000	0.015542
429.000000	0.018660
430.000000	0.017336
431.000000	0.011816
432.000000	0.003022
433.000000	-0.007559
434.000000	-0.016843
435.000000	-0.021866
436.000000	-0.021741
437.000000	-0.016552
438.000000	-0.008200
439.000000	0.001176
440.000000	0.010308
441.000000	0.018171
442.000000	0.023848
443.000000	0.026366
444.000000	0.024413
445.000000	0.017249
446.000000	0.006741
447.000000	-0.004300
448.000000	-0.011912
449.000000	-0.013180
450.000000	-0.010536
451.000000	-0.007345
452.000000	-0.005366
453.000000	-0.005534
454.000000	-0.007106
455.000000	-0.008859
456.000000	-0.009328
457.000000	-0.007101
458.000000	-0.001205
459.000000	0.007935
460.000000	0.014751
461.000000	0.013830
462.000000	0.005535
463.000000	-0.007419
464.000000	-0.018666
465.000000	-0.022358
466.000000	-0.018360
467.000000	-0.008191
468.000000	0.005725
469.000000	0.019625
470.000000	0.025290
471.000000	0.016339
472.000000	-0.001810
473.000000	-0.020313
474.000000	-0.028421
475.000000	-0.019299
476.000000	-0.003685
477.000000	0.005642
478.000000	0.005310
479.000000	-0.003745
480.000000	-0.012752
481.000000	-0.013488
482.000000	-0.007755
483.000000	0.000335
484.000000	0.007453
485.000000	0.011249
486.000000	0.012512
487.000000	0.012552
488.000000	0.011614
489.000000	0.009641
490.000000	0.006417
491.000000	0.002238
492.000000	-0.000401
493.000000	0.000915
494.000000	0.006075
495.000000	0.013392
496.000000	0.017409
497.000000	0.013653
498.000000	0.005372
499.000000	-0.002464
500.000000	-0.005708
501.000000	-0.002174
502.000000	0.003316
503.000000	0.005430
504.000000	0.003810
505.000000	-0.000180
506.000000	-0.003268
507.000000	-0.002845
508.000000	-0.000877
509.000000	-0.000027
510.000000	-0.001189
511.000000	-0.004170
512.000000	-0.006211
513.000000	-0.004854
514.000000	-0.001410
515.000000	0.001808
516.000000	0.002261
517.000000	-0.000827
518.000000	-0.000940
519.000000	0.006925
520.000000	0.014425
521.000000	0.013286
522.000000	0.008859
523.000000	0.007165
524.000000	0.003293
525.000000	-0.007200
526.000000	-0.015955
527.000000	-0.014805
528.000000	-0.009148
529.000000	-0.006019
530.000000	-0.005421
531.000000	-0.005670
532.000000	-0.005356
533.000000	-0.003498
534.000000	-0.000548
535.000000	0.002816
536.000000	0.006456
537.000000	0.010462
538.000000	0.015305
539.000000	0.020829
540.000000	0.023981
541.000000	0.021686
542.000000	0.013680
543.000000	0.001873
544.000000	-0.005940
545.000000	-0.003075
546.000000	0.006824
547.000000	0.017535
548.000000	0.022836
549.000000	0.018941
550.000000	0.011794
551.000000	0.008243
552.000000	0.009023
553.000000	0.012636
554.000000	0.014753
555.000000	0.011832
556.000000	0.006307
557.000000	0.001680
558.000000	-0.000237
559.000000	0.001472
560.000000	0.005839
561.000000	0.011274
562.000000	0.015601
563.000000	0.016649
564.000000	0.012865
565.000000	0.003977
566.000000	-0.005785
567.000000	-0.011950
568.000000	-0.013585
569.000000	-0.011023
570.000000	-0.006114
571.000000	-0.000849
572.000000	0.003739
573.000000	0.006946
574.000000	0.008434
575.000000	0.008088
576.000000	0.006322
577.000000	0.003820
578.000000	0.001815
579.000000	0.001549
580.000000	0.003757
581.000000	0.008361
582.000000	0.012538
583.000000	0.013447
584.000000	0.010923
585.000000	0.005716
586.000000	-0.000450
587.000000	-0.005988
588.000000	-0.010831
589.000000	-0.015140
590.000000	-0.018473
591.000000	-0.019993
592.000000	-0.017886
593.000000	-0.011131
594.000000	-0.002847
595.000000	0.003129
596.000000	0.004230
597.000000	-0.000622
598.000000	-0.007814
599.000000	-0.013325
600.000000	-0.016199
601.000000	-0.016409
602.000000	-0.014593
603.000000	-0.011663
604.000000	-0.008973
605.000000	-0.007673
606.000000	-0.007646
607.000000	-0.008096
608.000000	-0.006774
609.000000	-0.002256
610.000000	0.002140
611.000000	0.002491
612.000000	-0.002806
613.000000	-0.013405
614.000000	-0.023487
615.000000	-0.027423
616.000000	-0.025810
617.000000	-0.020948
618.000000	-0.015708
619.000000	-0.012370
620.000000	-0.010278
621.000000	-0.008259
622.000000	-0.006014
623.000000	-0.003474
624.000000	-0.000609
625.000000	0.002049
626.000000	0.001756
627.000000	-0.004011
628.000000	-0.014670
629.000000	-0.027542
630.000000	-0.034662
631.000000	-0.029495
632.000000	-0.016521
633.000000	-0.002692
634.000000	0.006167
635.000000	0.006300
636.000000	0.001099
637.000000	-0.004807
638.000000	-0.008998
639.000000	-0.009710
640.000000	-0.005609
641.000000	0.003175
642.000000	0.011086
643.000000	0.012519
644.000000	0.007107
645.000000	-0.003068
646.000000	-0.011364
647.000000	-0.012095
648.000000	-0.007975
649.000000	-0.003401
650.000000	-0.001116
651.000000	-0.002739
652.000000	-0.007048
653.000000	-0.012159
654.000000	-0.016368
655.000000	-0.018123
656.000000	-0.016296
657.000000	-0.010588
658.000000	-0.003576
659.000000	0.001815
660.000000	0.004157
661.000000	0.002523
662.000000	-0.003501
663.000000	-0.013150
664.000000	-0.021451
665.000000	-0.023353
666.000000	-0.017711
667.000000	-0.005371
668.000000	0.008764
669.000000	0.019593
670.000000	0.025270
671.000000	0.025068
672.000000	0.019489
673.000000	0.010283
674.000000	0.002966
675.000000	0.002439
676.000000	0.007377
677.000000	0.014717
678.000000	0.020662
679.000000	0.021963
680.000000	0.018284
681.000000	0.010349
682.000000	0.000200
683.000000	-0.009536
684.000000	-0.015211
685.000000	-0.014172
686.000000	-0.008755
687.000000	-0.002243
688.000000	0.003296
689.000000	0.006281
690.000000	0.005864
691.000000	0.001995
692.000000	-0.002909
693.000000	-0.006109
694.000000	-0.006046
695.000000	-0.002473
696.000000	0.000775
697.000000	0.000014
698.000000	-0.003755
699.000000	-0.008272
700.000000	-0.010916
701.000000	-0.009734
702.000000	-0.005790
703.000000	-0.000879
704.000000	0.003302
705.000000	0.005008
706.000000	0.002213
707.000000	-0.005779
708.000000	-0.014049
709.000000	-0.017320
710.000000	-0.014509
711.000000	-0.006769
712.000000	-0.000016
713.000000	0.000499
714.000000	-0.003054
715.000000	-0.006991
716.000000	-0.008986
717.000000	-0.008096
718.000000	-0.007564
719.000000	-0.010234
720.000000	-0.013170
721.000000	-0.012178
722.000000	-0.003800
723.000000	0.012672
724.000000	0.027697
725.000000	0.031749
726.000000	0.025625
727.000000	0.013607
728.000000	0.003598
729.000000	0.001915
730.000000	0.004905
731.000000	0.007324
732.000000	0.007516
733.000000	0.005310
734.000000	0.002876
735.000000	0.002376
736.000000	0.003597
737.000000	0.005835
738.000000	0.008800
739.000000	0.012480
740.000000	0.017565
741.000000	0.024565
742.000000	0.032576
743.000000	0.040378
744.000000	0.046911
745.000000	0.051415
746.000000	0.054158
747.000000	0.055587
748.000000	0.055831
749.000000	0.054942
750.000000	0.052982
751.000000	0.050283
752.000000	0.048232
753.000000	0.048011
754.000000	0.048923
755.000000	0.049541
756.000000	0.047404
757.000000	0.040648
758.000000	0.030829
759.000000	0.020285
760.000000	0.011076
761.000000	0.005331
762.000000	0.005735
763.000000	0.013530
764.000000	0.023616
765.000000	0.029983
766.000000	0.029306
767.000000	0.020531
768.000000	0.008998
769.000000	0.000306
770.000000	-0.005314
771.000000	-0.008991
772.000000	-0.011935
773.000000	-0.014767
774.000000	-0.015682
775.000000	-0.012917
776.000000	-0.007312
777.000000	-0.000483
778.000000	0.005456
779.000000	0.008814
780.000000	0.010097
781.000000	0.010363
782.000000	0.010675
783.000000	0.012189
784.000000	0.016420
785.000000	0.023724
786.000000	0.029448
787.000000	0.028744
788.000000	0.020983
789.000000	0.007787
790.000000	-0.004441
791.000000	-0.009841
792.000000	-0.009496
793.000000	-0.006105
794.000000	-0.001885
795.000000	0.001249
796.000000	0.002113
797.000000	0.000180
798.000000	-0.003169
799.000000	-0.006151
800.000000	-0.007278
801.000000	-0.005730
802.000000	-0.003057
803.000000	-0.001029
804.000000	0.000074
805.000000	0.000403
806.000000	0.000345
807.000000	0.000241
808.000000	0.000003
809.000000	-0.000536
810.000000	-0.001434
811.000000	-0.002696
812.000000	-0.004218
813.000000	-0.005754
814.000000	-0.006601
815.000000	-0.005856
816.000000	-0.002271
817.000000	0.004368
818.000000	0.009797
819.000000	0.010493
820.000000	0.010369
821.000000	0.012723
822.000000	0.010942
823.000000	-0.000256
824.000000	-0.010914
825.000000	-0.010627
826.000000	-0.002429
827.000000	0.007836
828.000000	0.016520
829.000000	0.021320
830.000000	0.023111
831.000000	0.023354
832.000000	0.022662
833.000000	0.021422
834.000000	0.019948
835.000000	0.018146
836.000000	0.014356
837.000000	0.007502
838.000000	0.000413
839.000000	-0.003087
840.000000	0.000910
841.000000	0.013818
842.000000	0.026982
843.000000	0.031380
844.000000	0.026578
845.000000	0.015183
846.000000	0.003390
847.000000	-0.003139
848.000000	-0.004455
849.000000	-0.001955
850.000000	0.003280
851.000000	0.010161
852.000000	0.017238
853.000000	0.023288
854.000000	0.028341
855.000000	0.032608
856.000000	0.035767
857.000000	0.037130
858.000000	0.035076
859.000000	0.028661
860.000000	0.020581
861.000000	0.014105
862.000000	0.011163
863.000000	0.012804
864.000000	0.017902
865.000000	0.024444
866.000000	0.029047
867.000000	0.028445
868.000000	0.021221
869.000000	0.008310
870.000000	-0.001791
871.000000	-0.001468
872.000000	0.005806
873.000000	0.013777
874.000000	0.016165
875.000000	0.009306
876.000000	0.000032
877.000000	-0.004023
878.000000	-0.002501
879.000000	0.002767
880.000000	0.008483
881.000000	0.011413
882.000000	0.010053
883.000000	0.004122
884.000000	-0.003490
885.000000	-0.008715
886.000000	-0.005934
887.000000	0.007950
888.000000	0.024403
889.000000	0.034009
890.000000	0.035462
891.000000	0.030892
892.000000	0.028050
893.000000	0.032888
894.000000	0.038532
895.000000	0.036711
896.000000	0.026398
897.000000	0.010241
898.000000	-0.001654
899.000000	-0.000766
900.000000	0.007638
901.000000	0.015828
902.000000	0.020018
903.000000	0.018905
904.000000	0.017161
905.000000	0.019244
906.000000	0.022774
907.000000	0.024069
908.000000	0.021082
909.000000	0.013043
910.000000	0.002659
911.000000	-0.006883
912.000000	-0.013956
913.000000	-0.017465
914.000000	-0.016901
915.000000	-0.012225
916.000000	-0.004713
917.000000	0.004107
918.000000	0.013005
919.000000	0.020884
920.000000	0.026890
921.000000	0.030205
922.000000	0.029926
923.000000	0.025878
924.000000	0.020874
925.000000	0.018414
926.000000	0.021756
927.000000	0.031774
928.000000	0.040043
929.000000	0.038422
930.000000	0.029204
931.000000	0.017949
932.000000	0.012838
933.000000	0.019118
934.000000	0.027671
935.000000	0.028329
936.000000	0.021087
937.000000	0.009508
938.000000	0.001263
939.000000	0.002430
940.000000	0.008608
941.000000	0.013896
942.000000	0.016862
943.000000	0.017769
944.000000	0.019199
945.000000	0.023263
946.000000	0.027871
947.000000	0.030292
948.000000	0.029428
949.000000	0.024849
950.000000	0.017157
951.000000	0.007562
952.000000	-0.001314
953.000000	-0.006933
954.000000	-0.008496
955.000000	-0.006194
956.000000	-0.002435
957.000000	0.000682
958.000000	0.004517
959.000000	0.010833
960.000000	0.019554
961.000000	0.029476
962.000000	0.036722
963.000000	0.037793
964.000000	0.033363
965.000000	0.025245
966.000000	0.015639
967.000000	0.007123
968.000000	0.003385
969.000000	0.006931
970.000000	0.014411
971.000000	0.021383
972.000000	0.024881
973.000000	0.023326
974.000000	0.019221
975.000000	0.015650
976.000000	0.013940
977.000000	0.014815
978.000000	0.018343
979.000000	0.023980
980.000000	0.029387
981.000000	0.032329
982.000000	0.032786
983.000000	0.031352
984.000000	0.028878
985.000000	0.026186
986.000000	0.023740
987.000000	0.021978
988.000000	0.021588
989.000000	0.023232
990.000000	0.027201
991.000000	0.033254
992.000000	0.039374
993.000000	0.043734
994.000000	0.047029
995.000000	0.050587
996.000000	0.055755
997.000000	0.063132
998.000000	0.070319
999.000000	0.074850
1000.000000	0.076989
1001.000000	0.077778
1002.000000	0.078626
1003.000000	0.080747
1004.000000	0.084198
1005.000000	0.088480
1006.000000	0.092017
1007.000000	0.092967
1008.000000	0.089486
1009.000000	0.080437
1010.000000	0.067516
1011.000000	0.052938
1012.000000	0.038164
1013.000000	0.024414
1014.000000	0.012703
1015.000000	0.004182
1016.000000	0.000745
1017.000000	0.003817
1018.000000	0.012207
1019.000000	0.023859
1020.000000	0.035882
1021.000000	0.045041
1022.000000	0.047565
1023.000000	0.041069
1024.000000	0.029243
1025.000000	0.017846
1026.000000	0.014832
1027.000000	0.024976
1028.000000	0.038131
1029.000000	0.043135
1030.000000	0.039701
1031.000000	0.031361
1032.000000	0.026064
1033.000000	0.030364
1034.000000	0.040821
1035.000000	0.052160
1036.000000	0.061758
1037.000000	0.067883
1038.000000	0.069712
1039.000000	0.067667
1040.000000	0.066241
1041.000000	0.069772
1042.000000	0.077904
1043.000000	0.088456
1044.000000	0.096652
1045.000000	0.098701
1046.000000	0.097342
1047.000000	0.096143
1048.000000	0.095440
1049.000000	0.094361
1050.000000	0.090426
1051.000000	0.082114
1052.000000	0.073346
1053.000000	0.068364
1054.000000	0.067255
1055.000000	0.068445
1056.000000	0.067882
1057.000000	0.062709
1058.000000	0.057321
1059.000000	0.056569
1060.000000	0.059877
1061.000000	0.064495
1062.000000	0.064413
1063.000000	0.055644
1064.000000	0.045568
1065.000000	0.042421
1066.000000	0.046504
1067.000000	0.054959
1068.000000	0.060218
1069.000000	0.056059
1070.000000	0.046369
1071.000000	0.036738
1072.000000	0.029476
1073.000000	0.025674
1074.000000	0.024819
1075.000000	0.025932
1076.000000	0.027762
1077.000000	0.029421
1078.000000	0.031755
1079.000000	0.036398
1080.000000	0.046395
1081.000000	0.062359
1082.000000	0.073750
1083.000000	0.070301
1084.000000	0.053979
1085.000000	0.031634
1086.000000	0.017413
1087.000000	0.022127
1088.000000	0.035931
1089.000000	0.046132
1090.000000	0.049295
1091.000000	0.045483
1092.000000	0.039500
1093.000000	0.036045
1094.000000	0.034656
1095.000000	0.033844
1096.000000	0.033162
1097.000000	0.032466
1098.000000	0.031766
1099.000000	0.031407
1100.000000	0.032918
1101.000000	0.037585
1102.000000	0.044538
1103.000000	0.052133
1104.000000	0.057770
1105.000000	0.059236
1106.000000	0.056804
1107.000000	0.051690
1108.000000	0.046393
1109.000000	0.043850
1110.000000	0.047456
1111.000000	0.058238
1112.000000	0.067281
1113.000000	0.065788
1114.000000	0.055380
1115.000000	0.041232
1116.000000	0.032328
1117.000000	0.035478
1118.000000	0.044977
1119.000000	0.053263
1120.000000	0.057851
1121.000000	0.057959
1122.000000	0.054553
1123.000000	0.049686
1124.000000	0.048028
1125.000000	0.053539
1126.000000	0.064730
1127.000000	0.078341
1128.000000	0.089477
1129.000000	0.094370
1130.000000	0.095404
1131.000000	0.095430
1132.000000	0.093009
1133.000000	0.085638
1134.000000	0.070851
1135.000000	0.048215
1136.000000	0.025403
1137.000000	0.010255
1138.000000	0.003181
1139.000000	0.002332
1140.000000	0.004266
1141.000000	0.005838
1142.000000	0.006684
1143.000000	0.007002
1144.000000	0.006466
1145.000000	0.004711
1146.000000	0.001747
1147.000000	-0.001820
1148.000000	-0.003365
1149.000000	-0.000852
1150.000000	0.003383
1151.000000	0.006081
1152.000000	0.004679
1153.000000	-0.001695
1154.000000	-0.007829
1155.000000	-0.008630
1156.000000	-0.005550
1157.000000	-0.001597
1158.000000	0.000552
1159.000000	-0.000888
1160.000000	-0.004452
1161.000000	-0.007863
1162.000000	-0.008839
1163.000000	-0.005510
1164.000000	0.002346
1165.000000	0.013349
1166.000000	0.021345
1167.000000	0.021002
1168.000000	0.015035
1169.000000	0.007934
1170.000000	0.003228
1171.000000	0.003608
1172.000000	0.009380
1173.000000	0.019309
1174.000000	0.028383
1175.000000	0.031520
1176.000000	0.027139
1177.000000	0.016180
1178.000000	0.006161
1179.000000	0.003535
1180.000000	0.003933
1181.000000	0.001353
1182.000000	-0.005900
1183.000000	-0.017048
1184.000000	-0.025728
1185.000000	-0.026468
1186.000000	-0.022950
1187.000000	-0.020216
1188.000000	-0.019602
1189.000000	-0.020605
1190.000000	-0.019064
1191.000000	-0.012063
1192.000000	-0.005324
1193.000000	-0.005015
1194.000000	-0.010449
1195.000000	-0.018060
1196.000000	-0.019620
1197.000000	-0.009057
1198.000000	0.006424
1199.000000	0.017952
1200.000000	0.023258
1201.000000	0.022512
1202.000000	0.019037
1203.000000	0.016580
1204.000000	0.017423
1205.000000	0.022705
1206.000000	0.030453
1207.000000	0.037700
1208.000000	0.040630
1209.000000	0.036692
1210.000000	0.029259
1211.000000	0.022633
1212.000000	0.018907
1213.000000	0.019372
1214.000000	0.024317
1215.000000	0.032749
1216.000000	0.039548
1217.000000	0.040522
1218.000000	0.039305
1219.000000	0.041203
1220.000000	0.050381
1221.000000	0.067837
1222.000000	0.083060
1223.000000	0.085833
1224.000000	0.078645
1225.000000	0.067147
1226.000000	0.056949
1227.000000	0.052788
1228.000000	0.055956
1229.000000	0.065675
1230.000000	0.076345
1231.000000	0.082011
1232.000000	0.080135
1233.000000	0.071066
1234.000000	0.063285
1235.000000	0.064219
1236.000000	0.068935
1237.000000	0.070476
1238.000000	0.066152
1239.000000	0.055724
1240.000000	0.044484
1241.000000	0.038111
1242.000000	0.038309
1243.000000	0.045276
1244.000000	0.057164
1245.000000	0.071125
1246.000000	0.082359
1247.000000	0.086910
1248.000000	0.086145
1249.000000	0.082653
1250.000000	0.078581
1251.000000	0.075934
1252.000000	0.076590
1253.000000	0.080630
1254.000000	0.081081
1255.000000	0.071876
1256.000000	0.057644
1257.000000	0.046173
1258.000000	0.047205
1259.000000	0.065069
1260.000000	0.080481
1261.000000	0.074795
1262.000000	0.055544
1263.000000	0.036931
1264.000000	0.033672
1265.000000	0.053646
1266.000000	0.076866
1267.000000	0.082398
1268.000000	0.073397
1269.000000	0.058919
1270.000000	0.047546
1271.000000	0.045255
1272.000000	0.048064
1273.000000	0.050763
1274.000000	0.053174
1275.000000	0.056220
1276.000000	0.060178
1277.000000	0.064961
1278.000000	0.069654
1279.000000	0.073183
1280.000000	0.074654
1281.000000	0.073549
1282.000000	0.070668
1283.000000	0.067563
1284.000000	0.067492
1285.000000	0.072436
1286.000000	0.077576
1287.000000	0.077761
1288.000000	0.073306
1289.000000	0.066711
1290.000000	0.063749
1291.000000	0.068930
1292.000000	0.078433
1293.000000	0.087040
1294.000000	0.092286
1295.000000	0.092752
1296.000000	0.088468
1297.000000	0.080914
1298.000000	0.075936
1299.000000	0.078904
1300.000000	0.088936
1301.000000	0.103273
1302.000000	0.117906
1303.000000	0.128655
1304.000000	0.131901
1305.000000	0.125992
1306.000000	0.116591
1307.000000	0.110555
1308.000000	0.112197
1309.000000	0.123105
1310.000000	0.136522
1311.000000	0.145142
1312.000000	0.147810
1313.000000	0.145141
1314.000000	0.138669
1315.000000	0.130503
1316.000000	0.124136
1317.000000	0.121991
1318.000000	0.120827
1319.000000	0.116951
1320.000000	0.110514
1321.000000	0.103327
1322.000000	0.100003
1323.000000	0.104058
1324.000000	0.111821
1325.000000	0.118518
1326.000000	0.122155
1327.000000	0.121780
1328.000000	0.117833
1329.000000	0.112335
1330.000000	0.112235
1331.000000	0.123071
1332.000000	0.139799
1333.000000	0.154835
1334.000000	0.161020
1335.000000	0.154568
1336.000000	0.144754
1337.000000	0.141319
1338.000000	0.142795
1339.000000	0.145126
1340.000000	0.145112
1341.000000	0.140709
1342.000000	0.133651
1343.000000	0.126442
1344.000000	0.120899
1345.000000	0.118324
1346.000000	0.118635
1347.000000	0.121009
1348.000000	0.123041
1349.000000	0.122305
1350.000000	0.117861
1351.000000	0.109707
1352.000000	0.100104
1353.000000	0.092121
1354.000000	0.089808
1355.000000	0.095452
1356.000000	0.103307
1357.000000	0.107070
1358.000000	0.106240
1359.000000	0.102123
1360.000000	0.097454
1361.000000	0.094888
1362.000000	0.095335
1363.000000	0.098652
1364.000000	0.102244
1365.000000	0.103208
1366.000000	0.099864
1367.000000	0.091926
1368.000000	0.083456
1369.000000	0.078524
1370.000000	0.076876
1371.000000	0.077063
1372.000000	0.077164
1373.000000	0.074811
1374.000000	0.066304
1375.000000	0.050922
1376.000000	0.041200
1377.000000	0.049093
1378.000000	0.070993
1379.000000	0.097209
1380.000000	0.109276
1381.000000	0.094234
1382.000000	0.069926
1383.000000	0.057072
1384.000000	0.057110
1385.000000	0.065610
1386.000000	0.073965
1387.000000	0.075062
1388.000000	0.071928
1389.000000	0.068804
1390.000000	0.064635
1391.000000	0.057540
1392.000000	0.047619
1393.000000	0.036947
1394.000000	0.033518
1395.000000	0.043547
1396.000000	0.060215
1397.000000	0.074512
1398.000000	0.081687
1399.000000	0.079377
1400.000000	0.070496
1401.000000	0.059390
1402.000000	0.050862
1403.000000	0.048598
1404.000000	0.051377
1405.000000	0.056169
1406.000000	0.057628
1407.000000	0.052019
1408.000000	0.044380
1409.000000	0.040416
1410.000000	0.039725
1411.000000	0.040260
1412.000000	0.039505
1413.000000	0.035780
1414.000000	0.031208
1415.000000	0.028023
1416.000000	0.025086
1417.000000	0.020902
1418.000000	0.015935
1419.000000	0.012195
1420.000000	0.015929
1421.000000	0.030942
1422.000000	0.047028
1423.000000	0.053157
1424.000000	0.049017
1425.000000	0.038895
1426.000000	0.034762
1427.000000	0.045491
1428.000000	0.059870
1429.000000	0.065182
1430.000000	0.062761
1431.000000	0.057977
1432.000000	0.058304
1433.000000	0.068464
1434.000000	0.080073
1435.000000	0.084040
1436.000000	0.081550
1437.000000	0.076260
1438.000000	0.071439
1439.000000	0.069275
1440.000000	0.068021
1441.000000	0.066326
1442.000000	0.068342
1443.000000	0.078233
1444.000000	0.094696
1445.000000	0.113881
1446.000000	0.127212
1447.000000	0.128358
1448.000000	0.124687
1449.000000	0.124832
1450.000000	0.128776
1451.000000	0.133842
1452.000000	0.135375
1453.000000	0.130270
1454.000000	0.123607
1455.000000	0.121123
1456.000000	0.123001
1457.000000	0.127834
1458.000000	0.133417
1459.000000	0.137340
1460.000000	0.137185
1461.000000	0.131246
1462.000000	0.120689
1463.000000	0.107535
1464.000000	0.094359
1465.000000	0.083898
1466.000000	0.078994
1467.000000	0.080680
1468.000000	0.082652
1469.000000	0.078340
1470.000000	0.067446
1471.000000	0.051839
1472.000000	0.035792
1473.000000	0.024377
1474.000000	0.023477
1475.000000	0.036274
1476.000000	0.054348
1477.000000	0.067363
1478.000000	0.068915
1479.000000	0.056673
1480.000000	0.040669
1481.000000	0.031262
1482.000000	0.027769
1483.000000	0.027076
1484.000000	0.027401
1485.000000	0.027567
1486.000000	0.027496
1487.000000	0.027049
1488.000000	0.024740
1489.000000	0.019572
1490.000000	0.013846
1491.000000	0.010543
1492.000000	0.012058
1493.000000	0.018603
1494.000000	0.022234
1495.000000	0.015677
1496.000000	0.002479
1497.000000	-0.011421
1498.000000	-0.021350
1499.000000	-0.023910
1500.000000	-0.019549
1501.000000	-0.010478
1502.000000	-0.002125
1503.000000	0.000410
1504.000000	-0.003455
1505.000000	-0.012429
1506.000000	-0.022252
1507.000000	-0.028430
1508.000000	-0.028511
1509.000000	-0.021690
1510.000000	-0.011705
1511.000000	-0.003216
1512.000000	-0.000035
1513.000000	-0.003935
1514.000000	-0.009374
1515.000000	-0.010843
1516.000000	-0.010274
1517.000000	-0.010963
1518.000000	-0.014218
1519.000000	-0.020249
1520.000000	-0.026862
1521.000000	-0.031348
1522.000000	-0.031330
1523.000000	-0.025307
1524.000000	-0.014932
1525.000000	-0.002875
1526.000000	0.007296
1527.000000	0.012654
1528.000000	0.013750
1529.000000	0.012094
1530.000000	0.009565
1531.000000	0.007916
1532.000000	0.008029
1533.000000	0.010101
1534.000000	0.012475
1535.000000	0.013332
1536.000000	0.012063
1537.000000	0.008665
1538.000000	0.004344
1539.000000	0.000759
1540.000000	0.000168
1541.000000	0.003832
1542.000000	0.008427
1543.000000	0.010651
1544.000000	0.011885
1545.000000	0.014526
1546.000000	0.020346
1547.000000	0.029619
1548.000000	0.037252
1549.000000	0.038887
1550.000000	0.038485
1551.000000	0.041076
1552.000000	0.047652
1553.000000	0.057133
1554.000000	0.064192
1555.000000	0.064699
1556.000000	0.063568
1557.000000	0.066128
1558.000000	0.070322
1559.000000	0.072217
1560.000000	0.067775
1561.000000	0.055489
1562.000000	0.044082
1563.000000	0.041882
1564.000000	0.045395
1565.000000	0.049030
1566.000000	0.050615
1567.000000	0.050337
1568.000000	0.054385
1569.000000	0.067561
1570.000000	0.083126
1571.000000	0.093289
1572.000000	0.097613
1573.000000	0.098080
1574.000000	0.099012
1575.000000	0.103210
1576.000000	0.105052
1577.000000	0.099675
1578.000000	0.093668
1579.000000	0.095103
1580.000000	0.106542
1581.000000	0.126277
1582.000000	0.141029
1583.000000	0.139334
1584.000000	0.128570
1585.000000	0.118877
1586.000000	0.112596
1587.000000	0.109242
1588.000000	0.104823
1589.000000	0.096140
1590.000000	0.086667
1591.000000	0.080484
1592.000000	0.077434
1593.000000	0.076269
1594.000000	0.075616
1595.000000	0.074182
1596.000000	0.071107
1597.000000	0.066638
1598.000000	0.065022
1599.000000	0.070225
1600.000000	0.081084
1601.000000	0.094519
1602.000000	0.104910
1603.000000	0.107628
1604.000000	0.104534
1605.000000	0.099046
1606.000000	0.094301
1607.000000	0.092855
1608.000000	0.095207
1609.000000	0.100049
1610.000000	0.100908
1611.000000	0.092955
1612.000000	0.083118
1613.000000	0.079424
1614.000000	0.082545
1615.000000	0.090233
1616.000000	0.095928
1617.000000	0.093477
1618.000000	0.082678
1619.000000	0.065596
1620.000000	0.047412
1621.000000	0.033598
1622.000000	0.027680
1623.000000	0.031290
1624.000000	0.040423
1625.000000	0.050009
1626.000000	0.056341
1627.000000	0.057044
1628.000000	0.053696
1629.000000	0.049315
1630.000000	0.048732
1631.000000	0.054185
1632.000000	0.055734
1633.000000	0.044310
1634.000000	0.026509
1635.000000	0.012172
1636.000000	0.008448
1637.000000	0.019008
1638.000000	0.036309
1639.000000	0.051901
1640.000000	0.064913
1641.000000	0.076250
1642.000000	0.086338
1643.000000	0.095445
1644.000000	0.103689
1645.000000	0.110138
1646.000000	0.109813
1647.000000	0.099090
1648.000000	0.083802
1649.000000	0.071492
1650.000000	0.067076
1651.000000	0.072989
1652.000000	0.084369
1653.000000	0.095666
1654.000000	0.105890
1655.000000	0.114976
1656.000000	0.122014
1657.000000	0.125973
1658.000000	0.126182
1659.000000	0.123055
1660.000000	0.120988
1661.000000	0.123295
1662.000000	0.124979
1663.000000	0.120283
1664.000000	0.108726
1665.000000	0.093234
1666.000000	0.085074
1667.000000	0.092995
1668.000000	0.107333
1669.000000	0.116223
1670.000000	0.117411
1671.000000	0.111871
1672.000000	0.103891
1673.000000	0.098198
1674.000000	0.097965
1675.000000	0.104389
1676.000000	0.112320
1677.000000	0.115860
1678.000000	0.112470
1679.000000	0.101536
1680.000000	0.086788
1681.000000	0.072829
1682.000000	0.063410
1683.000000	0.061004
1684.000000	0.063821
1685.000000	0.068871
1686.000000	0.072621
1687.000000	0.072107
1688.000000	0.067193
1689.000000	0.058819
1690.000000	0.049398
1691.000000	0.041598
1692.000000	0.037644
1693.000000	0.039291
1694.000000	0.046860
1695.000000	0.058876
1696.000000	0.068113
1697.000000	0.067775
1698.000000	0.058534
1699.000000	0.044069
1700.000000	0.032623
1701.000000	0.030705
1702.000000	0.033322
1703.000000	0.034274
1704.000000	0.034021
1705.000000	0.034229
1706.000000	0.034720
1707.000000	0.035035
1708.000000	0.035419
1709.000000	0.036049
1710.000000	0.036118
1711.000000	0.035382
1712.000000	0.036817
1713.000000	0.041230
1714.000000	0.037516
1715.000000	0.017870
1716.000000	-0.000416
1717.000000	-0.000656
1718.000000	0.006312
1719.000000	0.006529
1720.000000	0.001062
1721.000000	-0.005621
1722.000000	-0.010491
1723.000000	-0.011970
1724.000000	-0.012854
1725.000000	-0.015626
1726.000000	-0.017153
1727.000000	-0.013958
1728.000000	-0.006810
1729.000000	0.001978
1730.000000	0.008159
1731.000000	0.008074
1732.000000	0.002352
1733.000000	-0.006503
1734.000000	-0.012779
1735.000000	-0.011331
1736.000000	-0.002490
1737.000000	0.010001
1738.000000	0.014228
1739.000000	0.001315
1740.000000	-0.017306
1741.000000	-0.027955
1742.000000	-0.028282
1743.000000	-0.019694
1744.000000	-0.007293
1745.000000	0.003216
1746.000000	0.007425
1747.000000	0.003173
1748.000000	-0.004011
1749.000000	-0.007913
1750.000000	-0.007259
1751.000000	-0.002937
1752.000000	0.000468
1753.000000	-0.001065
1754.000000	-0.005620
1755.000000	-0.010028
1756.000000	-0.012062
1757.000000	-0.010320
1758.000000	-0.005749
1759.000000	-0.000815
1760.000000	-0.001697
1761.000000	-0.012070
1762.000000	-0.021891
1763.000000	-0.021005
1764.000000	-0.012534
1765.000000	-0.003127
1766.000000	-0.000269
1767.000000	-0.008023
1768.000000	-0.015933
1769.000000	-0.013891
1770.000000	-0.007695
1771.000000	-0.005520
1772.000000	-0.009158
1773.000000	-0.017728
1774.000000	-0.026060
1775.000000	-0.028537
1776.000000	-0.022053
1777.000000	-0.006347
1778.000000	0.009980
1779.000000	0.017653
1780.000000	0.013556
1781.000000	-0.001372
1782.000000	-0.016137
1783.000000	-0.020402
1784.000000	-0.016504
1785.000000	-0.009792
1786.000000	-0.004981
1787.000000	-0.005876
1788.000000	-0.013283
1789.000000	-0.025155
1790.000000	-0.031042
1791.000000	-0.022681
1792.000000	-0.008945
1793.000000	-0.000605
1794.000000	0.001122
1795.000000	-0.001556
1796.000000	-0.002298
1797.000000	0.003290
1798.000000	0.007670
1799.000000	0.003186
1800.000000	-0.006377
1801.000000	-0.014990
1802.000000	-0.019105
1803.000000	-0.016753
1804.000000	-0.009790
1805.000000	-0.000795
1806.000000	0.008592
1807.000000	0.016882
1808.000000	0.022260
1809.000000	0.023161
1810.000000	0.019363
1811.000000	0.011474
1812.000000	0.002097
1813.000000	-0.006168
1814.000000	-0.012728
1815.000000	-0.017246
1816.000000	-0.018406
1817.000000	-0.014978
1818.000000	-0.007048
1819.000000	0.003873
1820.000000	0.011901
1821.000000	0.011716
1822.000000	0.004639
1823.000000	-0.006023
1824.000000	-0.015651
1825.000000	-0.019635
1826.000000	-0.014699
1827.000000	-0.000550
1828.000000	0.012513
1829.000000	0.014854
1830.000000	0.010081
1831.000000	0.004254
1832.000000	0.000000
1833.000000	-0.002132
1834.000000	-0.006463
1835.000000	-0.016019
1836.000000	-0.023776
1837.000000	-0.022445
1838.000000	-0.013728
1839.000000	-0.001712
1840.000000	0.008965
1841.000000	0.014130
1842.000000	0.012031
1843.000000	0.003236
1844.000000	-0.004826
1845.000000	-0.005315
1846.000000	-0.000609
1847.000000	0.004578
1848.000000	0.005394
1849.000000	-0.000650
1850.000000	-0.006457
1851.000000	-0.005406
1852.000000	-0.002370
1853.000000	-0.003379
1854.000000	-0.007585
1855.000000	-0.012046
1856.000000	-0.012324
1857.000000	-0.006225
1858.000000	-0.002034
1859.000000	-0.007266
1860.000000	-0.015862
1861.000000	-0.019776
1862.000000	-0.016580
1863.000000	-0.006445
1864.000000	0.005669
1865.000000	0.014100
1866.000000	0.015165
1867.000000	0.007589
1868.000000	-0.002243
1869.000000	-0.007180
1870.000000	-0.004655
1871.000000	0.005164
1872.000000	0.015746
1873.000000	0.020568
1874.000000	0.019516
1875.000000	0.014165
1876.000000	0.006451
1877.000000	-0.001627
1878.000000	-0.008169
1879.000000	-0.011539
1880.000000	-0.011068
1881.000000	-0.007023
1882.000000	-0.002439
1883.000000	-0.000166
1884.000000	0.000461
1885.000000	0.000914
1886.000000	0.002374
1887.000000	0.005072
1888.000000	0.005726
1889.000000	0.001729
1890.000000	-0.003319
1891.000000	-0.005394
1892.000000	-0.004967
1893.000000	-0.003788
1894.000000	-0.004213
1895.000000	-0.007732
1896.000000	-0.011770
1897.000000	-0.013388
1898.000000	-0.012268
1899.000000	-0.008841
1900.000000	-0.003901
1901.000000	0.001605
1902.000000	0.006495
1903.000000	0.009285
1904.000000	0.007523
1905.000000	0.000139
1906.000000	-0.007441
1907.000000	-0.009537
1908.000000	-0.005940
1909.000000	0.001368
1910.000000	0.007115
1911.000000	0.006518
1912.000000	0.000043
1913.000000	-0.009746
1914.000000	-0.017153
1915.000000	-0.017085
1916.000000	-0.010008
1917.000000	0.001159
1918.000000	0.009240
1919.000000	0.008074
1920.000000	-0.000190
1921.000000	-0.011076
1922.000000	-0.019120
1923.000000	-0.019704
1924.000000	-0.012574
1925.000000	0.000300
1926.000000	0.012419
1927.000000	0.017557
1928.000000	0.015097
1929.000000	0.006574
1930.000000	-0.003479
1931.000000	-0.010337
1932.000000	-0.011519
1933.000000	-0.006100
1934.000000	0.002854
1935.000000	0.011377
1936.000000	0.015893
1937.000000	0.014203
1938.000000	0.009214
1939.000000	0.004767
1940.000000	0.003317
1941.000000	0.005876
1942.000000	0.009069
1943.000000	0.009557
1944.000000	0.008515
1945.000000	0.007557
1946.000000	0.005525
1947.000000	0.000976
1948.000000	-0.005899
1949.000000	-0.013551
1950.000000	-0.016644
1951.000000	-0.011663
1952.000000	-0.006172
1953.000000	-0.007786
1954.000000	-0.013230
1955.000000	-0.016828
1956.000000	-0.014171
1957.000000	-0.003390
1958.000000	0.008499
1959.000000	0.014090
1960.000000	0.013312
1961.000000	0.008140
1962.000000	0.001399
1963.000000	-0.004093
1964.000000	-0.006385
1965.000000	-0.004645
1966.000000	-0.001660
1967.000000	0.000432
1968.000000	0.005701
1969.000000	0.017413
1970.000000	0.029414
1971.000000	0.034029
1972.000000	0.026902
1973.000000	0.008212
1974.000000	-0.007061
1975.000000	-0.005556
1976.000000	0.004800
1977.000000	0.012909
1978.000000	0.016268
1979.000000	0.015147
1980.000000	0.012320
1981.000000	0.010425
1982.000000	0.009054
1983.000000	0.007695
1984.000000	0.008469
1985.000000	0.012722
1986.000000	0.016067
1987.000000	0.013510
1988.000000	0.003361
1989.000000	-0.011828
1990.000000	-0.015856
1991.000000	0.003141
1992.000000	0.026018
1993.000000	0.031799
1994.000000	0.023191
1995.000000	0.009356
1996.000000	0.001593
1997.000000	0.006641
1998.000000	0.010856
1999.000000	0.001689
2000.000000	-0.008648
2001.000000	-0.006230
2002.000000	0.004957
2003.000000	0.016349
2004.000000	0.018991
2005.000000	0.007494
2006.000000	-0.008865
2007.000000	-0.019117
2008.000000	-0.020200
2009.000000	-0.012500
2010.000000	-0.002286
2011.000000	0.003486
2012.000000	0.001007
2013.000000	-0.009543
2014.000000	-0.015162
2015.000000	-0.005453
2016.000000	0.006726
2017.000000	0.007288
2018.000000	0.000468
2019.000000	-0.005344
2020.000000	-0.003472
2021.000000	0.008117
2022.000000	0.014598
2023.000000	0.003597
2024.000000	-0.010589
2025.000000	-0.011929
2026.000000	-0.004129
2027.000000	0.004543
2028.000000	0.007305
2029.000000	0.001183
2030.000000	-0.003045
2031.000000	0.004665
2032.000000	0.017659
2033.000000	0.026601
2034.000000	0.028124
2035.000000	0.021203
2036.000000	0.008210
2037.000000	-0.007129
2038.000000	-0.019056
2039.000000	-0.022809
2040.000000	-0.019629
2041.000000	-0.012196
2042.000000	-0.002949
2043.000000	0.005996
2044.000000	0.013587
2045.000000	0.019412
2046.000000	0.024576
2047.000000	0.029699
2048.000000	0.031957
2049.000000	0.028868
2050.000000	0.022751
2051.000000	0.016841
2052.000000	0.013225
2053.000000	0.013049
2054.000000	0.014842
2055.000000	0.016602
2056.000000	0.016829
2057.000000	0.014701
2058.000000	0.011599
2059.000000	0.009259
2060.000000	0.008638
2061.000000	0.010150
2062.000000	0.012833
2063.000000	0.015213
2064.000000	0.015155
2065.000000	0.011304
2066.000000	0.006091
2067.000000	0.002364
2068.000000	0.000865
2069.000000	0.001408
2070.000000	0.002211
2071.000000	0.001963
2072.000000	0.002825
2073.000000	0.007050
2074.000000	0.013791
2075.000000	0.021040
2076.000000	0.025249
2077.000000	0.022986
2078.000000	0.012819
2079.000000	-0.003723
2080.000000	-0.015264
2081.000000	-0.012258
2082.000000	-0.002316
2083.000000	0.004600
2084.000000	0.006293
2085.000000	0.003345
2086.000000	-0.000322
2087.000000	-0.001066
2088.000000	0.000286
2089.000000	0.002241
2090.000000	0.005117
2091.000000	0.009318
2092.000000	0.013789
2093.000000	0.017105
2094.000000	0.017819
2095.000000	0.014570
2096.000000	0.006371
2097.000000	-0.005629
2098.000000	-0.012099
2099.000000	-0.005197
2100.000000	0.008786
2101.000000	0.020744
2102.000000	0.024440
2103.000000	0.016983
2104.000000	0.006009
2105.000000	-0.000751
2106.000000	-0.005709
2107.000000	-0.012239
2108.000000	-0.017412
2109.000000	-0.017552
2110.000000	-0.012299
2111.000000	-0.003031
2112.000000	0.005225
2113.000000	0.007769
2114.000000	0.004863
2115.000000	-0.001679
2116.000000	-0.008788
2117.000000	-0.013522
2118.000000	-0.014690
2119.000000	-0.011972
2120.000000	-0.006795
2121.000000	-0.000558
2122.000000	0.007187
2123.000000	0.016316
2124.000000	0.022564
2125.000000	0.022162
2126.000000	0.017456
2127.000000	0.012411
2128.000000	0.011355
2129.000000	0.016520
2130.000000	0.021396
2131.000000	0.019820
2132.000000	0.015770
2133.000000	0.014295
2134.000000	0.014600
2135.000000	0.014519
2136.000000	0.012265
2137.000000	0.007215
2138.000000	0.003036
2139.000000	0.003168
2140.000000	0.005858
2141.000000	0.008470
2142.000000	0.010018
2143.000000	0.010274
2144.000000	0.010387
2145.000000	0.011937
2146.000000	0.016853
2147.000000	0.025234
2148.000000	0.029523
2149.000000	0.022985
2150.000000	0.009835
2151.000000	-0.003589
2152.000000	-0.013415
2153.000000	-0.017269
2154.000000	-0.016318
2155.000000	-0.011992
2156.000000	-0.003247
2157.000000	0.009756
2158.000000	0.019564
2159.000000	0.019485
2160.000000	0.013160
2161.000000	0.006753
2162.000000	0.006191
2163.000000	0.013778
2164.000000	0.017557
2165.000000	0.007732
2166.000000	-0.002578
2167.000000	0.000784
2168.000000	0.013219
2169.000000	0.025989
2170.000000	0.032550
2171.000000	0.029771
2172.000000	0.025976
2173.000000	0.028828
2174.000000	0.031894
2175.000000	0.028101
2176.000000	0.021915
2177.000000	0.019545
2178.000000	0.022638
2179.000000	0.030518
2180.000000	0.037789
2181.000000	0.039199
2182.000000	0.034781
2183.000000	0.026005
2184.000000	0.014808
2185.000000	0.003381
2186.000000	-0.005521
2187.000000	-0.009466
2188.000000	-0.007868
2189.000000	-0.001661
2190.000000	0.003993
2191.000000	0.005105
2192.000000	0.006620
2193.000000	0.013479
2194.000000	0.021689
2195.000000	0.025770
2196.000000	0.023239
2197.000000	0.014161
2198.000000	0.005796
2199.000000	0.004542
2200.000000	0.006148
2201.000000	0.005030
2202.000000	0.000920
2203.000000	-0.004851
2204.000000	-0.009887
2205.000000	-0.011791
2206.000000	-0.009244
2207.000000	-0.002488
2208.000000	0.003068
2209.000000	0.002735
2210.000000	-0.000126
2211.000000	-0.001058
2212.000000	0.000724
2213.000000	0.004689
2214.000000	0.008708
2215.000000	0.010505
2216.000000	0.008830
2217.000000	0.004027
2218.000000	0.001801
2219.000000	0.006911
2220.000000	0.014965
2221.000000	0.020091
2222.000000	0.019655
2223.000000	0.013223
2224.000000	0.005919
2225.000000	0.002572
2226.000000	0.001277
2227.000000	-0.000308
2228.000000	0.000452
2229.000000	0.006169
2230.000000	0.014373
2231.000000	0.021246
2232.000000	0.022651
2233.000000	0.016111
2234.000000	0.006092
2235.000000	-0.002014
2236.000000	-0.006071
2237.000000	-0.005216
2238.000000	-0.000431
2239.000000	0.006686
2240.000000	0.013923
2241.000000	0.019101
2242.000000	0.020793
2243.000000	0.018608
2244.000000	0.015553
2245.000000	0.013958
2246.000000	0.010056
2247.000000	0.000523
2248.000000	-0.010081
2249.000000	-0.015323
2250.000000	-0.009149
2251.000000	0.009862
2252.000000	0.024985
2253.000000	0.021304
2254.000000	0.009279
2255.000000	0.002365
2256.000000	0.000634
2257.000000	0.000731
2258.000000	-0.001015
2259.000000	-0.006812
2260.000000	-0.012686
2261.000000	-0.014024
2262.000000	-0.009835
2263.000000	-0.000980
2264.000000	0.007900
2265.000000	0.012328
2266.000000	0.012274
2267.000000	0.009408
2268.000000	0.007761
2269.000000	0.011022
2270.000000	0.019153
2271.000000	0.029605
2272.000000	0.033513
2273.000000	0.024134
2274.000000	0.009528
2275.000000	0.000084
2276.000000	0.000705
2277.000000	0.011716
2278.000000	0.020599
2279.000000	0.016419
2280.000000	0.007397
2281.000000	0.003889
2282.000000	0.005629
2283.000000	0.009952
2284.000000	0.015206
2285.000000	0.020141
2286.000000	0.024100
2287.000000	0.025866
2288.000000	0.021403
2289.000000	0.009077
2290.000000	-0.000316
2291.000000	0.002787
2292.000000	0.010588
2293.000000	0.012623
2294.000000	0.005119
2295.000000	-0.011076
2296.000000	-0.023326
2297.000000	-0.020116
2298.000000	-0.006194
2299.000000	0.009985
2300.000000	0.021410
2301.000000	0.023188
2302.000000	0.017443
2303.000000	0.008408
2304.000000	0.001723
2305.000000	0.001609
2306.000000	0.005200
2307.000000	0.008781
2308.000000	0.012334
2309.000000	0.015859
2310.000000	0.015716
2311.000000	0.008829
2312.000000	-0.001997
2313.000000	-0.011875
2314.000000	-0.013488
2315.000000	-0.002331
2316.000000	0.012416
2317.000000	0.021025
2318.000000	0.025262
2319.000000	0.028773
2320.000000	0.031231
2321.000000	0.031418
2322.000000	0.028511
2323.000000	0.022420
2324.000000	0.015582
2325.000000	0.011730
2326.000000	0.017237
2327.000000	0.034629
2328.000000	0.048387
2329.000000	0.043582
2330.000000	0.025680
2331.000000	0.006194
2332.000000	0.000444
2333.000000	0.017067
2334.000000	0.034174
2335.000000	0.030075
2336.000000	0.014400
2337.000000	0.001743
2338.000000	-0.004780
2339.000000	-0.005355
2340.000000	-0.001904
2341.000000	0.003473
2342.000000	0.009696
2343.000000	0.015644
2344.000000	0.019019
2345.000000	0.018129
2346.000000	0.014895
2347.000000	0.011791
2348.000000	0.009901
2349.000000	0.009770
2350.000000	0.011176
2351.000000	0.013736
2352.000000	0.017180
2353.000000	0.020318
2354.000000	0.018169
2355.000000	0.007334
2356.000000	-0.005466
2357.000000	-0.012178
2358.000000	-0.009540
2359.000000	0.003052
2360.000000	0.020368
2361.000000	0.035431
2362.000000	0.040107
2363.000000	0.029499
2364.000000	0.012807
2365.000000	0.000642
2366.000000	-0.004825
2367.000000	-0.003869
2368.000000	0.001895
2369.000000	0.010603
2370.000000	0.020728
2371.000000	0.030110
2372.000000	0.033716
2373.000000	0.028330
2374.000000	0.020867
2375.000000	0.018262
2376.000000	0.017392
2377.000000	0.013531
2378.000000	0.005607
2379.000000	-0.004935
2380.000000	-0.010234
2381.000000	-0.004268
2382.000000	0.005214
2383.000000	0.009282
2384.000000	0.008045
2385.000000	0.003945
2386.000000	-0.000295
2387.000000	-0.002289
2388.000000	-0.001297
2389.000000	0.002516
2390.000000	0.006990
2391.000000	0.009556
2392.000000	0.007991
2393.000000	0.001769
2394.000000	-0.003197
2395.000000	-0.001401
2396.000000	0.004586
2397.000000	0.010190
2398.000000	0.010917
2399.000000	0.005076
2400.000000	0.002122
2401.000000	0.009736
2402.000000	0.017345
2403.000000	0.014028
2404.000000	0.005712
2405.000000	0.000814
2406.000000	0.000855
2407.000000	0.004553
2408.000000	0.006321
2409.000000	0.001880
2410.000000	-0.003515
2411.000000	-0.003975
2412.000000	-0.000614
2413.000000	0.004107
2414.000000	0.009347
2415.000000	0.014362
2416.000000	0.017195
2417.000000	0.015875
2418.000000	0.009608
2419.000000	-0.000428
2420.000000	-0.006334
2421.000000	-0.001579
2422.000000	0.008168
2423.000000	0.015579
2424.000000	0.018873
2425.000000	0.017994
2426.000000	0.014222
2427.000000	0.009021
2428.000000	0.003257
2429.000000	-0.001906
2430.000000	-0.003499
2431.000000	0.000071
2432.000000	0.003096
2433.000000	0.000249
2434.000000	-0.004969
2435.000000	-0.007721
2436.000000	-0.006650
2437.000000	-0.002603
2438.000000	-0.001767
2439.000000	-0.008097
2440.000000	-0.011288
2441.000000	-0.001708
2442.000000	0.013307
2443.000000	0.024202
2444.000000	0.029503
2445.000000	0.030090
2446.000000	0.028186
2447.000000	0.025654
2448.000000	0.021578
2449.000000	0.015193
2450.000000	0.009109
2451.000000	0.006142
2452.000000	0.006547
2453.000000	0.009523
2454.000000	0.012596
2455.000000	0.013209
2456.000000	0.010144
2457.000000	0.003186
2458.000000	-0.005194
2459.000000	-0.012081
2460.000000	-0.015466
2461.000000	-0.014083
2462.000000	-0.008723
2463.000000	-0.001557
2464.000000	0.001773
2465.000000	-0.003493
2466.000000	-0.015112
2467.000000	-0.027485
2468.000000	-0.028575
2469.000000	-0.011205
2470.000000	0.005926
2471.000000	0.005033
2472.000000	-0.002153
2473.000000	-0.000753
2474.000000	0.007173
2475.000000	0.015294
2476.000000	0.017138
2477.000000	0.009035
2478.000000	-0.001338
2479.000000	-0.005601
2480.000000	-0.003896
2481.000000	0.001676
2482.000000	0.009716
2483.000000	0.018913
2484.000000	0.027617
2485.000000	0.034138
2486.000000	0.036972
2487.000000	0.034896
2488.000000	0.027636
2489.000000	0.016200
2490.000000	0.005781
2491.000000	0.001106
2492.000000	0.000858
2493.000000	0.002676
2494.000000	0.006064
2495.000000	0.010804
2496.000000	0.015932
2497.000000	0.020044
2498.000000	0.020742
2499.000000	0.016570
2500.000000	0.010854
2501.000000	0.007043
2502.000000	0.004313
2503.000000	0.001451
2504.000000	-0.000033
2505.000000	0.001596
2506.000000	0.006246
2507.000000	0.012853
2508.000000	0.018291
2509.000000	0.019385
2510.000000	0.014833
2511.000000	0.005835
2512.000000	0.001716
2513.000000	0.009554
2514.000000	0.019307
2515.000000	0.020369
2516.000000	0.017001
2517.000000	0.015408
2518.000000	0.014695
2519.000000	0.013086
2520.000000	0.012389
2521.000000	0.014125
2522.000000	0.015089
2523.000000	0.011870
2524.000000	0.004977
2525.000000	-0.003734
2526.000000	-0.010926
2527.000000	-0.014057
2528.000000	-0.015245
2529.000000	-0.016388
2530.000000	-0.013833
2531.000000	-0.004412
2532.000000	0.007565
2533.000000	0.016534
2534.000000	0.019405
2535.000000	0.015072
2536.000000	0.007902
2537.000000	0.003272
2538.000000	0.005117
2539.000000	0.014901
2540.000000	0.025646
2541.000000	0.029792
2542.000000	0.025900
2543.000000	0.015093
2544.000000	0.002609
2545.000000	-0.006711
2546.000000	-0.013749
2547.000000	-0.020087
2548.000000	-0.024399
2549.000000	-0.023076
2550.000000	-0.006281
2551.000000	0.028837
2552.000000	0.050948
2553.000000	0.033372
2554.000000	0.002199
2555.000000	-0.011506
2556.000000	-0.009540
2557.000000	-0.001829
2558.000000	0.002062
2559.000000	-0.002951
2560.000000	-0.004394
2561.000000	0.008699
2562.000000	0.023702
2563.000000	0.026583
2564.000000	0.021290
2565.000000	0.015180
2566.000000	0.011273
2567.000000	0.010637
2568.000000	0.010853
2569.000000	0.009005
2570.000000	0.003662
2571.000000	-0.004316
2572.000000	-0.006390
2573.000000	0.003946
2574.000000	0.017395
2575.000000	0.023173
2576.000000	0.020338
2577.000000	0.011210
2578.000000	0.001309
2579.000000	-0.003925
2580.000000	-0.002560
2581.000000	0.005021
2582.000000	0.012701
2583.000000	0.014738
2584.000000	0.012631
2585.000000	0.009564
2586.000000	0.008231
2587.000000	0.010978
2588.000000	0.019241
2589.000000	0.032961
2590.000000	0.047008
2591.000000	0.054847
2592.000000	0.049378
2593.000000	0.027174
2594.000000	0.000049
2595.000000	-0.018275
2596.000000	-0.021683
2597.000000	-0.009040
2598.000000	0.008486
2599.000000	0.019081
2600.000000	0.020654
2601.000000	0.015238
2602.000000	0.011647
2603.000000	0.016616
2604.000000	0.021792
2605.000000	0.018050
2606.000000	0.008274
2607.000000	-0.001669
2608.000000	-0.005998
2609.000000	-0.001073
2610.000000	0.008275
2611.000000	0.015659
2612.000000	0.016932
2613.000000	0.010926
2614.000000	0.006146
2615.000000	0.009322
2616.000000	0.010406
2617.000000	-0.000186
2618.000000	-0.013407
2619.000000	-0.018224
2620.000000	-0.014299
2621.000000	-0.004533
2622.000000	0.005914
2623.000000	0.012324
2624.000000	0.014024
2625.000000	0.011746
2626.000000	0.007815
2627.000000	0.004038
2628.000000	-0.001438
2629.000000	-0.009953
2630.000000	-0.017139
2631.000000	-0.018299
2632.000000	-0.013122
2633.000000	-0.003194
2634.000000	0.006684
2635.000000	0.011667
2636.000000	0.009928
2637.000000	0.002678
2638.000000	0.000252
2639.000000	0.010609
2640.000000	0.023092
2641.000000	0.025880
2642.000000	0.021129
2643.000000	0.014145
2644.000000	0.008864
2645.000000	0.007371
2646.000000	0.005709
2647.000000	0.000340
2648.000000	-0.004573
2649.000000	-0.004823
2650.000000	-0.003733
2651.000000	-0.004996
2652.000000	-0.006246
2653.000000	-0.004558
2654.000000	-0.000838
2655.000000	0.003171
2656.000000	0.006202
2657.000000	0.007987
2658.000000	0.011763
2659.000000	0.018919
2660.000000	0.019938
2661.000000	0.007095
2662.000000	-0.009268
2663.000000	-0.017019
2664.000000	-0.014924
2665.000000	-0.005171
2666.000000	0.007273
2667.000000	0.017319
2668.000000	0.022185
2669.000000	0.019982
2670.000000	0.010106
2671.000000	-0.005926
2672.000000	-0.019382
2673.000000	-0.022245
2674.000000	-0.016578
2675.000000	-0.007159
2676.000000	0.000463
2677.000000	0.002001
2678.000000	-0.000995
2679.000000	-0.004953
2680.000000	-0.004042
2681.000000	0.005374
2682.000000	0.015890
2683.000000	0.019709
2684.000000	0.018508
2685.000000	0.015472
2686.000000	0.010336
2687.000000	0.002888
2688.000000	-0.003431
2689.000000	-0.004998
2690.000000	-0.001126
2691.000000	0.006636
2692.000000	0.010720
2693.000000	0.005557
2694.000000	-0.000412
2695.000000	0.001551
2696.000000	0.007351
2697.000000	0.011420
2698.000000	0.015121
2699.000000	0.020142
2700.000000	0.022526
2701.000000	0.017613
2702.000000	0.003575
2703.000000	-0.017059
2704.000000	-0.027169
2705.000000	-0.013935
2706.000000	0.003676
2707.000000	0.005179
2708.000000	-0.004189
2709.000000	-0.013542
2710.000000	-0.015131
2711.000000	-0.004682
2712.000000	0.011297
2713.000000	0.023869
2714.000000	0.025154
2715.000000	0.012332
2716.000000	0.001767
2717.000000	0.008089
2718.000000	0.019803
2719.000000	0.023523
2720.000000	0.024426
2721.000000	0.029700
2722.000000	0.036033
2723.000000	0.038200
2724.000000	0.033844
2725.000000	0.023265
2726.000000	0.014528
2727.000000	0.014446
2728.000000	0.017053
2729.000000	0.015683
2730.000000	0.013657
2731.000000	0.014913
2732.000000	0.015856
2733.000000	0.012656
2734.000000	0.008061
2735.000000	0.006180
2736.000000	0.009976
2737.000000	0.020343
2738.000000	0.031057
2739.000000	0.034796
2740.000000	0.026975
2741.000000	0.007251
2742.000000	-0.010501
2743.000000	-0.013343
2744.000000	-0.006314
2745.000000	0.001838
2746.000000	0.005501
2747.000000	0.001948
2748.000000	-0.003147
2749.000000	-0.002614
2750.000000	0.008288
2751.000000	0.029020
2752.000000	0.040337
2753.000000	0.026194
2754.000000	0.002046
2755.000000	-0.013030
2756.000000	-0.016969
2757.000000	-0.012475
2758.000000	-0.004320
2759.000000	0.002814
2760.000000	0.006681
2761.000000	0.005989
2762.000000	0.000826
2763.000000	-0.007621
2764.000000	-0.015141
2765.000000	-0.017586
2766.000000	-0.014096
2767.000000	-0.005504
2768.000000	0.003864
2769.000000	0.009377
2770.000000	0.008672
2771.000000	0.001386
2772.000000	-0.007113
2773.000000	-0.010300
2774.000000	-0.002764
2775.000000	0.015891
2776.000000	0.027118
2777.000000	0.015524
2778.000000	-0.002719
2779.000000	-0.009468
2780.000000	-0.010255
2781.000000	-0.013733
2782.000000	-0.017375
2783.000000	-0.016654
2784.000000	-0.010237
2785.000000	-0.000340
2786.000000	-0.000184
2787.000000	-0.018341
2788.000000	-0.033791
2789.000000	-0.026864
2790.000000	-0.012886
2791.000000	-0.009354
2792.000000	-0.007448
2793.000000	0.003542
2794.000000	0.015553
2795.000000	0.017819
2796.000000	0.007513
2797.000000	-0.012349
2798.000000	-0.023335
2799.000000	-0.011794
2800.000000	0.001382
2801.000000	-0.005283
2802.000000	-0.021066
2803.000000	-0.031027
2804.000000	-0.035549
2805.000000	-0.037429
2806.000000	-0.033781
2807.000000	-0.022058
2808.000000	-0.006739
2809.000000	0.005457
2810.000000	0.005891
2811.000000	-0.009511
2812.000000	-0.024647
2813.000000	-0.023619
2814.000000	-0.011511
2815.000000	0.001381
2816.000000	0.004901
2817.000000	-0.006358
2818.000000	-0.018951
2819.000000	-0.018853
2820.000000	-0.008568
2821.000000	0.003967
2822.000000	0.005614
2823.000000	-0.010728
2824.000000	-0.022807
2825.000000	-0.011200
2826.000000	0.002842
2827.000000	-0.003054
2828.000000	-0.015067
2829.000000	-0.015857
2830.000000	-0.010195
2831.000000	-0.006338
2832.000000	-0.004365
2833.000000	-0.001626
2834.000000	0.007281
2835.000000	0.025221
2836.000000	0.042160
2837.000000	0.048026
2838.000000	0.045505
2839.000000	0.040848
2840.000000	0.041819
2841.000000	0.054461
2842.000000	0.076425
2843.000000	0.102051
2844.000000	0.120828
2845.000000	0.124596
2846.000000	0.119444
2847.000000	0.115853
2848.000000	0.127633
2849.000000	0.161385
2850.000000	0.191553
2851.000000	0.193999
2852.000000	0.182398
2853.000000	0.175608
2854.000000	0.175391
2855.000000	0.181068
2856.000000	0.199297
2857.000000	0.233795
2858.000000	0.269183
2859.000000	0.287322
2860.000000	0.278119
2861.000000	0.242986
2862.000000	0.221314
2863.000000	0.247274
2864.000000	0.296175
2865.000000	0.336080
2866.000000	0.364941
2867.000000	0.386695
2868.000000	0.399330
2869.000000	0.401498
2870.000000	0.400468
2871.000000	0.404585
2872.000000	0.417900
2873.000000	0.441003
2874.000000	0.464948
2875.000000	0.481222
2876.000000	0.492579
2877.000000	0.503963
2878.000000	0.517798
2879.000000	0.533573
2880.000000	0.541560
2881.000000	0.533361
2882.000000	0.515125
2883.000000	0.495310
2884.000000	0.477076
2885.000000	0.461963
2886.000000	0.450324
2887.000000	0.444933
2888.000000	0.459416
2889.000000	0.500972
2890.000000	0.540220
2891.000000	0.548637
2892.000000	0.537694
2893.000000	0.526003
2894.000000	0.520739
2895.000000	0.525222
2896.000000	0.538793
2897.000000	0.558972
2898.000000	0.579974
2899.000000	0.595933
2900.000000	0.603962
2901.000000	0.604713
2902.000000	0.610018
2903.000000	0.627754
2904.000000	0.638780
2905.000000	0.626191
2906.000000	0.609024
2907.000000	0.609605
2908.000000	0.627470
2909.000000	0.655613
2910.000000	0.683651
2911.000000	0.702896
2912.000000	0.714819
2913.000000	0.723753
2914.000000	0.735320
2915.000000	0.752502
2916.000000	0.766443
2917.000000	0.770905
2918.000000	0.781959
2919.000000	0.812735
2920.000000	0.842274
2921.000000	0.849343
2922.000000	0.845696
2923.000000	0.848228
2924.000000	0.861413
2925.000000	0.883599
2926.000000	0.901063
2927.000000	0.903051
2928.000000	0.902749
2929.000000	0.914040
2930.000000	0.929642
2931.000000	0.940620
2932.000000	0.952578
2933.000000	0.971499
2934.000000	0.990324
2935.000000	1.000434
2936.000000	1.000000
2937.000000	0.989549
2938.000000	0.972250
2939.000000	0.951434
2940.000000	0.928445
2941.000000	0.904448
2942.000000	0.881883
2943.000000	0.861946
2944.000000	0.839581
2945.000000	0.812091
2946.000000	0.792465
2947.000000	0.790256
2948.000000	0.785592
2949.000000	0.758473
2950.000000	0.717827
2951.000000	0.678603
2952.000000	0.650919
2953.000000	0.639596
2954.000000	0.633113
2955.000000	0.621205
2956.000000	0.614987
2957.000000	0.624407
2958.000000	0.633376
2959.000000	0.626039
2960.000000	0.613505
2961.000000	0.608856
2962.000000	0.606087
2963.000000	0.596594
2964.000000	0.580467
2965.000000	0.560059
2966.000000	0.538080
2967.000000	0.516401
2968.000000	0.493174
2969.000000	0.467722
2970.000000	0.447779
2971.000000	0.439604
2972.000000	0.435133
2973.000000	0.427535
2974.000000	0.429228
2975.000000	0.450097
2976.000000	0.470647
2977.000000	0.469652
2978.000000	0.448338
2979.000000	0.414826
2980.000000	0.382358
2981.000000	0.362369
2982.000000	0.353932
2983.000000	0.353440
2984.000000	0.358931
2985.000000	0.365624
2986.000000	0.355823
2987.000000	0.318154
2988.000000	0.279440
2989.000000	0.266225
2990.000000	0.265723
2991.000000	0.260439
2992.000000	0.253359
2993.000000	0.250501
2994.000000	0.249539
2995.000000	0.245057
2996.000000	0.227633
2997.000000	0.192867
2998.000000	0.160441
2999.000000	0.148884
3000.000000	0.148022
3001.000000	0.143943
3002.000000	0.136478
3003.000000	0.128417
3004.000000	0.120637
3005.000000	0.113032
3006.000000	0.103482
3007.000000	0.090326
3008.000000	0.075744
3009.000000	0.062613
3010.000000	0.052749
3011.000000	0.046802
3012.000000	0.041823
3013.000000	0.036082
3014.000000	0.036327
3015.000000	0.046708
3016.000000	0.052516
3017.000000	0.040525
3018.000000	0.022299
3019.000000	0.012430
3020.000000	0.012830
3021.000000	0.020439
3022.000000	0.025001
3023.000000	0.017979
3024.000000	0.004909
3025.000000	-0.005202
3026.000000	-0.003550
3027.000000	0.012450
3028.000000	0.020709
3029.000000	0.003043
3030.000000	-0.018446
3031.000000	-0.019208
3032.000000	-0.005194
3033.000000	0.010288
3034.000000	0.015003
3035.000000	0.002120
3036.000000	-0.014657
3037.000000	-0.020119
3038.000000	-0.013566
3039.000000	0.000242
3040.000000	0.009222
3041.000000	0.004400
3042.000000	-0.003452
3043.000000	-0.003146
3044.000000	-0.001593
3045.000000	-0.006260
3046.000000	-0.008743
3047.000000	-0.000735
3048.000000	0.009816
3049.000000	0.014247
3050.000000	0.017297
3051.000000	0.024691
3052.000000	0.032695
3053.000000	0.036049
3054.000000	0.032854
3055.000000	0.024046
3056.000000	0.018546
3057.000000	0.023660
3058.000000	0.032237
3059.000000	0.036713
3060.000000	0.042333
3061.000000	0.053961
3062.000000	0.062135
3063.000000	0.057972
3064.000000	0.049228
3065.000000	0.045099
3066.000000	0.043901
3067.000000	0.041741
3068.000000	0.036764
3069.000000	0.028730
3070.000000	0.021834
3071.000000	0.019911
3072.000000	0.020931
3073.000000	0.021385
3074.000000	0.017711
3075.000000	0.007946
3076.000000	-0.003438
3077.000000	-0.010703
3078.000000	-0.009497
3079.000000	0.001836
3080.000000	0.015540
3081.000000	0.022683
3082.000000	0.019027
3083.000000	0.003964
3084.000000	-0.013281
3085.000000	-0.022832
3086.000000	-0.022042
3087.000000	-0.012486
3088.000000	-0.005408
3089.000000	-0.009711
3090.000000	-0.015266
3091.000000	-0.011349
3092.000000	-0.003884
3093.000000	-0.001039
3094.000000	-0.003297
3095.000000	-0.008564
3096.000000	-0.012127
3097.000000	-0.010515
3098.000000	-0.007854
3099.000000	-0.008842
3100.000000	-0.012876
3101.000000	-0.017683
3102.000000	-0.019616
3103.000000	-0.016668
3104.000000	-0.014766
3105.000000	-0.018198
3106.000000	-0.016770
3107.000000	-0.002288
3108.000000	0.010976
3109.000000	0.009578
3110.000000	0.005871
3111.000000	0.012073
3112.000000	0.014069
3113.000000	-0.001977
3114.000000	-0.022461
3115.000000	-0.030472
3116.000000	-0.023323
3117.000000	-0.004960
3118.000000	0.008360
3119.000000	0.003856
3120.000000	-0.005036
3121.000000	-0.004363
3122.000000	-0.004317
3123.000000	-0.015153
3124.000000	-0.023218
3125.000000	-0.015457
3126.000000	-0.005106
3127.000000	-0.007123
3128.000000	-0.017067
3129.000000	-0.026123
3130.000000	-0.027374
3131.000000	-0.017125
3132.000000	-0.002674
3133.000000	0.007271
3134.000000	0.009362
3135.000000	0.003529
3136.000000	-0.002540
3137.000000	-0.002586
3138.000000	-0.003834
3139.000000	-0.011776
3140.000000	-0.011499
3141.000000	0.007499
3142.000000	0.017686
3143.000000	-0.004896
3144.000000	-0.031857
3145.000000	-0.032056
3146.000000	-0.015688
3147.000000	-0.000351
3148.000000	0.008086
3149.000000	0.009373
3150.000000	0.013996
3151.000000	0.029979
3152.000000	0.044753
3153.000000	0.044106
3154.000000	0.027851
3155.000000	0.002178
3156.000000	-0.015241
3157.000000	-0.011160
3158.000000	-0.001514
3159.000000	-0.003365
3160.000000	-0.009102
3161.000000	-0.008704
3162.000000	-0.007185
3163.000000	-0.011082
3164.000000	-0.017982
3165.000000	-0.022492
3166.000000	-0.016252
3167.000000	0.005377
3168.000000	0.029191
3169.000000	0.038855
3170.000000	0.023353
3171.000000	-0.017676
3172.000000	-0.047301
3173.000000	-0.033813
3174.000000	-0.003685
3175.000000	0.010360
3176.000000	0.008778
3177.000000	0.000788
3178.000000	-0.002514
3179.000000	0.006903
3180.000000	0.022952
3181.000000	0.036411
3182.000000	0.039652
3183.000000	0.028492
3184.000000	0.010928
3185.000000	-0.003023
3186.000000	-0.007455
3187.000000	-0.000592
3188.000000	0.006925
3189.000000	0.005876
3190.000000	0.005127
3191.000000	0.013528
3192.000000	0.021768
3193.000000	0.019718
3194.000000	0.012126
3195.000000	0.005997
3196.000000	0.002483
3197.000000	0.001042
3198.000000	0.000210
3199.000000	-0.001202
3200.000000	-0.002361
3201.000000	-0.001009
3202.000000	0.008788
3203.000000	0.029362
3204.000000	0.044957
3205.000000	0.041175
3206.000000	0.027141
3207.000000	0.015422
3208.000000	0.008841
3209.000000	0.007434
3210.000000	0.009830
3211.000000	0.014226
3212.000000	0.018502
3213.000000	0.020856
3214.000000	0.021085
3215.000000	0.019742
3216.000000	0.018817
3217.000000	0.020052
3218.000000	0.022745
3219.000000	0.024859
3220.000000	0.021444
3221.000000	0.008799
3222.000000	-0.008872
3223.000000	-0.024193
3224.000000	-0.025003
3225.000000	-0.005806
3226.000000	0.007455
3227.000000	-0.006068
3228.000000	-0.015403
3229.000000	0.008835
3230.000000	0.037852
3231.000000	0.038856
3232.000000	0.021249
3233.000000	0.001898
3234.000000	-0.014671
3235.000000	-0.026528
3236.000000	-0.029775
3237.000000	-0.021533
3238.000000	-0.004965
3239.000000	0.013781
3240.000000	0.022669
3241.000000	0.013931
3242.000000	0.002769
3243.000000	0.003666
3244.000000	0.005252
3245.000000	-0.003770
3246.000000	-0.008540
3247.000000	0.004885
3248.000000	0.020641
3249.000000	0.021228
3250.000000	0.012421
3251.000000	0.004444
3252.000000	0.002045
3253.000000	0.007918
3254.000000	0.022024
3255.000000	0.041218
3256.000000	0.052679
3257.000000	0.045063
3258.000000	0.022625
3259.000000	-0.003262
3260.000000	-0.008359
3261.000000	0.022300
3262.000000	0.053712
3263.000000	0.051680
3264.000000	0.035192
3265.000000	0.029778
3266.000000	0.033955
3267.000000	0.040512
3268.000000	0.046330
3269.000000	0.048967
3270.000000	0.044584
3271.000000	0.031881
3272.000000	0.021107
3273.000000	0.021843
3274.000000	0.029463
3275.000000	0.036682
3276.000000	0.039801
3277.000000	0.038273
3278.000000	0.040575
3279.000000	0.052748
3280.000000	0.062081
3281.000000	0.056566
3282.000000	0.045776
3283.000000	0.042064
3284.000000	0.047331
3285.000000	0.059390
3286.000000	0.070166
3287.000000	0.071969
3288.000000	0.064552
3289.000000	0.050977
3290.000000	0.040092
3291.000000	0.040060
3292.000000	0.050513
3293.000000	0.067239
3294.000000	0.079195
3295.000000	0.077603
3296.000000	0.069595
3297.000000	0.065316
3298.000000	0.071060
3299.000000	0.086656
3300.000000	0.089915
3301.000000	0.064830
3302.000000	0.042150
3303.000000	0.051676
3304.000000	0.072674
3305.000000	0.079140
3306.000000	0.074539
3307.000000	0.068415
3308.000000	0.065166
3309.000000	0.067012
3310.000000	0.072614
3311.000000	0.078885
3312.000000	0.079299
3313.000000	0.070231
3314.000000	0.063107
3315.000000	0.069077
3316.000000	0.083133
3317.000000	0.095168
3318.000000	0.090837
3319.000000	0.063330
3320.000000	0.040211
3321.000000	0.046776
3322.000000	0.064874
3323.000000	0.072117
3324.000000	0.072618
3325.000000	0.073296
3326.000000	0.065782
3327.000000	0.046118
3328.000000	0.043282
3329.000000	0.079035
3330.000000	0.113331
3331.000000	0.105640
3332.000000	0.075291
3333.000000	0.051321
3334.000000	0.041747
3335.000000	0.046412
3336.000000	0.053493
3337.000000	0.053170
3338.000000	0.055308
3339.000000	0.069047
3340.000000	0.080939
3341.000000	0.077273
3342.000000	0.065872
3343.000000	0.056929
3344.000000	0.048590
3345.000000	0.039461
3346.000000	0.042048
3347.000000	0.064733
3348.000000	0.085514
3349.000000	0.082509
3350.000000	0.064699
3351.000000	0.047373
3352.000000	0.040176
3353.000000	0.047246
3354.000000	0.056323
3355.000000	0.055652
3356.000000	0.051894
3357.000000	0.054603
3358.000000	0.066483
3359.000000	0.085299
3360.000000	0.095924
3361.000000	0.086046
3362.000000	0.067519
3363.000000	0.054823
3364.000000	0.048772
3365.000000	0.046968
3366.000000	0.047841
3367.000000	0.050607
3368.000000	0.056799
3369.000000	0.065846
3370.000000	0.066454
3371.000000	0.050850
3372.000000	0.036087
3373.000000	0.038781
3374.000000	0.048992
3375.000000	0.052966
3376.000000	0.048258
3377.000000	0.036978
3378.000000	0.028134
3379.000000	0.029435
3380.000000	0.036483
3381.000000	0.042166
3382.000000	0.040615
3383.000000	0.029047
3384.000000	0.015766
3385.000000	0.010942
3386.000000	0.021103
3387.000000	0.045390
3388.000000	0.057026
3389.000000	0.035655
3390.000000	0.012522
3391.000000	0.019277
3392.000000	0.037577
3393.000000	0.043080
3394.000000	0.037441
3395.000000	0.028594
3396.000000	0.023599
3397.000000	0.026597
3398.000000	0.030932
3399.000000	0.030333
3400.000000	0.030877
3401.000000	0.038940
3402.000000	0.049744
3403.000000	0.055702
3404.000000	0.049149
3405.000000	0.027451
3406.000000	0.008170
3407.000000	0.008073
3408.000000	0.020556
3409.000000	0.033198
3410.000000	0.033692
3411.000000	0.016215
3412.000000	0.000758
3413.000000	0.006304
3414.000000	0.021998
3415.000000	0.031944
3416.000000	0.029930
3417.000000	0.015632
3418.000000	0.002590
3419.000000	0.003133
3420.000000	0.010881
3421.000000	0.016062
3422.000000	0.014048
3423.000000	0.003487
3424.000000	-0.009023
3425.000000	-0.016260
3426.000000	-0.016455
3427.000000	-0.010254
3428.000000	-0.002501
3429.000000	0.002323
3430.000000	0.005389
3431.000000	0.009390
3432.000000	0.017445
3433.000000	0.029431
3434.000000	0.031840
3435.000000	0.016082
3436.000000	0.006636
3437.000000	0.023818
3438.000000	0.038231
3439.000000	0.021699
3440.000000	0.000641
3441.000000	0.003145
3442.000000	0.009376
3443.000000	-0.002320
3444.000000	-0.012961
3445.000000	-0.002617
3446.000000	0.011811
3447.000000	0.010937
3448.000000	0.002282
3449.000000	-0.002705
3450.000000	-0.003775
3451.000000	-0.003133
3452.000000	-0.001617
3453.000000	0.000089
3454.000000	0.000542
3455.000000	-0.000448
3456.000000	0.002701
3457.000000	0.013118
3458.000000	0.018354
3459.000000	0.008362
3460.000000	-0.001714
3461.000000	0.003005
3462.000000	0.011135
3463.000000	0.008931
3464.000000	-0.000544
3465.000000	-0.010060
3466.000000	-0.012537
3467.000000	-0.004815
3468.000000	0.000751
3469.000000	-0.006495
3470.000000	-0.014881
3471.000000	-0.011836
3472.000000	-0.003514
3473.000000	0.001555
3474.000000	0.004057
3475.000000	0.006754
3476.000000	0.011495
3477.000000	0.018383
3478.000000	0.021455
3479.000000	0.016156
3480.000000	0.009639
3481.000000	0.009029
3482.000000	0.009622
3483.000000	0.005644
3484.000000	-0.001144
3485.000000	-0.006599
3486.000000	-0.004583
3487.000000	0.007947
3488.000000	0.019672
3489.000000	0.019305
3490.000000	0.010064
3491.000000	-0.000936
3492.000000	-0.005480
3493.000000	0.000409
3494.000000	0.002658
3495.000000	-0.009170
3496.000000	-0.012913
3497.000000	0.010493
3498.000000	0.035129
3499.000000	0.033861
3500.000000	0.019687
3501.000000	0.010577
3502.000000	0.004246
3503.000000	-0.004272
3504.000000	-0.010428
3505.000000	-0.009421
3506.000000	-0.004951
3507.000000	-0.001998
3508.000000	-0.002151
3509.000000	-0.005326
3510.000000	-0.008131
3511.000000	-0.007900
3512.000000	-0.008164
3513.000000	-0.012110
3514.000000	-0.015340
3515.000000	-0.013420
3516.000000	-0.009360
3517.000000	-0.006666
3518.000000	-0.003381
3519.000000	0.001862
3520.000000	0.002599
3521.000000	-0.005911
3522.000000	-0.013688
3523.000000	-0.011345
3524.000000	-0.006585
3525.000000	-0.007723
3526.000000	-0.008440
3527.000000	-0.002389
3528.000000	0.002244
3529.000000	-0.002808
3530.000000	-0.011613
3531.000000	-0.016230
3532.000000	-0.014872
3533.000000	-0.008782
3534.000000	-0.005176
3535.000000	-0.009635
3536.000000	-0.015222
3537.000000	-0.014823
3538.000000	-0.013130
3539.000000	-0.015446
3540.000000	-0.017719
3541.000000	-0.015115
3542.000000	-0.009034
3543.000000	-0.002695
3544.000000	-0.000348
3545.000000	-0.004608
3546.000000	-0.010514
3547.000000	-0.012825
3548.000000	-0.012744
3549.000000	-0.012876
3550.000000	-0.014973
3551.000000	-0.018748
3552.000000	-0.016601
3553.000000	-0.003653
3554.000000	0.006781
3555.000000	0.002047
3556.000000	-0.009679
3557.000000	-0.016829
3558.000000	-0.015085
3559.000000	-0.004809
3560.000000	0.002179
3561.000000	-0.003747
3562.000000	-0.011979
3563.000000	-0.010597
3564.000000	-0.002663
3565.000000	0.005415
3566.000000	0.008813
3567.000000	0.005119
3568.000000	-0.000029
3569.000000	-0.000917
3570.000000	0.000419
3571.000000	0.000880
3572.000000	0.000868
3573.000000	0.001963
3574.000000	0.006970
3575.000000	0.016379
3576.000000	0.020205
3577.000000	0.009835
3578.000000	-0.007364
3579.000000	-0.021510
3580.000000	-0.028629
3581.000000	-0.027396
3582.000000	-0.021166
3583.000000	-0.014611
3584.000000	-0.012979
3585.000000	-0.019062
3586.000000	-0.025238
3587.000000	-0.023811
3588.000000	-0.017190
3589.000000	-0.009784
3590.000000	-0.003909
3591.000000	-0.000061
3592.000000	0.006446
3593.000000	0.018378
3594.000000	0.025650
3595.000000	0.019285
3596.000000	0.007585
3597.000000	0.000644
3598.000000	-0.001566
3599.000000	-0.001604
3600.000000	-0.002029
