400.000000	-0.001298
401.000000	0.004280
402.000000	0.007111
403.000000	0.007812
404.000000	0.006997
405.000000	0.005882
406.000000	0.008082
407.000000	0.015839
408.000000	0.023507
409.000000	0.024853
410.000000	0.019182
411.000000	0.008606
412.000000	0.000909
413.000000	0.002930
414.000000	0.012043
415.000000	0.023356
416.000000	0.032379
417.000000	0.035565
418.000000	0.032742
419.000000	0.024902
420.000000	0.014322
421.000000	0.003915
422.000000	-0.002144
423.000000	-0.000795
424.000000	0.005310
425.000000	0.012410
426.000000	0.018024
427.000000	0.020414
428.000000	0.019549
429.000000	0.016061
430.000000	0.011530
431.000000	0.007798
432.000000	0.006795
433.000000	0.009578
434.000000	0.013634
435.000000	0.016044
436.000000	0.015853
437.000000	0.012953
438.000000	0.008673
439.000000	0.004551
440.000000	0.001523
441.000000	0.000290
442.000000	0.001225
443.000000	0.004473
444.000000	0.009604
445.000000	0.015675
446.000000	0.020257
447.000000	0.020328
448.000000	0.011992
449.000000	-0.006135
450.000000	-0.024498
451.000000	-0.032654
452.000000	-0.027534
453.000000	-0.010911
454.000000	0.003467
455.000000	0.003173
456.000000	-0.006944
457.000000	-0.017713
458.000000	-0.019951
459.000000	-0.008278
460.000000	0.007456
461.000000	0.015889
462.000000	0.014848
463.000000	0.005686
464.000000	-0.005327
465.000000	-0.012134
466.000000	-0.014450
467.000000	-0.013415
468.000000	-0.010108
469.000000	-0.005838
470.000000	-0.002890
471.000000	-0.002938
472.000000	-0.004233
473.000000	-0.004057
474.000000	0.000760
475.000000	0.011767
476.000000	0.023568
477.000000	0.030043
478.000000	0.029110
479.000000	0.020384
480.000000	0.006218
481.000000	-0.009921
482.000000	-0.022858
483.000000	-0.027595
484.000000	-0.021553
485.000000	-0.005188
486.000000	0.011317
487.000000	0.017913
488.000000	0.014824
489.000000	0.005622
490.000000	-0.002987
491.000000	-0.005227
492.000000	-0.002178
493.000000	0.003492
494.000000	0.009613
495.000000	0.013888
496.000000	0.013002
497.000000	0.004897
498.000000	-0.006444
499.000000	-0.015755
500.000000	-0.018682
501.000000	-0.012707
502.000000	-0.001743
503.000000	0.009348
504.000000	0.018351
505.000000	0.023904
506.000000	0.025409
507.000000	0.022791
508.000000	0.017315
509.000000	0.010608
510.000000	0.004420
511.000000	0.000872
512.000000	0.003450
513.000000	0.014136
514.000000	0.027520
515.000000	0.036607
516.000000	0.035462
517.000000	0.021547
518.000000	0.004865
519.000000	-0.003868
520.000000	-0.003618
521.000000	0.003095
522.000000	0.009216
523.000000	0.008487
524.000000	0.002374
525.000000	-0.005935
526.000000	-0.014072
527.000000	-0.019968
528.000000	-0.021910
529.000000	-0.018679
530.000000	-0.010661
531.000000	0.001219
532.000000	0.015491
533.000000	0.029907
534.000000	0.039652
535.000000	0.040600
536.000000	0.033959
537.000000	0.023121
538.000000	0.014894
539.000000	0.014483
540.000000	0.017264
541.000000	0.017025
542.000000	0.011026
543.000000	-0.001315
544.000000	-0.015411
545.000000	-0.026119
546.000000	-0.031248
547.000000	-0.029583
548.000000	-0.020868
549.000000	-0.006512
550.000000	0.006375
551.000000	0.010922
552.000000	0.006916
553.000000	-0.003289
554.000000	-0.013741
555.000000	-0.019044
556.000000	-0.019619
557.000000	-0.017231
558.000000	-0.013193
559.000000	-0.008721
560.000000	-0.005089
561.000000	-0.003214
562.000000	-0.002522
563.000000	-0.002085
564.000000	-0.001033
565.000000	0.001047
566.000000	0.002816
567.000000	0.002783
568.000000	0.000621
569.000000	-0.003622
570.000000	-0.009541
571.000000	-0.016153
572.000000	-0.020507
573.000000	-0.019807
574.000000	-0.013848
575.000000	-0.004189
576.000000	0.003157
577.000000	0.003153
578.000000	-0.000883
579.000000	-0.003825
580.000000	-0.001675
581.000000	0.006832
582.000000	0.013171
583.000000	0.009033
584.000000	-0.003216
585.000000	-0.017634
586.000000	-0.024636
587.000000	-0.017397
588.000000	-0.003777
589.000000	0.006262
590.000000	0.009019
591.000000	0.003853
592.000000	-0.003916
593.000000	-0.008792
594.000000	-0.010546
595.000000	-0.010228
596.000000	-0.008725
597.000000	-0.006802
598.000000	-0.004885
599.000000	-0.003006
600.000000	0.000045
601.000000	0.005819
602.000000	0.015995
603.000000	0.030298
604.000000	0.040509
605.000000	0.038498
606.000000	0.024420
607.000000	0.002313
608.000000	-0.016548
609.000000	-0.022688
610.000000	-0.021066
611.000000	-0.019380
612.000000	-0.021862
613.000000	-0.029871
614.000000	-0.036751
615.000000	-0.035976
616.000000	-0.029562
617.000000	-0.021740
618.000000	-0.017055
619.000000	-0.018082
620.000000	-0.019194
621.000000	-0.014416
622.000000	-0.004593
623.000000	0.006890
624.000000	0.013308
625.000000	0.009326
626.000000	-0.001479
627.000000	-0.013737
628.000000	-0.023826
629.000000	-0.028752
630.000000	-0.026281
631.000000	-0.015849
632.000000	-0.002819
633.000000	0.006415
634.000000	0.007252
635.000000	-0.002216
636.000000	-0.014918
637.000000	-0.022940
638.000000	-0.023967
639.000000	-0.017459
640.000000	-0.004374
641.000000	0.012722
642.000000	0.026330
643.000000	0.029436
644.000000	0.021891
645.000000	0.006816
646.000000	-0.006462
647.000000	-0.009805
648.000000	-0.006024
649.000000	-0.000228
650.000000	0.004243
651.000000	0.005283
652.000000	0.003951
653.000000	0.001844
654.000000	-0.000451
655.000000	-0.002725
656.000000	-0.005260
657.000000	-0.007294
658.000000	-0.003401
659.000000	0.009488
660.000000	0.020364
661.000000	0.018894
662.000000	0.011532
663.000000	0.006551
664.000000	0.002699
665.000000	-0.002405
666.000000	-0.006133
667.000000	-0.005184
668.000000	0.001435
669.000000	0.012466
670.000000	0.019962
671.000000	0.017333
672.000000	0.010095
673.000000	0.004823
674.000000	0.000229
675.000000	-0.005811
676.000000	-0.010886
677.000000	-0.012630
678.000000	-0.013374
679.000000	-0.015489
680.000000	-0.016804
681.000000	-0.014793
682.000000	-0.010063
683.000000	-0.004299
684.000000	-0.000364
685.000000	-0.000494
686.000000	-0.003232
687.000000	-0.006452
688.000000	-0.009039
689.000000	-0.010338
690.000000	-0.010512
691.000000	-0.009990
692.000000	-0.009443
693.000000	-0.009529
694.000000	-0.010596
695.000000	-0.012787
696.000000	-0.015721
697.000000	-0.018595
698.000000	-0.019446
699.000000	-0.016152
700.000000	-0.007122
701.000000	0.007289
702.000000	0.019470
703.000000	0.022013
704.000000	0.015584
705.000000	0.003826
706.000000	-0.005781
707.000000	-0.007055
708.000000	-0.002838
709.000000	0.002417
710.000000	0.006825
711.000000	0.009724
712.000000	0.012761
713.000000	0.017317
714.000000	0.021396
715.000000	0.022538
716.000000	0.019804
717.000000	0.013643
718.000000	0.008549
719.000000	0.008699
720.000000	0.012974
721.000000	0.018863
722.000000	0.023592
723.000000	0.024936
724.000000	0.023141
725.000000	0.019288
726.000000	0.015321
727.000000	0.013534
728.000000	0.016746
729.000000	0.025726
730.000000	0.032508
731.000000	0.029024
732.000000	0.015521
733.000000	-0.003732
734.000000	-0.016685
735.000000	-0.013820
736.000000	-0.003529
737.000000	0.002899
738.000000	0.000484
739.000000	-0.011232
740.000000	-0.020931
741.000000	-0.018143
742.000000	-0.007563
743.000000	0.002705
744.000000	0.006094
745.000000	-0.001057
746.000000	-0.012308
747.000000	-0.020097
748.000000	-0.022477
749.000000	-0.019215
750.000000	-0.011317
751.000000	-0.000781
752.000000	0.007663
753.000000	0.009754
754.000000	0.005828
755.000000	-0.001929
756.000000	-0.008535
757.000000	-0.010052
758.000000	-0.009518
759.000000	-0.010936
760.000000	-0.015206
761.000000	-0.021635
762.000000	-0.026279
763.000000	-0.025638
764.000000	-0.021244
765.000000	-0.015628
766.000000	-0.010281
767.000000	-0.005695
768.000000	0.000584
769.000000	0.010576
770.000000	0.021627
771.000000	0.030064
772.000000	0.032809
773.000000	0.027888
774.000000	0.017143
775.000000	0.003607
776.000000	-0.008751
777.000000	-0.015765
778.000000	-0.013435
779.000000	-0.000131
780.000000	0.016448
781.000000	0.028045
782.000000	0.033507
783.000000	0.034495
784.000000	0.036829
785.000000	0.044721
786.000000	0.051792
787.000000	0.050682
788.000000	0.040703
789.000000	0.024713
790.000000	0.013094
791.000000	0.014634
792.000000	0.024232
793.000000	0.034008
794.000000	0.038863
795.000000	0.035756
796.000000	0.027096
797.000000	0.016328
798.000000	0.005595
799.000000	-0.003385
800.000000	-0.009292
801.000000	-0.011319
802.000000	-0.010307
803.000000	-0.007478
804.000000	-0.003918
805.000000	-0.000660
806.000000	0.001353
807.000000	0.001819
808.000000	0.002916
809.000000	0.006529
810.000000	0.010905
811.000000	0.012977
812.000000	0.008080
813.000000	-0.006012
814.000000	-0.020159
815.000000	-0.024541
816.000000	-0.017984
817.000000	-0.003270
818.000000	0.009658
819.000000	0.012238
820.000000	0.008612
821.000000	0.005266
822.000000	0.005374
823.000000	0.010305
824.000000	0.017524
825.000000	0.023892
826.000000	0.027756
827.000000	0.028044
828.000000	0.024522
829.000000	0.017794
830.000000	0.010973
831.000000	0.006916
832.000000	0.004948
833.000000	0.003526
834.000000	0.001168
835.000000	-0.003098
836.000000	-0.008254
837.000000	-0.012787
838.000000	-0.015197
839.000000	-0.014071
840.000000	-0.008340
841.000000	0.001900
842.000000	0.012234
843.000000	0.018228
844.000000	0.019690
845.000000	0.017964
846.000000	0.016305
847.000000	0.017157
848.000000	0.017814
849.000000	0.015206
850.000000	0.009958
851.000000	0.004368
852.000000	0.003725
853.000000	0.011562
854.000000	0.021402
855.000000	0.025720
856.000000	0.022819
857.000000	0.014363
858.000000	0.009642
859.000000	0.016483
860.000000	0.029234
861.000000	0.039733
862.000000	0.043256
863.000000	0.037607
864.000000	0.027272
865.000000	0.017589
866.000000	0.010618
867.000000	0.007361
868.000000	0.007873
869.000000	0.011174
870.000000	0.013085
871.000000	0.009892
872.000000	0.002928
873.000000	-0.005153
874.000000	-0.011448
875.000000	-0.014008
876.000000	-0.014942
877.000000	-0.016588
878.000000	-0.018144
879.000000	-0.017934
880.000000	-0.013928
881.000000	-0.005275
882.000000	0.003798
883.000000	0.008934
884.000000	0.010324
885.000000	0.009777
886.000000	0.011017
887.000000	0.016503
888.000000	0.021730
889.000000	0.021787
890.000000	0.017109
891.000000	0.010413
892.000000	0.008189
893.000000	0.014926
894.000000	0.023328
895.000000	0.024821
896.000000	0.017499
897.000000	0.002746
898.000000	-0.011576
899.000000	-0.017896
900.000000	-0.016299
901.000000	-0.008955
902.000000	0.001294
903.000000	0.010867
904.000000	0.013909
905.000000	0.006454
906.000000	-0.005617
907.000000	-0.014782
908.000000	-0.016785
909.000000	-0.010232
910.000000	-0.001908
911.000000	0.001039
912.000000	-0.001802
913.000000	-0.008947
914.000000	-0.018072
915.000000	-0.025976
916.000000	-0.026786
917.000000	-0.016366
918.000000	-0.000203
919.000000	0.014031
920.000000	0.019539
921.000000	0.012890
922.000000	0.003228
923.000000	0.000438
924.000000	0.004782
925.000000	0.013711
926.000000	0.023052
927.000000	0.028805
928.000000	0.029296
929.000000	0.024095
930.000000	0.015421
931.000000	0.006351
932.000000	0.000760
933.000000	0.001478
934.000000	0.006365
935.000000	0.012308
936.000000	0.017259
937.000000	0.019539
938.000000	0.017878
939.000000	0.011757
940.000000	0.003270
941.000000	-0.005050
942.000000	-0.011509
943.000000	-0.014768
944.000000	-0.014056
945.000000	-0.009163
946.000000	-0.001550
947.000000	0.006946
948.000000	0.014639
949.000000	0.019871
950.000000	0.020935
951.000000	0.017048
952.000000	0.011179
953.000000	0.006717
954.000000	0.004985
955.000000	0.006175
956.000000	0.008015
957.000000	0.008513
958.000000	0.009245
959.000000	0.012284
960.000000	0.018118
961.000000	0.026270
962.000000	0.033997
963.000000	0.038743
964.000000	0.040979
965.000000	0.041741
966.000000	0.041311
967.000000	0.039167
968.000000	0.032341
969.000000	0.019191
970.000000	0.005841
971.000000	-0.000694
972.000000	0.002399
973.000000	0.013756
974.000000	0.019510
975.000000	0.008058
976.000000	-0.010646
977.000000	-0.022511
978.000000	-0.018470
979.000000	0.004310
980.000000	0.028735
981.000000	0.037594
982.000000	0.033116
983.000000	0.022428
984.000000	0.012803
985.000000	0.009883
986.000000	0.012650
987.000000	0.018674
988.000000	0.026525
989.000000	0.034998
990.000000	0.042769
991.000000	0.048388
992.000000	0.050011
993.000000	0.046645
994.000000	0.041082
995.000000	0.036910
996.000000	0.037123
997.000000	0.044089
998.000000	0.058285
999.000000	0.077785
1000.000000	0.092961
1001.000000	0.095873
1002.000000	0.093050
1003.000000	0.092431
1004.000000	0.093139
1005.000000	0.092969
1006.000000	0.093228
1007.000000	0.094792
1008.000000	0.093317
1009.000000	0.084887
1010.000000	0.072538
1011.000000	0.060252
1012.000000	0.048857
1013.000000	0.038950
1014.000000	0.033364
1015.000000	0.033744
1016.000000	0.034737
1017.000000	0.030881
1018.000000	0.023285
1019.000000	0.015160
1020.000000	0.011553
1021.000000	0.016121
1022.000000	0.025109
1023.000000	0.033734
1024.000000	0.040500
1025.000000	0.045019
1026.000000	0.048034
1027.000000	0.050525
1028.000000	0.053276
1029.000000	0.056831
1030.000000	0.060974
1031.000000	0.065193
1032.000000	0.068567
1033.000000	0.070210
1034.000000	0.069793
1035.000000	0.067273
1036.000000	0.063203
1037.000000	0.058359
1038.000000	0.053825
1039.000000	0.050766
1040.000000	0.050360
1041.000000	0.053347
1042.000000	0.058702
1043.000000	0.064713
1044.000000	0.068698
1045.000000	0.068770
1046.000000	0.067191
1047.000000	0.066760
1048.000000	0.068280
1049.000000	0.071754
1050.000000	0.075991
1051.000000	0.080322
1052.000000	0.087369
1053.000000	0.099395
1054.000000	0.113941
1055.000000	0.126682
1056.000000	0.130547
1057.000000	0.121286
1058.000000	0.108682
1059.000000	0.103809
1060.000000	0.108883
1061.000000	0.122610
1062.000000	0.138522
1063.000000	0.149966
1064.000000	0.154715
1065.000000	0.152282
1066.000000	0.144702
1067.000000	0.135116
1068.000000	0.128579
1069.000000	0.129345
1070.000000	0.136554
1071.000000	0.147725
1072.000000	0.159007
1073.000000	0.165890
1074.000000	0.162594
1075.000000	0.146673
1076.000000	0.130276
1077.000000	0.126000
1078.000000	0.133651
1079.000000	0.147860
1080.000000	0.155354
1081.000000	0.145813
1082.000000	0.128632
1083.000000	0.115834
1084.000000	0.110242
1085.000000	0.111153
1086.000000	0.112954
1087.000000	0.110507
1088.000000	0.105491
1089.000000	0.100775
1090.000000	0.097180
1091.000000	0.094827
1092.000000	0.093086
1093.000000	0.091110
1094.000000	0.087924
1095.000000	0.082897
1096.000000	0.076915
1097.000000	0.071449
1098.000000	0.068803
1099.000000	0.070232
1100.000000	0.071961
1101.000000	0.069895
1102.000000	0.063698
1103.000000	0.054430
1104.000000	0.044968
1105.000000	0.038284
1106.000000	0.035917
1107.000000	0.038561
1108.000000	0.044978
1109.000000	0.053210
1110.000000	0.060347
1111.000000	0.063642
1112.000000	0.061938
1113.000000	0.055145
1114.000000	0.045838
1115.000000	0.037491
1116.000000	0.034500
1117.000000	0.039050
1118.000000	0.043575
1119.000000	0.040420
1120.000000	0.031340
1121.000000	0.021118
1122.000000	0.017253
1123.000000	0.024726
1124.000000	0.035735
1125.000000	0.041464
1126.000000	0.041827
1127.000000	0.039422
1128.000000	0.038860
1129.000000	0.043269
1130.000000	0.047837
1131.000000	0.047107
1132.000000	0.040983
1133.000000	0.031006
1134.000000	0.019895
1135.000000	0.009988
1136.000000	0.000927
1137.000000	-0.007980
1138.000000	-0.016053
1139.000000	-0.022291
1140.000000	-0.025776
1141.000000	-0.025496
1142.000000	-0.019968
1143.000000	-0.008859
1144.000000	0.003090
1145.000000	0.010176
1146.000000	0.007911
1147.000000	-0.004820
1148.000000	-0.016853
1149.000000	-0.017408
1150.000000	-0.009527
1151.000000	0.000306
1152.000000	0.005646
1153.000000	0.002525
1154.000000	-0.003176
1155.000000	-0.004861
1156.000000	-0.002934
1157.000000	0.000412
1158.000000	0.002829
1159.000000	0.002034
1160.000000	-0.003849
1161.000000	-0.015062
1162.000000	-0.025737
1163.000000	-0.029407
1164.000000	-0.023332
1165.000000	-0.008959
1166.000000	-0.000760
1167.000000	-0.010790
1168.000000	-0.028408
1169.000000	-0.038982
1170.000000	-0.034626
1171.000000	-0.013262
1172.000000	0.010693
1173.000000	0.022547
1174.000000	0.023006
1175.000000	0.016424
1176.000000	0.006341
1177.000000	-0.004421
1178.000000	-0.015092
1179.000000	-0.024839
1180.000000	-0.030522
1181.000000	-0.029182
1182.000000	-0.020885
1183.000000	-0.007386
1184.000000	0.005815
1185.000000	0.013736
1186.000000	0.017199
1187.000000	0.018286
1188.000000	0.018325
1189.000000	0.018361
1190.000000	0.019054
1191.000000	0.020292
1192.000000	0.019256
1193.000000	0.013380
1194.000000	0.003830
1195.000000	-0.006636
1196.000000	-0.012605
1197.000000	-0.009892
1198.000000	-0.001869
1199.000000	0.006982
1200.000000	0.015287
1201.000000	0.022842
1202.000000	0.031004
1203.000000	0.040226
1204.000000	0.045772
1205.000000	0.043508
1206.000000	0.036887
1207.000000	0.031662
1208.000000	0.035183
1209.000000	0.051237
1210.000000	0.067748
1211.000000	0.072225
1212.000000	0.066385
1213.000000	0.056029
1214.000000	0.049096
1215.000000	0.051283
1216.000000	0.057174
1217.000000	0.059965
1218.000000	0.058408
1219.000000	0.052917
1220.000000	0.045002
1221.000000	0.036742
1222.000000	0.031383
1223.000000	0.031640
1224.000000	0.036921
1225.000000	0.045686
1226.000000	0.055913
1227.000000	0.065367
1228.000000	0.071440
1229.000000	0.072686
1230.000000	0.072675
1231.000000	0.075595
1232.000000	0.083099
1233.000000	0.094777
1234.000000	0.104498
1235.000000	0.106547
1236.000000	0.102584
1237.000000	0.095931
1238.000000	0.089180
1239.000000	0.084449
1240.000000	0.082698
1241.000000	0.084335
1242.000000	0.088718
1243.000000	0.094713
1244.000000	0.100262
1245.000000	0.102846
1246.000000	0.099018
1247.000000	0.087582
1248.000000	0.077280
1249.000000	0.076912
1250.000000	0.085578
1251.000000	0.098690
1252.000000	0.106619
1253.000000	0.101651
1254.000000	0.088768
1255.000000	0.075236
1256.000000	0.064767
1257.000000	0.059790
1258.000000	0.061162
1259.000000	0.068496
1260.000000	0.078007
1261.000000	0.085537
1262.000000	0.088839
1263.000000	0.086519
1264.000000	0.078696
1265.000000	0.067215
1266.000000	0.059309
1267.000000	0.060907
1268.000000	0.067330
1269.000000	0.071843
1270.000000	0.070087
1271.000000	0.061575
1272.000000	0.058931
1273.000000	0.072727
1274.000000	0.092228
1275.000000	0.103209
1276.000000	0.098802
1277.000000	0.077677
1278.000000	0.053289
1279.000000	0.039694
1280.000000	0.038557
1281.000000	0.048084
1282.000000	0.065040
1283.000000	0.085398
1284.000000	0.103396
1285.000000	0.114109
1286.000000	0.117700
1287.000000	0.115695
1288.000000	0.109979
1289.000000	0.102585
1290.000000	0.095781
1291.000000	0.091499
1292.000000	0.090098
1293.000000	0.091393
1294.000000	0.094601
1295.000000	0.098751
1296.000000	0.102722
1297.000000	0.105441
1298.000000	0.106183
1299.000000	0.104895
1300.000000	0.103857
1301.000000	0.105715
1302.000000	0.112237
1303.000000	0.123219
1304.000000	0.131451
1305.000000	0.130513
1306.000000	0.124145
1307.000000	0.118173
1308.000000	0.116618
1309.000000	0.121169
1310.000000	0.125998
1311.000000	0.125411
1312.000000	0.121755
1313.000000	0.118863
1314.000000	0.118475
1315.000000	0.121009
1316.000000	0.123699
1317.000000	0.123953
1318.000000	0.123073
1319.000000	0.122877
1320.000000	0.123345
1321.000000	0.123689
1322.000000	0.121872
1323.000000	0.116709
1324.000000	0.111667
1325.000000	0.110474
1326.000000	0.113247
1327.000000	0.118871
1328.000000	0.124922
1329.000000	0.129272
1330.000000	0.132283
1331.000000	0.134872
1332.000000	0.137674
1333.000000	0.141192
1334.000000	0.145670
1335.000000	0.151048
1336.000000	0.156303
1337.000000	0.160222
1338.000000	0.161811
1339.000000	0.160276
1340.000000	0.155416
1341.000000	0.147466
1342.000000	0.137800
1343.000000	0.127843
1344.000000	0.118082
1345.000000	0.108919
1346.000000	0.101350
1347.000000	0.096767
1348.000000	0.097552
1349.000000	0.104524
1350.000000	0.111269
1351.000000	0.111381
1352.000000	0.105706
1353.000000	0.097877
1354.000000	0.095409
1355.000000	0.103194
1356.000000	0.111740
1357.000000	0.110962
1358.000000	0.102778
1359.000000	0.092525
1360.000000	0.087214
1361.000000	0.091109
1362.000000	0.095817
1363.000000	0.092902
1364.000000	0.086417
1365.000000	0.082878
1366.000000	0.086154
1367.000000	0.096572
1368.000000	0.102929
1369.000000	0.095111
1370.000000	0.078885
1371.000000	0.063089
1372.000000	0.052968
1373.000000	0.051604
1374.000000	0.057014
1375.000000	0.065346
1376.000000	0.070331
1377.000000	0.066878
1378.000000	0.057015
1379.000000	0.045644
1380.000000	0.042049
1381.000000	0.052102
1382.000000	0.063664
1383.000000	0.064130
1384.000000	0.057055
1385.000000	0.050370
1386.000000	0.053340
1387.000000	0.069442
1388.000000	0.077657
1389.000000	0.059285
1390.000000	0.029389
1391.000000	0.009427
1392.000000	0.012676
1393.000000	0.042461
1394.000000	0.070485
1395.000000	0.070265
1396.000000	0.054185
1397.000000	0.041347
1398.000000	0.038854
1399.000000	0.047130
1400.000000	0.051896
1401.000000	0.041069
1402.000000	0.026057
1403.000000	0.020968
1404.000000	0.027206
1405.000000	0.041607
1406.000000	0.055426
1407.000000	0.061028
1408.000000	0.060795
1409.000000	0.058782
1410.000000	0.055726
1411.000000	0.051535
1412.000000	0.046133
1413.000000	0.039778
1414.000000	0.034053
1415.000000	0.030552
1416.000000	0.029586
1417.000000	0.031067
1418.000000	0.034594
1419.000000	0.039834
1420.000000	0.047044
1421.000000	0.055191
1422.000000	0.057478
1423.000000	0.048053
1424.000000	0.030599
1425.000000	0.012782
1426.000000	0.008667
1427.000000	0.027608
1428.000000	0.053721
1429.000000	0.069050
1430.000000	0.072590
1431.000000	0.068517
1432.000000	0.064782
1433.000000	0.067358
1434.000000	0.070547
1435.000000	0.068256
1436.000000	0.064499
1437.000000	0.065093
1438.000000	0.072955
1439.000000	0.088117
1440.000000	0.101983
1441.000000	0.106958
1442.000000	0.108089
1443.000000	0.112075
1444.000000	0.119570
1445.000000	0.128347
1446.000000	0.130696
1447.000000	0.121414
1448.000000	0.110817
1449.000000	0.110194
1450.000000	0.119211
1451.000000	0.133826
1452.000000	0.146788
1453.000000	0.152526
1454.000000	0.155406
1455.000000	0.160406
1456.000000	0.165021
1457.000000	0.165288
1458.000000	0.158904
1459.000000	0.145218
1460.000000	0.128544
1461.000000	0.114031
1462.000000	0.105211
1463.000000	0.104303
1464.000000	0.109890
1465.000000	0.118792
1466.000000	0.124417
1467.000000	0.121965
1468.000000	0.117227
1469.000000	0.116825
1470.000000	0.120107
1471.000000	0.124189
1472.000000	0.124519
1473.000000	0.117750
1474.000000	0.107005
1475.000000	0.096268
1476.000000	0.086495
1477.000000	0.077875
1478.000000	0.070568
1479.000000	0.064830
1480.000000	0.061327
1481.000000	0.060632
1482.000000	0.062518
1483.000000	0.066395
1484.000000	0.071007
1485.000000	0.074862
1486.000000	0.076177
1487.000000	0.073459
1488.000000	0.066680
1489.000000	0.056538
1490.000000	0.045185
1491.000000	0.035035
1492.000000	0.028095
1493.000000	0.025287
1494.000000	0.023585
1495.000000	0.019718
1496.000000	0.013371
1497.000000	0.005135
1498.000000	-0.003742
1499.000000	-0.011660
1500.000000	-0.016266
1501.000000	-0.016124
1502.000000	-0.014214
1503.000000	-0.013788
1504.000000	-0.014777
1505.000000	-0.015828
1506.000000	-0.013769
1507.000000	-0.007146
1508.000000	-0.003187
1509.000000	-0.008560
1510.000000	-0.019019
1511.000000	-0.027825
1512.000000	-0.029194
1513.000000	-0.020281
1514.000000	-0.009050
1515.000000	-0.003956
1516.000000	-0.004623
1517.000000	-0.008437
1518.000000	-0.012679
1519.000000	-0.014637
1520.000000	-0.011749
1521.000000	-0.003388
1522.000000	0.003486
1523.000000	0.002160
1524.000000	-0.005493
1525.000000	-0.014969
1526.000000	-0.019830
1527.000000	-0.016013
1528.000000	-0.010902
1529.000000	-0.012429
1530.000000	-0.019271
1531.000000	-0.027851
1532.000000	-0.034821
1533.000000	-0.037447
1534.000000	-0.035218
1535.000000	-0.028896
1536.000000	-0.022123
1537.000000	-0.018455
1538.000000	-0.018226
1539.000000	-0.020430
1540.000000	-0.021933
1541.000000	-0.020372
1542.000000	-0.018605
1543.000000	-0.019669
1544.000000	-0.022105
1545.000000	-0.023453
1546.000000	-0.021742
1547.000000	-0.016134
1548.000000	-0.009824
1549.000000	-0.006110
1550.000000	-0.004664
1551.000000	-0.004235
1552.000000	-0.003506
1553.000000	-0.001236
1554.000000	0.003438
1555.000000	0.011030
1556.000000	0.021020
1557.000000	0.032042
1558.000000	0.040379
1559.000000	0.042124
1560.000000	0.034966
1561.000000	0.019365
1562.000000	0.005261
1563.000000	0.002117
1564.000000	0.008007
1565.000000	0.018428
1566.000000	0.029973
1567.000000	0.040315
1568.000000	0.050370
1569.000000	0.060870
1570.000000	0.068583
1571.000000	0.070346
1572.000000	0.067235
1573.000000	0.061678
1574.000000	0.057271
1575.000000	0.057565
1576.000000	0.064775
1577.000000	0.078702
1578.000000	0.090824
1579.000000	0.092477
1580.000000	0.082755
1581.000000	0.066735
1582.000000	0.065658
1583.000000	0.094847
1584.000000	0.129785
1585.000000	0.142539
1586.000000	0.131353
1587.000000	0.103983
1588.000000	0.080068
1589.000000	0.075071
1590.000000	0.075877
1591.000000	0.067263
1592.000000	0.054143
1593.000000	0.045420
1594.000000	0.045812
1595.000000	0.055602
1596.000000	0.061506
1597.000000	0.052027
1598.000000	0.036362
1599.000000	0.026882
1600.000000	0.027939
1601.000000	0.040519
1602.000000	0.060149
1603.000000	0.080832
1604.000000	0.095928
1605.000000	0.100252
1606.000000	0.095074
1607.000000	0.083624
1608.000000	0.070519
1609.000000	0.060734
1610.000000	0.059284
1611.000000	0.068060
1612.000000	0.076431
1613.000000	0.073598
1614.000000	0.060622
1615.000000	0.043121
1616.000000	0.033089
1617.000000	0.039768
1618.000000	0.055013
1619.000000	0.067839
1620.000000	0.073288
1621.000000	0.068913
1622.000000	0.056281
1623.000000	0.039727
1624.000000	0.030652
1625.000000	0.037626
1626.000000	0.050837
1627.000000	0.058284
1628.000000	0.057611
1629.000000	0.050305
1630.000000	0.043594
1631.000000	0.043467
1632.000000	0.045220
1633.000000	0.043144
1634.000000	0.038213
1635.000000	0.032998
1636.000000	0.029775
1637.000000	0.030041
1638.000000	0.032469
1639.000000	0.035881
1640.000000	0.042508
1641.000000	0.054457
1642.000000	0.069916
1643.000000	0.085763
1644.000000	0.097557
1645.000000	0.101665
1646.000000	0.099012
1647.000000	0.092305
1648.000000	0.086817
1649.000000	0.087549
1650.000000	0.095858
1651.000000	0.110417
1652.000000	0.122814
1653.000000	0.125698
1654.000000	0.123052
1655.000000	0.120624
1656.000000	0.119875
1657.000000	0.120756
1658.000000	0.121458
1659.000000	0.120321
1660.000000	0.118028
1661.000000	0.115610
1662.000000	0.113131
1663.000000	0.110760
1664.000000	0.110045
1665.000000	0.113319
1666.000000	0.124673
1667.000000	0.145874
1668.000000	0.167624
1669.000000	0.180026
1670.000000	0.181839
1671.000000	0.174814
1672.000000	0.163997
1673.000000	0.154624
1674.000000	0.149392
1675.000000	0.149832
1676.000000	0.155341
1677.000000	0.164241
1678.000000	0.172681
1679.000000	0.176024
1680.000000	0.168674
1681.000000	0.148191
1682.000000	0.125724
1683.000000	0.112582
1684.000000	0.107135
1685.000000	0.104392
1686.000000	0.098849
1687.000000	0.087149
1688.000000	0.075032
1689.000000	0.068965
1690.000000	0.069221
1691.000000	0.074104
1692.000000	0.080240
1693.000000	0.083689
1694.000000	0.079919
1695.000000	0.067375
1696.000000	0.057012
1697.000000	0.058141
1698.000000	0.060987
1699.000000	0.055246
1700.000000	0.047582
1701.000000	0.046132
1702.000000	0.047963
1703.000000	0.048584
1704.000000	0.048345
1705.000000	0.048456
1706.000000	0.048727
1707.000000	0.048808
1708.000000	0.049108
1709.000000	0.049818
1710.000000	0.049490
1711.000000	0.047715
1712.000000	0.049871
1713.000000	0.057404
1714.000000	0.050253
1715.000000	0.014041
1716.000000	-0.021356
1717.000000	-0.026194
1718.000000	-0.015501
1719.000000	-0.009846
1720.000000	-0.007181
1721.000000	-0.001059
1722.000000	0.009961
1723.000000	0.023963
1724.000000	0.030619
1725.000000	0.021967
1726.000000	0.007916
1727.000000	0.000399
1728.000000	0.001568
1729.000000	0.009698
1730.000000	0.017325
1731.000000	0.017335
1732.000000	0.009746
1733.000000	-0.002340
1734.000000	-0.010603
1735.000000	-0.007378
1736.000000	0.007168
1737.000000	0.027842
1738.000000	0.037177
1739.000000	0.022244
1740.000000	0.000541
1741.000000	-0.007964
1742.000000	-0.003836
1743.000000	0.006350
1744.000000	0.012525
1745.000000	0.007047
1746.000000	-0.004530
1747.000000	-0.014908
1748.000000	-0.023016
1749.000000	-0.029005
1750.000000	-0.031695
1751.000000	-0.029592
1752.000000	-0.021273
1753.000000	-0.007095
1754.000000	0.005541
1755.000000	0.009754
1756.000000	0.007780
1757.000000	0.003865
1758.000000	0.001170
1759.000000	0.001634
1760.000000	0.003387
1761.000000	0.003344
1762.000000	-0.002649
1763.000000	-0.016812
1764.000000	-0.032577
1765.000000	-0.041652
1766.000000	-0.037631
1767.000000	-0.018931
1768.000000	-0.001370
1769.000000	0.000438
1770.000000	-0.005902
1771.000000	-0.009248
1772.000000	-0.006529
1773.000000	0.001873
1774.000000	0.009831
1775.000000	0.011784
1776.000000	0.010186
1777.000000	0.008616
1778.000000	0.007136
1779.000000	0.005063
1780.000000	0.002249
1781.000000	-0.001099
1782.000000	-0.003877
1783.000000	-0.005149
1784.000000	-0.005551
1785.000000	-0.006044
1786.000000	-0.007315
1787.000000	-0.009827
1788.000000	-0.013403
1789.000000	-0.017076
1790.000000	-0.017345
1791.000000	-0.012178
1792.000000	-0.007952
1793.000000	-0.010318
1794.000000	-0.013608
1795.000000	-0.011782
1796.000000	-0.008642
1797.000000	-0.008657
1798.000000	-0.009129
1799.000000	-0.007585
1800.000000	-0.009616
1801.000000	-0.018824
1802.000000	-0.022775
1803.000000	-0.011393
1804.000000	-0.000051
1805.000000	-0.004223
1806.000000	-0.014320
1807.000000	-0.017812
1808.000000	-0.015470
1809.000000	-0.011300
1810.000000	-0.008961
1811.000000	-0.010967
1812.000000	-0.015605
1813.000000	-0.020245
1814.000000	-0.022823
1815.000000	-0.021937
1816.000000	-0.018268
1817.000000	-0.013129
1818.000000	-0.008292
1819.000000	-0.005789
1820.000000	-0.008233
1821.000000	-0.015805
1822.000000	-0.018369
1823.000000	-0.008088
1824.000000	0.003363
1825.000000	0.003785
1826.000000	-0.001598
1827.000000	-0.005094
1828.000000	-0.006560
1829.000000	-0.007253
1830.000000	-0.006467
1831.000000	-0.003975
1832.000000	-0.003412
1833.000000	-0.007042
1834.000000	-0.007778
1835.000000	-0.000022
1836.000000	0.006528
1837.000000	0.002328
1838.000000	-0.006248
1839.000000	-0.010107
1840.000000	-0.005195
1841.000000	0.007852
1842.000000	0.014671
1843.000000	0.004067
1844.000000	-0.008744
1845.000000	-0.007042
1846.000000	0.005505
1847.000000	0.019927
1848.000000	0.026418
1849.000000	0.019150
1850.000000	0.009026
1851.000000	0.007603
1852.000000	0.012322
1853.000000	0.017660
1854.000000	0.020347
1855.000000	0.018234
1856.000000	0.011398
1857.000000	0.001356
1858.000000	-0.006854
1859.000000	-0.008411
1860.000000	-0.002893
1861.000000	0.008284
1862.000000	0.020755
1863.000000	0.029378
1864.000000	0.028861
1865.000000	0.017139
1866.000000	0.005205
1867.000000	0.003283
1868.000000	0.005463
1869.000000	0.003391
1870.000000	-0.004925
1871.000000	-0.017793
1872.000000	-0.025139
1873.000000	-0.018936
1874.000000	-0.007726
1875.000000	-0.002028
1876.000000	-0.003707
1877.000000	-0.011756
1878.000000	-0.022337
1879.000000	-0.030590
1880.000000	-0.030395
1881.000000	-0.018393
1882.000000	-0.003540
1883.000000	0.004888
1884.000000	0.008641
1885.000000	0.012046
1886.000000	0.018701
1887.000000	0.029654
1888.000000	0.036481
1889.000000	0.031531
1890.000000	0.019723
1891.000000	0.008221
1892.000000	0.000602
1893.000000	-0.001157
1894.000000	0.002100
1895.000000	0.007962
1896.000000	0.010580
1897.000000	0.005497
1898.000000	-0.002722
1899.000000	-0.008199
1900.000000	-0.008823
1901.000000	-0.004179
1902.000000	0.003128
1903.000000	0.008720
1904.000000	0.004151
1905.000000	-0.015264
1906.000000	-0.035086
1907.000000	-0.039865
1908.000000	-0.029232
1909.000000	-0.008815
1910.000000	0.006857
1911.000000	0.006582
1912.000000	0.001370
1913.000000	0.003582
1914.000000	0.008769
1915.000000	0.009703
1916.000000	0.004845
1917.000000	-0.004615
1918.000000	-0.012274
1919.000000	-0.013062
1920.000000	-0.012461
1921.000000	-0.016151
1922.000000	-0.020048
1923.000000	-0.018694
1924.000000	-0.010904
1925.000000	0.002113
1926.000000	0.013841
1927.000000	0.018673
1928.000000	0.019950
1929.000000	0.021957
1930.000000	0.023794
1931.000000	0.023631
1932.000000	0.021088
1933.000000	0.016799
1934.000000	0.014013
1935.000000	0.015050
1936.000000	0.015902
1937.000000	0.012559
1938.000000	0.007322
1939.000000	0.003571
1940.000000	0.002701
1941.000000	0.004389
1942.000000	0.003420
1943.000000	-0.004003
1944.000000	-0.011122
1945.000000	-0.010565
1946.000000	-0.003057
1947.000000	0.008340
1948.000000	0.019318
1949.000000	0.025921
1950.000000	0.026832
1951.000000	0.021811
1952.000000	0.012280
1953.000000	0.000907
1954.000000	-0.006315
1955.000000	-0.003904
1956.000000	0.008244
1957.000000	0.026125
1958.000000	0.034686
1959.000000	0.022138
1960.000000	0.000801
1961.000000	-0.014163
1962.000000	-0.020346
1963.000000	-0.019307
1964.000000	-0.015729
1965.000000	-0.014331
1966.000000	-0.016853
1967.000000	-0.022574
1968.000000	-0.023919
1969.000000	-0.014558
1970.000000	-0.000000
1971.000000	0.011714
1972.000000	0.014237
1973.000000	0.005309
1974.000000	-0.002690
1975.000000	0.001599
1976.000000	0.010805
1977.000000	0.015086
1978.000000	0.013435
1979.000000	0.007599
1980.000000	0.001500
1981.000000	-0.001228
1982.000000	-0.000283
1983.000000	0.003373
1984.000000	0.007060
1985.000000	0.008097
1986.000000	0.005513
1987.000000	-0.000724
1988.000000	-0.008597
1989.000000	-0.014911
1990.000000	-0.013805
1991.000000	-0.001905
1992.000000	0.011552
1993.000000	0.016754
1994.000000	0.014212
1995.000000	0.007456
1996.000000	0.001765
1997.000000	0.000776
1998.000000	-0.000179
1999.000000	-0.004704
2000.000000	-0.003831
2001.000000	0.010308
2002.000000	0.028621
2003.000000	0.038676
2004.000000	0.031648
2005.000000	0.005334
2006.000000	-0.019584
2007.000000	-0.023635
2008.000000	-0.015075
2009.000000	-0.006852
2010.000000	-0.002951
2011.000000	-0.004192
2012.000000	-0.007680
2013.000000	-0.009463
2014.000000	-0.005061
2015.000000	0.007670
2016.000000	0.020991
2017.000000	0.026779
2018.000000	0.025254
2019.000000	0.019080
2020.000000	0.012341
2021.000000	0.008460
2022.000000	0.006779
2023.000000	0.005752
2024.000000	0.004355
2025.000000	0.002089
2026.000000	0.000047
2027.000000	-0.000432
2028.000000	0.001391
2029.000000	0.005641
2030.000000	0.010577
2031.000000	0.013959
2032.000000	0.013427
2033.000000	0.007990
2034.000000	0.002257
2035.000000	0.001404
2036.000000	0.007278
2037.000000	0.019081
2038.000000	0.028759
2039.000000	0.029034
2040.000000	0.022973
2041.000000	0.015639
2042.000000	0.009731
2043.000000	0.007083
2044.000000	0.008435
2045.000000	0.013990
2046.000000	0.022911
2047.000000	0.033218
2048.000000	0.039411
2049.000000	0.037018
2050.000000	0.029187
2051.000000	0.020667
2052.000000	0.014981
2053.000000	0.014408
2054.000000	0.017457
2055.000000	0.020638
2056.000000	0.016214
2057.000000	-0.000906
2058.000000	-0.020997
2059.000000	-0.032665
2060.000000	-0.032650
2061.000000	-0.022024
2062.000000	-0.011036
2063.000000	-0.008457
2064.000000	-0.007952
2065.000000	-0.002273
2066.000000	0.004380
2067.000000	0.006329
2068.000000	0.003442
2069.000000	-0.002268
2070.000000	-0.005762
2071.000000	-0.002554
2072.000000	0.006593
2073.000000	0.018330
2074.000000	0.024197
2075.000000	0.025312
2076.000000	0.066206
2077.000000	0.196143
2078.000000	0.439897
2079.000000	0.765276
2080.000000	0.936703
2081.000000	0.769659
2082.000000	0.487246
2083.000000	0.354988
2084.000000	0.400466
2085.000000	0.570950
2086.000000	0.730399
2087.000000	0.765824
2088.000000	0.739749
2089.000000	0.731094
2090.000000	0.708860
2091.000000	0.632944
2092.000000	0.536738
2093.000000	0.469593
2094.000000	0.471207
2095.000000	0.561190
2096.000000	0.688468
2097.000000	0.798312
2098.000000	0.892056
2099.000000	0.972478
2100.000000	0.992077
2101.000000	0.906309
2102.000000	0.732745
2103.000000	0.525120
2104.000000	0.419715
2105.000000	0.514468
2106.000000	0.671414
2107.000000	0.728698
2108.000000	0.664824
2109.000000	0.501754
2110.000000	0.294934
2111.000000	0.105436
2112.000000	-0.016634
2113.000000	-0.043320
2114.000000	-0.024304
2115.000000	-0.015052
2116.000000	-0.016526
2117.000000	-0.017929
2118.000000	-0.015928
2119.000000	-0.010876
2120.000000	-0.010402
2121.000000	-0.019952
2122.000000	-0.028970
2123.000000	-0.026471
2124.000000	-0.015747
2125.000000	-0.003038
2126.000000	0.007898
2127.000000	0.014541
2128.000000	0.016842
2129.000000	0.015821
2130.000000	0.014314
2131.000000	0.014229
2132.000000	0.011945
2133.000000	0.004357
2134.000000	-0.004045
2135.000000	-0.007607
2136.000000	-0.003603
2137.000000	0.007586
2138.000000	0.016080
2139.000000	0.013461
2140.000000	0.006662
2141.000000	0.004394
2142.000000	0.007136
2143.000000	0.013049
2144.000000	0.019244
2145.000000	0.023001
2146.000000	0.023308
2147.000000	0.019902
2148.000000	0.013802
2149.000000	0.006828
2150.000000	0.002734
2151.000000	0.004399
2152.000000	0.009286
2153.000000	0.013170
2154.000000	0.010498
2155.000000	-0.001420
2156.000000	-0.012504
2157.000000	-0.013112
2158.000000	-0.008134
2159.000000	-0.004414
2160.000000	-0.002091
2161.000000	0.000422
2162.000000	0.004902
2163.000000	0.010899
2164.000000	0.008862
2165.000000	-0.007881
2166.000000	-0.025382
2167.000000	-0.029117
2168.000000	-0.022872
2169.000000	-0.014369
2170.000000	-0.008754
2171.000000	-0.007683
2172.000000	-0.001430
2173.000000	0.017532
2174.000000	0.036562
2175.000000	0.042351
2176.000000	0.039086
2177.000000	0.034148
2178.000000	0.030203
2179.000000	0.027563
2180.000000	0.021835
2181.000000	0.010374
2182.000000	0.002237
2183.000000	0.005949
2184.000000	0.016222
2185.000000	0.024868
2186.000000	0.025927
2187.000000	0.015710
2188.000000	-0.002626
2189.000000	-0.021653
2190.000000	-0.023702
2191.000000	0.003130
2192.000000	0.037446
2193.000000	0.054862
2194.000000	0.052342
2195.000000	0.033735
2196.000000	0.009084
2197.000000	-0.011110
2198.000000	-0.020707
2199.000000	-0.017439
2200.000000	-0.010164
2201.000000	-0.007509
2202.000000	-0.006054
2203.000000	-0.000630
2204.000000	0.008870
2205.000000	0.020305
2206.000000	0.027597
2207.000000	0.025292
2208.000000	0.014367
2209.000000	-0.001206
2210.000000	-0.011904
2211.000000	-0.009879
2212.000000	0.000471
2213.000000	0.011644
2214.000000	0.015974
2215.000000	0.008843
2216.000000	-0.002015
2217.000000	-0.008207
2218.000000	-0.011057
2219.000000	-0.013468
2220.000000	-0.014932
2221.000000	-0.014076
2222.000000	-0.009470
2223.000000	-0.000022
2224.000000	0.013947
2225.000000	0.030321
2226.000000	0.041208
2227.000000	0.039978
2228.000000	0.030831
2229.000000	0.019779
2230.000000	0.009248
2231.000000	0.000366
2232.000000	-0.007350
2233.000000	-0.013858
2234.000000	-0.015394
2235.000000	-0.008832
2236.000000	0.002687
2237.000000	0.014387
2238.000000	0.021213
2239.000000	0.019422
2240.000000	0.010786
2241.000000	-0.000387
2242.000000	-0.005169
2243.000000	0.002352
2244.000000	0.011397
2245.000000	0.010483
2246.000000	0.001999
2247.000000	-0.008458
2248.000000	-0.016328
2249.000000	-0.018138
2250.000000	-0.013717
2251.000000	-0.004239
2252.000000	0.007049
2253.000000	0.016677
2254.000000	0.022365
2255.000000	0.023021
2256.000000	0.021129
2257.000000	0.019704
2258.000000	0.020304
2259.000000	0.023215
2260.000000	0.025099
2261.000000	0.022853
2262.000000	0.017941
2263.000000	0.012181
2264.000000	0.004257
2265.000000	-0.006604
2266.000000	-0.015851
2267.000000	-0.017984
2268.000000	-0.009015
2269.000000	0.011102
2270.000000	0.028166
2271.000000	0.028815
2272.000000	0.017299
2273.000000	0.001932
2274.000000	-0.010324
2275.000000	-0.014093
2276.000000	-0.009002
2277.000000	0.002874
2278.000000	0.014671
2279.000000	0.020438
2280.000000	0.022664
2281.000000	0.024711
2282.000000	0.024980
2283.000000	0.021291
2284.000000	0.014091
2285.000000	0.004902
2286.000000	-0.003069
2287.000000	-0.006761
2288.000000	-0.005372
2289.000000	0.001404
2290.000000	0.014144
2291.000000	0.031100
2292.000000	0.040958
2293.000000	0.033424
2294.000000	0.011861
2295.000000	-0.013956
2296.000000	-0.022248
2297.000000	0.001051
2298.000000	0.027144
2299.000000	0.026960
2300.000000	0.013194
2301.000000	0.004725
2302.000000	0.003389
2303.000000	0.005713
2304.000000	0.004029
2305.000000	-0.006247
2306.000000	-0.013172
2307.000000	-0.005959
2308.000000	0.005025
2309.000000	0.008020
2310.000000	0.006842
2311.000000	0.007713
2312.000000	0.010900
2313.000000	0.014066
2314.000000	0.010426
2315.000000	-0.003294
2316.000000	-0.011871
2317.000000	-0.001524
2318.000000	0.017253
2319.000000	0.030334
2320.000000	0.033326
2321.000000	0.025745
2322.000000	0.013018
2323.000000	0.001787
2324.000000	-0.002364
2325.000000	0.004272
2326.000000	0.018951
2327.000000	0.035935
2328.000000	0.043970
2329.000000	0.034397
2330.000000	0.014468
2331.000000	-0.004340
2332.000000	-0.009541
2333.000000	0.005586
2334.000000	0.023709
2335.000000	0.026219
2336.000000	0.013466
2337.000000	-0.007328
2338.000000	-0.020417
2339.000000	-0.014107
2340.000000	-0.001432
2341.000000	0.003442
2342.000000	0.006546
2343.000000	0.014307
2344.000000	0.014525
2345.000000	-0.003030
2346.000000	-0.022093
2347.000000	-0.025551
2348.000000	-0.019413
2349.000000	-0.013943
2350.000000	-0.013318
2351.000000	-0.017773
2352.000000	-0.017865
2353.000000	-0.005767
2354.000000	0.010223
2355.000000	0.019435
2356.000000	0.017851
2357.000000	0.005347
2358.000000	-0.009277
2359.000000	-0.016029
2360.000000	-0.009058
2361.000000	0.011773
2362.000000	0.027893
2363.000000	0.022775
2364.000000	0.006765
2365.000000	-0.005562
2366.000000	-0.009588
2367.000000	-0.004778
2368.000000	0.003018
2369.000000	0.006832
2370.000000	0.001611
2371.000000	-0.012906
2372.000000	-0.019734
2373.000000	-0.004315
2374.000000	0.020961
2375.000000	0.039694
2376.000000	0.046404
2377.000000	0.039973
2378.000000	0.025808
2379.000000	0.010843
2380.000000	0.001582
2381.000000	0.002678
2382.000000	0.011806
2383.000000	0.023581
2384.000000	0.027356
2385.000000	0.015541
2386.000000	-0.001979
2387.000000	-0.012392
2388.000000	-0.008662
2389.000000	0.009839
2390.000000	0.023885
2391.000000	0.017239
2392.000000	0.005479
2393.000000	0.006053
2394.000000	0.012091
2395.000000	0.013301
2396.000000	0.010036
2397.000000	0.005798
2398.000000	0.006042
2399.000000	0.013603
2400.000000	0.018885
2401.000000	0.013354
2402.000000	0.005144
2403.000000	0.003703
2404.000000	0.007068
2405.000000	0.010833
2406.000000	0.012219
2407.000000	0.009624
2408.000000	0.004529
2409.000000	-0.000854
2410.000000	-0.004471
2411.000000	-0.005159
2412.000000	-0.005162
2413.000000	-0.006475
2414.000000	-0.006686
2415.000000	-0.003043
2416.000000	0.004152
2417.000000	0.013231
2418.000000	0.020125
2419.000000	0.021332
2420.000000	0.018017
2421.000000	0.012643
2422.000000	0.008200
2423.000000	0.007086
2424.000000	0.008814
2425.000000	0.012000
2426.000000	0.014566
2427.000000	0.014599
2428.000000	0.011539
2429.000000	0.006419
2430.000000	0.005277
2431.000000	0.011279
2432.000000	0.011089
2433.000000	-0.006379
2434.000000	-0.026712
2435.000000	-0.032608
2436.000000	-0.020705
2437.000000	0.004142
2438.000000	0.018155
2439.000000	0.003280
2440.000000	-0.016706
2441.000000	-0.015870
2442.000000	-0.001480
2443.000000	0.013198
2444.000000	0.024115
2445.000000	0.029920
2446.000000	0.030848
2447.000000	0.027133
2448.000000	0.017432
2449.000000	0.002127
2450.000000	-0.009922
2451.000000	-0.010182
2452.000000	0.000089
2453.000000	0.016498
2454.000000	0.031886
2455.000000	0.039640
2456.000000	0.038081
2457.000000	0.028288
2458.000000	0.017425
2459.000000	0.012078
2460.000000	0.010425
2461.000000	0.009529
2462.000000	0.010399
2463.000000	0.013981
2464.000000	0.017022
2465.000000	0.016358
2466.000000	0.013372
2467.000000	0.011708
2468.000000	0.019515
2469.000000	0.039011
2470.000000	0.044187
2471.000000	0.014295
2472.000000	-0.022124
2473.000000	-0.033081
2474.000000	-0.022066
2475.000000	-0.001993
2476.000000	0.012007
2477.000000	0.009685
2478.000000	0.002525
2479.000000	0.003660
2480.000000	0.011071
2481.000000	0.019017
2482.000000	0.022009
2483.000000	0.017019
2484.000000	0.010609
2485.000000	0.010324
2486.000000	0.018037
2487.000000	0.031754
2488.000000	0.039681
2489.000000	0.032425
2490.000000	0.020003
2491.000000	0.013990
2492.000000	0.012778
2493.000000	0.011993
2494.000000	0.009373
2495.000000	0.003902
2496.000000	-0.002556
2497.000000	-0.007303
2498.000000	-0.007189
2499.000000	-0.001265
2500.000000	0.002146
2501.000000	-0.003183
2502.000000	-0.005829
2503.000000	0.004479
2504.000000	0.015742
2505.000000	0.013674
2506.000000	-0.002884
2507.000000	-0.028019
2508.000000	-0.040644
2509.000000	-0.023510
2510.000000	0.010113
2511.000000	0.039690
2512.000000	0.046140
2513.000000	0.019459
2514.000000	-0.015513
2515.000000	-0.030710
2516.000000	-0.020019
2517.000000	0.011591
2518.000000	0.036755
2519.000000	0.032553
2520.000000	0.016224
2521.000000	0.008638
2522.000000	0.005025
2523.000000	-0.002451
2524.000000	-0.008266
2525.000000	-0.005884
2526.000000	0.001915
2527.000000	0.009551
2528.000000	0.009568
2529.000000	-0.001150
2530.000000	-0.006491
2531.000000	0.007185
2532.000000	0.024402
2533.000000	0.027063
2534.000000	0.015694
2535.000000	-0.002994
2536.000000	-0.016171
2537.000000	-0.012443
2538.000000	0.007725
2539.000000	0.036213
2540.000000	0.046134
2541.000000	0.018121
2542.000000	-0.018362
2543.000000	-0.030891
2544.000000	-0.024045
2545.000000	-0.010499
2546.000000	0.001679
2547.000000	0.007262
2548.000000	0.007776
2549.000000	0.006313
2550.000000	0.005471
2551.000000	0.006653
2552.000000	0.006978
2553.000000	0.003812
2554.000000	-0.000208
2555.000000	-0.001977
2556.000000	-0.001791
2557.000000	-0.000886
2558.000000	-0.000860
2559.000000	-0.002828
2560.000000	-0.005616
2561.000000	-0.007015
2562.000000	-0.002975
2563.000000	0.008502
2564.000000	0.019372
2565.000000	0.021448
2566.000000	0.016004
2567.000000	0.007043
2568.000000	0.000019
2569.000000	-0.000441
2570.000000	0.005542
2571.000000	0.015525
2572.000000	0.022519
2573.000000	0.020579
2574.000000	0.012478
2575.000000	0.002694
2576.000000	-0.006205
2577.000000	-0.012562
2578.000000	-0.016447
2579.000000	-0.018470
2580.000000	-0.019677
2581.000000	-0.020941
2582.000000	-0.022008
2583.000000	-0.022275
2584.000000	-0.020869
2585.000000	-0.017152
2586.000000	-0.011703
2587.000000	-0.005402
2588.000000	0.000866
2589.000000	0.006092
2590.000000	0.008756
2591.000000	0.007451
2592.000000	0.001726
2593.000000	-0.006711
2594.000000	-0.008462
2595.000000	0.003198
2596.000000	0.016632
2597.000000	0.018962
2598.000000	0.010724
2599.000000	-0.003220
2600.000000	-0.014120
2601.000000	-0.014306
2602.000000	-0.004329
2603.000000	0.011168
2604.000000	0.019385
2605.000000	0.010860
2606.000000	-0.002368
2607.000000	-0.007094
2608.000000	-0.006956
2609.000000	-0.008309
2610.000000	-0.011544
2611.000000	-0.015168
2612.000000	-0.016132
2613.000000	-0.012293
2614.000000	-0.006697
2615.000000	-0.002318
2616.000000	0.003360
2617.000000	0.011629
2618.000000	0.013417
2619.000000	0.001971
2620.000000	-0.009806
2621.000000	-0.009181
2622.000000	-0.003762
2623.000000	-0.004002
2624.000000	-0.011402
2625.000000	-0.022076
2626.000000	-0.019555
2627.000000	0.006229
2628.000000	0.027166
2629.000000	0.016677
2630.000000	-0.007495
2631.000000	-0.020129
2632.000000	-0.010400
2633.000000	0.021943
2634.000000	0.049256
2635.000000	0.047106
2636.000000	0.031802
2637.000000	0.023167
2638.000000	0.014349
2639.000000	-0.003055
2640.000000	-0.016961
2641.000000	-0.014848
2642.000000	-0.002934
2643.000000	0.008757
2644.000000	0.013713
2645.000000	0.007768
2646.000000	-0.007384
2647.000000	-0.027004
2648.000000	-0.040027
2649.000000	-0.037095
2650.000000	-0.022017
2651.000000	-0.002656
2652.000000	0.010069
2653.000000	0.008261
2654.000000	-0.000834
2655.000000	-0.007008
2656.000000	-0.003360
2657.000000	0.012171
2658.000000	0.025591
2659.000000	0.023724
2660.000000	0.012734
2661.000000	0.002009
2662.000000	-0.005509
2663.000000	-0.009261
2664.000000	-0.011784
2665.000000	-0.015318
2666.000000	-0.017818
2667.000000	-0.016417
2668.000000	-0.009254
2669.000000	0.002576
2670.000000	0.007168
2671.000000	-0.004251
2672.000000	-0.017118
2673.000000	-0.016118
2674.000000	-0.006252
2675.000000	0.003479
2676.000000	0.008395
2677.000000	0.006093
2678.000000	-0.001041
2679.000000	-0.009451
2680.000000	-0.015680
2681.000000	-0.016597
2682.000000	-0.010277
2683.000000	0.002309
2684.000000	0.009824
2685.000000	0.003118
2686.000000	-0.007838
2687.000000	-0.010744
2688.000000	-0.003112
2689.000000	0.013170
2690.000000	0.028506
2691.000000	0.033347
2692.000000	0.026020
2693.000000	0.009881
2694.000000	0.000510
2695.000000	0.009704
2696.000000	0.021915
2697.000000	0.020204
2698.000000	0.009422
2699.000000	-0.001387
2700.000000	-0.008203
2701.000000	-0.009668
2702.000000	-0.010043
2703.000000	-0.012169
2704.000000	-0.007578
2705.000000	0.009475
2706.000000	0.022547
2707.000000	0.016467
2708.000000	0.003360
2709.000000	-0.001697
2710.000000	0.000901
2711.000000	0.006776
2712.000000	0.011097
2713.000000	0.010622
2714.000000	0.008928
2715.000000	0.009908
2716.000000	0.011908
2717.000000	0.012567
2718.000000	0.012242
2719.000000	0.011385
2720.000000	0.008127
2721.000000	0.001350
2722.000000	-0.004724
2723.000000	-0.005510
2724.000000	-0.000314
2725.000000	0.009433
2726.000000	0.017682
2727.000000	0.019556
2728.000000	0.019476
2729.000000	0.022914
2730.000000	0.030253
2731.000000	0.039413
2732.000000	0.043551
2733.000000	0.037288
2734.000000	0.025858
2735.000000	0.016442
2736.000000	0.013407
2737.000000	0.018042
2738.000000	0.022147
2739.000000	0.018469
2740.000000	0.013044
2741.000000	0.012514
2742.000000	0.012673
2743.000000	0.007712
2744.000000	-0.003739
2745.000000	-0.020413
2746.000000	-0.034945
2747.000000	-0.039896
2748.000000	-0.033622
2749.000000	-0.018058
2750.000000	-0.003647
2751.000000	0.000682
2752.000000	0.000582
2753.000000	0.002697
2754.000000	0.003061
2755.000000	-0.003046
2756.000000	-0.012746
2757.000000	-0.021292
2758.000000	-0.024056
2759.000000	-0.017678
2760.000000	-0.003754
2761.000000	0.014045
2762.000000	0.028693
2763.000000	0.032909
2764.000000	0.021751
2765.000000	-0.004398
2766.000000	-0.026191
2767.000000	-0.025999
2768.000000	-0.012046
2769.000000	0.002614
2770.000000	0.011446
2771.000000	0.011220
2772.000000	0.005416
2773.000000	-0.001809
2774.000000	-0.010288
2775.000000	-0.018810
2776.000000	-0.018010
2777.000000	-0.002187
2778.000000	0.011540
2779.000000	0.007444
2780.000000	-0.001805
2781.000000	-0.001040
2782.000000	0.006498
2783.000000	0.012769
2784.000000	0.008929
2785.000000	-0.009514
2786.000000	-0.028847
2787.000000	-0.034604
2788.000000	-0.027514
2789.000000	-0.013588
2790.000000	-0.004776
2791.000000	-0.009825
2792.000000	-0.018721
2793.000000	-0.020501
2794.000000	-0.019166
2795.000000	-0.021300
2796.000000	-0.028854
2797.000000	-0.039966
2798.000000	-0.042150
2799.000000	-0.027014
2800.000000	-0.013160
2801.000000	-0.018694
2802.000000	-0.032743
2803.000000	-0.039574
2804.000000	-0.032981
2805.000000	-0.012166
2806.000000	0.011571
2807.000000	0.025754
2808.000000	0.025317
2809.000000	0.009935
2810.000000	-0.009143
2811.000000	-0.019986
2812.000000	-0.019489
2813.000000	-0.008755
2814.000000	0.003120
2815.000000	0.007956
2816.000000	0.009241
2817.000000	0.011318
2818.000000	0.010280
2819.000000	0.002094
2820.000000	-0.009534
2821.000000	-0.018690
2822.000000	-0.018352
2823.000000	-0.005272
2824.000000	0.007607
2825.000000	0.006709
2826.000000	-0.007871
2827.000000	-0.029741
2828.000000	-0.040977
2829.000000	-0.027654
2830.000000	-0.003375
2831.000000	0.014888
2832.000000	0.024213
2833.000000	0.026467
2834.000000	0.028623
2835.000000	0.035019
2836.000000	0.034359
2837.000000	0.019134
2838.000000	0.012633
2839.000000	0.034306
2840.000000	0.057459
2841.000000	0.055132
2842.000000	0.045459
2843.000000	0.051025
2844.000000	0.067120
2845.000000	0.082840
2846.000000	0.089803
2847.000000	0.085314
2848.000000	0.086916
2849.000000	0.109363
2850.000000	0.136033
2851.000000	0.150185
2852.000000	0.165992
2853.000000	0.197150
2854.000000	0.224545
2855.000000	0.228854
2856.000000	0.222722
2857.000000	0.223431
2858.000000	0.234844
2859.000000	0.254407
2860.000000	0.267331
2861.000000	0.262172
2862.000000	0.253105
2863.000000	0.256667
2864.000000	0.273236
2865.000000	0.297358
2866.000000	0.316411
2867.000000	0.321715
2868.000000	0.327536
2869.000000	0.349181
2870.000000	0.383191
2871.000000	0.420326
2872.000000	0.446990
2873.000000	0.453368
2874.000000	0.449131
2875.000000	0.448553
2876.000000	0.464853
2877.000000	0.502109
2878.000000	0.528910
2879.000000	0.517240
2880.000000	0.488169
2881.000000	0.468967
2882.000000	0.462623
2883.000000	0.464617
2884.000000	0.464678
2885.000000	0.454806
2886.000000	0.441834
2887.000000	0.436317
2888.000000	0.448863
2889.000000	0.482880
2890.000000	0.512936
2891.000000	0.515145
2892.000000	0.500650
2893.000000	0.487333
2894.000000	0.485005
2895.000000	0.498002
2896.000000	0.516829
2897.000000	0.530374
2898.000000	0.534893
2899.000000	0.530991
2900.000000	0.529292
2901.000000	0.539095
2902.000000	0.554383
2903.000000	0.567992
2904.000000	0.583484
2905.000000	0.605070
2906.000000	0.628844
2907.000000	0.650888
2908.000000	0.675363
2909.000000	0.704916
2910.000000	0.728073
2911.000000	0.733008
2912.000000	0.720606
2913.000000	0.699489
2914.000000	0.696499
2915.000000	0.729938
2916.000000	0.765714
2917.000000	0.770422
2918.000000	0.765785
2919.000000	0.778695
2920.000000	0.801598
2921.000000	0.822035
2922.000000	0.842357
2923.000000	0.866742
2924.000000	0.891847
2925.000000	0.912266
2926.000000	0.921861
2927.000000	0.918832
2928.000000	0.919472
2929.000000	0.938491
2930.000000	0.966180
2931.000000	0.988686
2932.000000	1.000000
2933.000000	0.998333
2934.000000	0.990931
2935.000000	0.984925
2936.000000	0.977962
2937.000000	0.966752
2938.000000	0.953744
2939.000000	0.942986
2940.000000	0.939170
2941.000000	0.943191
2942.000000	0.940105
2943.000000	0.918374
2944.000000	0.895924
2945.000000	0.890195
2946.000000	0.887236
2947.000000	0.869850
2948.000000	0.839264
2949.000000	0.801134
2950.000000	0.760416
2951.000000	0.721619
2952.000000	0.688169
2953.000000	0.663233
2954.000000	0.650012
2955.000000	0.650274
2956.000000	0.660006
2957.000000	0.674390
2958.000000	0.691176
2959.000000	0.706106
2960.000000	0.704308
2961.000000	0.677182
2962.000000	0.651812
2963.000000	0.654425
2964.000000	0.672127
2965.000000	0.683662
2966.000000	0.673430
2967.000000	0.634575
2968.000000	0.589545
2969.000000	0.562427
2970.000000	0.554560
2971.000000	0.559891
2972.000000	0.565549
2973.000000	0.561175
2974.000000	0.553263
2975.000000	0.549671
2976.000000	0.546846
2977.000000	0.539195
2978.000000	0.524383
2979.000000	0.501880
2980.000000	0.475111
2981.000000	0.448309
2982.000000	0.424973
2983.000000	0.407977
2984.000000	0.398414
2985.000000	0.394859
2986.000000	0.387594
2987.000000	0.371260
2988.000000	0.366215
2989.000000	0.388076
2990.000000	0.407776
2991.000000	0.394570
2992.000000	0.355673
2993.000000	0.307445
2994.000000	0.264852
2995.000000	0.238424
2996.000000	0.222322
2997.000000	0.209836
2998.000000	0.207126
2999.000000	0.218725
3000.000000	0.229774
3001.000000	0.224705
3002.000000	0.204485
3003.000000	0.175189
3004.000000	0.146768
3005.000000	0.127788
3006.000000	0.117389
3007.000000	0.111524
3008.000000	0.102836
3009.000000	0.085798
3010.000000	0.065524
3011.000000	0.050250
3012.000000	0.050054
3013.000000	0.069784
3014.000000	0.091525
3015.000000	0.096023
3016.000000	0.081445
3017.000000	0.053455
3018.000000	0.030287
3019.000000	0.027641
3020.000000	0.038499
3021.000000	0.051137
3022.000000	0.057723
3023.000000	0.053439
3024.000000	0.041645
3025.000000	0.027372
3026.000000	0.014177
3027.000000	0.004998
3028.000000	0.001790
3029.000000	0.004771
3030.000000	0.008202
3031.000000	0.005619
3032.000000	-0.006393
3033.000000	-0.026509
3034.000000	-0.037506
3035.000000	-0.024775
3036.000000	-0.000071
3037.000000	0.020367
3038.000000	0.028721
3039.000000	0.022661
3040.000000	0.013392
3041.000000	0.011681
3042.000000	0.013013
3043.000000	0.010454
3044.000000	0.002663
3045.000000	-0.008875
3046.000000	-0.016975
3047.000000	-0.015329
3048.000000	-0.006824
3049.000000	0.003485
3050.000000	0.011073
3051.000000	0.012950
3052.000000	0.011737
3053.000000	0.011295
3054.000000	0.014838
3055.000000	0.024021
3056.000000	0.034901
3057.000000	0.042427
3058.000000	0.042703
3059.000000	0.035361
3060.000000	0.033004
3061.000000	0.045726
3062.000000	0.060633
3063.000000	0.064197
3064.000000	0.063355
3065.000000	0.066965
3066.000000	0.071093
3067.000000	0.070089
3068.000000	0.064211
3069.000000	0.056120
3070.000000	0.052164
3071.000000	0.056673
3072.000000	0.062202
3073.000000	0.059385
3074.000000	0.042949
3075.000000	0.013284
3076.000000	-0.010654
3077.000000	-0.012663
3078.000000	-0.006110
3079.000000	-0.006532
3080.000000	-0.008588
3081.000000	-0.003821
3082.000000	0.007799
3083.000000	0.022736
3084.000000	0.031626
3085.000000	0.026541
3086.000000	0.011132
3087.000000	-0.007136
3088.000000	-0.017129
3089.000000	-0.011848
3090.000000	-0.004503
3091.000000	-0.007213
3092.000000	-0.007535
3093.000000	0.006636
3094.000000	0.021475
3095.000000	0.021530
3096.000000	0.010762
3097.000000	-0.003632
3098.000000	-0.020918
3099.000000	-0.040533
3100.000000	-0.056125
3101.000000	-0.060482
3102.000000	-0.048752
3103.000000	-0.021112
3104.000000	0.004500
3105.000000	0.011027
3106.000000	0.002691
3107.000000	-0.010812
3108.000000	-0.019179
3109.000000	-0.015840
3110.000000	-0.009766
3111.000000	-0.010649
3112.000000	-0.015533
3113.000000	-0.019571
3114.000000	-0.023014
3115.000000	-0.026415
3116.000000	-0.026444
3117.000000	-0.019535
3118.000000	-0.005057
3119.000000	0.014339
3120.000000	0.025807
3121.000000	0.019357
3122.000000	0.006608
3123.000000	0.001094
3124.000000	0.002389
3125.000000	0.005609
3126.000000	0.001990
3127.000000	-0.013763
3128.000000	-0.029193
3129.000000	-0.030715
3130.000000	-0.017980
3131.000000	0.004183
3132.000000	0.023479
3133.000000	0.028813
3134.000000	0.021371
3135.000000	0.006634
3136.000000	-0.005022
3137.000000	-0.005554
3138.000000	-0.001151
3139.000000	-0.000378
3140.000000	-0.007068
3141.000000	-0.020716
3142.000000	-0.028200
3143.000000	-0.018713
3144.000000	-0.003330
3145.000000	0.004800
3146.000000	0.006118
3147.000000	0.004532
3148.000000	0.004241
3149.000000	0.008191
3150.000000	0.014037
3151.000000	0.018488
3152.000000	0.019758
3153.000000	0.016280
3154.000000	0.005863
3155.000000	-0.011852
3156.000000	-0.029270
3157.000000	-0.038323
3158.000000	-0.037000
3159.000000	-0.026436
3160.000000	-0.014301
3161.000000	-0.008913
3162.000000	-0.014660
3163.000000	-0.030678
3164.000000	-0.039024
3165.000000	-0.023799
3166.000000	0.005628
3167.000000	0.033037
3168.000000	0.040064
3169.000000	0.016818
3170.000000	-0.010547
3171.000000	-0.015187
3172.000000	-0.003542
3173.000000	0.010725
3174.000000	0.018353
3175.000000	0.014377
3176.000000	0.006610
3177.000000	0.002555
3178.000000	-0.004302
3179.000000	-0.019680
3180.000000	-0.032105
3181.000000	-0.029883
3182.000000	-0.017636
3183.000000	-0.004163
3184.000000	0.001350
3185.000000	-0.006274
3186.000000	-0.015788
3187.000000	-0.015266
3188.000000	-0.006492
3189.000000	0.006136
3190.000000	0.021476
3191.000000	0.036888
3192.000000	0.040486
3193.000000	0.023861
3194.000000	0.001742
3195.000000	-0.010182
3196.000000	-0.015528
3197.000000	-0.020800
3198.000000	-0.024738
3199.000000	-0.024638
3200.000000	-0.019790
3201.000000	-0.010509
3202.000000	0.000776
3203.000000	0.011814
3204.000000	0.023175
3205.000000	0.034293
3206.000000	0.037252
3207.000000	0.025614
3208.000000	0.006211
3209.000000	-0.010553
3210.000000	-0.013260
3211.000000	0.003434
3212.000000	0.019561
3213.000000	0.015441
3214.000000	-0.002149
3215.000000	-0.020183
3216.000000	-0.027103
3217.000000	-0.016157
3218.000000	0.001655
3219.000000	0.013314
3220.000000	0.015481
3221.000000	0.009537
3222.000000	0.006065
3223.000000	0.012979
3224.000000	0.018306
3225.000000	0.010340
3226.000000	-0.001674
3227.000000	-0.004312
3228.000000	0.011622
3229.000000	0.046468
3230.000000	0.069379
3231.000000	0.054139
3232.000000	0.024263
3233.000000	0.009205
3234.000000	0.012458
3235.000000	0.028395
3236.000000	0.040860
3237.000000	0.036717
3238.000000	0.025436
3239.000000	0.020580
3240.000000	0.029469
3241.000000	0.052612
3242.000000	0.069512
3243.000000	0.061735
3244.000000	0.040117
3245.000000	0.021730
3246.000000	0.019327
3247.000000	0.036722
3248.000000	0.046282
3249.000000	0.024784
3250.000000	-0.001909
3251.000000	-0.004118
3252.000000	0.014009
3253.000000	0.039266
3254.000000	0.056049
3255.000000	0.053804
3256.000000	0.044570
3257.000000	0.043287
3258.000000	0.053905
3259.000000	0.073770
3260.000000	0.084800
3261.000000	0.071649
3262.000000	0.045332
3263.000000	0.024865
3264.000000	0.034888
3265.000000	0.085204
3266.000000	0.120633
3267.000000	0.092887
3268.000000	0.046219
3269.000000	0.031617
3270.000000	0.034453
3271.000000	0.030392
3272.000000	0.021873
3273.000000	0.017739
3274.000000	0.025683
3275.000000	0.049120
3276.000000	0.075516
3277.000000	0.091279
3278.000000	0.094534
3279.000000	0.086248
3280.000000	0.067053
3281.000000	0.041256
3282.000000	0.028204
3283.000000	0.041737
3284.000000	0.058622
3285.000000	0.056919
3286.000000	0.056941
3287.000000	0.078353
3288.000000	0.095980
3289.000000	0.085279
3290.000000	0.069065
3291.000000	0.072122
3292.000000	0.079749
3293.000000	0.073955
3294.000000	0.063059
3295.000000	0.060363
3296.000000	0.072776
3297.000000	0.098280
3298.000000	0.105550
3299.000000	0.072232
3300.000000	0.041176
3301.000000	0.053553
3302.000000	0.078621
3303.000000	0.080613
3304.000000	0.075568
3305.000000	0.085263
3306.000000	0.102628
3307.000000	0.114466
3308.000000	0.111927
3309.000000	0.091904
3310.000000	0.069911
3311.000000	0.061617
3312.000000	0.064681
3313.000000	0.073108
3314.000000	0.084297
3315.000000	0.096199
3316.000000	0.105575
3317.000000	0.108455
3318.000000	0.099125
3319.000000	0.076361
3320.000000	0.058631
3321.000000	0.061865
3322.000000	0.072151
3323.000000	0.073232
3324.000000	0.069315
3325.000000	0.067560
3326.000000	0.066481
3327.000000	0.063269
3328.000000	0.058474
3329.000000	0.054324
3330.000000	0.056396
3331.000000	0.068330
3332.000000	0.082667
3333.000000	0.091095
3334.000000	0.092976
3335.000000	0.090999
3336.000000	0.093480
3337.000000	0.106316
3338.000000	0.120109
3339.000000	0.122507
3340.000000	0.104624
3341.000000	0.064994
3342.000000	0.028358
3343.000000	0.019474
3344.000000	0.036965
3345.000000	0.069092
3346.000000	0.088802
3347.000000	0.077349
3348.000000	0.064521
3349.000000	0.078512
3350.000000	0.092595
3351.000000	0.078340
3352.000000	0.055411
3353.000000	0.049244
3354.000000	0.060256
3355.000000	0.080411
3356.000000	0.092881
3357.000000	0.084646
3358.000000	0.066705
3359.000000	0.053541
3360.000000	0.049545
3361.000000	0.054124
3362.000000	0.056828
3363.000000	0.049379
3364.000000	0.042037
3365.000000	0.045886
3366.000000	0.056769
3367.000000	0.067396
3368.000000	0.073180
3369.000000	0.071413
3370.000000	0.064209
3371.000000	0.054415
3372.000000	0.042995
3373.000000	0.031831
3374.000000	0.028354
3375.000000	0.038406
3376.000000	0.055935
3377.000000	0.071932
3378.000000	0.077472
3379.000000	0.067275
3380.000000	0.050560
3381.000000	0.038530
3382.000000	0.035812
3383.000000	0.043072
3384.000000	0.051714
3385.000000	0.054551
3386.000000	0.059307
3387.000000	0.071204
3388.000000	0.070536
3389.000000	0.043304
3390.000000	0.023257
3391.000000	0.041048
3392.000000	0.067194
3393.000000	0.068341
3394.000000	0.055793
3395.000000	0.048060
3396.000000	0.047828
3397.000000	0.052726
3398.000000	0.055983
3399.000000	0.051885
3400.000000	0.043345
3401.000000	0.035510
3402.000000	0.033841
3403.000000	0.041325
3404.000000	0.050736
3405.000000	0.053769
3406.000000	0.048024
3407.000000	0.035560
3408.000000	0.030375
3409.000000	0.042521
3410.000000	0.054323
3411.000000	0.048830
3412.000000	0.039711
3413.000000	0.042414
3414.000000	0.048892
3415.000000	0.049093
3416.000000	0.048437
3417.000000	0.052596
3418.000000	0.052776
3419.000000	0.041334
3420.000000	0.029710
3421.000000	0.029319
3422.000000	0.032397
3423.000000	0.028767
3424.000000	0.017770
3425.000000	0.003439
3426.000000	-0.000957
3427.000000	0.014355
3428.000000	0.035935
3429.000000	0.047243
3430.000000	0.042563
3431.000000	0.023811
3432.000000	0.012598
3433.000000	0.025116
3434.000000	0.036191
3435.000000	0.022475
3436.000000	0.009305
3437.000000	0.022625
3438.000000	0.042124
3439.000000	0.042901
3440.000000	0.027937
3441.000000	0.007673
3442.000000	-0.005489
3443.000000	-0.003323
3444.000000	0.003738
3445.000000	0.004026
3446.000000	-0.000422
3447.000000	-0.004210
3448.000000	-0.002223
3449.000000	0.007820
3450.000000	0.017140
3451.000000	0.017485
3452.000000	0.013769
3453.000000	0.012954
3454.000000	0.017033
3455.000000	0.023745
3456.000000	0.018777
3457.000000	-0.006563
3458.000000	-0.026438
3459.000000	-0.017149
3460.000000	0.001925
3461.000000	0.009057
3462.000000	0.016220
3463.000000	0.036823
3464.000000	0.056313
3465.000000	0.057964
3466.000000	0.044312
3467.000000	0.023234
3468.000000	0.004709
3469.000000	-0.003459
3470.000000	-0.004279
3471.000000	-0.003343
3472.000000	-0.005753
3473.000000	-0.013527
3474.000000	-0.016824
3475.000000	-0.007961
3476.000000	0.000243
3477.000000	-0.005435
3478.000000	-0.019347
3479.000000	-0.029861
3480.000000	-0.020275
3481.000000	0.016720
3482.000000	0.045788
3483.000000	0.036230
3484.000000	0.018548
3485.000000	0.025511
3486.000000	0.037760
3487.000000	0.031871
3488.000000	0.020282
3489.000000	0.018340
3490.000000	0.017153
3491.000000	0.006931
3492.000000	-0.001468
3493.000000	0.001590
3494.000000	0.000185
3495.000000	-0.019357
3496.000000	-0.036174
3497.000000	-0.029366
3498.000000	-0.012428
3499.000000	-0.003189
3500.000000	-0.002412
3501.000000	-0.006099
3502.000000	-0.008256
3503.000000	-0.005392
3504.000000	-0.006009
3505.000000	-0.016991
3506.000000	-0.026764
3507.000000	-0.022143
3508.000000	-0.001970
3509.000000	0.028831
3510.000000	0.053022
3511.000000	0.056183
3512.000000	0.047491
3513.000000	0.037758
3514.000000	0.020747
3515.000000	-0.007733
3516.000000	-0.026649
3517.000000	-0.016788
3518.000000	0.008573
3519.000000	0.029882
3520.000000	0.034993
3521.000000	0.019460
3522.000000	0.002237
3523.000000	0.000703
3524.000000	0.002525
3525.000000	-0.006131
3526.000000	-0.015403
3527.000000	-0.013652
3528.000000	-0.005835
3529.000000	0.000375
3530.000000	0.003032
3531.000000	0.002402
3532.000000	0.001855
3533.000000	0.003557
3534.000000	0.001733
3535.000000	-0.007962
3536.000000	-0.016231
3537.000000	-0.013420
3538.000000	-0.002103
3539.000000	0.011716
3540.000000	0.020539
3541.000000	0.018385
3542.000000	0.006847
3543.000000	-0.008855
3544.000000	-0.016565
3545.000000	-0.006817
3546.000000	0.012145
3547.000000	0.029145
3548.000000	0.038970
3549.000000	0.037537
3550.000000	0.019314
3551.000000	-0.013816
3552.000000	-0.028853
3553.000000	-0.000588
3554.000000	0.033908
3555.000000	0.035306
3556.000000	0.017523
3557.000000	0.003340
3558.000000	-0.002261
3559.000000	-0.000671
3560.000000	-0.000984
3561.000000	-0.009882
3562.000000	-0.016696
3563.000000	-0.010366
3564.000000	0.004382
3565.000000	0.019288
3566.000000	0.027735
3567.000000	0.025606
3568.000000	0.017150
3569.000000	0.007676
3570.000000	-0.001622
3571.000000	-0.009642
3572.000000	-0.011521
3573.000000	-0.004136
3574.000000	0.004932
3575.000000	0.008613
3576.000000	0.012594
3577.000000	0.021163
3578.000000	0.020255
3579.000000	-0.000075
3580.000000	-0.014933
3581.000000	-0.002544
3582.000000	0.011559
3583.000000	0.001416
3584.000000	-0.013323
3585.000000	-0.009825
3586.000000	0.001868
3587.000000	0.007588
3588.000000	0.009523
3589.000000	0.012201
3590.000000	0.013142
3591.000000	0.009403
3592.000000	0.003201
3593.000000	-0.003352
3594.000000	-0.013715
3595.000000	-0.029932
3596.000000	-0.042809
3597.000000	-0.043175
3598.000000	-0.033201
3599.000000	-0.017891
3600.000000	-0.002250
