400.000000	-0.000141
401.000000	-0.014134
402.000000	-0.019000
403.000000	-0.016572
404.000000	-0.008682
405.000000	0.002024
406.000000	0.009646
407.000000	0.009957
408.000000	0.008680
409.000000	0.012485
410.000000	0.021876
411.000000	0.034243
412.000000	0.040669
413.000000	0.033595
414.000000	0.017186
415.000000	-0.001657
416.000000	-0.016804
417.000000	-0.024002
418.000000	-0.025740
419.000000	-0.025449
420.000000	-0.023601
421.000000	-0.019640
422.000000	-0.011865
423.000000	0.000290
424.000000	0.011707
425.000000	0.016723
426.000000	0.013178
427.000000	0.001562
428.000000	-0.010535
429.000000	-0.015694
430.000000	-0.014276
431.000000	-0.008880
432.000000	-0.003263
433.000000	-0.000655
434.000000	-0.001021
435.000000	-0.003552
436.000000	-0.007616
437.000000	-0.012544
438.000000	-0.017345
439.000000	-0.021102
440.000000	-0.023508
441.000000	-0.024422
442.000000	-0.023759
443.000000	-0.021204
444.000000	-0.015453
445.000000	-0.005857
446.000000	0.004641
447.000000	0.011776
448.000000	0.009591
449.000000	-0.004962
450.000000	-0.021592
451.000000	-0.028681
452.000000	-0.022648
453.000000	-0.005108
454.000000	0.009576
455.000000	0.008319
456.000000	-0.004111
457.000000	-0.018437
458.000000	-0.025192
459.000000	-0.018246
460.000000	-0.004994
461.000000	0.005393
462.000000	0.010179
463.000000	0.009007
464.000000	0.004614
465.000000	-0.000204
466.000000	-0.005500
467.000000	-0.011879
468.000000	-0.019312
469.000000	-0.027372
470.000000	-0.034688
471.000000	-0.039728
472.000000	-0.041274
473.000000	-0.038260
474.000000	-0.029907
475.000000	-0.016790
476.000000	-0.004621
477.000000	0.000818
478.000000	-0.001400
479.000000	-0.009810
480.000000	-0.018227
481.000000	-0.021060
482.000000	-0.019805
483.000000	-0.017537
484.000000	-0.016561
485.000000	-0.018170
486.000000	-0.020392
487.000000	-0.020923
488.000000	-0.019413
489.000000	-0.016117
490.000000	-0.011758
491.000000	-0.007178
492.000000	-0.003237
493.000000	-0.000611
494.000000	0.000766
495.000000	0.001420
496.000000	0.002968
497.000000	0.006881
498.000000	0.012954
499.000000	0.020484
500.000000	0.028465
501.000000	0.035380
502.000000	0.037987
503.000000	0.033637
504.000000	0.023791
505.000000	0.011439
506.000000	0.001576
507.000000	-0.001896
508.000000	-0.001464
509.000000	-0.000749
510.000000	-0.001510
511.000000	-0.004487
512.000000	-0.008199
513.000000	-0.010947
514.000000	-0.012370
515.000000	-0.012461
516.000000	-0.011287
517.000000	-0.008656
518.000000	-0.003261
519.000000	0.005714
520.000000	0.016001
521.000000	0.024010
522.000000	0.023958
523.000000	0.012689
524.000000	-0.000252
525.000000	-0.004041
526.000000	0.004549
527.000000	0.023191
528.000000	0.034950
529.000000	0.025101
530.000000	0.002378
531.000000	-0.018742
532.000000	-0.024281
533.000000	-0.006311
534.000000	0.019376
535.000000	0.034689
536.000000	0.036054
537.000000	0.025177
538.000000	0.010373
539.000000	-0.000058
540.000000	-0.004490
541.000000	-0.003162
542.000000	0.002910
543.000000	0.011794
544.000000	0.018665
545.000000	0.019443
546.000000	0.015912
547.000000	0.011343
548.000000	0.009100
549.000000	0.011322
550.000000	0.015152
551.000000	0.017143
552.000000	0.016466
553.000000	0.013201
554.000000	0.008430
555.000000	0.003510
556.000000	-0.000100
557.000000	-0.001217
558.000000	0.000125
559.000000	0.002893
560.000000	0.003269
561.000000	-0.001801
562.000000	-0.009523
563.000000	-0.015763
564.000000	-0.016871
565.000000	-0.011361
566.000000	-0.005914
567.000000	-0.007206
568.000000	-0.013720
569.000000	-0.020915
570.000000	-0.020340
571.000000	-0.006381
572.000000	0.011326
573.000000	0.021168
574.000000	0.018882
575.000000	0.004518
576.000000	-0.011966
577.000000	-0.020910
578.000000	-0.023762
579.000000	-0.024623
580.000000	-0.027089
581.000000	-0.033018
582.000000	-0.037823
583.000000	-0.036794
584.000000	-0.031188
585.000000	-0.024270
586.000000	-0.021373
587.000000	-0.025648
588.000000	-0.029442
589.000000	-0.024339
590.000000	-0.009683
591.000000	0.010844
592.000000	0.023970
593.000000	0.018779
594.000000	0.003381
595.000000	-0.010292
596.000000	-0.014052
597.000000	-0.004786
598.000000	0.004061
599.000000	-0.000728
600.000000	-0.014906
601.000000	-0.029079
602.000000	-0.030740
603.000000	-0.012221
604.000000	0.011679
605.000000	0.023864
606.000000	0.020513
607.000000	0.003534
608.000000	-0.015509
609.000000	-0.025562
610.000000	-0.027248
611.000000	-0.023913
612.000000	-0.018113
613.000000	-0.011860
614.000000	-0.005783
615.000000	-0.000513
616.000000	0.001929
617.000000	-0.000635
618.000000	-0.009614
619.000000	-0.024208
620.000000	-0.035532
621.000000	-0.035065
622.000000	-0.023807
623.000000	-0.006427
624.000000	0.007261
625.000000	0.009047
626.000000	0.002283
627.000000	-0.007352
628.000000	-0.016417
629.000000	-0.022525
630.000000	-0.025252
631.000000	-0.024803
632.000000	-0.021934
633.000000	-0.017569
634.000000	-0.012754
635.000000	-0.008646
636.000000	-0.006725
637.000000	-0.007842
638.000000	-0.010019
639.000000	-0.009945
640.000000	-0.001810
641.000000	0.016854
642.000000	0.032637
643.000000	0.033511
644.000000	0.028859
645.000000	0.028813
646.000000	0.025081
647.000000	0.008931
648.000000	-0.011699
649.000000	-0.026773
650.000000	-0.034533
651.000000	-0.035464
652.000000	-0.030737
653.000000	-0.022162
654.000000	-0.013433
655.000000	-0.008459
656.000000	-0.010138
657.000000	-0.019117
658.000000	-0.028041
659.000000	-0.029457
660.000000	-0.023516
661.000000	-0.013046
662.000000	-0.003973
663.000000	-0.001014
664.000000	-0.000963
665.000000	0.000572
666.000000	0.004799
667.000000	0.011452
668.000000	0.017554
669.000000	0.020020
670.000000	0.018038
671.000000	0.011697
672.000000	0.002424
673.000000	-0.006450
674.000000	-0.005328
675.000000	0.012793
676.000000	0.038270
677.000000	0.057310
678.000000	0.056175
679.000000	0.027882
680.000000	-0.007597
681.000000	-0.028213
682.000000	-0.030573
683.000000	-0.017994
684.000000	-0.001970
685.000000	0.006782
686.000000	0.008819
687.000000	0.007168
688.000000	0.003461
689.000000	-0.001152
690.000000	-0.006052
691.000000	-0.010564
692.000000	-0.013261
693.000000	-0.012734
694.000000	-0.008403
695.000000	-0.000332
696.000000	0.009652
697.000000	0.019401
698.000000	0.027238
699.000000	0.031719
700.000000	0.031848
701.000000	0.028046
702.000000	0.025937
703.000000	0.030471
704.000000	0.038696
705.000000	0.044684
706.000000	0.038506
707.000000	0.014131
708.000000	-0.014866
709.000000	-0.032737
710.000000	-0.034649
711.000000	-0.021260
712.000000	-0.004279
713.000000	0.004842
714.000000	0.006723
715.000000	0.004810
716.000000	0.001787
717.000000	-0.000362
718.000000	-0.001696
719.000000	-0.002440
720.000000	-0.001436
721.000000	0.002680
722.000000	0.010706
723.000000	0.022110
724.000000	0.031607
725.000000	0.034269
726.000000	0.031333
727.000000	0.026141
728.000000	0.024273
729.000000	0.029628
730.000000	0.037145
731.000000	0.040744
732.000000	0.039237
733.000000	0.033573
734.000000	0.028353
735.000000	0.028061
736.000000	0.033064
737.000000	0.042552
738.000000	0.055125
739.000000	0.068815
740.000000	0.079969
741.000000	0.085872
742.000000	0.089237
743.000000	0.094875
744.000000	0.110550
745.000000	0.139531
746.000000	0.164140
747.000000	0.168201
748.000000	0.162482
749.000000	0.160626
750.000000	0.160823
751.000000	0.159212
752.000000	0.159165
753.000000	0.162492
754.000000	0.157506
755.000000	0.134688
756.000000	0.106681
757.000000	0.087519
758.000000	0.074630
759.000000	0.062536
760.000000	0.050725
761.000000	0.040090
762.000000	0.032168
763.000000	0.028064
764.000000	0.026520
765.000000	0.025814
766.000000	0.024729
767.000000	0.022412
768.000000	0.018968
769.000000	0.014976
770.000000	0.011966
771.000000	0.011566
772.000000	0.014849
773.000000	0.021929
774.000000	0.029629
775.000000	0.034608
776.000000	0.036157
777.000000	0.034421
778.000000	0.030314
779.000000	0.025174
780.000000	0.021248
781.000000	0.020497
782.000000	0.022813
783.000000	0.027281
784.000000	0.031814
785.000000	0.034151
786.000000	0.032502
787.000000	0.025846
788.000000	0.015756
789.000000	0.005472
790.000000	0.002303
791.000000	0.011318
792.000000	0.024558
793.000000	0.032043
794.000000	0.028732
795.000000	0.013613
796.000000	-0.003154
797.000000	-0.011681
798.000000	-0.014345
799.000000	-0.016326
800.000000	-0.021768
801.000000	-0.032277
802.000000	-0.040356
803.000000	-0.038485
804.000000	-0.028162
805.000000	-0.013482
806.000000	0.000098
807.000000	0.008188
808.000000	0.012029
809.000000	0.014052
810.000000	0.015831
811.000000	0.018737
812.000000	0.024200
813.000000	0.032233
814.000000	0.037124
815.000000	0.033185
816.000000	0.020543
817.000000	0.002009
818.000000	-0.014690
819.000000	-0.022681
820.000000	-0.023436
821.000000	-0.020311
822.000000	-0.015859
823.000000	-0.012564
824.000000	-0.013443
825.000000	-0.019523
826.000000	-0.023340
827.000000	-0.016578
828.000000	0.003988
829.000000	0.036533
830.000000	0.064107
831.000000	0.070946
832.000000	0.061141
833.000000	0.043806
834.000000	0.028293
835.000000	0.021281
836.000000	0.018511
837.000000	0.014370
838.000000	0.008773
839.000000	0.003161
840.000000	-0.000457
841.000000	-0.000524
842.000000	0.002136
843.000000	0.006053
844.000000	0.009562
845.000000	0.010910
846.000000	0.008189
847.000000	0.000718
848.000000	-0.007108
849.000000	-0.010492
850.000000	-0.008101
851.000000	-0.000109
852.000000	0.010735
853.000000	0.021621
854.000000	0.032054
855.000000	0.041900
856.000000	0.050140
857.000000	0.055171
858.000000	0.053946
859.000000	0.044652
860.000000	0.031860
861.000000	0.021042
862.000000	0.014897
863.000000	0.013695
864.000000	0.010777
865.000000	0.000615
866.000000	-0.010865
867.000000	-0.015667
868.000000	-0.008981
869.000000	0.009805
870.000000	0.027703
871.000000	0.032135
872.000000	0.025754
873.000000	0.015193
874.000000	0.007778
875.000000	0.008444
876.000000	0.011871
877.000000	0.011811
878.000000	0.008566
879.000000	0.004332
880.000000	0.002344
881.000000	0.004698
882.000000	0.007911
883.000000	0.008102
884.000000	0.005380
885.000000	0.001242
886.000000	-0.001259
887.000000	0.000061
888.000000	0.002352
889.000000	0.002355
890.000000	0.000216
891.000000	-0.002506
892.000000	-0.002009
893.000000	0.004504
894.000000	0.013577
895.000000	0.020795
896.000000	0.024151
897.000000	0.022765
898.000000	0.017849
899.000000	0.011141
900.000000	0.004405
901.000000	-0.000739
902.000000	-0.003261
903.000000	-0.002440
904.000000	0.001795
905.000000	0.008765
906.000000	0.015436
907.000000	0.018604
908.000000	0.016725
909.000000	0.009699
910.000000	0.001538
911.000000	-0.003836
912.000000	-0.006967
913.000000	-0.009339
914.000000	-0.011744
915.000000	-0.013528
916.000000	-0.008957
917.000000	0.006245
918.000000	0.025434
919.000000	0.039650
920.000000	0.041598
921.000000	0.028760
922.000000	0.016078
923.000000	0.018366
924.000000	0.032472
925.000000	0.050210
926.000000	0.061216
927.000000	0.058019
928.000000	0.046885
929.000000	0.036280
930.000000	0.029735
931.000000	0.029189
932.000000	0.035149
933.000000	0.045929
934.000000	0.052507
935.000000	0.046593
936.000000	0.030171
937.000000	0.008934
938.000000	-0.006859
939.000000	-0.008645
940.000000	0.000794
941.000000	0.015970
942.000000	0.031918
943.000000	0.043644
944.000000	0.045523
945.000000	0.034782
946.000000	0.020675
947.000000	0.013514
948.000000	0.015795
949.000000	0.026439
950.000000	0.037868
951.000000	0.042778
952.000000	0.041448
953.000000	0.035949
954.000000	0.027923
955.000000	0.018828
956.000000	0.009806
957.000000	0.002498
958.000000	0.000847
959.000000	0.008303
960.000000	0.024038
961.000000	0.044366
962.000000	0.058462
963.000000	0.057646
964.000000	0.048969
965.000000	0.042149
966.000000	0.041853
967.000000	0.048956
968.000000	0.054226
969.000000	0.048616
970.000000	0.033930
971.000000	0.014760
972.000000	-0.003991
973.000000	-0.016911
974.000000	-0.016855
975.000000	0.000181
976.000000	0.023919
977.000000	0.041628
978.000000	0.045063
979.000000	0.031585
980.000000	0.016498
981.000000	0.014940
982.000000	0.023447
983.000000	0.034151
984.000000	0.040177
985.000000	0.037809
986.000000	0.034973
987.000000	0.039723
988.000000	0.048991
989.000000	0.057133
990.000000	0.059310
991.000000	0.053582
992.000000	0.048788
993.000000	0.053867
994.000000	0.067388
995.000000	0.085004
996.000000	0.101082
997.000000	0.110018
998.000000	0.107621
999.000000	0.092264
1000.000000	0.071169
1001.000000	0.054551
1002.000000	0.055763
1003.000000	0.081435
1004.000000	0.108182
1005.000000	0.113259
1006.000000	0.106496
1007.000000	0.102801
1008.000000	0.104810
1009.000000	0.109454
1010.000000	0.103124
1011.000000	0.075542
1012.000000	0.040305
1013.000000	0.014223
1014.000000	0.003076
1015.000000	0.007443
1016.000000	0.018124
1017.000000	0.025347
1018.000000	0.026842
1019.000000	0.022981
1020.000000	0.017214
1021.000000	0.013120
1022.000000	0.011710
1023.000000	0.013344
1024.000000	0.018346
1025.000000	0.026930
1026.000000	0.038896
1027.000000	0.052981
1028.000000	0.064080
1029.000000	0.067631
1030.000000	0.065094
1031.000000	0.060089
1032.000000	0.058844
1033.000000	0.065777
1034.000000	0.075453
1035.000000	0.081295
1036.000000	0.082020
1037.000000	0.078288
1038.000000	0.073236
1039.000000	0.069135
1040.000000	0.062315
1041.000000	0.049173
1042.000000	0.032298
1043.000000	0.016578
1044.000000	0.009893
1045.000000	0.017893
1046.000000	0.034327
1047.000000	0.051055
1048.000000	0.064277
1049.000000	0.071818
1050.000000	0.073655
1051.000000	0.070860
1052.000000	0.066732
1053.000000	0.064505
1054.000000	0.064915
1055.000000	0.067693
1056.000000	0.071032
1057.000000	0.072928
1058.000000	0.072116
1059.000000	0.068228
1060.000000	0.063750
1061.000000	0.062940
1062.000000	0.074302
1063.000000	0.101001
1064.000000	0.120614
1065.000000	0.112569
1066.000000	0.089307
1067.000000	0.068781
1068.000000	0.058001
1069.000000	0.059069
1070.000000	0.065415
1071.000000	0.069504
1072.000000	0.068620
1073.000000	0.063313
1074.000000	0.062383
1075.000000	0.073099
1076.000000	0.088358
1077.000000	0.099487
1078.000000	0.105895
1079.000000	0.110207
1080.000000	0.119821
1081.000000	0.138616
1082.000000	0.151625
1083.000000	0.143706
1084.000000	0.117871
1085.000000	0.084331
1086.000000	0.063943
1087.000000	0.072356
1088.000000	0.093731
1089.000000	0.108273
1090.000000	0.111848
1091.000000	0.106342
1092.000000	0.102063
1093.000000	0.106792
1094.000000	0.109787
1095.000000	0.099491
1096.000000	0.079618
1097.000000	0.059548
1098.000000	0.056046
1099.000000	0.079853
1100.000000	0.110217
1101.000000	0.123749
1102.000000	0.117999
1103.000000	0.098237
1104.000000	0.079659
1105.000000	0.075204
1106.000000	0.078838
1107.000000	0.081749
1108.000000	0.082978
1109.000000	0.084184
1110.000000	0.089649
1111.000000	0.101468
1112.000000	0.110375
1113.000000	0.107228
1114.000000	0.094751
1115.000000	0.079671
1116.000000	0.072868
1117.000000	0.081894
1118.000000	0.096831
1119.000000	0.106102
1120.000000	0.108970
1121.000000	0.108264
1122.000000	0.110255
1123.000000	0.120024
1124.000000	0.134471
1125.000000	0.149768
1126.000000	0.167369
1127.000000	0.189500
1128.000000	0.216196
1129.000000	0.244916
1130.000000	0.265022
1131.000000	0.265939
1132.000000	0.245458
1133.000000	0.204746
1134.000000	0.150126
1135.000000	0.091356
1136.000000	0.046789
1137.000000	0.031459
1138.000000	0.038527
1139.000000	0.054945
1140.000000	0.064695
1141.000000	0.057082
1142.000000	0.045659
1143.000000	0.045161
1144.000000	0.050790
1145.000000	0.053002
1146.000000	0.042795
1147.000000	0.016579
1148.000000	-0.008133
1149.000000	-0.013820
1150.000000	-0.004031
1151.000000	0.012264
1152.000000	0.025486
1153.000000	0.028719
1154.000000	0.026310
1155.000000	0.024351
1156.000000	0.024637
1157.000000	0.027660
1158.000000	0.032998
1159.000000	0.039196
1160.000000	0.041592
1161.000000	0.036608
1162.000000	0.028205
1163.000000	0.021733
1164.000000	0.020547
1165.000000	0.025539
1166.000000	0.029740
1167.000000	0.026870
1168.000000	0.021262
1169.000000	0.019115
1170.000000	0.023483
1171.000000	0.034669
1172.000000	0.045109
1173.000000	0.047672
1174.000000	0.044821
1175.000000	0.040737
1176.000000	0.036873
1177.000000	0.032424
1178.000000	0.020276
1179.000000	-0.003729
1180.000000	-0.025613
1181.000000	-0.029982
1182.000000	-0.013899
1183.000000	0.018473
1184.000000	0.047027
1185.000000	0.053326
1186.000000	0.041549
1187.000000	0.020918
1188.000000	-0.001787
1189.000000	-0.020830
1190.000000	-0.032216
1191.000000	-0.033802
1192.000000	-0.029098
1193.000000	-0.022628
1194.000000	-0.017308
1195.000000	-0.015362
1196.000000	-0.017847
1197.000000	-0.024157
1198.000000	-0.028202
1199.000000	-0.024313
1200.000000	-0.013992
1201.000000	-0.001442
1202.000000	0.005516
1203.000000	0.001607
1204.000000	-0.004633
1205.000000	-0.003861
1206.000000	0.002677
1207.000000	0.010410
1208.000000	0.012068
1209.000000	0.002906
1210.000000	-0.009016
1211.000000	-0.014393
1212.000000	-0.011750
1213.000000	-0.002062
1214.000000	0.011734
1215.000000	0.026437
1216.000000	0.039752
1217.000000	0.050034
1218.000000	0.057321
1219.000000	0.062181
1220.000000	0.065618
1221.000000	0.068942
1222.000000	0.074264
1223.000000	0.082413
1224.000000	0.088296
1225.000000	0.086214
1226.000000	0.073973
1227.000000	0.053377
1228.000000	0.038723
1229.000000	0.042680
1230.000000	0.058903
1231.000000	0.076986
1232.000000	0.089290
1233.000000	0.090541
1234.000000	0.082172
1235.000000	0.068241
1236.000000	0.056606
1237.000000	0.054452
1238.000000	0.062462
1239.000000	0.077284
1240.000000	0.085931
1241.000000	0.077934
1242.000000	0.062528
1243.000000	0.051861
1244.000000	0.050039
1245.000000	0.057420
1246.000000	0.067403
1247.000000	0.073658
1248.000000	0.077891
1249.000000	0.082814
1250.000000	0.087132
1251.000000	0.088244
1252.000000	0.082346
1253.000000	0.066666
1254.000000	0.043783
1255.000000	0.018342
1256.000000	-0.002081
1257.000000	-0.009504
1258.000000	0.002754
1259.000000	0.035425
1260.000000	0.066758
1261.000000	0.075606
1262.000000	0.065726
1263.000000	0.047762
1264.000000	0.034997
1265.000000	0.037234
1266.000000	0.047720
1267.000000	0.057074
1268.000000	0.061957
1269.000000	0.061005
1270.000000	0.054713
1271.000000	0.045191
1272.000000	0.039147
1273.000000	0.042275
1274.000000	0.051606
1275.000000	0.062065
1276.000000	0.068807
1277.000000	0.066940
1278.000000	0.051157
1279.000000	0.020719
1280.000000	-0.006422
1281.000000	-0.011763
1282.000000	0.006711
1283.000000	0.042052
1284.000000	0.067933
1285.000000	0.062883
1286.000000	0.044224
1287.000000	0.034493
1288.000000	0.038288
1289.000000	0.053005
1290.000000	0.065157
1291.000000	0.063945
1292.000000	0.060204
1293.000000	0.066388
1294.000000	0.079795
1295.000000	0.093154
1296.000000	0.096065
1297.000000	0.083908
1298.000000	0.078319
1299.000000	0.099936
1300.000000	0.139156
1301.000000	0.178696
1302.000000	0.200806
1303.000000	0.194380
1304.000000	0.175365
1305.000000	0.162504
1306.000000	0.158658
1307.000000	0.162485
1308.000000	0.171697
1309.000000	0.184237
1310.000000	0.199911
1311.000000	0.217744
1312.000000	0.231769
1313.000000	0.235802
1314.000000	0.227792
1315.000000	0.208086
1316.000000	0.182484
1317.000000	0.157473
1318.000000	0.136845
1319.000000	0.123009
1320.000000	0.115551
1321.000000	0.112720
1322.000000	0.110226
1323.000000	0.105126
1324.000000	0.102391
1325.000000	0.107237
1326.000000	0.117951
1327.000000	0.130617
1328.000000	0.139433
1329.000000	0.140889
1330.000000	0.142521
1331.000000	0.152234
1332.000000	0.168378
1333.000000	0.186716
1334.000000	0.202229
1335.000000	0.211258
1336.000000	0.216367
1337.000000	0.220554
1338.000000	0.222332
1339.000000	0.219458
1340.000000	0.211143
1341.000000	0.197920
1342.000000	0.184162
1343.000000	0.173801
1344.000000	0.165152
1345.000000	0.155789
1346.000000	0.145924
1347.000000	0.137377
1348.000000	0.135759
1349.000000	0.143986
1350.000000	0.150412
1351.000000	0.143272
1352.000000	0.124885
1353.000000	0.102920
1354.000000	0.092362
1355.000000	0.103640
1356.000000	0.121637
1357.000000	0.129191
1358.000000	0.126505
1359.000000	0.118921
1360.000000	0.114987
1361.000000	0.121720
1362.000000	0.136821
1363.000000	0.155285
1364.000000	0.170600
1365.000000	0.176614
1366.000000	0.170118
1367.000000	0.150700
1368.000000	0.126202
1369.000000	0.105197
1370.000000	0.090921
1371.000000	0.084644
1372.000000	0.085093
1373.000000	0.089663
1374.000000	0.092970
1375.000000	0.090165
1376.000000	0.081332
1377.000000	0.068426
1378.000000	0.055943
1379.000000	0.049255
1380.000000	0.054693
1381.000000	0.074442
1382.000000	0.093153
1383.000000	0.095594
1384.000000	0.084545
1385.000000	0.068058
1386.000000	0.057263
1387.000000	0.060172
1388.000000	0.069244
1389.000000	0.075101
1390.000000	0.076566
1391.000000	0.074743
1392.000000	0.071648
1393.000000	0.069707
1394.000000	0.072078
1395.000000	0.080702
1396.000000	0.091910
1397.000000	0.101207
1398.000000	0.106404
1399.000000	0.106612
1400.000000	0.103830
1401.000000	0.100419
1402.000000	0.097310
1403.000000	0.094584
1404.000000	0.090357
1405.000000	0.082166
1406.000000	0.067194
1407.000000	0.045276
1408.000000	0.027199
1409.000000	0.023218
1410.000000	0.030498
1411.000000	0.042597
1412.000000	0.051741
1413.000000	0.051499
1414.000000	0.042149
1415.000000	0.026520
1416.000000	0.010936
1417.000000	0.001798
1418.000000	0.002332
1419.000000	0.013476
1420.000000	0.030209
1421.000000	0.046519
1422.000000	0.058405
1423.000000	0.063184
1424.000000	0.061439
1425.000000	0.055235
1426.000000	0.049289
1427.000000	0.047475
1428.000000	0.047641
1429.000000	0.047049
1430.000000	0.046637
1431.000000	0.048251
1432.000000	0.053695
1433.000000	0.063491
1434.000000	0.073062
1435.000000	0.077496
1436.000000	0.075625
1437.000000	0.067775
1438.000000	0.056509
1439.000000	0.045835
1440.000000	0.043318
1441.000000	0.054748
1442.000000	0.075267
1443.000000	0.097723
1444.000000	0.116430
1445.000000	0.126606
1446.000000	0.125604
1447.000000	0.113641
1448.000000	0.100258
1449.000000	0.095230
1450.000000	0.099960
1451.000000	0.112913
1452.000000	0.129194
1453.000000	0.143696
1454.000000	0.153837
1455.000000	0.158288
1456.000000	0.158224
1457.000000	0.155367
1458.000000	0.151144
1459.000000	0.146310
1460.000000	0.139248
1461.000000	0.128426
1462.000000	0.115038
1463.000000	0.101145
1464.000000	0.089552
1465.000000	0.083396
1466.000000	0.086405
1467.000000	0.099206
1468.000000	0.109438
1469.000000	0.105039
1470.000000	0.088121
1471.000000	0.065284
1472.000000	0.046890
1473.000000	0.041202
1474.000000	0.044316
1475.000000	0.050105
1476.000000	0.055716
1477.000000	0.059330
1478.000000	0.059978
1479.000000	0.057142
1480.000000	0.051245
1481.000000	0.043780
1482.000000	0.039580
1483.000000	0.042536
1484.000000	0.049437
1485.000000	0.053931
1486.000000	0.044197
1487.000000	0.014371
1488.000000	-0.012105
1489.000000	-0.011800
1490.000000	0.009360
1491.000000	0.037071
1492.000000	0.052871
1493.000000	0.044313
1494.000000	0.027178
1495.000000	0.019137
1496.000000	0.017202
1497.000000	0.014081
1498.000000	0.005927
1499.000000	-0.008081
1500.000000	-0.020106
1501.000000	-0.023271
1502.000000	-0.023212
1503.000000	-0.026902
1504.000000	-0.034152
1505.000000	-0.042068
1506.000000	-0.044096
1507.000000	-0.036057
1508.000000	-0.026944
1509.000000	-0.025910
1510.000000	-0.029581
1511.000000	-0.031708
1512.000000	-0.027079
1513.000000	-0.013720
1514.000000	-0.001576
1515.000000	-0.000809
1516.000000	-0.010533
1517.000000	-0.026677
1518.000000	-0.043471
1519.000000	-0.054330
1520.000000	-0.051115
1521.000000	-0.030296
1522.000000	-0.008332
1523.000000	-0.001713
1524.000000	-0.007074
1525.000000	-0.014972
1526.000000	-0.011512
1527.000000	0.011370
1528.000000	0.033962
1529.000000	0.036169
1530.000000	0.024155
1531.000000	0.009757
1532.000000	0.001258
1533.000000	0.002611
1534.000000	0.004012
1535.000000	-0.003306
1536.000000	-0.010208
1537.000000	-0.006126
1538.000000	0.007348
1539.000000	0.023993
1540.000000	0.031238
1541.000000	0.020260
1542.000000	0.003580
1543.000000	-0.004784
1544.000000	-0.006177
1545.000000	-0.005624
1546.000000	-0.007497
1547.000000	-0.012677
1548.000000	-0.008719
1549.000000	0.014374
1550.000000	0.043495
1551.000000	0.062552
1552.000000	0.066637
1553.000000	0.056420
1554.000000	0.043710
1555.000000	0.040737
1556.000000	0.050264
1557.000000	0.070430
1558.000000	0.090339
1559.000000	0.097657
1560.000000	0.083321
1561.000000	0.047028
1562.000000	0.020253
1563.000000	0.031019
1564.000000	0.061777
1565.000000	0.086988
1566.000000	0.094737
1567.000000	0.082414
1568.000000	0.071019
1569.000000	0.080466
1570.000000	0.102705
1571.000000	0.124498
1572.000000	0.139814
1573.000000	0.145378
1574.000000	0.141734
1575.000000	0.132749
1576.000000	0.131749
1577.000000	0.149107
1578.000000	0.173912
1579.000000	0.191665
1580.000000	0.194809
1581.000000	0.181934
1582.000000	0.169270
1583.000000	0.171235
1584.000000	0.177344
1585.000000	0.174348
1586.000000	0.162826
1587.000000	0.148103
1588.000000	0.140653
1589.000000	0.147749
1590.000000	0.158727
1591.000000	0.161441
1592.000000	0.155767
1593.000000	0.144617
1594.000000	0.131016
1595.000000	0.116975
1596.000000	0.100346
1597.000000	0.080221
1598.000000	0.064829
1599.000000	0.062368
1600.000000	0.071789
1601.000000	0.088520
1602.000000	0.103143
1603.000000	0.108329
1604.000000	0.109960
1605.000000	0.114683
1606.000000	0.119003
1607.000000	0.117671
1608.000000	0.108566
1609.000000	0.092966
1610.000000	0.082605
1611.000000	0.087119
1612.000000	0.097278
1613.000000	0.101489
1614.000000	0.097558
1615.000000	0.087088
1616.000000	0.077460
1617.000000	0.074209
1618.000000	0.069707
1619.000000	0.056732
1620.000000	0.042847
1621.000000	0.038021
1622.000000	0.047059
1623.000000	0.069353
1624.000000	0.087800
1625.000000	0.086822
1626.000000	0.073439
1627.000000	0.058733
1628.000000	0.047438
1629.000000	0.041652
1630.000000	0.039291
1631.000000	0.038314
1632.000000	0.041036
1633.000000	0.049387
1634.000000	0.059406
1635.000000	0.066243
1636.000000	0.067396
1637.000000	0.062559
1638.000000	0.057871
1639.000000	0.059133
1640.000000	0.064345
1641.000000	0.070106
1642.000000	0.075223
1643.000000	0.079330
1644.000000	0.083177
1645.000000	0.086914
1646.000000	0.087176
1647.000000	0.081583
1648.000000	0.075212
1649.000000	0.074019
1650.000000	0.080026
1651.000000	0.091927
1652.000000	0.099033
1653.000000	0.093299
1654.000000	0.086652
1655.000000	0.092009
1656.000000	0.106278
1657.000000	0.121342
1658.000000	0.124987
1659.000000	0.110160
1660.000000	0.094547
1661.000000	0.095734
1662.000000	0.106171
1663.000000	0.113824
1664.000000	0.113867
1665.000000	0.106672
1666.000000	0.106184
1667.000000	0.123644
1668.000000	0.145888
1669.000000	0.157209
1670.000000	0.156136
1671.000000	0.145748
1672.000000	0.133087
1673.000000	0.124255
1674.000000	0.117617
1675.000000	0.110879
1676.000000	0.106831
1677.000000	0.108420
1678.000000	0.114126
1679.000000	0.120354
1680.000000	0.119683
1681.000000	0.106917
1682.000000	0.089578
1683.000000	0.076522
1684.000000	0.069207
1685.000000	0.066821
1686.000000	0.066859
1687.000000	0.066807
1688.000000	0.065805
1689.000000	0.063305
1690.000000	0.058369
1691.000000	0.050441
1692.000000	0.040897
1693.000000	0.031737
1694.000000	0.025519
1695.000000	0.024172
1696.000000	0.026532
1697.000000	0.030193
1698.000000	0.030859
1699.000000	0.025767
1700.000000	0.020188
1701.000000	0.019467
1702.000000	0.021229
1703.000000	0.022080
1704.000000	0.022269
1705.000000	0.022708
1706.000000	0.023309
1707.000000	0.023822
1708.000000	0.024349
1709.000000	0.024980
1710.000000	0.025389
1711.000000	0.025474
1712.000000	0.026429
1713.000000	0.028579
1714.000000	0.027470
1715.000000	0.019765
1716.000000	0.011372
1717.000000	0.008022
1718.000000	0.005501
1719.000000	-0.001053
1720.000000	-0.009148
1721.000000	-0.015049
1722.000000	-0.017397
1723.000000	-0.016433
1724.000000	-0.016432
1725.000000	-0.021028
1726.000000	-0.027273
1727.000000	-0.031161
1728.000000	-0.031051
1729.000000	-0.026382
1730.000000	-0.018565
1731.000000	-0.009899
1732.000000	-0.004266
1733.000000	-0.004707
1734.000000	-0.009317
1735.000000	-0.015154
1736.000000	-0.020084
1737.000000	-0.022825
1738.000000	-0.024698
1739.000000	-0.027032
1740.000000	-0.028586
1741.000000	-0.027848
1742.000000	-0.024796
1743.000000	-0.019944
1744.000000	-0.014469
1745.000000	-0.009910
1746.000000	-0.008583
1747.000000	-0.011891
1748.000000	-0.016804
1749.000000	-0.019774
1750.000000	-0.019616
1751.000000	-0.016238
1752.000000	-0.011551
1753.000000	-0.007930
1754.000000	-0.007609
1755.000000	-0.011735
1756.000000	-0.017249
1757.000000	-0.020494
1758.000000	-0.019636
1759.000000	-0.014314
1760.000000	-0.008232
1761.000000	-0.005116
1762.000000	-0.004713
1763.000000	-0.005948
1764.000000	-0.008448
1765.000000	-0.011991
1766.000000	-0.016269
1767.000000	-0.020961
1768.000000	-0.025780
1769.000000	-0.029975
1770.000000	-0.030903
1771.000000	-0.026341
1772.000000	-0.017627
1773.000000	-0.007458
1774.000000	-0.000405
1775.000000	-0.000005
1776.000000	-0.003778
1777.000000	-0.008404
1778.000000	-0.013215
1779.000000	-0.018112
1780.000000	-0.022612
1781.000000	-0.025998
1782.000000	-0.026993
1783.000000	-0.024545
1784.000000	-0.019062
1785.000000	-0.011649
1786.000000	-0.004730
1787.000000	-0.000812
1788.000000	-0.001400
1789.000000	-0.006866
1790.000000	-0.014041
1791.000000	-0.019730
1792.000000	-0.024182
1793.000000	-0.028196
1794.000000	-0.031343
1795.000000	-0.032835
1796.000000	-0.031689
1797.000000	-0.026845
1798.000000	-0.017140
1799.000000	-0.003222
1800.000000	0.006903
1801.000000	0.005639
1802.000000	-0.005605
1803.000000	-0.021092
1804.000000	-0.026784
1805.000000	-0.013078
1806.000000	0.003595
1807.000000	0.005492
1808.000000	-0.004349
1809.000000	-0.017797
1810.000000	-0.027142
1811.000000	-0.027098
1812.000000	-0.021651
1813.000000	-0.015855
1814.000000	-0.009754
1815.000000	-0.002820
1816.000000	0.002740
1817.000000	0.004339
1818.000000	0.000592
1819.000000	-0.008118
1820.000000	-0.015543
1821.000000	-0.016042
1822.000000	-0.012252
1823.000000	-0.008164
1824.000000	-0.004892
1825.000000	-0.002445
1826.000000	0.000722
1827.000000	0.005251
1828.000000	0.006632
1829.000000	0.001107
1830.000000	-0.006909
1831.000000	-0.011726
1832.000000	-0.010734
1833.000000	-0.003165
1834.000000	0.007459
1835.000000	0.016798
1836.000000	0.021519
1837.000000	0.019435
1838.000000	0.011948
1839.000000	0.001658
1840.000000	-0.007611
1841.000000	-0.011526
1842.000000	-0.004926
1843.000000	0.012715
1844.000000	0.022548
1845.000000	0.007851
1846.000000	-0.020217
1847.000000	-0.044067
1848.000000	-0.048271
1849.000000	-0.026197
1850.000000	-0.004241
1851.000000	-0.007454
1852.000000	-0.022482
1853.000000	-0.030265
1854.000000	-0.027329
1855.000000	-0.015741
1856.000000	-0.004150
1857.000000	-0.000453
1858.000000	-0.002970
1859.000000	-0.008100
1860.000000	-0.014136
1861.000000	-0.019433
1862.000000	-0.020704
1863.000000	-0.014502
1864.000000	0.001616
1865.000000	0.026205
1866.000000	0.043265
1867.000000	0.038963
1868.000000	0.022703
1869.000000	0.007901
1870.000000	0.000793
1871.000000	0.002976
1872.000000	0.004675
1873.000000	-0.002440
1874.000000	-0.009547
1875.000000	-0.006709
1876.000000	0.003318
1877.000000	0.014751
1878.000000	0.022387
1879.000000	0.022486
1880.000000	0.016569
1881.000000	0.007373
1882.000000	-0.002768
1883.000000	-0.011385
1884.000000	-0.015075
1885.000000	-0.011061
1886.000000	-0.000000
1887.000000	0.014987
1888.000000	0.024374
1889.000000	0.020191
1890.000000	0.007112
1891.000000	-0.007267
1892.000000	-0.016312
1893.000000	-0.014833
1894.000000	-0.002456
1895.000000	0.016598
1896.000000	0.024546
1897.000000	0.008209
1898.000000	-0.013606
1899.000000	-0.019537
1900.000000	-0.009987
1901.000000	0.007272
1902.000000	0.016744
1903.000000	0.006812
1904.000000	-0.010917
1905.000000	-0.021718
1906.000000	-0.021626
1907.000000	-0.010543
1908.000000	0.006918
1909.000000	0.024606
1910.000000	0.034922
1911.000000	0.031892
1912.000000	0.017496
1913.000000	-0.003237
1914.000000	-0.021043
1915.000000	-0.027501
1916.000000	-0.021809
1917.000000	-0.006712
1918.000000	0.008480
1919.000000	0.015223
1920.000000	0.014611
1921.000000	0.009687
1922.000000	0.001656
1923.000000	-0.008200
1924.000000	-0.016467
1925.000000	-0.019010
1926.000000	-0.010954
1927.000000	0.008338
1928.000000	0.021806
1929.000000	0.014210
1930.000000	-0.004715
1931.000000	-0.020486
1932.000000	-0.024593
1933.000000	-0.013536
1934.000000	0.002126
1935.000000	0.010931
1936.000000	0.011867
1937.000000	0.006837
1938.000000	-0.001041
1939.000000	-0.008468
1940.000000	-0.012647
1941.000000	-0.011579
1942.000000	-0.005961
1943.000000	0.002814
1944.000000	0.013272
1945.000000	0.023449
1946.000000	0.029495
1947.000000	0.027962
1948.000000	0.018898
1949.000000	0.004723
1950.000000	-0.006156
1951.000000	-0.007096
1952.000000	-0.004483
1953.000000	-0.006086
1954.000000	-0.012167
1955.000000	-0.020558
1956.000000	-0.026879
1957.000000	-0.026269
1958.000000	-0.014158
1959.000000	0.010027
1960.000000	0.031164
1961.000000	0.034414
1962.000000	0.021755
1963.000000	0.000248
1964.000000	-0.019529
1965.000000	-0.027934
1966.000000	-0.022578
1967.000000	-0.004723
1968.000000	0.017008
1969.000000	0.033530
1970.000000	0.041277
1971.000000	0.039050
1972.000000	0.029604
1973.000000	0.017214
1974.000000	0.008276
1975.000000	0.007308
1976.000000	0.009209
1977.000000	0.008211
1978.000000	0.005510
1979.000000	0.004024
1980.000000	0.006606
1981.000000	0.014263
1982.000000	0.020683
1983.000000	0.020211
1984.000000	0.017148
1985.000000	0.016573
1986.000000	0.016709
1987.000000	0.014367
1988.000000	0.007562
1989.000000	-0.002635
1990.000000	-0.004119
1991.000000	0.011081
1992.000000	0.023381
1993.000000	0.013753
1994.000000	-0.007062
1995.000000	-0.021622
1996.000000	-0.015457
1997.000000	0.016028
1998.000000	0.040898
1999.000000	0.030196
2000.000000	0.003398
2001.000000	-0.013392
2002.000000	-0.015978
2003.000000	-0.007153
2004.000000	0.004253
2005.000000	0.009884
2006.000000	0.009316
2007.000000	0.003956
2008.000000	-0.005402
2009.000000	-0.017126
2010.000000	-0.025635
2011.000000	-0.025382
2012.000000	-0.014916
2013.000000	0.003775
2014.000000	0.019054
2015.000000	0.020049
2016.000000	0.008610
2017.000000	-0.009430
2018.000000	-0.025039
2019.000000	-0.029934
2020.000000	-0.022032
2021.000000	-0.004237
2022.000000	0.006817
2023.000000	-0.002287
2024.000000	-0.018351
2025.000000	-0.025320
2026.000000	-0.022323
2027.000000	-0.012810
2028.000000	-0.002318
2029.000000	0.004534
2030.000000	0.008894
2031.000000	0.012843
2032.000000	0.016428
2033.000000	0.019159
2034.000000	0.020445
2035.000000	0.019685
2036.000000	0.016338
2037.000000	0.009933
2038.000000	0.000221
2039.000000	-0.011307
2040.000000	-0.016419
2041.000000	-0.008495
2042.000000	0.005894
2043.000000	0.017661
2044.000000	0.020828
2045.000000	0.012460
2046.000000	-0.001329
2047.000000	-0.012984
2048.000000	-0.018228
2049.000000	-0.015215
2050.000000	-0.008538
2051.000000	-0.003374
2052.000000	-0.000785
2053.000000	0.000635
2054.000000	0.008044
2055.000000	0.025241
2056.000000	0.036840
2057.000000	0.028882
2058.000000	0.012315
2059.000000	0.002086
2060.000000	0.004228
2061.000000	0.019591
2062.000000	0.037195
2063.000000	0.045452
2064.000000	0.042164
2065.000000	0.029052
2066.000000	0.014137
2067.000000	0.005239
2068.000000	0.003092
2069.000000	0.005444
2070.000000	0.005187
2071.000000	-0.002291
2072.000000	-0.006768
2073.000000	0.000914
2074.000000	0.010810
2075.000000	0.011318
2076.000000	0.003308
2077.000000	-0.008080
2078.000000	-0.013101
2079.000000	-0.005351
2080.000000	0.003596
2081.000000	0.001972
2082.000000	-0.004786
2083.000000	-0.008661
2084.000000	-0.008512
2085.000000	-0.005412
2086.000000	-0.002398
2087.000000	-0.001662
2088.000000	-0.000041
2089.000000	0.005450
2090.000000	0.011737
2091.000000	0.014796
2092.000000	0.012863
2093.000000	0.005504
2094.000000	-0.004651
2095.000000	-0.013272
2096.000000	-0.012299
2097.000000	0.002649
2098.000000	0.017517
2099.000000	0.018319
2100.000000	0.009773
2101.000000	0.000560
2102.000000	-0.003497
2103.000000	-0.000239
2104.000000	0.000687
2105.000000	-0.008705
2106.000000	-0.017962
2107.000000	-0.015464
2108.000000	-0.003359
2109.000000	0.012468
2110.000000	0.024965
2111.000000	0.027757
2112.000000	0.018361
2113.000000	-0.001621
2114.000000	-0.018129
2115.000000	-0.018416
2116.000000	-0.007437
2117.000000	0.005860
2118.000000	0.014266
2119.000000	0.012464
2120.000000	0.000959
2121.000000	-0.015780
2122.000000	-0.023252
2123.000000	-0.011119
2124.000000	0.004267
2125.000000	0.005385
2126.000000	-0.003284
2127.000000	-0.011274
2128.000000	-0.006181
2129.000000	0.016597
2130.000000	0.028521
2131.000000	0.005697
2132.000000	-0.024051
2133.000000	-0.029153
2134.000000	-0.014758
2135.000000	0.004793
2136.000000	0.015122
2137.000000	0.008149
2138.000000	0.001025
2139.000000	0.010449
2140.000000	0.026078
2141.000000	0.034053
2142.000000	0.033495
2143.000000	0.027263
2144.000000	0.020187
2145.000000	0.017080
2146.000000	0.020712
2147.000000	0.030382
2148.000000	0.033541
2149.000000	0.020177
2150.000000	0.002272
2151.000000	-0.005936
2152.000000	-0.003171
2153.000000	0.006530
2154.000000	0.010854
2155.000000	0.000518
2156.000000	-0.013362
2157.000000	-0.018012
2158.000000	-0.014419
2159.000000	-0.006520
2160.000000	0.003703
2161.000000	0.014657
2162.000000	0.024351
2163.000000	0.029776
2164.000000	0.024251
2165.000000	0.004741
2166.000000	-0.013523
2167.000000	-0.015377
2168.000000	-0.004191
2169.000000	0.011766
2170.000000	0.023157
2171.000000	0.022607
2172.000000	0.011640
2173.000000	-0.004540
2174.000000	-0.014915
2175.000000	-0.010697
2176.000000	0.002182
2177.000000	0.015019
2178.000000	0.022760
2179.000000	0.022748
2180.000000	0.018265
2181.000000	0.012671
2182.000000	0.003694
2183.000000	-0.010275
2184.000000	-0.022552
2185.000000	-0.026194
2186.000000	-0.021505
2187.000000	-0.011299
2188.000000	-0.001172
2189.000000	0.003848
2190.000000	0.003788
2191.000000	-0.000267
2192.000000	-0.008064
2193.000000	-0.018467
2194.000000	-0.025983
2195.000000	-0.025082
2196.000000	-0.014433
2197.000000	0.004618
2198.000000	0.024211
2199.000000	0.036079
2200.000000	0.036855
2201.000000	0.026140
2202.000000	0.010520
2203.000000	-0.002606
2204.000000	-0.009578
2205.000000	-0.008799
2206.000000	-0.003194
2207.000000	0.003700
2208.000000	0.010421
2209.000000	0.016022
2210.000000	0.019556
2211.000000	0.020341
2212.000000	0.018769
2213.000000	0.015649
2214.000000	0.012378
2215.000000	0.010434
2216.000000	0.011038
2217.000000	0.014815
2218.000000	0.020271
2219.000000	0.024938
2220.000000	0.024580
2221.000000	0.016200
2222.000000	0.003517
2223.000000	-0.007176
2224.000000	-0.006010
2225.000000	0.012425
2226.000000	0.032133
2227.000000	0.036725
2228.000000	0.029644
2229.000000	0.018242
2230.000000	0.005685
2231.000000	-0.006312
2232.000000	-0.017651
2233.000000	-0.027076
2234.000000	-0.027087
2235.000000	-0.013000
2236.000000	0.002359
2237.000000	0.006239
2238.000000	0.003688
2239.000000	0.003086
2240.000000	0.008351
2241.000000	0.019413
2242.000000	0.024724
2243.000000	0.015271
2244.000000	0.003672
2245.000000	0.003026
2246.000000	0.006724
2247.000000	0.005666
2248.000000	0.000483
2249.000000	-0.004868
2250.000000	-0.002871
2251.000000	0.011447
2252.000000	0.029332
2253.000000	0.040645
2254.000000	0.043444
2255.000000	0.038891
2256.000000	0.032375
2257.000000	0.029338
2258.000000	0.031195
2259.000000	0.036684
2260.000000	0.037846
2261.000000	0.028843
2262.000000	0.019025
2263.000000	0.017777
2264.000000	0.019444
2265.000000	0.016792
2266.000000	0.011309
2267.000000	0.007227
2268.000000	0.011032
2269.000000	0.025718
2270.000000	0.038047
2271.000000	0.035521
2272.000000	0.024840
2273.000000	0.015538
2274.000000	0.009281
2275.000000	0.006320
2276.000000	0.009120
2277.000000	0.018491
2278.000000	0.026408
2279.000000	0.025575
2280.000000	0.020446
2281.000000	0.016865
2282.000000	0.014485
2283.000000	0.013057
2284.000000	0.018910
2285.000000	0.035393
2286.000000	0.047366
2287.000000	0.041081
2288.000000	0.026845
2289.000000	0.018577
2290.000000	0.020593
2291.000000	0.032690
2292.000000	0.046194
2293.000000	0.051882
2294.000000	0.046807
2295.000000	0.031951
2296.000000	0.017719
2297.000000	0.013938
2298.000000	0.018687
2299.000000	0.026920
2300.000000	0.032836
2301.000000	0.032023
2302.000000	0.026370
2303.000000	0.019692
2304.000000	0.017209
2305.000000	0.022932
2306.000000	0.034637
2307.000000	0.048332
2308.000000	0.059180
2309.000000	0.062768
2310.000000	0.057210
2311.000000	0.042845
2312.000000	0.026389
2313.000000	0.015998
2314.000000	0.019217
2315.000000	0.038488
2316.000000	0.056440
2317.000000	0.056669
2318.000000	0.046437
2319.000000	0.036836
2320.000000	0.030599
2321.000000	0.027909
2322.000000	0.027109
2323.000000	0.026894
2324.000000	0.029218
2325.000000	0.035844
2326.000000	0.044524
2327.000000	0.052170
2328.000000	0.056341
2329.000000	0.055494
2330.000000	0.051027
2331.000000	0.045068
2332.000000	0.039718
2333.000000	0.035922
2334.000000	0.030043
2335.000000	0.018795
2336.000000	0.004894
2337.000000	-0.007232
2338.000000	-0.012302
2339.000000	-0.006499
2340.000000	0.007301
2341.000000	0.023675
2342.000000	0.033716
2343.000000	0.031114
2344.000000	0.023422
2345.000000	0.019532
2346.000000	0.019810
2347.000000	0.022356
2348.000000	0.024721
2349.000000	0.024995
2350.000000	0.023973
2351.000000	0.023897
2352.000000	0.030102
2353.000000	0.044714
2354.000000	0.053922
2355.000000	0.045813
2356.000000	0.031998
2357.000000	0.026518
2358.000000	0.029621
2359.000000	0.036990
2360.000000	0.039840
2361.000000	0.032278
2362.000000	0.024437
2363.000000	0.026598
2364.000000	0.033608
2365.000000	0.038093
2366.000000	0.039213
2367.000000	0.037663
2368.000000	0.033729
2369.000000	0.027556
2370.000000	0.019145
2371.000000	0.009094
2372.000000	0.000541
2373.000000	-0.002560
2374.000000	0.004468
2375.000000	0.022769
2376.000000	0.038633
2377.000000	0.037966
2378.000000	0.019988
2379.000000	-0.008952
2380.000000	-0.027306
2381.000000	-0.017222
2382.000000	0.009158
2383.000000	0.032874
2384.000000	0.037697
2385.000000	0.014794
2386.000000	-0.017805
2387.000000	-0.037939
2388.000000	-0.033795
2389.000000	-0.004164
2390.000000	0.020093
2391.000000	0.011704
2392.000000	-0.010191
2393.000000	-0.020790
2394.000000	-0.019062
2395.000000	-0.010190
2396.000000	-0.000456
2397.000000	0.004751
2398.000000	0.004699
2399.000000	0.001462
2400.000000	0.003670
2401.000000	0.017277
2402.000000	0.030965
2403.000000	0.033050
2404.000000	0.027660
2405.000000	0.021778
2406.000000	0.017996
2407.000000	0.016880
2408.000000	0.015275
2409.000000	0.010884
2410.000000	0.008552
2411.000000	0.012064
2412.000000	0.013829
2413.000000	0.007542
2414.000000	0.003410
2415.000000	0.011867
2416.000000	0.027732
2417.000000	0.040530
2418.000000	0.034215
2419.000000	0.000836
2420.000000	-0.029619
2421.000000	-0.028572
2422.000000	-0.011037
2423.000000	0.001791
2424.000000	0.007590
2425.000000	0.009039
2426.000000	0.009964
2427.000000	0.013270
2428.000000	0.017040
2429.000000	0.018670
2430.000000	0.017618
2431.000000	0.014945
2432.000000	0.016048
2433.000000	0.024745
2434.000000	0.034202
2435.000000	0.036311
2436.000000	0.028516
2437.000000	0.011855
2438.000000	-0.003806
2439.000000	-0.010135
2440.000000	-0.013765
2441.000000	-0.021176
2442.000000	-0.023286
2443.000000	-0.011234
2444.000000	0.007383
2445.000000	0.022027
2446.000000	0.026850
2447.000000	0.020265
2448.000000	0.013041
2449.000000	0.015705
2450.000000	0.025448
2451.000000	0.035922
2452.000000	0.039963
2453.000000	0.033263
2454.000000	0.023756
2455.000000	0.020869
2456.000000	0.027757
2457.000000	0.042926
2458.000000	0.052569
2459.000000	0.045240
2460.000000	0.031261
2461.000000	0.023173
2462.000000	0.020620
2463.000000	0.020200
2464.000000	0.019221
2465.000000	0.015685
2466.000000	0.009642
2467.000000	0.002095
2468.000000	-0.004207
2469.000000	-0.006259
2470.000000	-0.001785
2471.000000	0.009841
2472.000000	0.023380
2473.000000	0.032664
2474.000000	0.033685
2475.000000	0.024555
2476.000000	0.009702
2477.000000	-0.004254
2478.000000	-0.008252
2479.000000	0.003062
2480.000000	0.017758
2481.000000	0.023651
2482.000000	0.024816
2483.000000	0.027630
2484.000000	0.031419
2485.000000	0.033750
2486.000000	0.032217
2487.000000	0.025589
2488.000000	0.017320
2489.000000	0.011590
2490.000000	0.010800
2491.000000	0.015713
2492.000000	0.022315
2493.000000	0.026316
2494.000000	0.027096
2495.000000	0.025121
2496.000000	0.021529
2497.000000	0.017322
2498.000000	0.012290
2499.000000	0.006751
2500.000000	0.004341
2501.000000	0.007433
2502.000000	0.010011
2503.000000	0.005698
2504.000000	-0.004948
2505.000000	-0.018737
2506.000000	-0.028881
2507.000000	-0.028722
2508.000000	-0.015733
2509.000000	0.007978
2510.000000	0.025885
2511.000000	0.023911
2512.000000	0.012200
2513.000000	0.004254
2514.000000	0.002791
2515.000000	0.007344
2516.000000	0.015503
2517.000000	0.024748
2518.000000	0.034062
2519.000000	0.042028
2520.000000	0.044136
2521.000000	0.037291
2522.000000	0.027161
2523.000000	0.019590
2524.000000	0.012350
2525.000000	0.002415
2526.000000	-0.008366
2527.000000	-0.016614
2528.000000	-0.017700
2529.000000	-0.009656
2530.000000	-0.002414
2531.000000	-0.004223
2532.000000	-0.004698
2533.000000	0.006497
2534.000000	0.020866
2535.000000	0.027658
2536.000000	0.025927
2537.000000	0.018236
2538.000000	0.011365
2539.000000	0.010231
2540.000000	0.008084
2541.000000	-0.001097
2542.000000	-0.008763
2543.000000	-0.006873
2544.000000	-0.004000
2545.000000	-0.009553
2546.000000	-0.019680
2547.000000	-0.027433
2548.000000	-0.026748
2549.000000	-0.015123
2550.000000	-0.003437
2551.000000	-0.001818
2552.000000	-0.004026
2553.000000	-0.002139
2554.000000	0.002127
2555.000000	0.004793
2556.000000	0.002468
2557.000000	-0.006376
2558.000000	-0.016418
2559.000000	-0.020428
2560.000000	-0.010395
2561.000000	0.015368
2562.000000	0.032468
2563.000000	0.020631
2564.000000	0.002131
2565.000000	0.001829
2566.000000	0.012395
2567.000000	0.020238
2568.000000	0.018926
2569.000000	0.007047
2570.000000	-0.003899
2571.000000	-0.002832
2572.000000	0.006739
2573.000000	0.017355
2574.000000	0.020337
2575.000000	0.010514
2576.000000	-0.002024
2577.000000	-0.006415
2578.000000	-0.003970
2579.000000	0.000552
2580.000000	0.000765
2581.000000	-0.006116
2582.000000	-0.006859
2583.000000	0.008523
2584.000000	0.021016
2585.000000	0.012541
2586.000000	-0.002233
2587.000000	-0.005458
2588.000000	0.000674
2589.000000	0.008742
2590.000000	0.010442
2591.000000	0.000669
2592.000000	-0.012004
2593.000000	-0.018072
2594.000000	-0.017987
2595.000000	-0.014080
2596.000000	-0.006238
2597.000000	0.005403
2598.000000	0.017279
2599.000000	0.025134
2600.000000	0.025378
2601.000000	0.015971
2602.000000	0.000420
2603.000000	-0.014227
2604.000000	-0.012298
2605.000000	0.013725
2606.000000	0.030122
2607.000000	0.007570
2608.000000	-0.024432
2609.000000	-0.031337
2610.000000	-0.017229
2611.000000	0.003122
2612.000000	0.010819
2613.000000	-0.004560
2614.000000	-0.015425
2615.000000	0.001735
2616.000000	0.016093
2617.000000	-0.002726
2618.000000	-0.028957
2619.000000	-0.032230
2620.000000	-0.019911
2621.000000	-0.007449
2622.000000	-0.004903
2623.000000	-0.016392
2624.000000	-0.027673
2625.000000	-0.024440
2626.000000	-0.010484
2627.000000	0.006260
2628.000000	0.019383
2629.000000	0.023872
2630.000000	0.018770
2631.000000	0.005435
2632.000000	-0.009578
2633.000000	-0.019219
2634.000000	-0.019643
2635.000000	-0.009745
2636.000000	0.003821
2637.000000	0.013148
2638.000000	0.013064
2639.000000	0.002002
2640.000000	-0.009910
2641.000000	-0.012132
2642.000000	-0.004162
2643.000000	0.010863
2644.000000	0.025287
2645.000000	0.031557
2646.000000	0.027065
2647.000000	0.012386
2648.000000	-0.004103
2649.000000	-0.013910
2650.000000	-0.015883
2651.000000	-0.011653
2652.000000	-0.006631
2653.000000	-0.005355
2654.000000	-0.005073
2655.000000	-0.001633
2656.000000	0.007440
2657.000000	0.022153
2658.000000	0.034306
2659.000000	0.035511
2660.000000	0.024814
2661.000000	0.006087
2662.000000	-0.004944
2663.000000	0.004442
2664.000000	0.023081
2665.000000	0.036094
2666.000000	0.037637
2667.000000	0.027032
2668.000000	0.015236
2669.000000	0.012992
2670.000000	0.018541
2671.000000	0.026035
2672.000000	0.025765
2673.000000	0.012059
2674.000000	-0.000745
2675.000000	0.001639
2676.000000	0.013276
2677.000000	0.023756
2678.000000	0.024983
2679.000000	0.013105
2680.000000	-0.001079
2681.000000	-0.006627
2682.000000	-0.006667
2683.000000	-0.005777
2684.000000	-0.000263
2685.000000	0.013164
2686.000000	0.027898
2687.000000	0.035461
2688.000000	0.029777
2689.000000	0.009609
2690.000000	-0.009317
2691.000000	-0.012543
2692.000000	-0.007633
2693.000000	-0.004630
2694.000000	-0.001483
2695.000000	0.004274
2696.000000	0.004667
2697.000000	-0.005486
2698.000000	-0.009763
2699.000000	0.006683
2700.000000	0.030802
2701.000000	0.046112
2702.000000	0.050302
2703.000000	0.044674
2704.000000	0.030804
2705.000000	0.011484
2706.000000	-0.005900
2707.000000	-0.014158
2708.000000	-0.011481
2709.000000	0.001175
2710.000000	0.017178
2711.000000	0.029360
2712.000000	0.034076
2713.000000	0.030198
2714.000000	0.023156
2715.000000	0.020065
2716.000000	0.028232
2717.000000	0.049134
2718.000000	0.060735
2719.000000	0.044641
2720.000000	0.020553
2721.000000	0.011743
2722.000000	0.017687
2723.000000	0.031408
2724.000000	0.043907
2725.000000	0.048894
2726.000000	0.052923
2727.000000	0.061343
2728.000000	0.061840
2729.000000	0.044538
2730.000000	0.026984
2731.000000	0.027087
2732.000000	0.036781
2733.000000	0.043362
2734.000000	0.041545
2735.000000	0.029796
2736.000000	0.014170
2737.000000	0.001749
2738.000000	-0.003857
2739.000000	-0.000871
2740.000000	0.008622
2741.000000	0.020280
2742.000000	0.024595
2743.000000	0.015139
2744.000000	0.002979
2745.000000	0.000293
2746.000000	0.006208
2747.000000	0.016061
2748.000000	0.023064
2749.000000	0.022682
2750.000000	0.021500
2751.000000	0.025741
2752.000000	0.029057
2753.000000	0.024894
2754.000000	0.018430
2755.000000	0.015634
2756.000000	0.013898
2757.000000	0.009765
2758.000000	0.004966
2759.000000	0.002235
2760.000000	0.003130
2761.000000	0.007364
2762.000000	0.008443
2763.000000	0.001069
2764.000000	-0.009062
2765.000000	-0.015456
2766.000000	-0.019409
2767.000000	-0.022598
2768.000000	-0.020430
2769.000000	-0.009577
2770.000000	0.001961
2771.000000	0.005056
2772.000000	-0.002610
2773.000000	-0.018141
2774.000000	-0.024601
2775.000000	-0.008033
2776.000000	0.019568
2777.000000	0.041591
2778.000000	0.048920
2779.000000	0.036829
2780.000000	0.010649
2781.000000	-0.020296
2782.000000	-0.040777
2783.000000	-0.038401
2784.000000	-0.018025
2785.000000	0.008477
2786.000000	0.018426
2787.000000	-0.003208
2788.000000	-0.030038
2789.000000	-0.035696
2790.000000	-0.035294
2791.000000	-0.046889
2792.000000	-0.058828
2793.000000	-0.056199
2794.000000	-0.040762
2795.000000	-0.019335
2796.000000	-0.002284
2797.000000	0.002314
2798.000000	-0.000902
2799.000000	-0.005457
2800.000000	-0.010251
2801.000000	-0.014335
2802.000000	-0.011978
2803.000000	-0.000144
2804.000000	0.008638
2805.000000	0.002352
2806.000000	-0.013412
2807.000000	-0.029157
2808.000000	-0.037357
2809.000000	-0.033758
2810.000000	-0.025212
2811.000000	-0.019117
2812.000000	-0.013955
2813.000000	-0.007861
2814.000000	-0.006512
2815.000000	-0.014834
2816.000000	-0.027202
2817.000000	-0.036274
2818.000000	-0.038396
2819.000000	-0.032208
2820.000000	-0.021828
2821.000000	-0.012454
2822.000000	-0.008117
2823.000000	-0.010883
2824.000000	-0.016134
2825.000000	-0.018477
2826.000000	-0.016106
2827.000000	-0.008439
2828.000000	0.003813
2829.000000	0.018311
2830.000000	0.027512
2831.000000	0.025440
2832.000000	0.017598
2833.000000	0.011655
2834.000000	0.012469
2835.000000	0.020968
2836.000000	0.025171
2837.000000	0.015984
2838.000000	0.008766
2839.000000	0.019212
2840.000000	0.039902
2841.000000	0.058688
2842.000000	0.067635
2843.000000	0.063436
2844.000000	0.057082
2845.000000	0.060776
2846.000000	0.077257
2847.000000	0.103863
2848.000000	0.125781
2849.000000	0.130606
2850.000000	0.127706
2851.000000	0.129648
2852.000000	0.140031
2853.000000	0.158789
2854.000000	0.180179
2855.000000	0.198936
2856.000000	0.217396
2857.000000	0.237889
2858.000000	0.255122
2859.000000	0.262867
2860.000000	0.258780
2861.000000	0.245997
2862.000000	0.245694
2863.000000	0.273701
2864.000000	0.306423
2865.000000	0.319460
2866.000000	0.324627
2867.000000	0.338101
2868.000000	0.357300
2869.000000	0.376230
2870.000000	0.394017
2871.000000	0.411178
2872.000000	0.428678
2873.000000	0.446440
2874.000000	0.459776
2875.000000	0.465933
2876.000000	0.474523
2877.000000	0.492526
2878.000000	0.504050
2879.000000	0.493967
2880.000000	0.473094
2881.000000	0.456390
2882.000000	0.449438
2883.000000	0.453044
2884.000000	0.458286
2885.000000	0.455949
2886.000000	0.445373
2887.000000	0.430897
2888.000000	0.428295
2889.000000	0.449315
2890.000000	0.478169
2891.000000	0.496298
2892.000000	0.501592
2893.000000	0.498273
2894.000000	0.499438
2895.000000	0.515652
2896.000000	0.538477
2897.000000	0.556104
2898.000000	0.562250
2899.000000	0.555699
2900.000000	0.549981
2901.000000	0.557538
2902.000000	0.571717
2903.000000	0.583271
2904.000000	0.591669
2905.000000	0.597581
2906.000000	0.597774
2907.000000	0.591624
2908.000000	0.592833
2909.000000	0.614412
2910.000000	0.652273
2911.000000	0.696917
2912.000000	0.734300
2913.000000	0.753597
2914.000000	0.761395
2915.000000	0.766855
2916.000000	0.772020
2917.000000	0.777609
2918.000000	0.786177
2919.000000	0.799301
2920.000000	0.812831
2921.000000	0.824248
2922.000000	0.843299
2923.000000	0.877691
2924.000000	0.914708
2925.000000	0.938481
2926.000000	0.940946
2927.000000	0.924271
2928.000000	0.923734
2929.000000	0.964728
2930.000000	1.000000
2931.000000	0.984449
2932.000000	0.954228
2933.000000	0.951633
2934.000000	0.962288
2935.000000	0.964007
2936.000000	0.960046
2937.000000	0.958226
2938.000000	0.959178
2939.000000	0.959567
2940.000000	0.947393
2941.000000	0.915780
2942.000000	0.887014
2943.000000	0.880023
2944.000000	0.871130
2945.000000	0.836642
2946.000000	0.795405
2947.000000	0.770040
2948.000000	0.755724
2949.000000	0.742419
2950.000000	0.726683
2951.000000	0.707859
2952.000000	0.689831
2953.000000	0.676156
2954.000000	0.664536
2955.000000	0.651347
2956.000000	0.633525
2957.000000	0.610553
2958.000000	0.591547
2959.000000	0.585627
2960.000000	0.592287
2961.000000	0.605936
2962.000000	0.610263
2963.000000	0.593426
2964.000000	0.572192
2965.000000	0.565735
2966.000000	0.574259
2967.000000	0.589707
2968.000000	0.589959
2969.000000	0.560062
2970.000000	0.527785
2971.000000	0.519852
2972.000000	0.516088
2973.000000	0.494252
2974.000000	0.470735
2975.000000	0.464572
2976.000000	0.466732
2977.000000	0.463370
2978.000000	0.449459
2979.000000	0.424811
2980.000000	0.399767
2981.000000	0.385158
2982.000000	0.383246
2983.000000	0.391477
2984.000000	0.396599
2985.000000	0.387288
2986.000000	0.370623
2987.000000	0.355427
2988.000000	0.339082
2989.000000	0.317369
2990.000000	0.291090
2991.000000	0.263104
2992.000000	0.239473
2993.000000	0.225956
2994.000000	0.223904
2995.000000	0.231629
2996.000000	0.239695
2997.000000	0.237628
2998.000000	0.218561
2999.000000	0.182113
3000.000000	0.150233
3001.000000	0.141992
3002.000000	0.142606
3003.000000	0.134890
3004.000000	0.125920
3005.000000	0.124095
3006.000000	0.118852
3007.000000	0.099634
3008.000000	0.074865
3009.000000	0.056995
3010.000000	0.055605
3011.000000	0.073436
3012.000000	0.088750
3013.000000	0.082786
3014.000000	0.073176
3015.000000	0.077121
3016.000000	0.073698
3017.000000	0.044345
3018.000000	0.018058
3019.000000	0.024073
3020.000000	0.045019
3021.000000	0.056249
3022.000000	0.050606
3023.000000	0.029431
3024.000000	0.010564
3025.000000	0.010586
3026.000000	0.024556
3027.000000	0.039965
3028.000000	0.035560
3029.000000	-0.001127
3030.000000	-0.038681
3031.000000	-0.046740
3032.000000	-0.043026
3033.000000	-0.049156
3034.000000	-0.054229
3035.000000	-0.043713
3036.000000	-0.021073
3037.000000	0.004961
3038.000000	0.022595
3039.000000	0.023215
3040.000000	0.013985
3041.000000	0.005699
3042.000000	0.007908
3043.000000	0.025122
3044.000000	0.042948
3045.000000	0.047280
3046.000000	0.044074
3047.000000	0.041824
3048.000000	0.039124
3049.000000	0.033104
3050.000000	0.024945
3051.000000	0.016293
3052.000000	0.006597
3053.000000	-0.004117
3054.000000	-0.011316
3055.000000	-0.010130
3056.000000	0.001145
3057.000000	0.019920
3058.000000	0.029599
3059.000000	0.019178
3060.000000	0.014027
3061.000000	0.036997
3062.000000	0.064504
3063.000000	0.070649
3064.000000	0.066730
3065.000000	0.068610
3066.000000	0.073231
3067.000000	0.073748
3068.000000	0.067087
3069.000000	0.053067
3070.000000	0.039308
3071.000000	0.033051
3072.000000	0.032230
3073.000000	0.033088
3074.000000	0.034408
3075.000000	0.034526
3076.000000	0.027461
3077.000000	0.010455
3078.000000	-0.002046
3079.000000	0.002623
3080.000000	0.012794
3081.000000	0.015755
3082.000000	0.018934
3083.000000	0.030622
3084.000000	0.042405
3085.000000	0.042821
3086.000000	0.024917
3087.000000	-0.009801
3088.000000	-0.030499
3089.000000	-0.013076
3090.000000	0.010307
3091.000000	0.006448
3092.000000	-0.005760
3093.000000	-0.004102
3094.000000	-0.005182
3095.000000	-0.025069
3096.000000	-0.038889
3097.000000	-0.022020
3098.000000	0.008209
3099.000000	0.027031
3100.000000	0.021880
3101.000000	-0.009520
3102.000000	-0.040485
3103.000000	-0.044962
3104.000000	-0.028386
3105.000000	-0.005393
3106.000000	0.004056
3107.000000	-0.011456
3108.000000	-0.023852
3109.000000	-0.007559
3110.000000	0.013495
3111.000000	0.012160
3112.000000	-0.002105
3113.000000	-0.013282
3114.000000	-0.015729
3115.000000	-0.008264
3116.000000	0.002815
3117.000000	0.010567
3118.000000	0.012944
3119.000000	0.009283
3120.000000	-0.000439
3121.000000	-0.013505
3122.000000	-0.016873
3123.000000	-0.001689
3124.000000	0.013835
3125.000000	0.010819
3126.000000	-0.005208
3127.000000	-0.023275
3128.000000	-0.035045
3129.000000	-0.035211
3130.000000	-0.027955
3131.000000	-0.019871
3132.000000	-0.017709
3133.000000	-0.025317
3134.000000	-0.034791
3135.000000	-0.036143
3136.000000	-0.022807
3137.000000	0.005005
3138.000000	0.023393
3139.000000	0.012164
3140.000000	-0.010350
3141.000000	-0.022178
3142.000000	-0.025328
3143.000000	-0.025640
3144.000000	-0.020310
3145.000000	-0.006924
3146.000000	0.006723
3147.000000	0.012798
3148.000000	0.013534
3149.000000	0.013325
3150.000000	0.015136
3151.000000	0.019312
3152.000000	0.017132
3153.000000	0.001492
3154.000000	-0.019192
3155.000000	-0.032664
3156.000000	-0.026845
3157.000000	0.001723
3158.000000	0.022182
3159.000000	0.007984
3160.000000	-0.015850
3161.000000	-0.020700
3162.000000	-0.015118
3163.000000	-0.013545
3164.000000	-0.016808
3165.000000	-0.021173
3166.000000	-0.018269
3167.000000	-0.002486
3168.000000	0.016099
3169.000000	0.025626
3170.000000	0.022791
3171.000000	0.009337
3172.000000	-0.001372
3173.000000	0.001637
3174.000000	0.008142
3175.000000	0.006213
3176.000000	-0.001733
3177.000000	-0.010901
3178.000000	-0.021338
3179.000000	-0.032003
3180.000000	-0.032669
3181.000000	-0.015739
3182.000000	0.006676
3183.000000	0.019867
3184.000000	0.018445
3185.000000	0.003250
3186.000000	-0.009268
3187.000000	-0.005289
3188.000000	0.002876
3189.000000	0.000805
3190.000000	-0.008239
3191.000000	-0.017104
3192.000000	-0.020781
3193.000000	-0.016245
3194.000000	-0.006280
3195.000000	0.004094
3196.000000	0.006712
3197.000000	-0.002478
3198.000000	-0.007942
3199.000000	0.004198
3200.000000	0.021614
3201.000000	0.027986
3202.000000	0.017247
3203.000000	-0.008489
3204.000000	-0.024620
3205.000000	-0.012055
3206.000000	0.003776
3207.000000	-0.001905
3208.000000	-0.006759
3209.000000	0.011479
3210.000000	0.027646
3211.000000	0.016678
3212.000000	0.001336
3213.000000	0.007383
3214.000000	0.024782
3215.000000	0.036410
3216.000000	0.032612
3217.000000	0.010368
3218.000000	-0.014269
3219.000000	-0.023972
3220.000000	-0.015392
3221.000000	0.007856
3222.000000	0.028290
3223.000000	0.030082
3224.000000	0.017899
3225.000000	0.001875
3226.000000	-0.006494
3227.000000	0.000416
3228.000000	0.013370
3229.000000	0.021481
3230.000000	0.024116
3231.000000	0.023476
3232.000000	0.022846
3233.000000	0.025053
3234.000000	0.030010
3235.000000	0.035775
3236.000000	0.035913
3237.000000	0.025274
3238.000000	0.008343
3239.000000	-0.007759
3240.000000	-0.015003
3241.000000	-0.009225
3242.000000	-0.002616
3243.000000	-0.007052
3244.000000	-0.016787
3245.000000	-0.022695
3246.000000	-0.019769
3247.000000	-0.006955
3248.000000	0.005091
3249.000000	0.006669
3250.000000	0.003611
3251.000000	0.003827
3252.000000	0.007999
3253.000000	0.014636
3254.000000	0.020783
3255.000000	0.023458
3256.000000	0.021021
3257.000000	0.013043
3258.000000	0.002592
3259.000000	-0.005744
3260.000000	-0.004794
3261.000000	0.010257
3262.000000	0.032212
3263.000000	0.051426
3264.000000	0.060467
3265.000000	0.054956
3266.000000	0.040498
3267.000000	0.025565
3268.000000	0.020107
3269.000000	0.029902
3270.000000	0.042557
3271.000000	0.044842
3272.000000	0.038357
3273.000000	0.028528
3274.000000	0.021259
3275.000000	0.020672
3276.000000	0.023284
3277.000000	0.024816
3278.000000	0.025394
3279.000000	0.026212
3280.000000	0.028320
3281.000000	0.031891
3282.000000	0.033735
3283.000000	0.030874
3284.000000	0.024542
3285.000000	0.018354
3286.000000	0.021245
3287.000000	0.037784
3288.000000	0.049747
3289.000000	0.040369
3290.000000	0.021515
3291.000000	0.009899
3292.000000	0.013017
3293.000000	0.031856
3294.000000	0.050593
3295.000000	0.053840
3296.000000	0.044769
3297.000000	0.032147
3298.000000	0.028557
3299.000000	0.041394
3300.000000	0.053484
3301.000000	0.049049
3302.000000	0.042463
3303.000000	0.048195
3304.000000	0.050939
3305.000000	0.037179
3306.000000	0.030326
3307.000000	0.052050
3308.000000	0.080138
3309.000000	0.087335
3310.000000	0.070109
3311.000000	0.035821
3312.000000	0.011682
3313.000000	0.020756
3314.000000	0.049681
3315.000000	0.076595
3316.000000	0.082077
3317.000000	0.056090
3318.000000	0.023709
3319.000000	0.012250
3320.000000	0.022895
3321.000000	0.046372
3322.000000	0.057736
3323.000000	0.039863
3324.000000	0.022583
3325.000000	0.033992
3326.000000	0.048308
3327.000000	0.038527
3328.000000	0.026641
3329.000000	0.037366
3330.000000	0.057332
3331.000000	0.067553
3332.000000	0.064673
3333.000000	0.051364
3334.000000	0.038776
3335.000000	0.036659
3336.000000	0.040686
3337.000000	0.043905
3338.000000	0.042934
3339.000000	0.037317
3340.000000	0.034723
3341.000000	0.041768
3342.000000	0.052727
3343.000000	0.060055
3344.000000	0.061274
3345.000000	0.056734
3346.000000	0.053046
3347.000000	0.055750
3348.000000	0.059850
3349.000000	0.058556
3350.000000	0.048443
3351.000000	0.030316
3352.000000	0.018529
3353.000000	0.024598
3354.000000	0.035148
3355.000000	0.035117
3356.000000	0.027585
3357.000000	0.020716
3358.000000	0.024856
3359.000000	0.044964
3360.000000	0.062262
3361.000000	0.057937
3362.000000	0.036781
3363.000000	0.010968
3364.000000	-0.001385
3365.000000	0.012381
3366.000000	0.037163
3367.000000	0.053411
3368.000000	0.051542
3369.000000	0.030274
3370.000000	0.011557
3371.000000	0.014760
3372.000000	0.025678
3373.000000	0.026235
3374.000000	0.016426
3375.000000	0.002532
3376.000000	-0.002101
3377.000000	0.012456
3378.000000	0.035404
3379.000000	0.052162
3380.000000	0.053748
3381.000000	0.037153
3382.000000	0.017668
3383.000000	0.011070
3384.000000	0.016785
3385.000000	0.028194
3386.000000	0.030846
3387.000000	0.016572
3388.000000	0.010146
3389.000000	0.031012
3390.000000	0.044342
3391.000000	0.018554
3392.000000	-0.010671
3393.000000	-0.005907
3394.000000	0.009984
3395.000000	0.009264
3396.000000	0.004978
3397.000000	0.014154
3398.000000	0.028975
3399.000000	0.037368
3400.000000	0.035095
3401.000000	0.021753
3402.000000	0.004447
3403.000000	-0.008814
3404.000000	-0.013909
3405.000000	-0.007963
3406.000000	0.010804
3407.000000	0.039080
3408.000000	0.054266
3409.000000	0.038676
3410.000000	0.013560
3411.000000	0.002711
3412.000000	0.001165
3413.000000	0.000684
3414.000000	0.008696
3415.000000	0.030312
3416.000000	0.045700
3417.000000	0.037106
3418.000000	0.020017
3419.000000	0.014113
3420.000000	0.022614
3421.000000	0.040470
3422.000000	0.046014
3423.000000	0.023288
3424.000000	-0.004207
3425.000000	-0.010771
3426.000000	-0.001355
3427.000000	0.011057
3428.000000	0.012004
3429.000000	-0.004145
3430.000000	-0.006213
3431.000000	0.029783
3432.000000	0.062233
3433.000000	0.049321
3434.000000	0.013982
3435.000000	-0.010825
3436.000000	-0.016815
3437.000000	-0.006036
3438.000000	0.002793
3439.000000	-0.005140
3440.000000	-0.012354
3441.000000	-0.001712
3442.000000	0.010263
3443.000000	0.005553
3444.000000	-0.006186
3445.000000	-0.010693
3446.000000	-0.002960
3447.000000	0.016120
3448.000000	0.031299
3449.000000	0.029226
3450.000000	0.018486
3451.000000	0.010854
3452.000000	0.008929
3453.000000	0.011028
3454.000000	0.007512
3455.000000	-0.007344
3456.000000	-0.015656
3457.000000	-0.002366
3458.000000	0.012671
3459.000000	0.008942
3460.000000	-0.001793
3461.000000	-0.004061
3462.000000	0.000187
3463.000000	0.005591
3464.000000	0.010565
3465.000000	0.013265
3466.000000	0.007026
3467.000000	-0.011000
3468.000000	-0.023586
3469.000000	-0.015009
3470.000000	0.004351
3471.000000	0.019552
3472.000000	0.023520
3473.000000	0.015211
3474.000000	0.009847
3475.000000	0.020214
3476.000000	0.033094
3477.000000	0.031856
3478.000000	0.012222
3479.000000	-0.021296
3480.000000	-0.041390
3481.000000	-0.025568
3482.000000	0.006594
3483.000000	0.028837
3484.000000	0.030224
3485.000000	0.010858
3486.000000	-0.000334
3487.000000	0.019290
3488.000000	0.038396
3489.000000	0.024700
3490.000000	-0.003920
3491.000000	-0.020712
3492.000000	-0.013585
3493.000000	0.017375
3494.000000	0.038033
3495.000000	0.019317
3496.000000	-0.013535
3497.000000	-0.029269
3498.000000	-0.026874
3499.000000	-0.014163
3500.000000	-0.003992
3501.000000	-0.005984
3502.000000	-0.011769
3503.000000	-0.010893
3504.000000	-0.002547
3505.000000	0.010564
3506.000000	0.021314
3507.000000	0.023787
3508.000000	0.021322
3509.000000	0.018727
3510.000000	0.017438
3511.000000	0.016542
3512.000000	0.009093
3513.000000	-0.008632
3514.000000	-0.021451
3515.000000	-0.016618
3516.000000	-0.010054
3517.000000	-0.016250
3518.000000	-0.015305
3519.000000	0.009720
3520.000000	0.029542
3521.000000	0.016675
3522.000000	-0.002944
3523.000000	-0.001349
3524.000000	0.004113
3525.000000	-0.006737
3526.000000	-0.020086
3527.000000	-0.018831
3528.000000	-0.006713
3529.000000	0.007618
3530.000000	0.016708
3531.000000	0.016118
3532.000000	0.012262
3533.000000	0.011759
3534.000000	0.011179
3535.000000	0.006183
3536.000000	-0.001159
3537.000000	-0.008194
3538.000000	-0.016343
3539.000000	-0.025595
3540.000000	-0.026143
3541.000000	-0.010169
3542.000000	0.012382
3543.000000	0.027647
3544.000000	0.023862
3545.000000	-0.002527
3546.000000	-0.024329
3547.000000	-0.017700
3548.000000	-0.002916
3549.000000	-0.003954
3550.000000	-0.015471
3551.000000	-0.026004
3552.000000	-0.028915
3553.000000	-0.021039
3554.000000	-0.008268
3555.000000	0.003000
3556.000000	0.013395
3557.000000	0.023496
3558.000000	0.026657
3559.000000	0.017512
3560.000000	0.003041
3561.000000	-0.008167
3562.000000	-0.013442
3563.000000	-0.012687
3564.000000	-0.010194
3565.000000	-0.009265
3566.000000	-0.004867
3567.000000	0.006583
3568.000000	0.014531
3569.000000	0.009185
3570.000000	-0.002065
3571.000000	-0.008152
3572.000000	-0.000487
3573.000000	0.021699
3574.000000	0.030369
3575.000000	0.003457
3576.000000	-0.028427
3577.000000	-0.032801
3578.000000	-0.022369
3579.000000	-0.016925
3580.000000	-0.019439
3581.000000	-0.027532
3582.000000	-0.034270
3583.000000	-0.032997
3584.000000	-0.022740
3585.000000	-0.006376
3586.000000	0.003507
3587.000000	-0.002238
3588.000000	-0.009272
3589.000000	-0.002800
3590.000000	0.010312
3591.000000	0.019528
3592.000000	0.021296
3593.000000	0.014599
3594.000000	0.001564
3595.000000	-0.014330
3596.000000	-0.027340
3597.000000	-0.032161
3598.000000	-0.027513
3599.000000	-0.013123
3600.000000	0.011283
