400.000000	-0.007639
401.000000	-0.002900
402.000000	-0.000136
403.000000	0.000623
404.000000	-0.000651
405.000000	-0.003544
406.000000	-0.005865
407.000000	-0.005478
408.000000	-0.002233
409.000000	0.003404
410.000000	0.010493
411.000000	0.017687
412.000000	0.022470
413.000000	0.022826
414.000000	0.019892
415.000000	0.015562
416.000000	0.011599
417.000000	0.009351
418.000000	0.008628
419.000000	0.008925
420.000000	0.010019
421.000000	0.011749
422.000000	0.013925
423.000000	0.016320
424.000000	0.018579
425.000000	0.020307
426.000000	0.021073
427.000000	0.020301
428.000000	0.016865
429.000000	0.010109
430.000000	0.001819
431.000000	-0.005560
432.000000	-0.009374
433.000000	-0.008071
434.000000	-0.004722
435.000000	-0.002885
436.000000	-0.003447
437.000000	-0.006018
438.000000	-0.007754
439.000000	-0.006395
440.000000	-0.004456
441.000000	-0.005281
442.000000	-0.010754
443.000000	-0.020647
444.000000	-0.027757
445.000000	-0.025213
446.000000	-0.014453
447.000000	0.000219
448.000000	0.011334
449.000000	0.012989
450.000000	0.008714
451.000000	0.003713
452.000000	0.000454
453.000000	-0.000159
454.000000	-0.000741
455.000000	-0.003771
456.000000	-0.007654
457.000000	-0.009849
458.000000	-0.008090
459.000000	-0.001411
460.000000	0.006242
461.000000	0.010496
462.000000	0.010180
463.000000	0.005323
464.000000	-0.002445
465.000000	-0.010985
466.000000	-0.017707
467.000000	-0.020254
468.000000	-0.017642
469.000000	-0.010019
470.000000	-0.000675
471.000000	0.006770
472.000000	0.010518
473.000000	0.009367
474.000000	0.002677
475.000000	-0.008949
476.000000	-0.020495
477.000000	-0.026861
478.000000	-0.027013
479.000000	-0.021878
480.000000	-0.016148
481.000000	-0.014269
482.000000	-0.015925
483.000000	-0.019597
484.000000	-0.023727
485.000000	-0.026646
486.000000	-0.026286
487.000000	-0.021148
488.000000	-0.012411
489.000000	-0.002175
490.000000	0.006448
491.000000	0.010908
492.000000	0.011905
493.000000	0.010784
494.000000	0.008216
495.000000	0.004474
496.000000	-0.001088
497.000000	-0.008560
498.000000	-0.014885
499.000000	-0.016517
500.000000	-0.011094
501.000000	0.001729
502.000000	0.015403
503.000000	0.023140
504.000000	0.024075
505.000000	0.019423
506.000000	0.012792
507.000000	0.007617
508.000000	0.004262
509.000000	0.002348
510.000000	0.001595
511.000000	0.001686
512.000000	0.002050
513.000000	0.002082
514.000000	0.001291
515.000000	-0.000854
516.000000	-0.005173
517.000000	-0.010762
518.000000	-0.009551
519.000000	0.003906
520.000000	0.017378
521.000000	0.018986
522.000000	0.015940
523.000000	0.016557
524.000000	0.014501
525.000000	0.004049
526.000000	-0.003397
527.000000	0.002710
528.000000	0.012389
529.000000	0.013924
530.000000	0.009180
531.000000	0.003275
532.000000	0.000754
533.000000	0.004286
534.000000	0.009623
535.000000	0.011790
536.000000	0.009824
537.000000	0.004208
538.000000	-0.002802
539.000000	-0.008820
540.000000	-0.012719
541.000000	-0.013830
542.000000	-0.012058
543.000000	-0.007812
544.000000	-0.002956
545.000000	0.000864
546.000000	0.004315
547.000000	0.008583
548.000000	0.014619
549.000000	0.022120
550.000000	0.026005
551.000000	0.021470
552.000000	0.009597
553.000000	-0.006241
554.000000	-0.019398
555.000000	-0.024376
556.000000	-0.023551
557.000000	-0.020797
558.000000	-0.018112
559.000000	-0.016356
560.000000	-0.013721
561.000000	-0.008484
562.000000	-0.001915
563.000000	0.004014
564.000000	0.007533
565.000000	0.007585
566.000000	0.005768
567.000000	0.003963
568.000000	0.002538
569.000000	0.001354
570.000000	-0.000254
571.000000	-0.002954
572.000000	-0.006900
573.000000	-0.011974
574.000000	-0.017470
575.000000	-0.022179
576.000000	-0.023466
577.000000	-0.019418
578.000000	-0.012438
579.000000	-0.005881
580.000000	-0.002602
581.000000	-0.004474
582.000000	-0.009943
583.000000	-0.016655
584.000000	-0.022486
585.000000	-0.025350
586.000000	-0.023090
587.000000	-0.014595
588.000000	-0.002998
589.000000	0.007879
590.000000	0.015701
591.000000	0.018731
592.000000	0.016123
593.000000	0.008051
594.000000	-0.002120
595.000000	-0.010554
596.000000	-0.014720
597.000000	-0.013912
598.000000	-0.013421
599.000000	-0.018180
600.000000	-0.025683
601.000000	-0.031241
602.000000	-0.028885
603.000000	-0.015382
604.000000	0.000258
605.000000	0.007985
606.000000	0.005827
607.000000	-0.004601
608.000000	-0.015412
609.000000	-0.019536
610.000000	-0.019450
611.000000	-0.019479
612.000000	-0.021783
613.000000	-0.026737
614.000000	-0.029749
615.000000	-0.026528
616.000000	-0.018968
617.000000	-0.010677
618.000000	-0.005947
619.000000	-0.006905
620.000000	-0.006334
621.000000	0.001868
622.000000	0.010003
623.000000	0.010158
624.000000	0.007360
625.000000	0.007216
626.000000	0.004716
627.000000	-0.004780
628.000000	-0.013826
629.000000	-0.015178
630.000000	-0.014484
631.000000	-0.018290
632.000000	-0.023851
633.000000	-0.026550
634.000000	-0.023576
635.000000	-0.014405
636.000000	-0.005866
637.000000	-0.004598
638.000000	-0.009144
639.000000	-0.015532
640.000000	-0.017837
641.000000	-0.011986
642.000000	-0.003287
643.000000	0.001821
644.000000	0.001740
645.000000	-0.003003
646.000000	-0.008218
647.000000	-0.010269
648.000000	-0.011407
649.000000	-0.014760
650.000000	-0.021082
651.000000	-0.028982
652.000000	-0.030876
653.000000	-0.020643
654.000000	-0.004223
655.000000	0.009597
656.000000	0.012706
657.000000	0.000984
658.000000	-0.014383
659.000000	-0.021197
660.000000	-0.018503
661.000000	-0.009202
662.000000	-0.000361
663.000000	0.001965
664.000000	-0.000055
665.000000	-0.002696
666.000000	-0.004218
667.000000	-0.003633
668.000000	-0.000964
669.000000	0.003054
670.000000	0.005864
671.000000	0.004850
672.000000	-0.001017
673.000000	-0.011121
674.000000	-0.019839
675.000000	-0.021947
676.000000	-0.018820
677.000000	-0.013624
678.000000	-0.010098
679.000000	-0.010669
680.000000	-0.011940
681.000000	-0.010141
682.000000	-0.005819
683.000000	-0.001090
684.000000	-0.000032
685.000000	-0.005484
686.000000	-0.013377
687.000000	-0.018751
688.000000	-0.019981
689.000000	-0.017254
690.000000	-0.014665
691.000000	-0.015759
692.000000	-0.017976
693.000000	-0.017634
694.000000	-0.012669
695.000000	-0.002535
696.000000	0.008847
697.000000	0.017060
698.000000	0.020168
699.000000	0.017088
700.000000	0.007665
701.000000	-0.006890
702.000000	-0.020836
703.000000	-0.028542
704.000000	-0.029357
705.000000	-0.024446
706.000000	-0.017268
707.000000	-0.011353
708.000000	-0.008207
709.000000	-0.008442
710.000000	-0.011106
711.000000	-0.014139
712.000000	-0.012597
713.000000	-0.003159
714.000000	0.008125
715.000000	0.013791
716.000000	0.010076
717.000000	-0.003282
718.000000	-0.016260
719.000000	-0.019270
720.000000	-0.014751
721.000000	-0.008203
722.000000	-0.005325
723.000000	-0.009131
724.000000	-0.011679
725.000000	-0.004916
726.000000	0.008691
727.000000	0.023183
728.000000	0.029135
729.000000	0.020252
730.000000	0.006212
731.000000	-0.001589
732.000000	-0.000844
733.000000	0.006637
734.000000	0.011678
735.000000	0.006429
736.000000	-0.004290
737.000000	-0.013361
738.000000	-0.017132
739.000000	-0.014250
740.000000	-0.009088
741.000000	-0.006276
742.000000	-0.005751
743.000000	-0.006288
744.000000	-0.006720
745.000000	-0.006192
746.000000	-0.005036
747.000000	-0.003802
748.000000	-0.002723
749.000000	-0.001944
750.000000	-0.001559
751.000000	-0.001792
752.000000	-0.003423
753.000000	-0.006942
754.000000	-0.011120
755.000000	-0.013997
756.000000	-0.012412
757.000000	-0.004808
758.000000	0.002750
759.000000	0.003709
760.000000	-0.002802
761.000000	-0.014554
762.000000	-0.022587
763.000000	-0.019287
764.000000	-0.009153
765.000000	0.000910
766.000000	0.006485
767.000000	0.005136
768.000000	-0.000131
769.000000	-0.005499
770.000000	-0.009344
771.000000	-0.010714
772.000000	-0.009165
773.000000	-0.004865
774.000000	0.000066
775.000000	0.003447
776.000000	0.004793
777.000000	0.004173
778.000000	0.002160
779.000000	-0.000154
780.000000	-0.000110
781.000000	0.004498
782.000000	0.012495
783.000000	0.021318
784.000000	0.026238
785.000000	0.023728
786.000000	0.017231
787.000000	0.011233
788.000000	0.007437
789.000000	0.006075
790.000000	0.004300
791.000000	-0.000167
792.000000	-0.004238
793.000000	-0.004175
794.000000	0.000998
795.000000	0.009863
796.000000	0.014202
797.000000	0.007089
798.000000	-0.006427
799.000000	-0.018684
800.000000	-0.023553
801.000000	-0.018331
802.000000	-0.012483
803.000000	-0.015378
804.000000	-0.023824
805.000000	-0.031182
806.000000	-0.029586
807.000000	-0.014454
808.000000	0.004451
809.000000	0.016123
810.000000	0.018951
811.000000	0.014601
812.000000	0.008469
813.000000	0.005405
814.000000	0.004358
815.000000	0.003246
816.000000	0.001774
817.000000	0.000373
818.000000	0.000590
819.000000	0.003478
820.000000	0.006986
821.000000	0.008696
822.000000	0.007833
823.000000	0.004596
824.000000	0.001444
825.000000	0.000838
826.000000	0.002987
827.000000	0.007436
828.000000	0.013311
829.000000	0.019315
830.000000	0.022871
831.000000	0.021946
832.000000	0.017959
833.000000	0.013159
834.000000	0.009671
835.000000	0.008692
836.000000	0.007844
837.000000	0.004815
838.000000	0.001131
839.000000	-0.000656
840.000000	0.002275
841.000000	0.011236
842.000000	0.021236
843.000000	0.026833
844.000000	0.027096
845.000000	0.022689
846.000000	0.016159
847.000000	0.010136
848.000000	0.005707
849.000000	0.003511
850.000000	0.003925
851.000000	0.007206
852.000000	0.013379
853.000000	0.021728
854.000000	0.028807
855.000000	0.031206
856.000000	0.028377
857.000000	0.021489
858.000000	0.015709
859.000000	0.015369
860.000000	0.017464
861.000000	0.017742
862.000000	0.014303
863.000000	0.006768
864.000000	-0.001494
865.000000	-0.006357
866.000000	-0.004404
867.000000	0.005424
868.000000	0.015479
869.000000	0.018919
870.000000	0.020847
871.000000	0.026063
872.000000	0.026214
873.000000	0.014068
874.000000	0.000041
875.000000	-0.004809
876.000000	-0.004506
877.000000	-0.005383
878.000000	-0.007910
879.000000	-0.011053
880.000000	-0.013605
881.000000	-0.014602
882.000000	-0.014212
883.000000	-0.012828
884.000000	-0.010598
885.000000	-0.007594
886.000000	-0.003813
887.000000	0.000342
888.000000	0.002770
889.000000	0.001564
890.000000	-0.002705
891.000000	-0.008396
892.000000	-0.012065
893.000000	-0.010998
894.000000	-0.007204
895.000000	-0.003494
896.000000	-0.001159
897.000000	-0.000765
898.000000	-0.001490
899.000000	-0.002472
900.000000	-0.004075
901.000000	-0.006798
902.000000	-0.010466
903.000000	-0.014497
904.000000	-0.017357
905.000000	-0.017646
906.000000	-0.015467
907.000000	-0.011387
908.000000	-0.006339
909.000000	-0.001630
910.000000	0.000284
911.000000	-0.002287
912.000000	-0.006841
913.000000	-0.010072
914.000000	-0.009663
915.000000	-0.004819
916.000000	0.000161
917.000000	0.001203
918.000000	0.000223
919.000000	0.000522
920.000000	0.004946
921.000000	0.014496
922.000000	0.023261
923.000000	0.025394
924.000000	0.022231
925.000000	0.017108
926.000000	0.014183
927.000000	0.015892
928.000000	0.016964
929.000000	0.012046
930.000000	0.003156
931.000000	-0.005441
932.000000	-0.007879
933.000000	-0.000632
934.000000	0.008864
935.000000	0.012313
936.000000	0.008950
937.000000	0.000655
938.000000	-0.007654
939.000000	-0.011336
940.000000	-0.009894
941.000000	-0.004199
942.000000	0.003565
943.000000	0.010566
944.000000	0.012708
945.000000	0.007366
946.000000	-0.000932
947.000000	-0.006738
948.000000	-0.008092
949.000000	-0.004574
950.000000	0.001546
951.000000	0.007489
952.000000	0.011116
953.000000	0.010929
954.000000	0.007369
955.000000	0.002026
956.000000	-0.000837
957.000000	0.002200
958.000000	0.008513
959.000000	0.014420
960.000000	0.018054
961.000000	0.018660
962.000000	0.018123
963.000000	0.018344
964.000000	0.018643
965.000000	0.017889
966.000000	0.015743
967.000000	0.012504
968.000000	0.010244
969.000000	0.010520
970.000000	0.011058
971.000000	0.009048
972.000000	0.003368
973.000000	-0.005587
974.000000	-0.013042
975.000000	-0.014371
976.000000	-0.009918
977.000000	-0.001401
978.000000	0.008926
979.000000	0.018341
980.000000	0.022787
981.000000	0.019657
982.000000	0.013485
983.000000	0.010186
984.000000	0.014056
985.000000	0.026528
986.000000	0.039197
987.000000	0.043656
988.000000	0.041340
989.000000	0.036213
990.000000	0.032513
991.000000	0.033062
992.000000	0.034756
993.000000	0.034223
994.000000	0.032956
995.000000	0.033552
996.000000	0.038163
997.000000	0.048029
998.000000	0.061177
999.000000	0.074390
1000.000000	0.082696
1001.000000	0.082671
1002.000000	0.078848
1003.000000	0.076387
1004.000000	0.075000
1005.000000	0.073326
1006.000000	0.071152
1007.000000	0.068766
1008.000000	0.067303
1009.000000	0.066974
1010.000000	0.063455
1011.000000	0.053355
1012.000000	0.041554
1013.000000	0.033498
1014.000000	0.028625
1015.000000	0.025250
1016.000000	0.023203
1017.000000	0.022489
1018.000000	0.022301
1019.000000	0.021659
1020.000000	0.019708
1021.000000	0.016564
1022.000000	0.016119
1023.000000	0.021942
1024.000000	0.032547
1025.000000	0.044735
1026.000000	0.053518
1027.000000	0.055100
1028.000000	0.052247
1029.000000	0.048930
1030.000000	0.047370
1031.000000	0.049178
1032.000000	0.055278
1033.000000	0.065382
1034.000000	0.075050
1035.000000	0.079872
1036.000000	0.079713
1037.000000	0.076031
1038.000000	0.072397
1039.000000	0.072076
1040.000000	0.075016
1041.000000	0.080194
1042.000000	0.086035
1043.000000	0.090707
1044.000000	0.091904
1045.000000	0.088659
1046.000000	0.085825
1047.000000	0.088539
1048.000000	0.097261
1049.000000	0.110019
1050.000000	0.119799
1051.000000	0.120965
1052.000000	0.118441
1053.000000	0.117854
1054.000000	0.117082
1055.000000	0.113266
1056.000000	0.108341
1057.000000	0.104709
1058.000000	0.101853
1059.000000	0.098758
1060.000000	0.095346
1061.000000	0.091806
1062.000000	0.088457
1063.000000	0.085540
1064.000000	0.082844
1065.000000	0.080301
1066.000000	0.078851
1067.000000	0.079889
1068.000000	0.085611
1069.000000	0.096338
1070.000000	0.104102
1071.000000	0.101126
1072.000000	0.088684
1073.000000	0.071744
1074.000000	0.060980
1075.000000	0.064681
1076.000000	0.075872
1077.000000	0.085397
1078.000000	0.090633
1079.000000	0.091468
1080.000000	0.091290
1081.000000	0.093389
1082.000000	0.097169
1083.000000	0.101057
1084.000000	0.103476
1085.000000	0.102762
1086.000000	0.096928
1087.000000	0.085533
1088.000000	0.074658
1089.000000	0.070381
1090.000000	0.072256
1091.000000	0.077275
1092.000000	0.078715
1093.000000	0.071333
1094.000000	0.059530
1095.000000	0.049078
1096.000000	0.041609
1097.000000	0.037195
1098.000000	0.033829
1099.000000	0.030185
1100.000000	0.029754
1101.000000	0.035777
1102.000000	0.045689
1103.000000	0.054841
1104.000000	0.056060
1105.000000	0.044991
1106.000000	0.031066
1107.000000	0.024825
1108.000000	0.027435
1109.000000	0.036729
1110.000000	0.046568
1111.000000	0.050886
1112.000000	0.047881
1113.000000	0.037736
1114.000000	0.024309
1115.000000	0.012714
1116.000000	0.009402
1117.000000	0.018140
1118.000000	0.030610
1119.000000	0.037525
1120.000000	0.037820
1121.000000	0.033171
1122.000000	0.028006
1123.000000	0.026318
1124.000000	0.027618
1125.000000	0.030417
1126.000000	0.033718
1127.000000	0.036626
1128.000000	0.038166
1129.000000	0.037907
1130.000000	0.037670
1131.000000	0.038800
1132.000000	0.038488
1133.000000	0.032930
1134.000000	0.018499
1135.000000	-0.005248
1136.000000	-0.026197
1137.000000	-0.032864
1138.000000	-0.028853
1139.000000	-0.021891
1140.000000	-0.021107
1141.000000	-0.031540
1142.000000	-0.040474
1143.000000	-0.035184
1144.000000	-0.020659
1145.000000	-0.006357
1146.000000	-0.001884
1147.000000	-0.012493
1148.000000	-0.025881
1149.000000	-0.029056
1150.000000	-0.023835
1151.000000	-0.015783
1152.000000	-0.010639
1153.000000	-0.012199
1154.000000	-0.016296
1155.000000	-0.017722
1156.000000	-0.015067
1157.000000	-0.008216
1158.000000	0.001551
1159.000000	0.011265
1160.000000	0.012594
1161.000000	-0.000359
1162.000000	-0.018377
1163.000000	-0.029710
1164.000000	-0.027602
1165.000000	-0.011001
1166.000000	0.003315
1167.000000	-0.000146
1168.000000	-0.013890
1169.000000	-0.025892
1170.000000	-0.028981
1171.000000	-0.020497
1172.000000	-0.010975
1173.000000	-0.010350
1174.000000	-0.012951
1175.000000	-0.010658
1176.000000	-0.001147
1177.000000	0.013847
1178.000000	0.022157
1179.000000	0.013713
1180.000000	-0.002721
1181.000000	-0.015324
1182.000000	-0.018885
1183.000000	-0.011881
1184.000000	-0.000938
1185.000000	0.006599
1186.000000	0.008669
1187.000000	0.005053
1188.000000	-0.002369
1189.000000	-0.010496
1190.000000	-0.013441
1191.000000	-0.007313
1192.000000	0.000995
1193.000000	0.003700
1194.000000	0.000238
1195.000000	-0.006906
1196.000000	-0.010282
1197.000000	-0.004037
1198.000000	0.006328
1199.000000	0.013644
1200.000000	0.015434
1201.000000	0.010929
1202.000000	0.001501
1203.000000	-0.009414
1204.000000	-0.012272
1205.000000	0.000651
1206.000000	0.023684
1207.000000	0.046953
1208.000000	0.057156
1209.000000	0.045934
1210.000000	0.028129
1211.000000	0.020388
1212.000000	0.023374
1213.000000	0.033022
1214.000000	0.042330
1215.000000	0.045892
1216.000000	0.047620
1217.000000	0.052121
1218.000000	0.057470
1219.000000	0.060303
1220.000000	0.058045
1221.000000	0.050287
1222.000000	0.044503
1223.000000	0.047436
1224.000000	0.055027
1225.000000	0.061095
1226.000000	0.061777
1227.000000	0.056594
1228.000000	0.056292
1229.000000	0.070161
1230.000000	0.090457
1231.000000	0.106381
1232.000000	0.111968
1233.000000	0.105055
1234.000000	0.093872
1235.000000	0.087816
1236.000000	0.090571
1237.000000	0.103311
1238.000000	0.122881
1239.000000	0.143417
1240.000000	0.152557
1241.000000	0.141340
1242.000000	0.120901
1243.000000	0.105004
1244.000000	0.097836
1245.000000	0.099067
1246.000000	0.099865
1247.000000	0.092588
1248.000000	0.082840
1249.000000	0.077884
1250.000000	0.078373
1251.000000	0.082547
1252.000000	0.085613
1253.000000	0.083373
1254.000000	0.077055
1255.000000	0.069295
1256.000000	0.062934
1257.000000	0.060744
1258.000000	0.065023
1259.000000	0.076138
1260.000000	0.087225
1261.000000	0.091586
1262.000000	0.090434
1263.000000	0.087156
1264.000000	0.085923
1265.000000	0.090053
1266.000000	0.098680
1267.000000	0.109220
1268.000000	0.116415
1269.000000	0.115080
1270.000000	0.103001
1271.000000	0.081102
1272.000000	0.059871
1273.000000	0.049531
1274.000000	0.049664
1275.000000	0.057055
1276.000000	0.067943
1277.000000	0.078451
1278.000000	0.084787
1279.000000	0.084604
1280.000000	0.081244
1281.000000	0.078855
1282.000000	0.079129
1283.000000	0.082418
1284.000000	0.086159
1285.000000	0.087672
1286.000000	0.086719
1287.000000	0.083905
1288.000000	0.080768
1289.000000	0.079215
1290.000000	0.081699
1291.000000	0.089608
1292.000000	0.099510
1293.000000	0.107399
1294.000000	0.111789
1295.000000	0.112124
1296.000000	0.109043
1297.000000	0.103655
1298.000000	0.097740
1299.000000	0.093013
1300.000000	0.090259
1301.000000	0.089927
1302.000000	0.092066
1303.000000	0.096709
1304.000000	0.104226
1305.000000	0.114543
1306.000000	0.125467
1307.000000	0.134485
1308.000000	0.139930
1309.000000	0.140930
1310.000000	0.138957
1311.000000	0.135917
1312.000000	0.133095
1313.000000	0.131411
1314.000000	0.130935
1315.000000	0.131125
1316.000000	0.129844
1317.000000	0.125790
1318.000000	0.122609
1319.000000	0.123915
1320.000000	0.128250
1321.000000	0.131942
1322.000000	0.127533
1323.000000	0.110596
1324.000000	0.092619
1325.000000	0.085825
1326.000000	0.089468
1327.000000	0.098498
1328.000000	0.103617
1329.000000	0.098314
1330.000000	0.091480
1331.000000	0.092865
1332.000000	0.100260
1333.000000	0.108599
1334.000000	0.113349
1335.000000	0.111947
1336.000000	0.109190
1337.000000	0.110424
1338.000000	0.115846
1339.000000	0.122815
1340.000000	0.122501
1341.000000	0.108921
1342.000000	0.093664
1343.000000	0.088737
1344.000000	0.090253
1345.000000	0.091481
1346.000000	0.090217
1347.000000	0.086505
1348.000000	0.084842
1349.000000	0.088814
1350.000000	0.093910
1351.000000	0.094887
1352.000000	0.091678
1353.000000	0.086196
1354.000000	0.083092
1355.000000	0.085372
1356.000000	0.086728
1357.000000	0.080851
1358.000000	0.070735
1359.000000	0.061872
1360.000000	0.060453
1361.000000	0.069731
1362.000000	0.080527
1363.000000	0.083385
1364.000000	0.080181
1365.000000	0.075381
1366.000000	0.072468
1367.000000	0.072650
1368.000000	0.069006
1369.000000	0.056265
1370.000000	0.043865
1371.000000	0.042617
1372.000000	0.054094
1373.000000	0.074341
1374.000000	0.086513
1375.000000	0.076771
1376.000000	0.056178
1377.000000	0.039582
1378.000000	0.032053
1379.000000	0.034690
1380.000000	0.042472
1381.000000	0.049935
1382.000000	0.055972
1383.000000	0.060291
1384.000000	0.061494
1385.000000	0.058174
1386.000000	0.049980
1387.000000	0.038153
1388.000000	0.029239
1389.000000	0.029117
1390.000000	0.035705
1391.000000	0.044911
1392.000000	0.052571
1393.000000	0.055130
1394.000000	0.051534
1395.000000	0.042202
1396.000000	0.030950
1397.000000	0.022003
1398.000000	0.017831
1399.000000	0.019858
1400.000000	0.027072
1401.000000	0.037133
1402.000000	0.044824
1403.000000	0.045743
1404.000000	0.041642
1405.000000	0.036443
1406.000000	0.036614
1407.000000	0.046111
1408.000000	0.056311
1409.000000	0.058031
1410.000000	0.052430
1411.000000	0.043502
1412.000000	0.036250
1413.000000	0.034561
1414.000000	0.036842
1415.000000	0.040499
1416.000000	0.044400
1417.000000	0.047769
1418.000000	0.049793
1419.000000	0.049617
1420.000000	0.046253
1421.000000	0.039624
1422.000000	0.033419
1423.000000	0.031448
1424.000000	0.034219
1425.000000	0.040755
1426.000000	0.047421
1427.000000	0.051554
1428.000000	0.057025
1429.000000	0.067499
1430.000000	0.079267
1431.000000	0.086830
1432.000000	0.084897
1433.000000	0.071946
1434.000000	0.061320
1435.000000	0.065566
1436.000000	0.079196
1437.000000	0.092921
1438.000000	0.100286
1439.000000	0.098233
1440.000000	0.094445
1441.000000	0.097364
1442.000000	0.107718
1443.000000	0.123987
1444.000000	0.143364
1445.000000	0.162524
1446.000000	0.177361
1447.000000	0.183920
1448.000000	0.179639
1449.000000	0.164174
1450.000000	0.144665
1451.000000	0.130112
1452.000000	0.129486
1453.000000	0.147086
1454.000000	0.168561
1455.000000	0.178795
1456.000000	0.178269
1457.000000	0.171510
1458.000000	0.163645
1459.000000	0.159077
1460.000000	0.158725
1461.000000	0.161638
1462.000000	0.162878
1463.000000	0.157660
1464.000000	0.145803
1465.000000	0.129431
1466.000000	0.115283
1467.000000	0.108904
1468.000000	0.106449
1469.000000	0.102816
1470.000000	0.097261
1471.000000	0.090427
1472.000000	0.084156
1473.000000	0.079638
1474.000000	0.074268
1475.000000	0.066056
1476.000000	0.059272
1477.000000	0.058867
1478.000000	0.066261
1479.000000	0.079614
1480.000000	0.087576
1481.000000	0.080592
1482.000000	0.065804
1483.000000	0.052887
1484.000000	0.044963
1485.000000	0.042087
1486.000000	0.038592
1487.000000	0.029812
1488.000000	0.020791
1489.000000	0.017100
1490.000000	0.016693
1491.000000	0.015564
1492.000000	0.009475
1493.000000	-0.003035
1494.000000	-0.012101
1495.000000	-0.008898
1496.000000	-0.000083
1497.000000	0.005038
1498.000000	0.002043
1499.000000	-0.009537
1500.000000	-0.019248
1501.000000	-0.017660
1502.000000	-0.010357
1503.000000	-0.005408
1504.000000	-0.005808
1505.000000	-0.012479
1506.000000	-0.023110
1507.000000	-0.033996
1508.000000	-0.039076
1509.000000	-0.033918
1510.000000	-0.022963
1511.000000	-0.012660
1512.000000	-0.008629
1513.000000	-0.013558
1514.000000	-0.019242
1515.000000	-0.017658
1516.000000	-0.012403
1517.000000	-0.009086
1518.000000	-0.009754
1519.000000	-0.014402
1520.000000	-0.018374
1521.000000	-0.017782
1522.000000	-0.016472
1523.000000	-0.018827
1524.000000	-0.023659
1525.000000	-0.028142
1526.000000	-0.028472
1527.000000	-0.022640
1528.000000	-0.016785
1529.000000	-0.016921
1530.000000	-0.020396
1531.000000	-0.022830
1532.000000	-0.021591
1533.000000	-0.015747
1534.000000	-0.009417
1535.000000	-0.007052
1536.000000	-0.009369
1537.000000	-0.015563
1538.000000	-0.022478
1539.000000	-0.026166
1540.000000	-0.021875
1541.000000	-0.008103
1542.000000	0.002849
1543.000000	-0.000586
1544.000000	-0.013224
1545.000000	-0.025925
1546.000000	-0.030480
1547.000000	-0.022658
1548.000000	-0.013210
1549.000000	-0.012576
1550.000000	-0.014987
1551.000000	-0.012314
1552.000000	-0.003216
1553.000000	0.010289
1554.000000	0.019525
1555.000000	0.017506
1556.000000	0.010672
1557.000000	0.007057
1558.000000	0.007655
1559.000000	0.011262
1560.000000	0.014927
1561.000000	0.015484
1562.000000	0.010645
1563.000000	-0.000002
1564.000000	-0.010242
1565.000000	-0.013305
1566.000000	-0.006842
1567.000000	0.008742
1568.000000	0.026427
1569.000000	0.039077
1570.000000	0.045699
1571.000000	0.047267
1572.000000	0.046485
1573.000000	0.046463
1574.000000	0.050195
1575.000000	0.058826
1576.000000	0.066206
1577.000000	0.066353
1578.000000	0.061246
1579.000000	0.054722
1580.000000	0.050083
1581.000000	0.049922
1582.000000	0.054536
1583.000000	0.062432
1584.000000	0.067256
1585.000000	0.063255
1586.000000	0.051943
1587.000000	0.037427
1588.000000	0.026911
1589.000000	0.025342
1590.000000	0.025541
1591.000000	0.020241
1592.000000	0.013952
1593.000000	0.013203
1594.000000	0.020813
1595.000000	0.035848
1596.000000	0.046062
1597.000000	0.041480
1598.000000	0.032518
1599.000000	0.031843
1600.000000	0.040723
1601.000000	0.056045
1602.000000	0.068577
1603.000000	0.070917
1604.000000	0.069103
1605.000000	0.070407
1606.000000	0.073608
1607.000000	0.075595
1608.000000	0.074197
1609.000000	0.068702
1610.000000	0.063280
1611.000000	0.061736
1612.000000	0.061522
1613.000000	0.059345
1614.000000	0.055281
1615.000000	0.050677
1616.000000	0.048595
1617.000000	0.051668
1618.000000	0.059112
1619.000000	0.068983
1620.000000	0.078128
1621.000000	0.083452
1622.000000	0.083303
1623.000000	0.077300
1624.000000	0.068694
1625.000000	0.061053
1626.000000	0.055574
1627.000000	0.052770
1628.000000	0.052787
1629.000000	0.055532
1630.000000	0.060313
1631.000000	0.065655
1632.000000	0.067551
1633.000000	0.062667
1634.000000	0.052887
1635.000000	0.041484
1636.000000	0.032064
1637.000000	0.027991
1638.000000	0.031342
1639.000000	0.042320
1640.000000	0.054925
1641.000000	0.063080
1642.000000	0.066609
1643.000000	0.067530
1644.000000	0.070736
1645.000000	0.079928
1646.000000	0.091157
1647.000000	0.099768
1648.000000	0.105920
1649.000000	0.110757
1650.000000	0.114553
1651.000000	0.116642
1652.000000	0.113465
1653.000000	0.103244
1654.000000	0.094230
1655.000000	0.095003
1656.000000	0.105434
1657.000000	0.122320
1658.000000	0.138876
1659.000000	0.148547
1660.000000	0.149274
1661.000000	0.141593
1662.000000	0.131908
1663.000000	0.127207
1664.000000	0.130936
1665.000000	0.144091
1666.000000	0.161391
1667.000000	0.176702
1668.000000	0.186737
1669.000000	0.189710
1670.000000	0.186983
1671.000000	0.180914
1672.000000	0.174690
1673.000000	0.170917
1674.000000	0.169039
1675.000000	0.167771
1676.000000	0.166084
1677.000000	0.163211
1678.000000	0.159187
1679.000000	0.154494
1680.000000	0.150586
1681.000000	0.148229
1682.000000	0.144458
1683.000000	0.136564
1684.000000	0.126593
1685.000000	0.117623
1686.000000	0.112092
1687.000000	0.110658
1688.000000	0.107487
1689.000000	0.097958
1690.000000	0.088799
1691.000000	0.087305
1692.000000	0.091708
1693.000000	0.096790
1694.000000	0.092605
1695.000000	0.072828
1696.000000	0.050343
1697.000000	0.039374
1698.000000	0.040292
1699.000000	0.049026
1700.000000	0.057589
1701.000000	0.059477
1702.000000	0.058020
1703.000000	0.057786
1704.000000	0.058451
1705.000000	0.058794
1706.000000	0.058882
1707.000000	0.059037
1708.000000	0.059313
1709.000000	0.059641
1710.000000	0.059744
1711.000000	0.059568
1712.000000	0.060175
1713.000000	0.061843
1714.000000	0.060606
1715.000000	0.052375
1716.000000	0.036805
1717.000000	0.015639
1718.000000	-0.004768
1719.000000	-0.018225
1720.000000	-0.023790
1721.000000	-0.022887
1722.000000	-0.021136
1723.000000	-0.023005
1724.000000	-0.024151
1725.000000	-0.020209
1726.000000	-0.015530
1727.000000	-0.015174
1728.000000	-0.018315
1729.000000	-0.022050
1730.000000	-0.021043
1731.000000	-0.011884
1732.000000	-0.001302
1733.000000	0.003333
1734.000000	0.002229
1735.000000	-0.002421
1736.000000	-0.008065
1737.000000	-0.012279
1738.000000	-0.013500
1739.000000	-0.011573
1740.000000	-0.011123
1741.000000	-0.016074
1742.000000	-0.022776
1743.000000	-0.025912
1744.000000	-0.021073
1745.000000	-0.007371
1746.000000	0.002902
1747.000000	-0.000871
1748.000000	-0.009432
1749.000000	-0.011202
1750.000000	-0.005182
1751.000000	0.005329
1752.000000	0.010424
1753.000000	0.002497
1754.000000	-0.010234
1755.000000	-0.017215
1756.000000	-0.014382
1757.000000	-0.001914
1758.000000	0.009509
1759.000000	0.010526
1760.000000	0.007539
1761.000000	0.007721
1762.000000	0.005568
1763.000000	-0.004428
1764.000000	-0.015114
1765.000000	-0.018619
1766.000000	-0.016856
1767.000000	-0.013640
1768.000000	-0.010616
1769.000000	-0.008783
1770.000000	-0.008741
1771.000000	-0.010619
1772.000000	-0.013057
1773.000000	-0.014276
1774.000000	-0.012299
1775.000000	-0.006396
1776.000000	-0.001013
1777.000000	-0.000280
1778.000000	-0.001879
1779.000000	-0.002428
1780.000000	-0.000726
1781.000000	0.002806
1782.000000	0.003451
1783.000000	-0.002312
1784.000000	-0.008924
1785.000000	-0.010494
1786.000000	-0.008885
1787.000000	-0.007791
1788.000000	-0.010474
1789.000000	-0.018325
1790.000000	-0.025687
1791.000000	-0.026627
1792.000000	-0.021150
1793.000000	-0.011218
1794.000000	-0.000666
1795.000000	0.006352
1796.000000	0.006296
1797.000000	-0.001685
1798.000000	-0.008291
1799.000000	-0.005382
1800.000000	0.000385
1801.000000	0.000420
1802.000000	-0.006790
1803.000000	-0.019014
1804.000000	-0.026105
1805.000000	-0.020212
1806.000000	-0.010564
1807.000000	-0.007465
1808.000000	-0.008427
1809.000000	-0.008269
1810.000000	-0.003843
1811.000000	0.005524
1812.000000	0.012629
1813.000000	0.010642
1814.000000	0.002102
1815.000000	-0.008163
1816.000000	-0.015527
1817.000000	-0.016183
1818.000000	-0.009392
1819.000000	0.002141
1820.000000	0.004989
1821.000000	-0.010893
1822.000000	-0.031316
1823.000000	-0.039581
1824.000000	-0.033199
1825.000000	-0.015332
1826.000000	0.002464
1827.000000	0.009644
1828.000000	0.008108
1829.000000	0.002693
1830.000000	-0.002470
1831.000000	-0.004287
1832.000000	-0.003097
1833.000000	-0.000964
1834.000000	-0.003417
1835.000000	-0.013752
1836.000000	-0.022863
1837.000000	-0.021523
1838.000000	-0.012419
1839.000000	-0.001098
1840.000000	0.007357
1841.000000	0.009253
1842.000000	0.005985
1843.000000	0.000548
1844.000000	-0.002752
1845.000000	-0.000812
1846.000000	0.003362
1847.000000	0.005444
1848.000000	0.001946
1849.000000	-0.008443
1850.000000	-0.019179
1851.000000	-0.023128
1852.000000	-0.018672
1853.000000	-0.006602
1854.000000	0.008155
1855.000000	0.019747
1856.000000	0.022744
1857.000000	0.014492
1858.000000	0.003016
1859.000000	-0.003223
1860.000000	-0.004695
1861.000000	-0.003848
1862.000000	-0.002121
1863.000000	-0.000414
1864.000000	0.001520
1865.000000	0.003989
1866.000000	0.006402
1867.000000	0.008124
1868.000000	0.009260
1869.000000	0.009801
1870.000000	0.008558
1871.000000	0.003854
1872.000000	-0.006749
1873.000000	-0.023232
1874.000000	-0.034977
1875.000000	-0.032169
1876.000000	-0.018797
1877.000000	-0.002232
1878.000000	0.010428
1879.000000	0.013670
1880.000000	0.008051
1881.000000	-0.003293
1882.000000	-0.012979
1883.000000	-0.014333
1884.000000	-0.007767
1885.000000	0.004070
1886.000000	0.016658
1887.000000	0.025551
1888.000000	0.028479
1889.000000	0.024892
1890.000000	0.018936
1891.000000	0.014943
1892.000000	0.013289
1893.000000	0.013055
1894.000000	0.012104
1895.000000	0.008483
1896.000000	0.002200
1897.000000	-0.005550
1898.000000	-0.010777
1899.000000	-0.009886
1900.000000	-0.003654
1901.000000	0.005594
1902.000000	0.013717
1903.000000	0.016829
1904.000000	0.013880
1905.000000	0.005745
1906.000000	-0.001826
1907.000000	-0.003411
1908.000000	0.000211
1909.000000	0.005961
1910.000000	0.007738
1911.000000	0.001562
1912.000000	-0.005059
1913.000000	-0.004143
1914.000000	0.002695
1915.000000	0.011426
1916.000000	0.017957
1917.000000	0.018692
1918.000000	0.012101
1919.000000	-0.001607
1920.000000	-0.017316
1921.000000	-0.028966
1922.000000	-0.031631
1923.000000	-0.022378
1924.000000	-0.005131
1925.000000	0.013198
1926.000000	0.020587
1927.000000	0.009358
1928.000000	-0.005672
1929.000000	-0.009113
1930.000000	-0.005763
1931.000000	-0.004250
1932.000000	-0.008326
1933.000000	-0.018000
1934.000000	-0.023190
1935.000000	-0.014853
1936.000000	0.001810
1937.000000	0.018490
1938.000000	0.028681
1939.000000	0.027731
1940.000000	0.016587
1941.000000	-0.000582
1942.000000	-0.012307
1943.000000	-0.009926
1944.000000	-0.003300
1945.000000	-0.003738
1946.000000	-0.009822
1947.000000	-0.016916
1948.000000	-0.020247
1949.000000	-0.016503
1950.000000	-0.008347
1951.000000	0.000468
1952.000000	0.007804
1953.000000	0.012227
1954.000000	0.013495
1955.000000	0.011869
1956.000000	0.008414
1957.000000	0.004394
1958.000000	0.001054
1959.000000	-0.000719
1960.000000	-0.001458
1961.000000	-0.001993
1962.000000	-0.002921
1963.000000	-0.004534
1964.000000	-0.006136
1965.000000	-0.006112
1966.000000	-0.000154
1967.000000	0.013285
1968.000000	0.022004
1969.000000	0.015024
1970.000000	0.000000
1971.000000	-0.011394
1972.000000	-0.010040
1973.000000	0.006985
1974.000000	0.020370
1975.000000	0.012662
1976.000000	-0.003918
1977.000000	-0.013392
1978.000000	-0.014415
1979.000000	-0.009879
1980.000000	-0.004990
1981.000000	-0.003371
1982.000000	0.000013
1983.000000	0.009818
1984.000000	0.020543
1985.000000	0.025498
1986.000000	0.023408
1987.000000	0.014959
1988.000000	0.003263
1989.000000	-0.008036
1990.000000	-0.015579
1991.000000	-0.016884
1992.000000	-0.012684
1993.000000	-0.004695
1994.000000	0.004640
1995.000000	0.012893
1996.000000	0.018407
1997.000000	0.020381
1998.000000	0.020662
1999.000000	0.020717
2000.000000	0.017829
2001.000000	0.009856
2002.000000	0.001130
2003.000000	-0.002980
2004.000000	0.000564
2005.000000	0.011304
2006.000000	0.017145
2007.000000	0.008678
2008.000000	-0.001104
2009.000000	0.001597
2010.000000	0.011414
2011.000000	0.018618
2012.000000	0.015213
2013.000000	-0.001349
2014.000000	-0.013549
2015.000000	-0.005992
2016.000000	0.008161
2017.000000	0.012948
2018.000000	0.009771
2019.000000	0.004383
2020.000000	0.002580
2021.000000	0.007113
2022.000000	0.008520
2023.000000	-0.001616
2024.000000	-0.015325
2025.000000	-0.022784
2026.000000	-0.023161
2027.000000	-0.018219
2028.000000	-0.011112
2029.000000	-0.004583
2030.000000	0.001670
2031.000000	0.008276
2032.000000	0.014135
2033.000000	0.018235
2034.000000	0.021636
2035.000000	0.025507
2036.000000	0.029378
2037.000000	0.031594
2038.000000	0.027383
2039.000000	0.014361
2040.000000	0.002793
2041.000000	0.002529
2042.000000	0.009089
2043.000000	0.015247
2044.000000	0.017107
2045.000000	0.013889
2046.000000	0.013941
2047.000000	0.023574
2048.000000	0.031827
2049.000000	0.027459
2050.000000	0.015369
2051.000000	0.003750
2052.000000	-0.002178
2053.000000	0.000277
2054.000000	0.006659
2055.000000	0.011353
2056.000000	0.011263
2057.000000	0.005592
2058.000000	0.000222
2059.000000	0.000992
2060.000000	0.006885
2061.000000	0.013820
2062.000000	0.012309
2063.000000	-0.003505
2064.000000	-0.019551
2065.000000	-0.021303
2066.000000	-0.012340
2067.000000	-0.000032
2068.000000	0.011187
2069.000000	0.018619
2070.000000	0.023579
2071.000000	0.027405
2072.000000	0.027513
2073.000000	0.022008
2074.000000	0.015677
2075.000000	0.013362
2076.000000	0.013439
2077.000000	0.012347
2078.000000	0.005246
2079.000000	-0.010152
2080.000000	-0.024642
2081.000000	-0.028809
2082.000000	-0.023895
2083.000000	-0.014006
2084.000000	-0.004038
2085.000000	0.001539
2086.000000	0.000755
2087.000000	-0.006238
2088.000000	-0.013290
2089.000000	-0.014216
2090.000000	-0.008682
2091.000000	0.001314
2092.000000	0.010299
2093.000000	0.012816
2094.000000	0.006935
2095.000000	-0.006169
2096.000000	-0.016429
2097.000000	-0.015097
2098.000000	-0.007595
2099.000000	-0.001243
2100.000000	0.003215
2101.000000	0.006805
2102.000000	0.011062
2103.000000	0.017213
2104.000000	0.024755
2105.000000	0.031303
2106.000000	0.028673
2107.000000	0.011246
2108.000000	-0.010549
2109.000000	-0.024196
2110.000000	-0.024875
2111.000000	-0.012391
2112.000000	0.002642
2113.000000	0.009503
2114.000000	0.007858
2115.000000	0.000441
2116.000000	-0.008125
2117.000000	-0.013429
2118.000000	-0.013798
2119.000000	-0.009027
2120.000000	-0.002034
2121.000000	0.003719
2122.000000	0.005709
2123.000000	0.002171
2124.000000	-0.006562
2125.000000	-0.018671
2126.000000	-0.028486
2127.000000	-0.030048
2128.000000	-0.020091
2129.000000	0.001284
2130.000000	0.023190
2131.000000	0.034870
2132.000000	0.036860
2133.000000	0.032473
2134.000000	0.024828
2135.000000	0.016769
2136.000000	0.010220
2137.000000	0.006458
2138.000000	0.005080
2139.000000	0.005000
2140.000000	0.004081
2141.000000	0.000700
2142.000000	-0.003652
2143.000000	-0.007018
2144.000000	-0.008692
2145.000000	-0.008798
2146.000000	-0.009533
2147.000000	-0.011968
2148.000000	-0.010590
2149.000000	-0.000879
2150.000000	0.011120
2151.000000	0.018078
2152.000000	0.018095
2153.000000	0.011756
2154.000000	0.004149
2155.000000	-0.000083
2156.000000	-0.002592
2157.000000	-0.005354
2158.000000	-0.005343
2159.000000	0.000167
2160.000000	0.007708
2161.000000	0.012504
2162.000000	0.010738
2163.000000	0.001235
2164.000000	-0.007571
2165.000000	-0.008041
2166.000000	-0.005318
2167.000000	-0.005549
2168.000000	-0.006113
2169.000000	-0.002979
2170.000000	0.004759
2171.000000	0.015500
2172.000000	0.020747
2173.000000	0.013895
2174.000000	0.002791
2175.000000	-0.003271
2176.000000	-0.003660
2177.000000	-0.000200
2178.000000	0.004135
2179.000000	0.006430
2180.000000	0.005149
2181.000000	0.000394
2182.000000	-0.002560
2183.000000	0.000521
2184.000000	0.004543
2185.000000	0.003569
2186.000000	-0.002394
2187.000000	-0.011212
2188.000000	-0.018194
2189.000000	-0.019017
2190.000000	-0.013386
2191.000000	-0.002389
2192.000000	0.011381
2193.000000	0.024566
2194.000000	0.032261
2195.000000	0.030529
2196.000000	0.020866
2197.000000	0.007538
2198.000000	0.000460
2199.000000	0.006550
2200.000000	0.015101
2201.000000	0.014535
2202.000000	0.007421
2203.000000	-0.000476
2204.000000	-0.004761
2205.000000	-0.002397
2206.000000	0.005599
2207.000000	0.016641
2208.000000	0.025935
2209.000000	0.029261
2210.000000	0.026916
2211.000000	0.020277
2212.000000	0.010529
2213.000000	-0.000937
2214.000000	-0.011718
2215.000000	-0.018600
2216.000000	-0.016140
2217.000000	-0.002062
2218.000000	0.010999
2219.000000	0.011018
2220.000000	0.003318
2221.000000	-0.003494
2222.000000	-0.005022
2223.000000	-0.000018
2224.000000	0.004387
2225.000000	0.002509
2226.000000	0.002828
2227.000000	0.012618
2228.000000	0.020163
2229.000000	0.013283
2230.000000	-0.003077
2231.000000	-0.019218
2232.000000	-0.023552
2233.000000	-0.010285
2234.000000	0.001323
2235.000000	-0.005906
2236.000000	-0.015758
2237.000000	-0.009773
2238.000000	0.006093
2239.000000	0.020644
2240.000000	0.026149
2241.000000	0.019081
2242.000000	0.009264
2243.000000	0.006759
2244.000000	0.009226
2245.000000	0.011523
2246.000000	0.009706
2247.000000	0.001725
2248.000000	-0.008083
2249.000000	-0.013860
2250.000000	-0.010045
2251.000000	0.005480
2252.000000	0.021343
2253.000000	0.026018
2254.000000	0.020834
2255.000000	0.010466
2256.000000	0.000105
2257.000000	-0.005727
2258.000000	-0.005701
2259.000000	-0.000322
2260.000000	0.005766
2261.000000	0.008001
2262.000000	0.006290
2263.000000	0.001984
2264.000000	-0.002265
2265.000000	-0.003869
2266.000000	-0.001813
2267.000000	0.004014
2268.000000	0.011674
2269.000000	0.018582
2270.000000	0.021620
2271.000000	0.018554
2272.000000	0.011223
2273.000000	0.002906
2274.000000	-0.001422
2275.000000	0.002265
2276.000000	0.012489
2277.000000	0.025063
2278.000000	0.030457
2279.000000	0.021730
2280.000000	0.007633
2281.000000	-0.001415
2282.000000	-0.004010
2283.000000	-0.001759
2284.000000	0.000700
2285.000000	-0.001332
2286.000000	-0.009766
2287.000000	-0.023294
2288.000000	-0.030524
2289.000000	-0.022503
2290.000000	-0.010125
2291.000000	-0.005617
2292.000000	-0.006688
2293.000000	-0.007799
2294.000000	-0.004939
2295.000000	0.003778
2296.000000	0.013257
2297.000000	0.018251
2298.000000	0.019872
2299.000000	0.019837
2300.000000	0.015930
2301.000000	0.006275
2302.000000	-0.005715
2303.000000	-0.015369
2304.000000	-0.018286
2305.000000	-0.011809
2306.000000	-0.000001
2307.000000	0.011670
2308.000000	0.018841
2309.000000	0.018234
2310.000000	0.009792
2311.000000	-0.004656
2312.000000	-0.018972
2313.000000	-0.026291
2314.000000	-0.021168
2315.000000	-0.001902
2316.000000	0.019634
2317.000000	0.031166
2318.000000	0.032379
2319.000000	0.026398
2320.000000	0.018151
2321.000000	0.012289
2322.000000	0.010564
2323.000000	0.012914
2324.000000	0.014917
2325.000000	0.012369
2326.000000	0.006312
2327.000000	-0.000422
2328.000000	-0.003079
2329.000000	0.001833
2330.000000	0.010839
2331.000000	0.018605
2332.000000	0.019334
2333.000000	0.009772
2334.000000	-0.002707
2335.000000	-0.009582
2336.000000	-0.008365
2337.000000	0.000271
2338.000000	0.009050
2339.000000	0.010869
2340.000000	0.005924
2341.000000	-0.002346
2342.000000	-0.004841
2343.000000	0.004249
2344.000000	0.011904
2345.000000	0.005410
2346.000000	-0.007884
2347.000000	-0.017353
2348.000000	-0.019323
2349.000000	-0.013130
2350.000000	-0.003202
2351.000000	0.004756
2352.000000	0.005007
2353.000000	-0.004675
2354.000000	-0.012450
2355.000000	-0.007480
2356.000000	0.002985
2357.000000	0.009157
2358.000000	0.009180
2359.000000	0.004185
2360.000000	-0.000693
2361.000000	-0.001098
2362.000000	0.000187
2363.000000	-0.000870
2364.000000	-0.006163
2365.000000	-0.015318
2366.000000	-0.021014
2367.000000	-0.016468
2368.000000	-0.003993
2369.000000	0.010700
2370.000000	0.017388
2371.000000	0.009120
2372.000000	-0.003462
2373.000000	-0.008571
2374.000000	-0.007426
2375.000000	-0.004222
2376.000000	-0.002035
2377.000000	-0.002901
2378.000000	-0.005804
2379.000000	-0.008580
2380.000000	-0.007513
2381.000000	-0.000667
2382.000000	0.005213
2383.000000	0.003488
2384.000000	-0.003370
2385.000000	-0.010978
2386.000000	-0.016420
2387.000000	-0.017732
2388.000000	-0.015301
2389.000000	-0.010451
2390.000000	-0.005891
2391.000000	-0.003789
2392.000000	-0.002750
2393.000000	-0.001329
2394.000000	-0.001439
2395.000000	-0.004616
2396.000000	-0.007531
2397.000000	-0.006269
2398.000000	0.000576
2399.000000	0.011288
2400.000000	0.014176
2401.000000	0.000700
2402.000000	-0.015085
2403.000000	-0.018314
2404.000000	-0.013462
2405.000000	-0.008403
2406.000000	-0.005275
2407.000000	-0.003793
2408.000000	0.000269
2409.000000	0.009856
2410.000000	0.018849
2411.000000	0.020917
2412.000000	0.017939
2413.000000	0.013694
2414.000000	0.011356
2415.000000	0.012863
2416.000000	0.015822
2417.000000	0.016710
2418.000000	0.011823
2419.000000	0.000273
2420.000000	-0.007380
2421.000000	-0.002368
2422.000000	0.005458
2423.000000	0.004650
2424.000000	-0.004004
2425.000000	-0.016162
2426.000000	-0.025502
2427.000000	-0.026466
2428.000000	-0.018520
2429.000000	-0.004121
2430.000000	0.007341
2431.000000	0.007720
2432.000000	0.000790
2433.000000	-0.007103
2434.000000	-0.011238
2435.000000	-0.008546
2436.000000	-0.000947
2437.000000	0.007888
2438.000000	0.012278
2439.000000	0.008624
2440.000000	0.003668
2441.000000	0.004515
2442.000000	0.009384
2443.000000	0.014732
2444.000000	0.018856
2445.000000	0.020601
2446.000000	0.019152
2447.000000	0.013859
2448.000000	0.004391
2449.000000	-0.008222
2450.000000	-0.017817
2451.000000	-0.018998
2452.000000	-0.014562
2453.000000	-0.008784
2454.000000	-0.003657
2455.000000	-0.000181
2456.000000	0.002344
2457.000000	0.004945
2458.000000	0.008268
2459.000000	0.012375
2460.000000	0.015384
2461.000000	0.015097
2462.000000	0.010008
2463.000000	0.000215
2464.000000	-0.008467
2465.000000	-0.010079
2466.000000	-0.003799
2467.000000	0.008056
2468.000000	0.015759
2469.000000	0.011646
2470.000000	0.003705
2471.000000	0.001180
2472.000000	0.002676
2473.000000	0.004215
2474.000000	0.002130
2475.000000	-0.005881
2476.000000	-0.016982
2477.000000	-0.026366
2478.000000	-0.026491
2479.000000	-0.013539
2480.000000	-0.001310
2481.000000	-0.002854
2482.000000	-0.010596
2483.000000	-0.014161
2484.000000	-0.012587
2485.000000	-0.007667
2486.000000	-0.002786
2487.000000	-0.000611
2488.000000	0.000659
2489.000000	0.003594
2490.000000	0.009372
2491.000000	0.017293
2492.000000	0.020538
2493.000000	0.013323
2494.000000	0.000132
2495.000000	-0.012375
2496.000000	-0.019099
2497.000000	-0.017137
2498.000000	-0.010802
2499.000000	-0.005467
2500.000000	-0.003536
2501.000000	-0.004888
2502.000000	-0.002271
2503.000000	0.009570
2504.000000	0.020775
2505.000000	0.020344
2506.000000	0.007845
2507.000000	-0.011763
2508.000000	-0.022527
2509.000000	-0.012808
2510.000000	0.000768
2511.000000	0.000429
2512.000000	-0.007924
2513.000000	-0.014457
2514.000000	-0.017274
2515.000000	-0.016762
2516.000000	-0.014492
2517.000000	-0.012044
2518.000000	-0.009834
2519.000000	-0.008426
2520.000000	-0.010133
2521.000000	-0.015982
2522.000000	-0.020095
2523.000000	-0.017420
2524.000000	-0.013109
2525.000000	-0.013278
2526.000000	-0.017703
2527.000000	-0.023664
2528.000000	-0.024796
2529.000000	-0.016520
2530.000000	-0.005029
2531.000000	0.002545
2532.000000	0.006104
2533.000000	0.006972
2534.000000	0.005142
2535.000000	0.000828
2536.000000	-0.003536
2537.000000	-0.005316
2538.000000	-0.003302
2539.000000	0.002246
2540.000000	0.006617
2541.000000	0.005067
2542.000000	-0.002842
2543.000000	-0.015156
2544.000000	-0.024669
2545.000000	-0.024939
2546.000000	-0.017836
2547.000000	-0.007532
2548.000000	0.000901
2549.000000	0.003905
2550.000000	0.004871
2551.000000	0.007308
2552.000000	0.008258
2553.000000	0.004518
2554.000000	-0.001613
2555.000000	-0.007109
2556.000000	-0.011537
2557.000000	-0.015060
2558.000000	-0.017631
2559.000000	-0.018887
2560.000000	-0.017412
2561.000000	-0.011827
2562.000000	-0.001971
2563.000000	0.009993
2564.000000	0.013810
2565.000000	0.001784
2566.000000	-0.015452
2567.000000	-0.025026
2568.000000	-0.023438
2569.000000	-0.011901
2570.000000	-0.001113
2571.000000	-0.000156
2572.000000	-0.002154
2573.000000	0.000788
2574.000000	0.004685
2575.000000	0.004557
2576.000000	0.003307
2577.000000	0.004587
2578.000000	0.007148
2579.000000	0.008490
2580.000000	0.006012
2581.000000	-0.001164
2582.000000	-0.006918
2583.000000	-0.006023
2584.000000	-0.003819
2585.000000	-0.005830
2586.000000	-0.007732
2587.000000	-0.004815
2588.000000	-0.000656
2589.000000	-0.000087
2590.000000	-0.004659
2591.000000	-0.013387
2592.000000	-0.018419
2593.000000	-0.013927
2594.000000	-0.009058
2595.000000	-0.012980
2596.000000	-0.019961
2597.000000	-0.022318
2598.000000	-0.019445
2599.000000	-0.012976
2600.000000	-0.006409
2601.000000	-0.003006
2602.000000	-0.003206
2603.000000	-0.005618
2604.000000	-0.004335
2605.000000	0.004170
2606.000000	0.009398
2607.000000	0.002608
2608.000000	-0.003878
2609.000000	0.002607
2610.000000	0.015040
2611.000000	0.022178
2612.000000	0.015590
2613.000000	-0.006775
2614.000000	-0.024244
2615.000000	-0.018933
2616.000000	-0.006830
2617.000000	-0.006156
2618.000000	-0.010202
2619.000000	-0.009200
2620.000000	-0.006082
2621.000000	-0.005727
2622.000000	-0.008114
2623.000000	-0.010923
2624.000000	-0.007533
2625.000000	0.005310
2626.000000	0.013099
2627.000000	0.003399
2628.000000	-0.010179
2629.000000	-0.012236
2630.000000	-0.006272
2631.000000	0.000495
2632.000000	0.004871
2633.000000	0.005455
2634.000000	0.003998
2635.000000	0.002048
2636.000000	-0.002809
2637.000000	-0.011614
2638.000000	-0.015959
2639.000000	-0.009712
2640.000000	-0.005290
2641.000000	-0.014193
2642.000000	-0.025711
2643.000000	-0.026434
2644.000000	-0.014356
2645.000000	0.006459
2646.000000	0.019082
2647.000000	0.009563
2648.000000	-0.011256
2649.000000	-0.028376
2650.000000	-0.034952
2651.000000	-0.028537
2652.000000	-0.016119
2653.000000	-0.005807
2654.000000	-0.000765
2655.000000	-0.001787
2656.000000	-0.005120
2657.000000	-0.006568
2658.000000	-0.004713
2659.000000	0.000099
2660.000000	0.003229
2661.000000	0.000784
2662.000000	-0.003858
2663.000000	-0.006384
2664.000000	-0.006003
2665.000000	-0.003149
2666.000000	0.000355
2667.000000	0.002606
2668.000000	0.002767
2669.000000	0.000622
2670.000000	-0.002635
2671.000000	-0.005203
2672.000000	-0.004277
2673.000000	0.001701
2674.000000	0.008283
2675.000000	0.010705
2676.000000	0.008931
2677.000000	0.004234
2678.000000	-0.001601
2679.000000	-0.007143
2680.000000	-0.012885
2681.000000	-0.018519
2682.000000	-0.018623
2683.000000	-0.010002
2684.000000	-0.003492
2685.000000	-0.009212
2686.000000	-0.020387
2687.000000	-0.027677
2688.000000	-0.028382
2689.000000	-0.022559
2690.000000	-0.014643
2691.000000	-0.008860
2692.000000	-0.004214
2693.000000	0.000500
2694.000000	0.002110
2695.000000	-0.002123
2696.000000	-0.008839
2697.000000	-0.013597
2698.000000	-0.013738
2699.000000	-0.008298
2700.000000	-0.001304
2701.000000	0.002487
2702.000000	0.000399
2703.000000	-0.007577
2704.000000	-0.012875
2705.000000	-0.008351
2706.000000	-0.001133
2707.000000	0.000499
2708.000000	-0.002068
2709.000000	-0.004742
2710.000000	-0.002281
2711.000000	0.008456
2712.000000	0.021061
2713.000000	0.027102
2714.000000	0.019595
2715.000000	-0.002446
2716.000000	-0.017457
2717.000000	-0.006409
2718.000000	0.017028
2719.000000	0.034011
2720.000000	0.037698
2721.000000	0.026963
2722.000000	0.011533
2723.000000	0.001832
2724.000000	0.000213
2725.000000	0.004936
2726.000000	0.005969
2727.000000	-0.003640
2728.000000	-0.010244
2729.000000	-0.001211
2730.000000	0.011420
2731.000000	0.013918
2732.000000	0.010455
2733.000000	0.008571
2734.000000	0.011391
2735.000000	0.019657
2736.000000	0.029011
2737.000000	0.034439
2738.000000	0.033415
2739.000000	0.025640
2740.000000	0.017229
2741.000000	0.013543
2742.000000	0.010505
2743.000000	0.003981
2744.000000	-0.000946
2745.000000	0.000834
2746.000000	0.005317
2747.000000	0.006824
2748.000000	0.002101
2749.000000	-0.009014
2750.000000	-0.016725
2751.000000	-0.012934
2752.000000	-0.006279
2753.000000	-0.005060
2754.000000	0.000517
2755.000000	0.019038
2756.000000	0.036163
2757.000000	0.036265
2758.000000	0.021496
2759.000000	-0.000416
2760.000000	-0.017213
2761.000000	-0.019594
2762.000000	-0.014618
2763.000000	-0.012103
2764.000000	-0.016553
2765.000000	-0.027140
2766.000000	-0.027010
2767.000000	-0.003836
2768.000000	0.020583
2769.000000	0.022586
2770.000000	0.005196
2771.000000	-0.020337
2772.000000	-0.036523
2773.000000	-0.030607
2774.000000	-0.015011
2775.000000	-0.005057
2776.000000	-0.002494
2777.000000	-0.005304
2778.000000	-0.009980
2779.000000	-0.013358
2780.000000	-0.015124
2781.000000	-0.015646
2782.000000	-0.015156
2783.000000	-0.014060
2784.000000	-0.013605
2785.000000	-0.015233
2786.000000	-0.020324
2787.000000	-0.028499
2788.000000	-0.032410
2789.000000	-0.026020
2790.000000	-0.015498
2791.000000	-0.008579
2792.000000	-0.007051
2793.000000	-0.010888
2794.000000	-0.018740
2795.000000	-0.028506
2796.000000	-0.036398
2797.000000	-0.038676
2798.000000	-0.033469
2799.000000	-0.021760
2800.000000	-0.014061
2801.000000	-0.018989
2802.000000	-0.028037
2803.000000	-0.030947
2804.000000	-0.027572
2805.000000	-0.020205
2806.000000	-0.010797
2807.000000	-0.001602
2808.000000	0.003562
2809.000000	0.001177
2810.000000	-0.009527
2811.000000	-0.026149
2812.000000	-0.036351
2813.000000	-0.030653
2814.000000	-0.020931
2815.000000	-0.020511
2816.000000	-0.027168
2817.000000	-0.035153
2818.000000	-0.040165
2819.000000	-0.039063
2820.000000	-0.031896
2821.000000	-0.020205
2822.000000	-0.008311
2823.000000	-0.001197
2824.000000	-0.003716
2825.000000	-0.016062
2826.000000	-0.019924
2827.000000	-0.001232
2828.000000	0.018602
2829.000000	0.017033
2830.000000	0.002460
2831.000000	-0.010991
2832.000000	-0.017230
2833.000000	-0.014012
2834.000000	-0.006445
2835.000000	0.000968
2836.000000	0.013509
2837.000000	0.033810
2838.000000	0.044126
2839.000000	0.032014
2840.000000	0.026607
2841.000000	0.054215
2842.000000	0.088269
2843.000000	0.098040
2844.000000	0.089031
2845.000000	0.076233
2846.000000	0.076353
2847.000000	0.099671
2848.000000	0.129044
2849.000000	0.146575
2850.000000	0.158785
2851.000000	0.175117
2852.000000	0.192272
2853.000000	0.205877
2854.000000	0.219986
2855.000000	0.239254
2856.000000	0.262302
2857.000000	0.285246
2858.000000	0.300223
2859.000000	0.300823
2860.000000	0.290433
2861.000000	0.277335
2862.000000	0.279607
2863.000000	0.308598
2864.000000	0.338956
2865.000000	0.345244
2866.000000	0.338383
2867.000000	0.334973
2868.000000	0.337981
2869.000000	0.347242
2870.000000	0.363710
2871.000000	0.387929
2872.000000	0.417672
2873.000000	0.449002
2874.000000	0.473896
2875.000000	0.486349
2876.000000	0.492517
2877.000000	0.498536
2878.000000	0.498301
2879.000000	0.487561
2880.000000	0.481712
2881.000000	0.494965
2882.000000	0.517147
2883.000000	0.533758
2884.000000	0.537388
2885.000000	0.525823
2886.000000	0.510554
2887.000000	0.503650
2888.000000	0.505776
2889.000000	0.513809
2890.000000	0.520879
2891.000000	0.522096
2892.000000	0.524249
2893.000000	0.535617
2894.000000	0.558759
2895.000000	0.590796
2896.000000	0.612812
2897.000000	0.607290
2898.000000	0.578349
2899.000000	0.539258
2900.000000	0.518236
2901.000000	0.536672
2902.000000	0.573675
2903.000000	0.602125
2904.000000	0.612268
2905.000000	0.604845
2906.000000	0.605208
2907.000000	0.635061
2908.000000	0.676888
2909.000000	0.706952
2910.000000	0.715841
2911.000000	0.702745
2912.000000	0.686946
2913.000000	0.688654
2914.000000	0.711705
2915.000000	0.751777
2916.000000	0.788299
2917.000000	0.801696
2918.000000	0.792613
2919.000000	0.769920
2920.000000	0.755153
2921.000000	0.767615
2922.000000	0.805017
2923.000000	0.856817
2924.000000	0.901055
2925.000000	0.918243
2926.000000	0.910205
2927.000000	0.888595
2928.000000	0.883086
2929.000000	0.915950
2930.000000	0.961837
2931.000000	0.990535
2932.000000	1.000000
2933.000000	0.995164
2934.000000	0.980686
2935.000000	0.961716
2936.000000	0.945628
2937.000000	0.936859
2938.000000	0.925878
2939.000000	0.901580
2940.000000	0.860520
2941.000000	0.807855
2942.000000	0.775474
2943.000000	0.788603
2944.000000	0.819081
2945.000000	0.832782
2946.000000	0.825101
2947.000000	0.800530
2948.000000	0.770414
2949.000000	0.746445
2950.000000	0.734853
2951.000000	0.736128
2952.000000	0.733268
2953.000000	0.708503
2954.000000	0.658474
2955.000000	0.592004
2956.000000	0.552230
2957.000000	0.572776
2958.000000	0.614885
2959.000000	0.632077
2960.000000	0.619354
2961.000000	0.586084
2962.000000	0.557613
2963.000000	0.556204
2964.000000	0.575798
2965.000000	0.602127
2966.000000	0.616398
2967.000000	0.604027
2968.000000	0.571795
2969.000000	0.532176
2970.000000	0.499058
2971.000000	0.482971
2972.000000	0.479591
2973.000000	0.481358
2974.000000	0.482611
2975.000000	0.478582
2976.000000	0.466170
2977.000000	0.444644
2978.000000	0.421088
2979.000000	0.403233
2980.000000	0.393581
2981.000000	0.391989
2982.000000	0.392952
2983.000000	0.391154
2984.000000	0.387394
2985.000000	0.382008
2986.000000	0.367362
2987.000000	0.338148
2988.000000	0.306332
2989.000000	0.285480
2990.000000	0.278274
2991.000000	0.283003
2992.000000	0.291277
2993.000000	0.293338
2994.000000	0.280630
2995.000000	0.248514
2996.000000	0.206803
2997.000000	0.169936
2998.000000	0.156405
2999.000000	0.175350
3000.000000	0.194439
3001.000000	0.182292
3002.000000	0.152796
3003.000000	0.126682
3004.000000	0.106796
3005.000000	0.092092
3006.000000	0.083830
3007.000000	0.082699
3008.000000	0.084796
3009.000000	0.085491
3010.000000	0.081835
3011.000000	0.072990
3012.000000	0.064871
3013.000000	0.062925
3014.000000	0.063976
3015.000000	0.063410
3016.000000	0.059486
3017.000000	0.052234
3018.000000	0.045903
3019.000000	0.043830
3020.000000	0.041488
3021.000000	0.034955
3022.000000	0.030586
3023.000000	0.034848
3024.000000	0.044389
3025.000000	0.052034
3026.000000	0.045134
3027.000000	0.016532
3028.000000	-0.013489
3029.000000	-0.023614
3030.000000	-0.015847
3031.000000	0.000480
3032.000000	0.010027
3033.000000	0.001538
3034.000000	-0.013908
3035.000000	-0.022544
3036.000000	-0.022202
3037.000000	-0.014361
3038.000000	-0.003498
3039.000000	0.005920
3040.000000	0.012474
3041.000000	0.015063
3042.000000	0.010822
3043.000000	-0.000836
3044.000000	-0.009621
3045.000000	-0.006269
3046.000000	0.003507
3047.000000	0.011819
3048.000000	0.017055
3049.000000	0.019185
3050.000000	0.018240
3051.000000	0.014634
3052.000000	0.010264
3053.000000	0.006922
3054.000000	0.004506
3055.000000	0.002864
3056.000000	0.003528
3057.000000	0.009507
3058.000000	0.028035
3059.000000	0.061214
3060.000000	0.086405
3061.000000	0.084082
3062.000000	0.071917
3063.000000	0.069569
3064.000000	0.067439
3065.000000	0.054242
3066.000000	0.041205
3067.000000	0.040916
3068.000000	0.048894
3069.000000	0.056205
3070.000000	0.053179
3071.000000	0.035398
3072.000000	0.020187
3073.000000	0.023002
3074.000000	0.030071
3075.000000	0.025173
3076.000000	0.011502
3077.000000	-0.003348
3078.000000	-0.013618
3079.000000	-0.016186
3080.000000	-0.016662
3081.000000	-0.020485
3082.000000	-0.023689
3083.000000	-0.021606
3084.000000	-0.016167
3085.000000	-0.011194
3086.000000	-0.011458
3087.000000	-0.019126
3088.000000	-0.024989
3089.000000	-0.021048
3090.000000	-0.015529
3091.000000	-0.016419
3092.000000	-0.014540
3093.000000	-0.000973
3094.000000	0.014992
3095.000000	0.022039
3096.000000	0.018953
3097.000000	0.007386
3098.000000	-0.009637
3099.000000	-0.027887
3100.000000	-0.039689
3101.000000	-0.038634
3102.000000	-0.026829
3103.000000	-0.010652
3104.000000	-0.005046
3105.000000	-0.019744
3106.000000	-0.035063
3107.000000	-0.031839
3108.000000	-0.022400
3109.000000	-0.022125
3110.000000	-0.027098
3111.000000	-0.029545
3112.000000	-0.025571
3113.000000	-0.013892
3114.000000	0.000192
3115.000000	0.010115
3116.000000	0.010829
3117.000000	-0.000145
3118.000000	-0.016528
3119.000000	-0.030199
3120.000000	-0.034426
3121.000000	-0.026965
3122.000000	-0.022130
3123.000000	-0.030720
3124.000000	-0.032909
3125.000000	-0.011328
3126.000000	0.010947
3127.000000	0.010137
3128.000000	0.000108
3129.000000	-0.001081
3130.000000	0.003753
3131.000000	0.006990
3132.000000	0.002677
3133.000000	-0.011452
3134.000000	-0.024596
3135.000000	-0.025801
3136.000000	-0.016580
3137.000000	-0.002655
3138.000000	0.005879
3139.000000	0.000217
3140.000000	-0.018928
3141.000000	-0.044819
3142.000000	-0.056152
3143.000000	-0.036843
3144.000000	-0.006249
3145.000000	0.012821
3146.000000	0.019197
3147.000000	0.017323
3148.000000	0.012450
3149.000000	0.008508
3150.000000	0.003323
3151.000000	-0.005328
3152.000000	-0.013763
3153.000000	-0.017821
3154.000000	-0.017317
3155.000000	-0.013340
3156.000000	-0.008102
3157.000000	-0.004372
3158.000000	-0.006024
3159.000000	-0.014372
3160.000000	-0.019381
3161.000000	-0.012540
3162.000000	-0.002784
3163.000000	-0.000224
3164.000000	-0.002234
3165.000000	-0.003698
3166.000000	-0.002275
3167.000000	0.002203
3168.000000	0.003978
3169.000000	-0.001414
3170.000000	-0.007344
3171.000000	-0.007156
3172.000000	-0.005189
3173.000000	-0.006151
3174.000000	-0.005237
3175.000000	0.001639
3176.000000	0.006166
3177.000000	0.000139
3178.000000	-0.011814
3179.000000	-0.022428
3180.000000	-0.026723
3181.000000	-0.022642
3182.000000	-0.017541
3183.000000	-0.018628
3184.000000	-0.023117
3185.000000	-0.025238
3186.000000	-0.017269
3187.000000	0.004157
3188.000000	0.023045
3189.000000	0.024415
3190.000000	0.016722
3191.000000	0.010548
3192.000000	0.001561
3193.000000	-0.014397
3194.000000	-0.025866
3195.000000	-0.022974
3196.000000	-0.017827
3197.000000	-0.022680
3198.000000	-0.028410
3199.000000	-0.023985
3200.000000	-0.012127
3201.000000	0.000190
3202.000000	0.002732
3203.000000	-0.010362
3204.000000	-0.024206
3205.000000	-0.023187
3206.000000	-0.009522
3207.000000	0.008887
3208.000000	0.019219
3209.000000	0.012296
3210.000000	-0.001562
3211.000000	-0.009492
3212.000000	-0.007945
3213.000000	0.002424
3214.000000	0.013473
3215.000000	0.017615
3216.000000	0.016967
3217.000000	0.016017
3218.000000	0.019034
3219.000000	0.028152
3220.000000	0.037185
3221.000000	0.039115
3222.000000	0.031928
3223.000000	0.017017
3224.000000	0.004413
3225.000000	0.002286
3226.000000	0.002727
3227.000000	-0.002643
3228.000000	-0.008005
3229.000000	-0.006125
3230.000000	0.001682
3231.000000	0.011977
3232.000000	0.021386
3233.000000	0.026496
3234.000000	0.023678
3235.000000	0.011841
3236.000000	0.000256
3237.000000	-0.001739
3238.000000	0.005098
3239.000000	0.015800
3240.000000	0.018655
3241.000000	0.005516
3242.000000	-0.010768
3243.000000	-0.016249
3244.000000	-0.013580
3245.000000	-0.008373
3246.000000	-0.001475
3247.000000	0.005904
3248.000000	0.006343
3249.000000	-0.004830
3250.000000	-0.015062
3251.000000	-0.011930
3252.000000	-0.000738
3253.000000	0.009762
3254.000000	0.014763
3255.000000	0.012584
3256.000000	0.010091
3257.000000	0.014150
3258.000000	0.023071
3259.000000	0.032731
3260.000000	0.037824
3261.000000	0.035758
3262.000000	0.035971
3263.000000	0.045169
3264.000000	0.047082
3265.000000	0.028536
3266.000000	0.011704
3267.000000	0.017475
3268.000000	0.026240
3269.000000	0.016893
3270.000000	0.002834
3271.000000	0.000871
3272.000000	0.006934
3273.000000	0.013947
3274.000000	0.023688
3275.000000	0.038751
3276.000000	0.056149
3277.000000	0.070048
3278.000000	0.068810
3279.000000	0.047259
3280.000000	0.031883
3281.000000	0.045146
3282.000000	0.061764
3283.000000	0.055370
3284.000000	0.043027
3285.000000	0.045678
3286.000000	0.056345
3287.000000	0.063132
3288.000000	0.062378
3289.000000	0.054444
3290.000000	0.047537
3291.000000	0.048598
3292.000000	0.051660
3293.000000	0.050377
3294.000000	0.049795
3295.000000	0.055831
3296.000000	0.066483
3297.000000	0.076154
3298.000000	0.072788
3299.000000	0.050426
3300.000000	0.033961
3301.000000	0.045472
3302.000000	0.064920
3303.000000	0.069747
3304.000000	0.069447
3305.000000	0.075727
3306.000000	0.077106
3307.000000	0.063054
3308.000000	0.050023
3309.000000	0.053305
3310.000000	0.056559
3311.000000	0.043252
3312.000000	0.027724
3313.000000	0.027833
3314.000000	0.044654
3315.000000	0.071632
3316.000000	0.088486
3317.000000	0.079117
3318.000000	0.057875
3319.000000	0.043948
3320.000000	0.045420
3321.000000	0.063280
3322.000000	0.081229
3323.000000	0.084189
3324.000000	0.079263
3325.000000	0.075132
3326.000000	0.064615
3327.000000	0.042585
3328.000000	0.027981
3329.000000	0.037465
3330.000000	0.054527
3331.000000	0.060083
3332.000000	0.057933
3333.000000	0.055978
3334.000000	0.055626
3335.000000	0.056289
3336.000000	0.055885
3337.000000	0.053536
3338.000000	0.054677
3339.000000	0.063131
3340.000000	0.069963
3341.000000	0.066759
3342.000000	0.059946
3343.000000	0.058270
3344.000000	0.064921
3345.000000	0.078037
3346.000000	0.081096
3347.000000	0.062291
3348.000000	0.043336
3349.000000	0.046418
3350.000000	0.062107
3351.000000	0.074554
3352.000000	0.073867
3353.000000	0.056987
3354.000000	0.042245
3355.000000	0.046351
3356.000000	0.058158
3357.000000	0.062270
3358.000000	0.054167
3359.000000	0.036360
3360.000000	0.028605
3361.000000	0.045644
3362.000000	0.064911
3363.000000	0.062125
3364.000000	0.043441
3365.000000	0.023396
3366.000000	0.019609
3367.000000	0.041241
3368.000000	0.060522
3369.000000	0.050967
3370.000000	0.028154
3371.000000	0.014069
3372.000000	0.014256
3373.000000	0.027533
3374.000000	0.042249
3375.000000	0.046652
3376.000000	0.039051
3377.000000	0.022593
3378.000000	0.009714
3379.000000	0.011418
3380.000000	0.023687
3381.000000	0.038342
3382.000000	0.045586
3383.000000	0.039541
3384.000000	0.031612
3385.000000	0.033450
3386.000000	0.040410
3387.000000	0.045293
3388.000000	0.046984
3389.000000	0.045179
3390.000000	0.036748
3391.000000	0.021753
3392.000000	0.015858
3393.000000	0.030415
3394.000000	0.043923
3395.000000	0.035817
3396.000000	0.022142
3397.000000	0.022038
3398.000000	0.030420
3399.000000	0.037036
3400.000000	0.035207
3401.000000	0.022348
3402.000000	0.008690
3403.000000	0.004658
3404.000000	0.008643
3405.000000	0.015653
3406.000000	0.019190
3407.000000	0.014351
3408.000000	0.004126
3409.000000	-0.006073
3410.000000	-0.009040
3411.000000	-0.000764
3412.000000	0.008188
3413.000000	0.008267
3414.000000	0.008573
3415.000000	0.017809
3416.000000	0.024451
3417.000000	0.017472
3418.000000	0.008055
3419.000000	0.009349
3420.000000	0.020150
3421.000000	0.034328
3422.000000	0.040399
3423.000000	0.029962
3424.000000	0.012292
3425.000000	-0.000351
3426.000000	-0.001441
3427.000000	0.011184
3428.000000	0.027963
3429.000000	0.038516
3430.000000	0.040899
3431.000000	0.035645
3432.000000	0.024772
3433.000000	0.011680
3434.000000	0.003822
3435.000000	0.006483
3436.000000	0.012210
3437.000000	0.013462
3438.000000	0.015077
3439.000000	0.021555
3440.000000	0.023675
3441.000000	0.012909
3442.000000	-0.002772
3443.000000	-0.012897
3444.000000	-0.013499
3445.000000	-0.004751
3446.000000	0.003108
3447.000000	0.000538
3448.000000	-0.009156
3449.000000	-0.018904
3450.000000	-0.019429
3451.000000	-0.004919
3452.000000	0.014372
3453.000000	0.025955
3454.000000	0.024450
3455.000000	0.009799
3456.000000	-0.003895
3457.000000	-0.003977
3458.000000	0.002249
3459.000000	0.004409
3460.000000	-0.000196
3461.000000	-0.010525
3462.000000	-0.018257
3463.000000	-0.015515
3464.000000	-0.003468
3465.000000	0.012772
3466.000000	0.021367
3467.000000	0.012987
3468.000000	-0.004948
3469.000000	-0.021151
3470.000000	-0.025623
3471.000000	-0.013228
3472.000000	0.003000
3473.000000	0.010173
3474.000000	0.014167
3475.000000	0.023085
3476.000000	0.035188
3477.000000	0.045108
3478.000000	0.042818
3479.000000	0.022567
3480.000000	0.000365
3481.000000	-0.007176
3482.000000	-0.002797
3483.000000	0.006069
3484.000000	0.012583
3485.000000	0.012147
3486.000000	0.008537
3487.000000	0.006107
3488.000000	0.003139
3489.000000	-0.002886
3490.000000	-0.011608
3491.000000	-0.021033
3492.000000	-0.025505
3493.000000	-0.020903
3494.000000	-0.012911
3495.000000	-0.007357
3496.000000	-0.000843
3497.000000	0.009128
3498.000000	0.012213
3499.000000	0.000084
3500.000000	-0.014676
3501.000000	-0.018191
3502.000000	-0.012315
3503.000000	-0.003655
3504.000000	-0.002095
3505.000000	-0.013539
3506.000000	-0.024693
3507.000000	-0.022240
3508.000000	-0.011968
3509.000000	-0.003100
3510.000000	0.000490
3511.000000	-0.001622
3512.000000	-0.001427
3513.000000	0.007038
3514.000000	0.013109
3515.000000	0.006608
3516.000000	-0.004067
3517.000000	-0.009110
3518.000000	-0.011665
3519.000000	-0.015314
3520.000000	-0.012453
3521.000000	0.002013
3522.000000	0.011944
3523.000000	0.002995
3524.000000	-0.010769
3525.000000	-0.012635
3526.000000	-0.003698
3527.000000	0.009342
3528.000000	0.015182
3529.000000	0.006000
3530.000000	-0.007498
3531.000000	-0.013511
3532.000000	-0.014400
3533.000000	-0.015135
3534.000000	-0.016969
3535.000000	-0.018994
3536.000000	-0.015384
3537.000000	-0.003355
3538.000000	0.002780
3539.000000	-0.007888
3540.000000	-0.015558
3541.000000	-0.003586
3542.000000	0.001346
3543.000000	-0.023253
3544.000000	-0.039791
3545.000000	-0.013957
3546.000000	0.015353
3547.000000	0.007079
3548.000000	-0.015274
3549.000000	-0.021447
3550.000000	-0.018718
3551.000000	-0.019735
3552.000000	-0.021097
3553.000000	-0.017683
3554.000000	-0.013551
3555.000000	-0.013615
3556.000000	-0.017029
3557.000000	-0.020924
3558.000000	-0.020088
3559.000000	-0.011458
3560.000000	-0.002901
3561.000000	-0.001990
3562.000000	-0.004186
3563.000000	-0.003659
3564.000000	-0.001523
3565.000000	-0.000862
3566.000000	-0.005693
3567.000000	-0.016637
3568.000000	-0.019794
3569.000000	-0.005224
3570.000000	0.006644
3571.000000	-0.003036
3572.000000	-0.016409
3573.000000	-0.013896
3574.000000	-0.005712
3575.000000	-0.005196
3576.000000	-0.008396
3577.000000	-0.008947
3578.000000	-0.008134
3579.000000	-0.008716
3580.000000	-0.011713
3581.000000	-0.017361
3582.000000	-0.024505
3583.000000	-0.030893
3584.000000	-0.031266
3585.000000	-0.021770
3586.000000	-0.007182
3587.000000	0.005039
3588.000000	0.005321
3589.000000	-0.010817
3590.000000	-0.025391
3591.000000	-0.021240
3592.000000	-0.006973
3593.000000	0.004460
3594.000000	0.008501
3595.000000	0.004351
3596.000000	-0.002133
3597.000000	-0.005411
3598.000000	-0.007849
3599.000000	-0.013792
3600.000000	-0.027585
