400.000000	0.005763
401.000000	0.021419
402.000000	0.025088
403.000000	0.019401
404.000000	0.006992
405.000000	-0.008434
406.000000	-0.018871
407.000000	-0.017834
408.000000	-0.009209
409.000000	0.001176
410.000000	0.010085
411.000000	0.015166
412.000000	0.014994
413.000000	0.009022
414.000000	-0.000714
415.000000	-0.011541
416.000000	-0.020832
417.000000	-0.026034
418.000000	-0.024856
419.000000	-0.016000
420.000000	-0.001873
421.000000	0.013592
422.000000	0.024079
423.000000	0.024747
424.000000	0.019054
425.000000	0.012011
426.000000	0.006546
427.000000	0.004114
428.000000	0.002351
429.000000	-0.001141
430.000000	-0.005073
431.000000	-0.007186
432.000000	-0.005035
433.000000	0.002386
434.000000	0.010133
435.000000	0.012855
436.000000	0.009530
437.000000	0.001166
438.000000	-0.007446
439.000000	-0.011822
440.000000	-0.012498
441.000000	-0.011202
442.000000	-0.009414
443.000000	-0.008170
444.000000	-0.006984
445.000000	-0.005245
446.000000	-0.003362
447.000000	-0.002074
448.000000	-0.002427
449.000000	-0.005036
450.000000	-0.008487
451.000000	-0.011084
452.000000	-0.012030
453.000000	-0.011029
454.000000	-0.008899
455.000000	-0.006645
456.000000	-0.004906
457.000000	-0.004198
458.000000	-0.004900
459.000000	-0.007015
460.000000	-0.009177
461.000000	-0.010100
462.000000	-0.010199
463.000000	-0.010658
464.000000	-0.014051
465.000000	-0.021937
466.000000	-0.030433
467.000000	-0.034894
468.000000	-0.033076
469.000000	-0.024778
470.000000	-0.015580
471.000000	-0.011123
472.000000	-0.011520
473.000000	-0.015250
474.000000	-0.019771
475.000000	-0.022814
476.000000	-0.024222
477.000000	-0.024333
478.000000	-0.023367
479.000000	-0.021575
480.000000	-0.019454
481.000000	-0.017396
482.000000	-0.015135
483.000000	-0.012307
484.000000	-0.008818
485.000000	-0.004948
486.000000	-0.002201
487.000000	-0.001974
488.000000	-0.004017
489.000000	-0.007537
490.000000	-0.011210
491.000000	-0.013739
492.000000	-0.014473
493.000000	-0.013038
494.000000	-0.009531
495.000000	-0.004306
496.000000	0.001714
497.000000	0.007406
498.000000	0.011425
499.000000	0.012526
500.000000	0.010093
501.000000	0.004650
502.000000	0.000656
503.000000	0.002215
504.000000	0.008090
505.000000	0.015077
506.000000	0.017456
507.000000	0.011237
508.000000	0.001873
509.000000	-0.003927
510.000000	-0.003855
511.000000	0.001611
512.000000	0.005264
513.000000	0.000598
514.000000	-0.009362
515.000000	-0.019277
516.000000	-0.024072
517.000000	-0.020297
518.000000	-0.010746
519.000000	0.000511
520.000000	0.010533
521.000000	0.016621
522.000000	0.015906
523.000000	0.007061
524.000000	-0.004905
525.000000	-0.014107
526.000000	-0.017497
527.000000	-0.013746
528.000000	-0.005558
529.000000	0.003492
530.000000	0.010376
531.000000	0.012415
532.000000	0.007787
533.000000	-0.003380
534.000000	-0.014008
535.000000	-0.016908
536.000000	-0.011410
537.000000	0.000723
538.000000	0.014499
539.000000	0.024580
540.000000	0.027465
541.000000	0.020907
542.000000	0.005829
543.000000	-0.014297
544.000000	-0.028964
545.000000	-0.028897
546.000000	-0.016779
547.000000	0.001495
548.000000	0.019155
549.000000	0.030290
550.000000	0.033311
551.000000	0.028267
552.000000	0.017440
553.000000	0.004168
554.000000	-0.006232
555.000000	-0.009463
556.000000	-0.007298
557.000000	-0.002769
558.000000	0.002119
559.000000	0.005911
560.000000	0.008321
561.000000	0.009346
562.000000	0.008951
563.000000	0.007152
564.000000	0.004186
565.000000	0.000614
566.000000	-0.001939
567.000000	-0.002036
568.000000	-0.000057
569.000000	0.002934
570.000000	0.004950
571.000000	0.004408
572.000000	0.002266
573.000000	-0.000078
574.000000	-0.002021
575.000000	-0.003432
576.000000	-0.005282
577.000000	-0.008347
578.000000	-0.011537
579.000000	-0.013394
580.000000	-0.012870
581.000000	-0.009787
582.000000	-0.007049
583.000000	-0.007361
584.000000	-0.009547
585.000000	-0.011111
586.000000	-0.008169
587.000000	0.001564
588.000000	0.012576
589.000000	0.018587
590.000000	0.018025
591.000000	0.011813
592.000000	0.006138
593.000000	0.006531
594.000000	0.010625
595.000000	0.014390
596.000000	0.015037
597.000000	0.011442
598.000000	0.007902
599.000000	0.008715
600.000000	0.012765
601.000000	0.017328
602.000000	0.018669
603.000000	0.014089
604.000000	0.006034
605.000000	-0.002249
606.000000	-0.009450
607.000000	-0.015054
608.000000	-0.019776
609.000000	-0.024243
610.000000	-0.027504
611.000000	-0.028402
612.000000	-0.026526
613.000000	-0.022020
614.000000	-0.016512
615.000000	-0.011734
616.000000	-0.008352
617.000000	-0.006688
618.000000	-0.006744
619.000000	-0.008179
620.000000	-0.009608
621.000000	-0.009632
622.000000	-0.007846
623.000000	-0.004213
624.000000	0.000836
625.000000	0.006532
626.000000	0.011240
627.000000	0.013386
628.000000	0.012526
629.000000	0.008958
630.000000	0.004828
631.000000	0.002025
632.000000	-0.000430
633.000000	-0.004061
634.000000	-0.009697
635.000000	-0.016896
636.000000	-0.020814
637.000000	-0.017123
638.000000	-0.007948
639.000000	0.002572
640.000000	0.008684
641.000000	0.006440
642.000000	0.000714
643.000000	-0.002586
644.000000	-0.002238
645.000000	0.000892
646.000000	0.002281
647.000000	-0.001743
648.000000	-0.007781
649.000000	-0.011289
650.000000	-0.010221
651.000000	-0.004537
652.000000	0.000290
653.000000	-0.000874
654.000000	-0.006275
655.000000	-0.012418
656.000000	-0.015718
657.000000	-0.014004
658.000000	-0.010852
659.000000	-0.010078
660.000000	-0.010709
661.000000	-0.010114
662.000000	-0.003832
663.000000	0.010602
664.000000	0.025835
665.000000	0.033602
666.000000	0.031803
667.000000	0.021460
668.000000	0.009914
669.000000	0.004195
670.000000	0.003783
671.000000	0.006335
672.000000	0.009778
673.000000	0.012204
674.000000	0.012102
675.000000	0.008650
676.000000	0.003398
677.000000	-0.001485
678.000000	-0.003728
679.000000	-0.001959
680.000000	0.001481
681.000000	0.003860
682.000000	0.004595
683.000000	0.003867
684.000000	0.002763
685.000000	0.002248
686.000000	0.001890
687.000000	0.001063
688.000000	-0.000232
689.000000	-0.001579
690.000000	-0.001523
691.000000	0.000716
692.000000	0.002193
693.000000	-0.000452
694.000000	-0.008511
695.000000	-0.021058
696.000000	-0.030346
697.000000	-0.029243
698.000000	-0.019882
699.000000	-0.006952
700.000000	0.003891
701.000000	0.008399
702.000000	0.008917
703.000000	0.008765
704.000000	0.008584
705.000000	0.008120
706.000000	0.006235
707.000000	0.002312
708.000000	-0.001293
709.000000	-0.002008
710.000000	0.000627
711.000000	0.005975
712.000000	0.011132
713.000000	0.013432
714.000000	0.013432
715.000000	0.012454
716.000000	0.011667
717.000000	0.011710
718.000000	0.011257
719.000000	0.009727
720.000000	0.011481
721.000000	0.019782
722.000000	0.028552
723.000000	0.031616
724.000000	0.031756
725.000000	0.032945
726.000000	0.034960
727.000000	0.036753
728.000000	0.038165
729.000000	0.039418
730.000000	0.041369
731.000000	0.044175
732.000000	0.044573
733.000000	0.039307
734.000000	0.028577
735.000000	0.014028
736.000000	-0.000368
737.000000	-0.010537
738.000000	-0.014314
739.000000	-0.011137
740.000000	-0.004942
741.000000	-0.000036
742.000000	0.002278
743.000000	0.001623
744.000000	-0.001693
745.000000	-0.006502
746.000000	-0.008874
747.000000	-0.005470
748.000000	0.001934
749.000000	0.010072
750.000000	0.014837
751.000000	0.014036
752.000000	0.013966
753.000000	0.020962
754.000000	0.033012
755.000000	0.044832
756.000000	0.046392
757.000000	0.031163
758.000000	0.011362
759.000000	0.001187
760.000000	0.003998
761.000000	0.017416
762.000000	0.026937
763.000000	0.019814
764.000000	0.002450
765.000000	-0.014845
766.000000	-0.025290
767.000000	-0.024823
768.000000	-0.016719
769.000000	-0.005640
770.000000	0.005550
771.000000	0.014631
772.000000	0.020154
773.000000	0.021973
774.000000	0.024395
775.000000	0.031600
776.000000	0.042813
777.000000	0.055744
778.000000	0.066981
779.000000	0.074153
780.000000	0.080160
781.000000	0.088282
782.000000	0.098059
783.000000	0.107561
784.000000	0.112727
785.000000	0.110781
786.000000	0.106227
787.000000	0.104209
788.000000	0.105153
789.000000	0.106839
790.000000	0.101187
791.000000	0.082187
792.000000	0.057956
793.000000	0.038954
794.000000	0.030871
795.000000	0.035786
796.000000	0.046100
797.000000	0.053326
798.000000	0.055111
799.000000	0.050934
800.000000	0.041457
801.000000	0.028508
802.000000	0.017388
803.000000	0.012890
804.000000	0.014313
805.000000	0.019319
806.000000	0.024510
807.000000	0.027257
808.000000	0.029056
809.000000	0.031840
810.000000	0.035153
811.000000	0.037736
812.000000	0.037509
813.000000	0.033309
814.000000	0.028452
815.000000	0.026599
816.000000	0.028324
817.000000	0.032831
818.000000	0.036946
819.000000	0.037653
820.000000	0.034961
821.000000	0.029727
822.000000	0.023192
823.000000	0.016961
824.000000	0.013717
825.000000	0.015473
826.000000	0.020490
827.000000	0.026242
828.000000	0.030794
829.000000	0.032808
830.000000	0.032729
831.000000	0.031444
832.000000	0.029808
833.000000	0.028612
834.000000	0.028412
835.000000	0.029199
836.000000	0.028951
837.000000	0.025910
838.000000	0.021393
839.000000	0.017563
840.000000	0.016897
841.000000	0.020651
842.000000	0.024871
843.000000	0.025318
844.000000	0.021827
845.000000	0.015663
846.000000	0.009744
847.000000	0.006630
848.000000	0.005801
849.000000	0.006158
850.000000	0.007380
851.000000	0.009831
852.000000	0.015850
853.000000	0.026399
854.000000	0.034961
855.000000	0.035606
856.000000	0.032220
857.000000	0.029990
858.000000	0.029480
859.000000	0.029533
860.000000	0.026740
861.000000	0.019091
862.000000	0.012432
863.000000	0.011930
864.000000	0.012181
865.000000	0.007488
866.000000	0.001547
867.000000	-0.000214
868.000000	0.005163
869.000000	0.017657
870.000000	0.027785
871.000000	0.026751
872.000000	0.017958
873.000000	0.007889
874.000000	0.003134
875.000000	0.007730
876.000000	0.015381
877.000000	0.018729
878.000000	0.016510
879.000000	0.009350
880.000000	-0.000648
881.000000	-0.010847
882.000000	-0.017949
883.000000	-0.019202
884.000000	-0.014712
885.000000	-0.005664
886.000000	0.005287
887.000000	0.015240
888.000000	0.021778
889.000000	0.023170
890.000000	0.019947
891.000000	0.013650
892.000000	0.007606
893.000000	0.004794
894.000000	0.005021
895.000000	0.007238
896.000000	0.010141
897.000000	0.012115
898.000000	0.010568
899.000000	0.004188
900.000000	-0.002232
901.000000	-0.003350
902.000000	0.002259
903.000000	0.013434
904.000000	0.022600
905.000000	0.022947
906.000000	0.017152
907.000000	0.009924
908.000000	0.004618
909.000000	0.003405
910.000000	0.005086
911.000000	0.007823
912.000000	0.010601
913.000000	0.012634
914.000000	0.013215
915.000000	0.011663
916.000000	0.007303
917.000000	0.000004
918.000000	-0.008214
919.000000	-0.014855
920.000000	-0.017685
921.000000	-0.015152
922.000000	-0.008173
923.000000	0.001651
924.000000	0.012447
925.000000	0.022293
926.000000	0.029329
927.000000	0.031780
928.000000	0.028135
929.000000	0.017858
930.000000	0.004037
931.000000	-0.009144
932.000000	-0.016727
933.000000	-0.015499
934.000000	-0.009988
935.000000	-0.005756
936.000000	-0.004752
937.000000	-0.007661
938.000000	-0.013731
939.000000	-0.021179
940.000000	-0.025532
941.000000	-0.022822
942.000000	-0.013783
943.000000	-0.001162
944.000000	0.008931
945.000000	0.011691
946.000000	0.010884
947.000000	0.011334
948.000000	0.013516
949.000000	0.015904
950.000000	0.013298
951.000000	0.002093
952.000000	-0.011275
953.000000	-0.019094
954.000000	-0.018585
955.000000	-0.009452
956.000000	0.003615
957.000000	0.015408
958.000000	0.023632
959.000000	0.027030
960.000000	0.025591
961.000000	0.020140
962.000000	0.013590
963.000000	0.008772
964.000000	0.006104
965.000000	0.005370
966.000000	0.006230
967.000000	0.008322
968.000000	0.011306
969.000000	0.014666
970.000000	0.017150
971.000000	0.017484
972.000000	0.015052
973.000000	0.009608
974.000000	0.001724
975.000000	-0.007233
976.000000	-0.013529
977.000000	-0.013411
978.000000	-0.005428
979.000000	0.009334
980.000000	0.021939
981.000000	0.024282
982.000000	0.019425
983.000000	0.013051
984.000000	0.010172
985.000000	0.013760
986.000000	0.019301
987.000000	0.021749
988.000000	0.021414
989.000000	0.019971
990.000000	0.019194
991.000000	0.020165
992.000000	0.021099
993.000000	0.020220
994.000000	0.018637
995.000000	0.018072
996.000000	0.019795
997.000000	0.025208
998.000000	0.036687
999.000000	0.054443
1000.000000	0.069049
1001.000000	0.072250
1002.000000	0.070112
1003.000000	0.070127
1004.000000	0.071175
1005.000000	0.071103
1006.000000	0.072238
1007.000000	0.075699
1008.000000	0.073301
1009.000000	0.058516
1010.000000	0.040749
1011.000000	0.030514
1012.000000	0.026829
1013.000000	0.026175
1014.000000	0.026366
1015.000000	0.025816
1016.000000	0.023987
1017.000000	0.020721
1018.000000	0.016321
1019.000000	0.011276
1020.000000	0.006342
1021.000000	0.002236
1022.000000	-0.000756
1023.000000	-0.002318
1024.000000	-0.001589
1025.000000	0.002410
1026.000000	0.010586
1027.000000	0.022565
1028.000000	0.032914
1029.000000	0.036432
1030.000000	0.033899
1031.000000	0.028241
1032.000000	0.024991
1033.000000	0.028149
1034.000000	0.032972
1035.000000	0.033801
1036.000000	0.030042
1037.000000	0.022917
1038.000000	0.015848
1039.000000	0.012076
1040.000000	0.011919
1041.000000	0.014813
1042.000000	0.019591
1043.000000	0.024792
1044.000000	0.028397
1045.000000	0.029098
1046.000000	0.029001
1047.000000	0.030474
1048.000000	0.033505
1049.000000	0.037165
1050.000000	0.039226
1051.000000	0.037984
1052.000000	0.035129
1053.000000	0.032721
1054.000000	0.030894
1055.000000	0.029028
1056.000000	0.025418
1057.000000	0.019264
1058.000000	0.014470
1059.000000	0.015080
1060.000000	0.020993
1061.000000	0.030454
1062.000000	0.039236
1063.000000	0.043665
1064.000000	0.044745
1065.000000	0.044496
1066.000000	0.044330
1067.000000	0.045507
1068.000000	0.049285
1069.000000	0.055657
1070.000000	0.059558
1071.000000	0.056169
1072.000000	0.046718
1073.000000	0.034908
1074.000000	0.028304
1075.000000	0.032542
1076.000000	0.041687
1077.000000	0.048339
1078.000000	0.050822
1079.000000	0.049697
1080.000000	0.048756
1081.000000	0.051238
1082.000000	0.054933
1083.000000	0.056834
1084.000000	0.056196
1085.000000	0.053103
1086.000000	0.048679
1087.000000	0.044543
1088.000000	0.043244
1089.000000	0.046739
1090.000000	0.053679
1091.000000	0.061412
1092.000000	0.065386
1093.000000	0.062203
1094.000000	0.054977
1095.000000	0.047975
1096.000000	0.043575
1097.000000	0.043420
1098.000000	0.048102
1099.000000	0.057248
1100.000000	0.067677
1101.000000	0.075815
1102.000000	0.079335
1103.000000	0.076451
1104.000000	0.066310
1105.000000	0.050010
1106.000000	0.035522
1107.000000	0.030607
1108.000000	0.035318
1109.000000	0.046905
1110.000000	0.059127
1111.000000	0.065516
1112.000000	0.062183
1113.000000	0.047674
1114.000000	0.027683
1115.000000	0.010313
1116.000000	0.006147
1117.000000	0.021383
1118.000000	0.042183
1119.000000	0.053330
1120.000000	0.054113
1121.000000	0.048587
1122.000000	0.045379
1123.000000	0.050644
1124.000000	0.056087
1125.000000	0.052558
1126.000000	0.041928
1127.000000	0.029375
1128.000000	0.022270
1129.000000	0.025684
1130.000000	0.033280
1131.000000	0.037188
1132.000000	0.034805
1133.000000	0.025312
1134.000000	0.009766
1135.000000	-0.009268
1136.000000	-0.025057
1137.000000	-0.031577
1138.000000	-0.029789
1139.000000	-0.022749
1140.000000	-0.014892
1141.000000	-0.010100
1142.000000	-0.008653
1143.000000	-0.009750
1144.000000	-0.011870
1145.000000	-0.013400
1146.000000	-0.013067
1147.000000	-0.010640
1148.000000	-0.009713
1149.000000	-0.013729
1150.000000	-0.021715
1151.000000	-0.031464
1152.000000	-0.040260
1153.000000	-0.045283
1154.000000	-0.043810
1155.000000	-0.034407
1156.000000	-0.020703
1157.000000	-0.007406
1158.000000	0.001516
1159.000000	0.003608
1160.000000	0.001735
1161.000000	-0.000802
1162.000000	-0.004287
1163.000000	-0.009646
1164.000000	-0.016803
1165.000000	-0.024467
1166.000000	-0.027491
1167.000000	-0.022013
1168.000000	-0.013163
1169.000000	-0.007462
1170.000000	-0.008003
1171.000000	-0.014729
1172.000000	-0.018399
1173.000000	-0.011104
1174.000000	0.000561
1175.000000	0.007647
1176.000000	0.006291
1177.000000	-0.003842
1178.000000	-0.014075
1179.000000	-0.016140
1180.000000	-0.012431
1181.000000	-0.007393
1182.000000	-0.003008
1183.000000	0.000184
1184.000000	0.004962
1185.000000	0.013303
1186.000000	0.020660
1187.000000	0.021928
1188.000000	0.016285
1189.000000	0.004984
1190.000000	-0.006712
1191.000000	-0.013845
1192.000000	-0.016698
1193.000000	-0.016712
1194.000000	-0.014726
1195.000000	-0.011413
1196.000000	-0.007393
1197.000000	-0.002781
1198.000000	0.004269
1199.000000	0.015316
1200.000000	0.028796
1201.000000	0.042031
1202.000000	0.051007
1203.000000	0.052834
1204.000000	0.050442
1205.000000	0.047816
1206.000000	0.047341
1207.000000	0.050759
1208.000000	0.058851
1209.000000	0.070985
1210.000000	0.081840
1211.000000	0.086363
1212.000000	0.085256
1213.000000	0.080962
1214.000000	0.077129
1215.000000	0.077203
1216.000000	0.082620
1217.000000	0.093240
1218.000000	0.104641
1219.000000	0.111675
1220.000000	0.110570
1221.000000	0.100304
1222.000000	0.089464
1223.000000	0.086747
1224.000000	0.091665
1225.000000	0.101342
1226.000000	0.112540
1227.000000	0.122433
1228.000000	0.130217
1229.000000	0.135835
1230.000000	0.140194
1231.000000	0.144361
1232.000000	0.149066
1233.000000	0.154741
1234.000000	0.160962
1235.000000	0.166893
1236.000000	0.170915
1237.000000	0.171599
1238.000000	0.169074
1239.000000	0.164473
1240.000000	0.161395
1241.000000	0.162323
1242.000000	0.162800
1243.000000	0.157872
1244.000000	0.147530
1245.000000	0.134050
1246.000000	0.123890
1247.000000	0.122537
1248.000000	0.127411
1249.000000	0.134304
1250.000000	0.140548
1251.000000	0.144094
1252.000000	0.143814
1253.000000	0.139019
1254.000000	0.129843
1255.000000	0.117256
1256.000000	0.104755
1257.000000	0.096441
1258.000000	0.096308
1259.000000	0.105498
1260.000000	0.113852
1261.000000	0.111850
1262.000000	0.103814
1263.000000	0.097484
1264.000000	0.100414
1265.000000	0.115507
1266.000000	0.127230
1267.000000	0.120725
1268.000000	0.102265
1269.000000	0.082913
1270.000000	0.071771
1271.000000	0.073934
1272.000000	0.080429
1273.000000	0.081736
1274.000000	0.080207
1275.000000	0.080444
1276.000000	0.084166
1277.000000	0.090771
1278.000000	0.093251
1279.000000	0.086017
1280.000000	0.075560
1281.000000	0.069984
1282.000000	0.071748
1283.000000	0.080296
1284.000000	0.088648
1285.000000	0.090649
1286.000000	0.089881
1287.000000	0.091334
1288.000000	0.095896
1289.000000	0.102863
1290.000000	0.109253
1291.000000	0.112320
1292.000000	0.112524
1293.000000	0.111186
1294.000000	0.109851
1295.000000	0.110072
1296.000000	0.113196
1297.000000	0.119351
1298.000000	0.123985
1299.000000	0.122870
1300.000000	0.117746
1301.000000	0.111956
1302.000000	0.109277
1303.000000	0.112641
1304.000000	0.121152
1305.000000	0.132860
1306.000000	0.145425
1307.000000	0.156581
1308.000000	0.164764
1309.000000	0.169221
1310.000000	0.171752
1311.000000	0.173904
1312.000000	0.173673
1313.000000	0.168840
1314.000000	0.159891
1315.000000	0.148960
1316.000000	0.142070
1317.000000	0.144051
1318.000000	0.151083
1319.000000	0.157881
1320.000000	0.161941
1321.000000	0.162011
1322.000000	0.159059
1323.000000	0.154506
1324.000000	0.149378
1325.000000	0.144629
1326.000000	0.141327
1327.000000	0.140476
1328.000000	0.142718
1329.000000	0.148095
1330.000000	0.154604
1331.000000	0.160181
1332.000000	0.164572
1333.000000	0.168024
1334.000000	0.170990
1335.000000	0.173569
1336.000000	0.174230
1337.000000	0.171809
1338.000000	0.168247
1339.000000	0.165822
1340.000000	0.165050
1341.000000	0.164689
1342.000000	0.158211
1343.000000	0.140887
1344.000000	0.120463
1345.000000	0.106310
1346.000000	0.101823
1347.000000	0.107110
1348.000000	0.115098
1349.000000	0.118582
1350.000000	0.117012
1351.000000	0.111654
1352.000000	0.104396
1353.000000	0.097409
1354.000000	0.093377
1355.000000	0.093659
1356.000000	0.093784
1357.000000	0.089266
1358.000000	0.081375
1359.000000	0.073020
1360.000000	0.067914
1361.000000	0.068114
1362.000000	0.068261
1363.000000	0.063489
1364.000000	0.058306
1365.000000	0.058750
1366.000000	0.067594
1367.000000	0.083530
1368.000000	0.092200
1369.000000	0.081743
1370.000000	0.063326
1371.000000	0.051594
1372.000000	0.052073
1373.000000	0.064730
1374.000000	0.076433
1375.000000	0.074803
1376.000000	0.063592
1377.000000	0.049935
1378.000000	0.038380
1379.000000	0.032438
1380.000000	0.034069
1381.000000	0.043119
1382.000000	0.052514
1383.000000	0.055465
1384.000000	0.053221
1385.000000	0.049315
1386.000000	0.048358
1387.000000	0.052878
1388.000000	0.055978
1389.000000	0.050574
1390.000000	0.038265
1391.000000	0.022926
1392.000000	0.008856
1393.000000	-0.000009
1394.000000	-0.001622
1395.000000	0.004795
1396.000000	0.016819
1397.000000	0.031101
1398.000000	0.043780
1399.000000	0.050793
1400.000000	0.047792
1401.000000	0.033093
1402.000000	0.015958
1403.000000	0.006099
1404.000000	0.004083
1405.000000	0.007095
1406.000000	0.007926
1407.000000	0.001409
1408.000000	-0.005067
1409.000000	-0.003585
1410.000000	0.003331
1411.000000	0.010560
1412.000000	0.013036
1413.000000	0.008282
1414.000000	0.004134
1415.000000	0.008023
1416.000000	0.015446
1417.000000	0.019828
1418.000000	0.018247
1419.000000	0.010643
1420.000000	0.004767
1421.000000	0.007483
1422.000000	0.014294
1423.000000	0.019076
1424.000000	0.020545
1425.000000	0.019464
1426.000000	0.019930
1427.000000	0.025277
1428.000000	0.032464
1429.000000	0.037792
1430.000000	0.041321
1431.000000	0.044165
1432.000000	0.047894
1433.000000	0.053166
1434.000000	0.056543
1435.000000	0.054838
1436.000000	0.049969
1437.000000	0.045027
1438.000000	0.042681
1439.000000	0.044891
1440.000000	0.051184
1441.000000	0.060644
1442.000000	0.072997
1443.000000	0.087799
1444.000000	0.103271
1445.000000	0.117083
1446.000000	0.126030
1447.000000	0.128052
1448.000000	0.126545
1449.000000	0.125472
1450.000000	0.125599
1451.000000	0.126644
1452.000000	0.127330
1453.000000	0.126698
1454.000000	0.126055
1455.000000	0.126734
1456.000000	0.127910
1457.000000	0.128344
1458.000000	0.127315
1459.000000	0.124528
1460.000000	0.120887
1461.000000	0.117891
1462.000000	0.118216
1463.000000	0.123657
1464.000000	0.131293
1465.000000	0.135934
1466.000000	0.128022
1467.000000	0.102825
1468.000000	0.079273
1469.000000	0.076661
1470.000000	0.092088
1471.000000	0.115733
1472.000000	0.132281
1473.000000	0.130244
1474.000000	0.118917
1475.000000	0.110233
1476.000000	0.105876
1477.000000	0.104924
1478.000000	0.106274
1479.000000	0.109258
1480.000000	0.115134
1481.000000	0.124441
1482.000000	0.132915
1483.000000	0.135937
1484.000000	0.132262
1485.000000	0.122197
1486.000000	0.108869
1487.000000	0.095822
1488.000000	0.085457
1489.000000	0.079053
1490.000000	0.074560
1491.000000	0.069092
1492.000000	0.059766
1493.000000	0.045385
1494.000000	0.031507
1495.000000	0.023433
1496.000000	0.018680
1497.000000	0.013274
1498.000000	0.005070
1499.000000	-0.006610
1500.000000	-0.018401
1501.000000	-0.026441
1502.000000	-0.028911
1503.000000	-0.025260
1504.000000	-0.017967
1505.000000	-0.010553
1506.000000	-0.007680
1507.000000	-0.012485
1508.000000	-0.020874
1509.000000	-0.027138
1510.000000	-0.026351
1511.000000	-0.016226
1512.000000	-0.004244
1513.000000	0.002543
1514.000000	0.008571
1515.000000	0.017874
1516.000000	0.021386
1517.000000	0.010881
1518.000000	-0.005419
1519.000000	-0.017527
1520.000000	-0.024845
1521.000000	-0.028584
1522.000000	-0.027810
1523.000000	-0.021903
1524.000000	-0.013647
1525.000000	-0.006651
1526.000000	-0.004430
1527.000000	-0.008537
1528.000000	-0.012778
1529.000000	-0.011369
1530.000000	-0.007909
1531.000000	-0.007603
1532.000000	-0.012691
1533.000000	-0.022709
1534.000000	-0.029337
1535.000000	-0.025214
1536.000000	-0.014668
1537.000000	-0.004112
1538.000000	0.003391
1539.000000	0.006258
1540.000000	0.005481
1541.000000	0.002072
1542.000000	-0.005433
1543.000000	-0.017550
1544.000000	-0.028512
1545.000000	-0.031703
1546.000000	-0.023402
1547.000000	-0.003636
1548.000000	0.015470
1549.000000	0.022389
1550.000000	0.020074
1551.000000	0.014711
1552.000000	0.010940
1553.000000	0.012415
1554.000000	0.020400
1555.000000	0.034225
1556.000000	0.047872
1557.000000	0.055528
1558.000000	0.057532
1559.000000	0.056128
1560.000000	0.055007
1561.000000	0.057224
1562.000000	0.061822
1563.000000	0.067116
1564.000000	0.072508
1565.000000	0.077798
1566.000000	0.083289
1567.000000	0.089582
1568.000000	0.097961
1569.000000	0.109328
1570.000000	0.122364
1571.000000	0.135202
1572.000000	0.146015
1573.000000	0.153153
1574.000000	0.155654
1575.000000	0.153964
1576.000000	0.153487
1577.000000	0.158549
1578.000000	0.164216
1579.000000	0.164129
1580.000000	0.155492
1581.000000	0.138338
1582.000000	0.120449
1583.000000	0.109719
1584.000000	0.106751
1585.000000	0.109844
1586.000000	0.115380
1587.000000	0.119231
1588.000000	0.117146
1589.000000	0.107330
1590.000000	0.097924
1591.000000	0.096693
1592.000000	0.099970
1593.000000	0.101751
1594.000000	0.098135
1595.000000	0.087766
1596.000000	0.077372
1597.000000	0.073501
1598.000000	0.073892
1599.000000	0.075010
1600.000000	0.077041
1601.000000	0.081419
1602.000000	0.090850
1603.000000	0.106448
1604.000000	0.121692
1605.000000	0.129654
1606.000000	0.129419
1607.000000	0.122045
1608.000000	0.110461
1609.000000	0.098543
1610.000000	0.092066
1611.000000	0.094525
1612.000000	0.098384
1613.000000	0.095582
1614.000000	0.086985
1615.000000	0.076871
1616.000000	0.074238
1617.000000	0.084470
1618.000000	0.093772
1619.000000	0.088563
1620.000000	0.075301
1621.000000	0.064627
1622.000000	0.063868
1623.000000	0.075718
1624.000000	0.087641
1625.000000	0.087389
1626.000000	0.079088
1627.000000	0.070013
1628.000000	0.063673
1629.000000	0.061990
1630.000000	0.064303
1631.000000	0.069122
1632.000000	0.074214
1633.000000	0.077633
1634.000000	0.079327
1635.000000	0.079803
1636.000000	0.079898
1637.000000	0.080470
1638.000000	0.082110
1639.000000	0.084981
1640.000000	0.087780
1641.000000	0.089322
1642.000000	0.090348
1643.000000	0.092214
1644.000000	0.096822
1645.000000	0.105163
1646.000000	0.114058
1647.000000	0.119960
1648.000000	0.122033
1649.000000	0.120474
1650.000000	0.116890
1651.000000	0.113708
1652.000000	0.115205
1653.000000	0.124051
1654.000000	0.134617
1655.000000	0.140982
1656.000000	0.144347
1657.000000	0.148105
1658.000000	0.157301
1659.000000	0.173965
1660.000000	0.186412
1661.000000	0.184110
1662.000000	0.174855
1663.000000	0.169620
1664.000000	0.173745
1665.000000	0.188485
1666.000000	0.204391
1667.000000	0.212273
1668.000000	0.214693
1669.000000	0.216105
1670.000000	0.216776
1671.000000	0.215807
1672.000000	0.211819
1673.000000	0.203884
1674.000000	0.193343
1675.000000	0.182395
1676.000000	0.174393
1677.000000	0.172177
1678.000000	0.175383
1679.000000	0.182094
1680.000000	0.187393
1681.000000	0.186465
1682.000000	0.177889
1683.000000	0.162107
1684.000000	0.143605
1685.000000	0.127587
1686.000000	0.118089
1687.000000	0.117213
1688.000000	0.120493
1689.000000	0.122725
1690.000000	0.122328
1691.000000	0.118953
1692.000000	0.113567
1693.000000	0.107610
1694.000000	0.103116
1695.000000	0.101738
1696.000000	0.103023
1697.000000	0.105597
1698.000000	0.106502
1699.000000	0.103700
1700.000000	0.100427
1701.000000	0.100044
1702.000000	0.101145
1703.000000	0.101690
1704.000000	0.101863
1705.000000	0.102222
1706.000000	0.102582
1707.000000	0.102759
1708.000000	0.103300
1709.000000	0.104388
1710.000000	0.104018
1711.000000	0.101643
1712.000000	0.104737
1713.000000	0.115303
1714.000000	0.105455
1715.000000	0.055103
1716.000000	0.005235
1717.000000	-0.003193
1718.000000	0.009559
1719.000000	0.015189
1720.000000	0.014442
1721.000000	0.013874
1722.000000	0.014235
1723.000000	0.014589
1724.000000	0.013057
1725.000000	0.007918
1726.000000	-0.000972
1727.000000	-0.012842
1728.000000	-0.024837
1729.000000	-0.033558
1730.000000	-0.035516
1731.000000	-0.029087
1732.000000	-0.020204
1733.000000	-0.014988
1734.000000	-0.012767
1735.000000	-0.011361
1736.000000	-0.009357
1737.000000	-0.006158
1738.000000	-0.003662
1739.000000	-0.003845
1740.000000	-0.006492
1741.000000	-0.010754
1742.000000	-0.015445
1743.000000	-0.019368
1744.000000	-0.021620
1745.000000	-0.021721
1746.000000	-0.020594
1747.000000	-0.019345
1748.000000	-0.018404
1749.000000	-0.017970
1750.000000	-0.018004
1751.000000	-0.018377
1752.000000	-0.018838
1753.000000	-0.018851
1754.000000	-0.016875
1755.000000	-0.012116
1756.000000	-0.007781
1757.000000	-0.007417
1758.000000	-0.011921
1759.000000	-0.020307
1760.000000	-0.026709
1761.000000	-0.026164
1762.000000	-0.022214
1763.000000	-0.019565
1764.000000	-0.019067
1765.000000	-0.020334
1766.000000	-0.021878
1767.000000	-0.022171
1768.000000	-0.020627
1769.000000	-0.017166
1770.000000	-0.012806
1771.000000	-0.008711
1772.000000	-0.005541
1773.000000	-0.003443
1774.000000	-0.001017
1775.000000	0.002721
1776.000000	0.005545
1777.000000	0.005594
1778.000000	0.005678
1779.000000	0.007768
1780.000000	0.005811
1781.000000	-0.004678
1782.000000	-0.013879
1783.000000	-0.012043
1784.000000	-0.004008
1785.000000	0.002948
1786.000000	0.006366
1787.000000	0.005375
1788.000000	0.000622
1789.000000	-0.006539
1790.000000	-0.013445
1791.000000	-0.017687
1792.000000	-0.019185
1793.000000	-0.018620
1794.000000	-0.017407
1795.000000	-0.017058
1796.000000	-0.018753
1797.000000	-0.022355
1798.000000	-0.022781
1799.000000	-0.016077
1800.000000	-0.007742
1801.000000	-0.004270
1802.000000	-0.006666
1803.000000	-0.013077
1804.000000	-0.015696
1805.000000	-0.008917
1806.000000	-0.001885
1807.000000	-0.004217
1808.000000	-0.012652
1809.000000	-0.021078
1810.000000	-0.024850
1811.000000	-0.021587
1812.000000	-0.016502
1813.000000	-0.014874
1814.000000	-0.014669
1815.000000	-0.012813
1816.000000	-0.009400
1817.000000	-0.005409
1818.000000	-0.002199
1819.000000	-0.000677
1820.000000	0.000446
1821.000000	0.002593
1822.000000	0.005529
1823.000000	0.008637
1824.000000	0.011442
1825.000000	0.013542
1826.000000	0.014680
1827.000000	0.014014
1828.000000	0.008209
1829.000000	-0.004313
1830.000000	-0.015597
1831.000000	-0.017257
1832.000000	-0.008706
1833.000000	0.006664
1834.000000	0.017340
1835.000000	0.014089
1836.000000	0.004931
1837.000000	-0.000081
1838.000000	-0.000000
1839.000000	0.003638
1840.000000	0.008471
1841.000000	0.012407
1842.000000	0.015244
1843.000000	0.016754
1844.000000	0.014698
1845.000000	0.007490
1846.000000	-0.001838
1847.000000	-0.009282
1848.000000	-0.011563
1849.000000	-0.007033
1850.000000	0.000172
1851.000000	0.005311
1852.000000	0.007012
1853.000000	0.004952
1854.000000	-0.000371
1855.000000	-0.008091
1856.000000	-0.016685
1857.000000	-0.024364
1858.000000	-0.028922
1859.000000	-0.028923
1860.000000	-0.026433
1861.000000	-0.023784
1862.000000	-0.020859
1863.000000	-0.016599
1864.000000	-0.008621
1865.000000	0.003948
1866.000000	0.014624
1867.000000	0.017254
1868.000000	0.014361
1869.000000	0.010061
1870.000000	0.006158
1871.000000	0.002949
1872.000000	-0.002988
1873.000000	-0.013597
1874.000000	-0.021181
1875.000000	-0.018647
1876.000000	-0.010964
1877.000000	-0.005384
1878.000000	-0.006239
1879.000000	-0.015053
1880.000000	-0.025049
1881.000000	-0.028892
1882.000000	-0.025331
1883.000000	-0.015404
1884.000000	-0.003228
1885.000000	0.006639
1886.000000	0.010956
1887.000000	0.008129
1888.000000	0.001832
1889.000000	-0.003395
1890.000000	-0.004823
1891.000000	-0.001248
1892.000000	0.004232
1893.000000	0.007595
1894.000000	0.005416
1895.000000	-0.003744
1896.000000	-0.013984
1897.000000	-0.018956
1898.000000	-0.017879
1899.000000	-0.011787
1900.000000	-0.003422
1901.000000	0.004136
1902.000000	0.008144
1903.000000	0.007136
1904.000000	0.004406
1905.000000	0.003598
1906.000000	0.004993
1907.000000	0.007608
1908.000000	0.008765
1909.000000	0.005548
1910.000000	-0.004205
1911.000000	-0.018744
1912.000000	-0.021434
1913.000000	0.000241
1914.000000	0.027421
1915.000000	0.037962
1916.000000	0.027957
1917.000000	0.002164
1918.000000	-0.018246
1919.000000	-0.015614
1920.000000	-0.002756
1921.000000	0.004141
1922.000000	0.005864
1923.000000	0.006891
1924.000000	0.009482
1925.000000	0.014348
1926.000000	0.018208
1927.000000	0.018156
1928.000000	0.016766
1929.000000	0.016793
1930.000000	0.016227
1931.000000	0.012554
1932.000000	0.006007
1933.000000	-0.001557
1934.000000	-0.004521
1935.000000	0.001180
1936.000000	0.009642
1937.000000	0.013900
1938.000000	0.012709
1939.000000	0.006727
1940.000000	-0.001505
1941.000000	-0.008976
1942.000000	-0.012691
1943.000000	-0.010303
1944.000000	-0.002054
1945.000000	0.010172
1946.000000	0.020525
1947.000000	0.023178
1948.000000	0.016384
1949.000000	0.001436
1950.000000	-0.012272
1951.000000	-0.016105
1952.000000	-0.012547
1953.000000	-0.006407
1954.000000	-0.000674
1955.000000	0.002572
1956.000000	0.003066
1957.000000	0.001611
1958.000000	0.001472
1959.000000	0.005295
1960.000000	0.010798
1961.000000	0.014814
1962.000000	0.015566
1963.000000	0.012241
1964.000000	0.006500
1965.000000	0.001629
1966.000000	0.004949
1967.000000	0.020772
1968.000000	0.037355
1969.000000	0.042159
1970.000000	0.035534
1971.000000	0.021684
1972.000000	0.007357
1973.000000	-0.001677
1974.000000	-0.006092
1975.000000	-0.008218
1976.000000	-0.010558
1977.000000	-0.014755
1978.000000	-0.018826
1979.000000	-0.020101
1980.000000	-0.016788
1981.000000	-0.008944
1982.000000	-0.003150
1983.000000	-0.004600
1984.000000	-0.006406
1985.000000	-0.001278
1986.000000	0.007616
1987.000000	0.014662
1988.000000	0.014916
1989.000000	0.006546
1990.000000	-0.000514
1991.000000	0.003090
1992.000000	0.012616
1993.000000	0.020908
1994.000000	0.025264
1995.000000	0.024600
1996.000000	0.019859
1997.000000	0.012522
1998.000000	0.004198
1999.000000	-0.003507
2000.000000	-0.009128
2001.000000	-0.011346
2002.000000	-0.009273
2003.000000	-0.002543
2004.000000	0.007546
2005.000000	0.018532
2006.000000	0.024951
2007.000000	0.022760
2008.000000	0.016591
2009.000000	0.011772
2010.000000	0.007749
2011.000000	0.002655
2012.000000	-0.004743
2013.000000	-0.013903
2014.000000	-0.017815
2015.000000	-0.010990
2016.000000	-0.000489
2017.000000	0.005476
2018.000000	0.006653
2019.000000	0.004991
2020.000000	0.003288
2021.000000	0.003450
2022.000000	0.002954
2023.000000	-0.000541
2024.000000	-0.004237
2025.000000	-0.004857
2026.000000	-0.002366
2027.000000	0.002213
2028.000000	0.006860
2029.000000	0.009430
2030.000000	0.008289
2031.000000	0.002733
2032.000000	-0.004723
2033.000000	-0.011035
2034.000000	-0.014251
2035.000000	-0.013267
2036.000000	-0.009280
2037.000000	-0.004733
2038.000000	-0.004751
2039.000000	-0.012148
2040.000000	-0.017794
2041.000000	-0.013365
2042.000000	-0.005686
2043.000000	-0.003211
2044.000000	-0.005757
2045.000000	-0.010565
2046.000000	-0.013201
2047.000000	-0.009948
2048.000000	-0.001630
2049.000000	0.008240
2050.000000	0.009942
2051.000000	-0.002654
2052.000000	-0.015099
2053.000000	-0.012956
2054.000000	-0.002428
2055.000000	0.006497
2056.000000	0.009312
2057.000000	0.004504
2058.000000	-0.002959
2059.000000	-0.007334
2060.000000	-0.006268
2061.000000	0.000501
2062.000000	0.008262
2063.000000	0.012364
2064.000000	0.013357
2065.000000	0.012636
2066.000000	0.009773
2067.000000	0.004486
2068.000000	-0.001091
2069.000000	-0.004190
2070.000000	-0.001931
2071.000000	0.006599
2072.000000	0.014342
2073.000000	0.014476
2074.000000	0.009104
2075.000000	0.002222
2076.000000	-0.003536
2077.000000	-0.006331
2078.000000	-0.006160
2079.000000	-0.003529
2080.000000	0.000849
2081.000000	0.005873
2082.000000	0.009099
2083.000000	0.008538
2084.000000	0.005378
2085.000000	0.001630
2086.000000	-0.000567
2087.000000	-0.000256
2088.000000	-0.001343
2089.000000	-0.006782
2090.000000	-0.010858
2091.000000	-0.007849
2092.000000	-0.000660
2093.000000	0.005833
2094.000000	0.007504
2095.000000	0.002449
2096.000000	-0.003098
2097.000000	-0.002815
2098.000000	0.001832
2099.000000	0.007553
2100.000000	0.011545
2101.000000	0.011751
2102.000000	0.008604
2103.000000	0.003965
2104.000000	0.002906
2105.000000	0.008442
2106.000000	0.012163
2107.000000	0.006456
2108.000000	-0.001664
2109.000000	-0.003553
2110.000000	0.001329
2111.000000	0.009318
2112.000000	0.008035
2113.000000	-0.010018
2114.000000	-0.024114
2115.000000	-0.015066
2116.000000	0.001927
2117.000000	0.007512
2118.000000	0.000110
2119.000000	-0.014723
2120.000000	-0.020649
2121.000000	-0.005948
2122.000000	0.011856
2123.000000	0.013945
2124.000000	0.005558
2125.000000	-0.003432
2126.000000	-0.008689
2127.000000	-0.008185
2128.000000	-0.003596
2129.000000	0.002552
2130.000000	0.008050
2131.000000	0.011419
2132.000000	0.013792
2133.000000	0.016295
2134.000000	0.017412
2135.000000	0.015309
2136.000000	0.009534
2137.000000	0.000958
2138.000000	-0.005626
2139.000000	-0.006265
2140.000000	-0.004293
2141.000000	-0.003644
2142.000000	-0.003380
2143.000000	-0.001598
2144.000000	0.002587
2145.000000	0.009235
2146.000000	0.016109
2147.000000	0.020970
2148.000000	0.023868
2149.000000	0.025337
2150.000000	0.025574
2151.000000	0.024769
2152.000000	0.023434
2153.000000	0.022101
2154.000000	0.021049
2155.000000	0.019853
2156.000000	0.015521
2157.000000	0.006310
2158.000000	-0.001962
2159.000000	-0.003318
2160.000000	0.001284
2161.000000	0.008701
2162.000000	0.013992
2163.000000	0.013018
2164.000000	0.006645
2165.000000	-0.002139
2166.000000	-0.006871
2167.000000	-0.002520
2168.000000	0.006740
2169.000000	0.015054
2170.000000	0.019058
2171.000000	0.017945
2172.000000	0.018655
2173.000000	0.026036
2174.000000	0.028836
2175.000000	0.016741
2176.000000	-0.000707
2177.000000	-0.011239
2178.000000	-0.011527
2179.000000	-0.002659
2180.000000	0.005544
2181.000000	0.004813
2182.000000	0.001825
2183.000000	0.003824
2184.000000	0.005373
2185.000000	0.000057
2186.000000	-0.009779
2187.000000	-0.019272
2188.000000	-0.022263
2189.000000	-0.014501
2190.000000	-0.000681
2191.000000	0.012756
2192.000000	0.021317
2193.000000	0.022342
2194.000000	0.018568
2195.000000	0.013775
2196.000000	0.010531
2197.000000	0.010032
2198.000000	0.009212
2199.000000	0.004998
2200.000000	-0.001449
2201.000000	-0.007731
2202.000000	-0.010749
2203.000000	-0.008151
2204.000000	-0.001284
2205.000000	0.007197
2206.000000	0.013099
2207.000000	0.013478
2208.000000	0.011928
2209.000000	0.012591
2210.000000	0.015254
2211.000000	0.018614
2212.000000	0.021360
2213.000000	0.022254
2214.000000	0.020349
2215.000000	0.014905
2216.000000	0.005710
2217.000000	-0.006242
2218.000000	-0.015661
2219.000000	-0.017789
2220.000000	-0.014303
2221.000000	-0.008328
2222.000000	-0.002349
2223.000000	0.001950
2224.000000	0.005450
2225.000000	0.009604
2226.000000	0.015587
2227.000000	0.023153
2228.000000	0.026652
2229.000000	0.021065
2230.000000	0.009307
2231.000000	-0.003417
2232.000000	-0.010674
2233.000000	-0.008376
2234.000000	-0.003050
2235.000000	-0.001503
2236.000000	-0.001060
2237.000000	0.001906
2238.000000	0.005341
2239.000000	0.006279
2240.000000	0.003789
2241.000000	-0.001575
2242.000000	-0.005352
2243.000000	-0.003919
2244.000000	-0.000921
2245.000000	-0.000379
2246.000000	-0.000557
2247.000000	0.001054
2248.000000	0.004286
2249.000000	0.007984
2250.000000	0.009711
2251.000000	0.007310
2252.000000	0.001018
2253.000000	-0.007364
2254.000000	-0.012176
2255.000000	-0.008990
2256.000000	-0.002178
2257.000000	0.002336
2258.000000	0.001210
2259.000000	-0.006380
2260.000000	-0.013783
2261.000000	-0.014327
2262.000000	-0.008748
2263.000000	0.000094
2264.000000	0.008248
2265.000000	0.012363
2266.000000	0.012576
2267.000000	0.010312
2268.000000	0.008660
2269.000000	0.010035
2270.000000	0.012502
2271.000000	0.013832
2272.000000	0.014961
2273.000000	0.017049
2274.000000	0.018974
2275.000000	0.019273
2276.000000	0.017387
2277.000000	0.013481
2278.000000	0.009697
2279.000000	0.008097
2280.000000	0.008449
2281.000000	0.010120
2282.000000	0.013172
2283.000000	0.017145
2284.000000	0.018801
2285.000000	0.014736
2286.000000	0.003658
2287.000000	-0.012944
2288.000000	-0.024567
2289.000000	-0.022341
2290.000000	-0.012943
2291.000000	-0.005418
2292.000000	-0.002741
2293.000000	-0.005587
2294.000000	-0.011504
2295.000000	-0.017248
2296.000000	-0.019525
2297.000000	-0.015929
2298.000000	-0.007653
2299.000000	0.002650
2300.000000	0.010096
2301.000000	0.010642
2302.000000	0.005849
2303.000000	-0.001159
2304.000000	-0.006603
2305.000000	-0.008206
2306.000000	-0.010338
2307.000000	-0.015907
2308.000000	-0.015314
2309.000000	-0.000619
2310.000000	0.016989
2311.000000	0.024407
2312.000000	0.020002
2313.000000	0.007446
2314.000000	0.000156
2315.000000	0.008191
2316.000000	0.018431
2317.000000	0.016721
2318.000000	0.007940
2319.000000	0.000304
2320.000000	-0.003641
2321.000000	-0.003315
2322.000000	-0.000309
2323.000000	0.003455
2324.000000	0.006917
2325.000000	0.009732
2326.000000	0.013542
2327.000000	0.019189
2328.000000	0.022327
2329.000000	0.019028
2330.000000	0.012241
2331.000000	0.006769
2332.000000	0.007971
2333.000000	0.018687
2334.000000	0.031122
2335.000000	0.036266
2336.000000	0.030872
2337.000000	0.015278
2338.000000	-0.001606
2339.000000	-0.010289
2340.000000	-0.007540
2341.000000	0.006231
2342.000000	0.022302
2343.000000	0.030713
2344.000000	0.024856
2345.000000	0.003593
2346.000000	-0.015689
2347.000000	-0.016365
2348.000000	-0.003374
2349.000000	0.012938
2350.000000	0.022162
2351.000000	0.017999
2352.000000	0.010656
2353.000000	0.009818
2354.000000	0.006577
2355.000000	-0.007236
2356.000000	-0.018252
2357.000000	-0.012664
2358.000000	0.003538
2359.000000	0.018980
2360.000000	0.020551
2361.000000	0.001619
2362.000000	-0.016792
2363.000000	-0.014218
2364.000000	-0.000097
2365.000000	0.011074
2366.000000	0.014453
2367.000000	0.009045
2368.000000	-0.000408
2369.000000	-0.007824
2370.000000	-0.007494
2371.000000	0.003066
2372.000000	0.013820
2373.000000	0.015351
2374.000000	0.013247
2375.000000	0.014102
2376.000000	0.013526
2377.000000	0.006082
2378.000000	-0.006874
2379.000000	-0.020386
2380.000000	-0.021900
2381.000000	-0.003780
2382.000000	0.014323
2383.000000	0.012986
2384.000000	0.000971
2385.000000	-0.008363
2386.000000	-0.011447
2387.000000	-0.008120
2388.000000	-0.002061
2389.000000	0.003049
2390.000000	0.007359
2391.000000	0.011197
2392.000000	0.011771
2393.000000	0.007062
2394.000000	0.001274
2395.000000	-0.000933
2396.000000	0.000699
2397.000000	0.004887
2398.000000	0.008594
2399.000000	0.009149
2400.000000	0.007111
2401.000000	0.004082
2402.000000	0.002622
2403.000000	0.003935
2404.000000	0.002843
2405.000000	-0.005056
2406.000000	-0.014676
2407.000000	-0.018725
2408.000000	-0.010588
2409.000000	0.010974
2410.000000	0.026360
2411.000000	0.018433
2412.000000	0.000762
2413.000000	-0.008863
2414.000000	-0.006462
2415.000000	0.006680
2416.000000	0.022027
2417.000000	0.030053
2418.000000	0.024516
2419.000000	0.004508
2420.000000	-0.012813
2421.000000	-0.012064
2422.000000	-0.003012
2423.000000	0.001741
2424.000000	0.003396
2425.000000	0.005853
2426.000000	0.009990
2427.000000	0.014726
2428.000000	0.014157
2429.000000	0.004613
2430.000000	-0.003809
2431.000000	-0.002001
2432.000000	0.001429
2433.000000	-0.002729
2434.000000	-0.008372
2435.000000	-0.007290
2436.000000	0.001848
2437.000000	0.016174
2438.000000	0.022903
2439.000000	0.012964
2440.000000	0.002068
2441.000000	0.005781
2442.000000	0.014309
2443.000000	0.015704
2444.000000	0.014751
2445.000000	0.018811
2446.000000	0.028811
2447.000000	0.041246
2448.000000	0.041331
2449.000000	0.019306
2450.000000	-0.003207
2451.000000	-0.004202
2452.000000	0.008473
2453.000000	0.020898
2454.000000	0.024714
2455.000000	0.015559
2456.000000	-0.000508
2457.000000	-0.014018
2458.000000	-0.012274
2459.000000	0.010308
2460.000000	0.027641
2461.000000	0.016887
2462.000000	-0.000123
2463.000000	0.001439
2464.000000	0.013722
2465.000000	0.022213
2466.000000	0.018414
2467.000000	0.001496
2468.000000	-0.004723
2469.000000	0.017838
2470.000000	0.039669
2471.000000	0.031419
2472.000000	0.011974
2473.000000	0.005233
2474.000000	0.006898
2475.000000	0.006417
2476.000000	-0.003585
2477.000000	-0.024755
2478.000000	-0.039007
2479.000000	-0.030474
2480.000000	-0.011883
2481.000000	0.001050
2482.000000	0.009267
2483.000000	0.016677
2484.000000	0.022414
2485.000000	0.024745
2486.000000	0.023256
2487.000000	0.018675
2488.000000	0.014984
2489.000000	0.015586
2490.000000	0.018316
2491.000000	0.019880
2492.000000	0.018022
2493.000000	0.011794
2494.000000	0.004439
2495.000000	-0.000399
2496.000000	-0.001654
2497.000000	0.000132
2498.000000	0.000553
2499.000000	-0.004601
2500.000000	-0.014897
2501.000000	-0.026873
2502.000000	-0.029601
2503.000000	-0.014570
2504.000000	0.009606
2505.000000	0.030664
2506.000000	0.038889
2507.000000	0.028430
2508.000000	0.006364
2509.000000	-0.015916
2510.000000	-0.022671
2511.000000	-0.004445
2512.000000	0.018729
2513.000000	0.025528
2514.000000	0.018951
2515.000000	0.007631
2516.000000	-0.001583
2517.000000	-0.004419
2518.000000	-0.005125
2519.000000	-0.007346
2520.000000	-0.003781
2521.000000	0.011117
2522.000000	0.024936
2523.000000	0.024861
2524.000000	0.014432
2525.000000	0.000841
2526.000000	-0.010466
2527.000000	-0.015722
2528.000000	-0.016134
2529.000000	-0.013400
2530.000000	-0.006215
2531.000000	0.006072
2532.000000	0.018493
2533.000000	0.026014
2534.000000	0.028944
2535.000000	0.028942
2536.000000	0.027720
2537.000000	0.026493
2538.000000	0.024447
2539.000000	0.019896
2540.000000	0.009711
2541.000000	-0.006392
2542.000000	-0.015859
2543.000000	-0.008470
2544.000000	0.003826
2545.000000	0.007123
2546.000000	0.001859
2547.000000	-0.007080
2548.000000	-0.011366
2549.000000	-0.004793
2550.000000	0.006913
2551.000000	0.015587
2552.000000	0.015241
2553.000000	0.003044
2554.000000	-0.013373
2555.000000	-0.024908
2556.000000	-0.027022
2557.000000	-0.017793
2558.000000	-0.001193
2559.000000	0.017119
2560.000000	0.030621
2561.000000	0.033810
2562.000000	0.026119
2563.000000	0.010510
2564.000000	-0.000881
2565.000000	0.001636
2566.000000	0.008788
2567.000000	0.009033
2568.000000	0.000710
2569.000000	-0.013074
2570.000000	-0.020035
2571.000000	-0.010130
2572.000000	0.008535
2573.000000	0.024921
2574.000000	0.034415
2575.000000	0.035036
2576.000000	0.028902
2577.000000	0.019236
2578.000000	0.009574
2579.000000	0.002889
2580.000000	-0.000403
2581.000000	-0.000971
2582.000000	-0.001265
2583.000000	-0.003063
2584.000000	-0.003688
2585.000000	-0.000381
2586.000000	0.005483
2587.000000	0.011823
2588.000000	0.017866
2589.000000	0.022942
2590.000000	0.025475
2591.000000	0.023602
2592.000000	0.015203
2593.000000	-0.000178
2594.000000	-0.016081
2595.000000	-0.025366
2596.000000	-0.025090
2597.000000	-0.014763
2598.000000	0.000479
2599.000000	0.014192
2600.000000	0.020315
2601.000000	0.014596
2602.000000	-0.000377
2603.000000	-0.018348
2604.000000	-0.025231
2605.000000	-0.011322
2606.000000	0.007724
2607.000000	0.015236
2608.000000	0.015830
2609.000000	0.017361
2610.000000	0.019342
2611.000000	0.019222
2612.000000	0.014532
2613.000000	0.005233
2614.000000	0.000916
2615.000000	0.008627
2616.000000	0.015591
2617.000000	0.009051
2618.000000	-0.003852
2619.000000	-0.013114
2620.000000	-0.017163
2621.000000	-0.016865
2622.000000	-0.014391
2623.000000	-0.011643
2624.000000	-0.008128
2625.000000	-0.003312
2626.000000	0.001122
2627.000000	0.003527
2628.000000	0.004620
2629.000000	0.005380
2630.000000	0.005463
2631.000000	0.004623
2632.000000	0.004328
2633.000000	0.006139
2634.000000	0.010283
2635.000000	0.015874
2636.000000	0.018906
2637.000000	0.015476
2638.000000	0.005212
2639.000000	-0.009796
2640.000000	-0.021133
2641.000000	-0.021306
2642.000000	-0.012829
2643.000000	-0.000960
2644.000000	0.008070
2645.000000	0.009270
2646.000000	0.003588
2647.000000	-0.005796
2648.000000	-0.012726
2649.000000	-0.012587
2650.000000	-0.009918
2651.000000	-0.009795
2652.000000	-0.010287
2653.000000	-0.008364
2654.000000	-0.003618
2655.000000	0.003171
2656.000000	0.009085
2657.000000	0.011173
2658.000000	0.008487
2659.000000	0.001453
2660.000000	-0.006009
2661.000000	-0.010136
2662.000000	-0.011284
2663.000000	-0.010534
2664.000000	-0.007749
2665.000000	-0.002750
2666.000000	0.003585
2667.000000	0.009900
2668.000000	0.013995
2669.000000	0.013939
2670.000000	0.009727
2671.000000	0.002056
2672.000000	-0.007487
2673.000000	-0.016085
2674.000000	-0.016884
2675.000000	-0.005369
2676.000000	0.009594
2677.000000	0.017516
2678.000000	0.014807
2679.000000	0.002465
2680.000000	-0.007060
2681.000000	-0.003111
2682.000000	0.006335
2683.000000	0.011758
2684.000000	0.016106
2685.000000	0.022701
2686.000000	0.023885
2687.000000	0.012656
2688.000000	-0.004377
2689.000000	-0.017807
2690.000000	-0.020628
2691.000000	-0.010461
2692.000000	-0.001027
2693.000000	-0.004314
2694.000000	-0.009279
2695.000000	-0.003438
2696.000000	0.008440
2697.000000	0.017849
2698.000000	0.018599
2699.000000	0.007589
2700.000000	-0.008222
2701.000000	-0.019966
2702.000000	-0.021178
2703.000000	-0.010039
2704.000000	-0.000901
2705.000000	-0.006274
2706.000000	-0.015132
2707.000000	-0.014446
2708.000000	-0.006701
2709.000000	0.002349
2710.000000	0.009404
2711.000000	0.012487
2712.000000	0.012460
2713.000000	0.010793
2714.000000	0.008544
2715.000000	0.005815
2716.000000	-0.000709
2717.000000	-0.012150
2718.000000	-0.017431
2719.000000	-0.007415
2720.000000	0.007072
2721.000000	0.013598
2722.000000	0.013285
2723.000000	0.010490
2724.000000	0.008979
2725.000000	0.010588
2726.000000	0.010040
2727.000000	0.004074
2728.000000	0.004595
2729.000000	0.020694
2730.000000	0.035023
2731.000000	0.030028
2732.000000	0.013769
2733.000000	-0.000849
2734.000000	-0.007156
2735.000000	-0.002060
2736.000000	0.009451
2737.000000	0.020849
2738.000000	0.027540
2739.000000	0.027023
2740.000000	0.023253
2741.000000	0.019839
2742.000000	0.012549
2743.000000	-0.001560
2744.000000	-0.012444
2745.000000	-0.009862
2746.000000	0.004219
2747.000000	0.023831
2748.000000	0.039215
2749.000000	0.042339
2750.000000	0.035872
2751.000000	0.025324
2752.000000	0.016861
2753.000000	0.015398
2754.000000	0.020177
2755.000000	0.027638
2756.000000	0.028673
2757.000000	0.016872
2758.000000	0.002167
2759.000000	-0.003495
2760.000000	0.003536
2761.000000	0.020321
2762.000000	0.025843
2763.000000	0.004482
2764.000000	-0.019726
2765.000000	-0.021682
2766.000000	-0.011696
2767.000000	-0.005447
2768.000000	-0.004685
2769.000000	-0.007338
2770.000000	-0.009965
2771.000000	-0.009521
2772.000000	-0.005916
2773.000000	-0.000136
2774.000000	0.005482
2775.000000	0.008796
2776.000000	0.009803
2777.000000	0.008544
2778.000000	0.003099
2779.000000	-0.007386
2780.000000	-0.017535
2781.000000	-0.021928
2782.000000	-0.021202
2783.000000	-0.017489
2784.000000	-0.012853
2785.000000	-0.008503
2786.000000	-0.002292
2787.000000	0.005582
2788.000000	0.002176
2789.000000	-0.020985
2790.000000	-0.041764
2791.000000	-0.038664
2792.000000	-0.023361
2793.000000	-0.012790
2794.000000	-0.011765
2795.000000	-0.020135
2796.000000	-0.030027
2797.000000	-0.033604
2798.000000	-0.030890
2799.000000	-0.024125
2800.000000	-0.016540
2801.000000	-0.011705
2802.000000	-0.013559
2803.000000	-0.023166
2804.000000	-0.029723
2805.000000	-0.023434
2806.000000	-0.010405
2807.000000	0.000166
2808.000000	0.002624
2809.000000	-0.005190
2810.000000	-0.014983
2811.000000	-0.018760
2812.000000	-0.020166
2813.000000	-0.023666
2814.000000	-0.025355
2815.000000	-0.021762
2816.000000	-0.019530
2817.000000	-0.025204
2818.000000	-0.034836
2819.000000	-0.042120
2820.000000	-0.041820
2821.000000	-0.030939
2822.000000	-0.014352
2823.000000	0.001074
2824.000000	0.008386
2825.000000	0.003764
2826.000000	-0.003989
2827.000000	-0.005712
2828.000000	-0.003437
2829.000000	-0.001205
2830.000000	0.000095
2831.000000	0.000567
2832.000000	0.001144
2833.000000	0.002996
2834.000000	0.007417
2835.000000	0.015521
2836.000000	0.027578
2837.000000	0.042487
2838.000000	0.054523
2839.000000	0.058452
2840.000000	0.055644
2841.000000	0.050292
2842.000000	0.051273
2843.000000	0.065302
2844.000000	0.085765
2845.000000	0.103647
2846.000000	0.113671
2847.000000	0.114340
2848.000000	0.115547
2849.000000	0.127275
2850.000000	0.148482
2851.000000	0.174571
2852.000000	0.197747
2853.000000	0.211716
2854.000000	0.219396
2855.000000	0.225774
2856.000000	0.234891
2857.000000	0.248830
2858.000000	0.262787
2859.000000	0.271143
2860.000000	0.271901
2861.000000	0.266599
2862.000000	0.267278
2863.000000	0.283600
2864.000000	0.305190
2865.000000	0.320325
2866.000000	0.331911
2867.000000	0.345423
2868.000000	0.361988
2869.000000	0.381611
2870.000000	0.404159
2871.000000	0.428481
2872.000000	0.449496
2873.000000	0.461682
2874.000000	0.461686
2875.000000	0.451465
2876.000000	0.452055
2877.000000	0.479033
2878.000000	0.507058
2879.000000	0.510863
2880.000000	0.506390
2881.000000	0.513493
2882.000000	0.526477
2883.000000	0.534319
2884.000000	0.530237
2885.000000	0.512313
2886.000000	0.493829
2887.000000	0.489014
2888.000000	0.500679
2889.000000	0.523638
2890.000000	0.532131
2891.000000	0.507466
2892.000000	0.479797
2893.000000	0.481974
2894.000000	0.508795
2895.000000	0.544699
2896.000000	0.570749
2897.000000	0.572396
2898.000000	0.556012
2899.000000	0.534482
2900.000000	0.525809
2901.000000	0.542972
2902.000000	0.573728
2903.000000	0.601600
2904.000000	0.618391
2905.000000	0.620980
2906.000000	0.618272
2907.000000	0.620451
2908.000000	0.630780
2909.000000	0.649753
2910.000000	0.673696
2911.000000	0.698546
2912.000000	0.722850
2913.000000	0.745957
2914.000000	0.767822
2915.000000	0.786307
2916.000000	0.790289
2917.000000	0.774321
2918.000000	0.764632
2919.000000	0.785021
2920.000000	0.817881
2921.000000	0.841284
2922.000000	0.857429
2923.000000	0.873439
2924.000000	0.892000
2925.000000	0.913039
2926.000000	0.929868
2927.000000	0.937916
2928.000000	0.947684
2929.000000	0.968486
2930.000000	0.989814
2931.000000	0.999681
2932.000000	1.000000
2933.000000	0.996021
2934.000000	0.992432
2935.000000	0.992087
2936.000000	0.991074
2937.000000	0.984767
2938.000000	0.972442
2939.000000	0.955080
2940.000000	0.936585
2941.000000	0.919882
2942.000000	0.901073
2943.000000	0.877574
2944.000000	0.858893
2945.000000	0.852731
2946.000000	0.847470
2947.000000	0.829960
2948.000000	0.800252
2949.000000	0.762937
2950.000000	0.727574
2951.000000	0.702855
2952.000000	0.689036
2953.000000	0.683195
2954.000000	0.678135
2955.000000	0.667869
2956.000000	0.655535
2957.000000	0.646553
2958.000000	0.646345
2959.000000	0.655749
2960.000000	0.657250
2961.000000	0.637167
2962.000000	0.615499
2963.000000	0.613267
2964.000000	0.621901
2965.000000	0.627028
2966.000000	0.620664
2967.000000	0.600437
2968.000000	0.580035
2969.000000	0.570494
2970.000000	0.556167
2971.000000	0.524685
2972.000000	0.503466
2973.000000	0.516930
2974.000000	0.537716
2975.000000	0.534700
2976.000000	0.513493
2977.000000	0.487423
2978.000000	0.463956
2979.000000	0.447604
2980.000000	0.436912
2981.000000	0.429504
2982.000000	0.425269
2983.000000	0.423728
2984.000000	0.420649
2985.000000	0.411186
2986.000000	0.391795
2987.000000	0.361775
2988.000000	0.330495
2989.000000	0.308161
2990.000000	0.298256
2991.000000	0.300303
2992.000000	0.304690
2993.000000	0.301336
2994.000000	0.287400
2995.000000	0.263452
2996.000000	0.236452
2997.000000	0.213300
2998.000000	0.194258
2999.000000	0.178077
3000.000000	0.164086
3001.000000	0.152704
3002.000000	0.148125
3003.000000	0.151949
3004.000000	0.151622
3005.000000	0.136391
3006.000000	0.116861
3007.000000	0.105079
3008.000000	0.097490
3009.000000	0.087379
3010.000000	0.070988
3011.000000	0.049853
3012.000000	0.043729
3013.000000	0.066512
3014.000000	0.090455
3015.000000	0.087501
3016.000000	0.070008
3017.000000	0.055865
3018.000000	0.044671
3019.000000	0.033059
3020.000000	0.024074
3021.000000	0.020939
3022.000000	0.021168
3023.000000	0.021145
3024.000000	0.018450
3025.000000	0.012078
3026.000000	0.005498
3027.000000	0.001825
3028.000000	-0.001709
3029.000000	-0.008145
3030.000000	-0.015728
3031.000000	-0.021472
3032.000000	-0.022279
3033.000000	-0.017573
3034.000000	-0.016995
3035.000000	-0.027907
3036.000000	-0.038338
3037.000000	-0.035148
3038.000000	-0.019841
3039.000000	0.000695
3040.000000	0.012677
3041.000000	0.006300
3042.000000	-0.005444
3043.000000	-0.008136
3044.000000	-0.004458
3045.000000	-0.000227
3046.000000	0.003288
3047.000000	0.005523
3048.000000	0.004194
3049.000000	-0.001316
3050.000000	-0.003229
3051.000000	0.004954
3052.000000	0.016222
3053.000000	0.021750
3054.000000	0.018957
3055.000000	0.009622
3056.000000	0.006735
3057.000000	0.021398
3058.000000	0.045969
3059.000000	0.068775
3060.000000	0.080785
3061.000000	0.076245
3062.000000	0.059888
3063.000000	0.040048
3064.000000	0.028990
3065.000000	0.035032
3066.000000	0.046787
3067.000000	0.050209
3068.000000	0.040328
3069.000000	0.018128
3070.000000	-0.000655
3071.000000	-0.000520
3072.000000	0.018333
3073.000000	0.046767
3074.000000	0.055582
3075.000000	0.024333
3076.000000	-0.012353
3077.000000	-0.018056
3078.000000	-0.004274
3079.000000	0.008492
3080.000000	0.011634
3081.000000	0.001931
3082.000000	-0.014190
3083.000000	-0.028499
3084.000000	-0.035187
3085.000000	-0.030887
3086.000000	-0.019564
3087.000000	-0.006977
3088.000000	0.001271
3089.000000	0.001440
3090.000000	-0.002914
3091.000000	-0.006465
3092.000000	-0.004096
3093.000000	0.005457
3094.000000	0.008249
3095.000000	-0.006713
3096.000000	-0.023412
3097.000000	-0.024743
3098.000000	-0.016249
3099.000000	-0.007831
3100.000000	-0.004163
3101.000000	-0.006499
3102.000000	-0.007647
3103.000000	-0.002370
3104.000000	-0.001716
3105.000000	-0.014660
3106.000000	-0.025612
3107.000000	-0.020066
3108.000000	-0.012412
3109.000000	-0.016820
3110.000000	-0.017698
3111.000000	-0.000263
3112.000000	0.017257
3113.000000	0.015453
3114.000000	0.003204
3115.000000	-0.005744
3116.000000	-0.006451
3117.000000	0.000735
3118.000000	0.003136
3119.000000	-0.009105
3120.000000	-0.022229
3121.000000	-0.021505
3122.000000	-0.011941
3123.000000	-0.003123
3124.000000	-0.003203
3125.000000	-0.015613
3126.000000	-0.026327
3127.000000	-0.022373
3128.000000	-0.012458
3129.000000	-0.008017
3130.000000	-0.009724
3131.000000	-0.014651
3132.000000	-0.016214
3133.000000	-0.009399
3134.000000	0.000876
3135.000000	0.007668
3136.000000	0.005878
3137.000000	-0.006222
3138.000000	-0.018712
3139.000000	-0.022545
3140.000000	-0.023809
3141.000000	-0.028868
3142.000000	-0.030045
3143.000000	-0.020760
3144.000000	-0.012854
3145.000000	-0.017422
3146.000000	-0.024161
3147.000000	-0.021130
3148.000000	-0.011246
3149.000000	-0.001023
3150.000000	0.003501
3151.000000	-0.000441
3152.000000	-0.003004
3153.000000	0.003509
3154.000000	0.005591
3155.000000	-0.009055
3156.000000	-0.026680
3157.000000	-0.031677
3158.000000	-0.027067
3159.000000	-0.019293
3160.000000	-0.009874
3161.000000	0.000545
3162.000000	0.009890
3163.000000	0.015744
3164.000000	0.015738
3165.000000	0.009036
3166.000000	0.000881
3167.000000	-0.003304
3168.000000	-0.003459
3169.000000	-0.002112
3170.000000	-0.006771
3171.000000	-0.020674
3172.000000	-0.024998
3173.000000	-0.004922
3174.000000	0.016295
3175.000000	0.015036
3176.000000	0.004334
3177.000000	0.001679
3178.000000	0.005756
3179.000000	0.010511
3180.000000	0.009759
3181.000000	-0.000422
3182.000000	-0.014756
3183.000000	-0.026453
3184.000000	-0.031859
3185.000000	-0.029445
3186.000000	-0.023047
3187.000000	-0.016482
3188.000000	-0.008138
3189.000000	0.003723
3190.000000	0.015901
3191.000000	0.024216
3192.000000	0.025512
3193.000000	0.018783
3194.000000	0.010608
3195.000000	0.007159
3196.000000	0.005409
3197.000000	0.000661
3198.000000	-0.009248
3199.000000	-0.023532
3200.000000	-0.032148
3201.000000	-0.025796
3202.000000	-0.007401
3203.000000	0.015394
3204.000000	0.028314
3205.000000	0.021258
3206.000000	0.007462
3207.000000	0.001605
3208.000000	0.000805
3209.000000	-0.000634
3210.000000	-0.002106
3211.000000	-0.002087
3212.000000	-0.001676
3213.000000	-0.001909
3214.000000	-0.000962
3215.000000	0.002864
3216.000000	0.007893
3217.000000	0.011522
3218.000000	0.010823
3219.000000	0.004205
3220.000000	-0.004255
3221.000000	-0.009484
3222.000000	-0.008089
3223.000000	0.000727
3224.000000	0.009051
3225.000000	0.009116
3226.000000	0.002453
3227.000000	-0.005993
3228.000000	-0.006916
3229.000000	0.005654
3230.000000	0.019980
3231.000000	0.024364
3232.000000	0.024977
3233.000000	0.029024
3234.000000	0.029974
3235.000000	0.021209
3236.000000	0.009481
3237.000000	0.002482
3238.000000	-0.001720
3239.000000	-0.005073
3240.000000	0.000039
3241.000000	0.017753
3242.000000	0.028723
3243.000000	0.016521
3244.000000	-0.000120
3245.000000	0.000371
3246.000000	0.015749
3247.000000	0.036104
3248.000000	0.044687
3249.000000	0.029958
3250.000000	0.008041
3251.000000	-0.002180
3252.000000	0.001542
3253.000000	0.015352
3254.000000	0.027639
3255.000000	0.028676
3256.000000	0.024041
3257.000000	0.021878
3258.000000	0.025285
3259.000000	0.033574
3260.000000	0.035955
3261.000000	0.025503
3262.000000	0.020856
3263.000000	0.038274
3264.000000	0.058948
3265.000000	0.062403
3266.000000	0.056575
3267.000000	0.053417
3268.000000	0.052531
3269.000000	0.050967
3270.000000	0.047926
3271.000000	0.042712
3272.000000	0.032896
3273.000000	0.018170
3274.000000	0.008445
3275.000000	0.013162
3276.000000	0.029648
3277.000000	0.050497
3278.000000	0.061469
3279.000000	0.052871
3280.000000	0.040041
3281.000000	0.039495
3282.000000	0.047443
3283.000000	0.055197
3284.000000	0.054793
3285.000000	0.043712
3286.000000	0.040504
3287.000000	0.059298
3288.000000	0.075472
3289.000000	0.064880
3290.000000	0.044032
3291.000000	0.034499
3292.000000	0.037444
3293.000000	0.047997
3294.000000	0.057567
3295.000000	0.059596
3296.000000	0.059383
3297.000000	0.063137
3298.000000	0.068852
3299.000000	0.073130
3300.000000	0.075219
3301.000000	0.074180
3302.000000	0.065669
3303.000000	0.048297
3304.000000	0.035891
3305.000000	0.040694
3306.000000	0.053386
3307.000000	0.061792
3308.000000	0.063880
3309.000000	0.060638
3310.000000	0.054994
3311.000000	0.050823
3312.000000	0.053844
3313.000000	0.067398
3314.000000	0.083480
3315.000000	0.092836
3316.000000	0.092556
3317.000000	0.083318
3318.000000	0.073808
3319.000000	0.071262
3320.000000	0.069105
3321.000000	0.060977
3322.000000	0.055195
3323.000000	0.059478
3324.000000	0.064472
3325.000000	0.059771
3326.000000	0.047820
3327.000000	0.035727
3328.000000	0.036394
3329.000000	0.057196
3330.000000	0.077618
3331.000000	0.077293
3332.000000	0.064353
3333.000000	0.052460
3334.000000	0.048893
3335.000000	0.056653
3336.000000	0.067998
3337.000000	0.074558
3338.000000	0.076204
3339.000000	0.074651
3340.000000	0.070765
3341.000000	0.066145
3342.000000	0.066182
3343.000000	0.073619
3344.000000	0.076817
3345.000000	0.066614
3346.000000	0.058141
3347.000000	0.066568
3348.000000	0.082928
3349.000000	0.093757
3350.000000	0.091732
3351.000000	0.074404
3352.000000	0.052674
3353.000000	0.038366
3354.000000	0.033652
3355.000000	0.037093
3356.000000	0.042452
3357.000000	0.044107
3358.000000	0.043679
3359.000000	0.044289
3360.000000	0.047800
3361.000000	0.054445
3362.000000	0.059188
3363.000000	0.057426
3364.000000	0.051565
3365.000000	0.046038
3366.000000	0.046365
3367.000000	0.055155
3368.000000	0.062285
3369.000000	0.057944
3370.000000	0.046306
3371.000000	0.034923
3372.000000	0.030868
3373.000000	0.037951
3374.000000	0.047413
3375.000000	0.049733
3376.000000	0.044925
3377.000000	0.036372
3378.000000	0.031414
3379.000000	0.035711
3380.000000	0.044261
3381.000000	0.050323
3382.000000	0.050867
3383.000000	0.045703
3384.000000	0.042290
3385.000000	0.046573
3386.000000	0.050795
3387.000000	0.046398
3388.000000	0.035337
3389.000000	0.023528
3390.000000	0.022230
3391.000000	0.037550
3392.000000	0.049635
3393.000000	0.041110
3394.000000	0.030475
3395.000000	0.038056
3396.000000	0.055606
3397.000000	0.068996
3398.000000	0.069142
3399.000000	0.052823
3400.000000	0.035210
3401.000000	0.031303
3402.000000	0.037016
3403.000000	0.043508
3404.000000	0.042011
3405.000000	0.028363
3406.000000	0.016770
3407.000000	0.020218
3408.000000	0.028451
3409.000000	0.027753
3410.000000	0.013818
3411.000000	-0.010079
3412.000000	-0.019755
3413.000000	0.003012
3414.000000	0.031695
3415.000000	0.037566
3416.000000	0.027858
3417.000000	0.016459
3418.000000	0.007922
3419.000000	0.004590
3420.000000	0.009310
3421.000000	0.022375
3422.000000	0.033371
3423.000000	0.032280
3424.000000	0.021369
3425.000000	0.006765
3426.000000	-0.002260
3427.000000	0.000965
3428.000000	0.009569
3429.000000	0.014916
3430.000000	0.014865
3431.000000	0.010465
3432.000000	0.009044
3433.000000	0.016459
3434.000000	0.026416
3435.000000	0.030466
3436.000000	0.023683
3437.000000	0.005447
3438.000000	-0.011155
3439.000000	-0.014054
3440.000000	-0.008972
3441.000000	-0.004283
3442.000000	-0.001189
3443.000000	0.001153
3444.000000	0.004592
3445.000000	0.010361
3446.000000	0.016233
3447.000000	0.018851
3448.000000	0.013804
3449.000000	0.000644
3450.000000	-0.004176
3451.000000	0.011865
3452.000000	0.028647
3453.000000	0.025598
3454.000000	0.012975
3455.000000	0.004549
3456.000000	-0.002697
3457.000000	-0.012778
3458.000000	-0.016925
3459.000000	-0.007392
3460.000000	0.006691
3461.000000	0.015564
3462.000000	0.023826
3463.000000	0.035353
3464.000000	0.036770
3465.000000	0.017297
3466.000000	-0.006217
3467.000000	-0.015755
3468.000000	-0.016253
3469.000000	-0.016300
3470.000000	-0.016155
3471.000000	-0.013746
3472.000000	-0.006024
3473.000000	0.008178
3474.000000	0.021522
3475.000000	0.025837
3476.000000	0.018133
3477.000000	-0.000768
3478.000000	-0.019972
3479.000000	-0.028256
3480.000000	-0.023162
3481.000000	-0.006840
3482.000000	0.008877
3483.000000	0.013533
3484.000000	0.011862
3485.000000	0.011331
3486.000000	0.015161
3487.000000	0.022417
3488.000000	0.019791
3489.000000	-0.001136
3490.000000	-0.016849
3491.000000	-0.006447
3492.000000	0.008588
3493.000000	0.005375
3494.000000	-0.002184
3495.000000	0.002489
3496.000000	0.009881
3497.000000	0.008515
3498.000000	0.005152
3499.000000	0.008011
3500.000000	0.012901
3501.000000	0.013774
3502.000000	0.009549
3503.000000	0.001265
3504.000000	-0.006547
3505.000000	-0.009550
3506.000000	-0.007693
3507.000000	-0.001663
3508.000000	0.009172
3509.000000	0.022198
3510.000000	0.020490
3511.000000	-0.006375
3512.000000	-0.028493
3513.000000	-0.018100
3514.000000	0.003686
3515.000000	0.011652
3516.000000	0.013082
3517.000000	0.017795
3518.000000	0.013262
3519.000000	-0.010356
3520.000000	-0.029800
3521.000000	-0.022109
3522.000000	0.001372
3523.000000	0.022632
3524.000000	0.031290
3525.000000	0.022210
3526.000000	0.003599
3527.000000	-0.014105
3528.000000	-0.024897
3529.000000	-0.025359
3530.000000	-0.017995
3531.000000	-0.007724
3532.000000	-0.003221
3533.000000	-0.010461
3534.000000	-0.020876
3535.000000	-0.023923
3536.000000	-0.015696
3537.000000	0.002146
3538.000000	0.012310
3539.000000	0.002286
3540.000000	-0.005681
3541.000000	0.008170
3542.000000	0.018915
3543.000000	0.002024
3544.000000	-0.020765
3545.000000	-0.023958
3546.000000	-0.013301
3547.000000	-0.001304
3548.000000	0.003713
3549.000000	-0.002135
3550.000000	-0.009171
3551.000000	-0.008384
3552.000000	-0.006996
3553.000000	-0.012933
3554.000000	-0.020697
3555.000000	-0.023197
3556.000000	-0.020385
3557.000000	-0.014059
3558.000000	-0.006339
3559.000000	0.000448
3560.000000	0.003487
3561.000000	0.000912
3562.000000	-0.004853
3563.000000	-0.010540
3564.000000	-0.013802
3565.000000	-0.013184
3566.000000	-0.009888
3567.000000	-0.005335
3568.000000	0.000825
3569.000000	0.007298
3570.000000	0.004453
3571.000000	-0.013661
3572.000000	-0.029928
3573.000000	-0.027356
3574.000000	-0.012529
3575.000000	0.002566
3576.000000	0.007888
3577.000000	-0.001405
3578.000000	-0.011324
3579.000000	-0.008275
3580.000000	0.000917
3581.000000	0.005457
3582.000000	-0.000905
3583.000000	-0.018808
3584.000000	-0.031003
3585.000000	-0.023283
3586.000000	-0.011494
3587.000000	-0.012826
3588.000000	-0.019792
3589.000000	-0.021410
3590.000000	-0.017383
3591.000000	-0.010652
3592.000000	-0.006405
3593.000000	-0.008458
3594.000000	-0.012880
3595.000000	-0.015128
3596.000000	-0.015968
3597.000000	-0.017008
3598.000000	-0.017932
3599.000000	-0.017941
3600.000000	-0.016235
