400.000000	-0.002922
402.000000	0.006752
404.000000	-0.013485
406.000000	-0.024665
408.000000	0.010577
410.000000	0.029938
412.000000	0.009731
414.000000	-0.018847
416.000000	-0.032698
418.000000	-0.026520
420.000000	-0.020591
422.000000	-0.019195
424.000000	-0.016682
426.000000	-0.021925
428.000000	-0.028160
430.000000	-0.007818
432.000000	-0.008219
434.000000	-0.008620
436.000000	-0.009021
438.000000	-0.009421
440.000000	-0.018231
442.000000	-0.016533
444.000000	-0.014196
446.000000	-0.019102
448.000000	-0.022969
450.000000	-0.012516
452.000000	0.006354
454.000000	0.017125
456.000000	0.001813
458.000000	-0.013465
460.000000	-0.007357
462.000000	-0.010388
464.000000	-0.021325
466.000000	-0.016831
468.000000	-0.014755
470.000000	-0.027088
472.000000	-0.040541
474.000000	-0.045040
476.000000	-0.036083
478.000000	-0.017644
480.000000	-0.006383
482.000000	-0.020742
484.000000	-0.030773
486.000000	-0.019403
488.000000	-0.016095
490.000000	-0.013043
492.000000	0.006680
494.000000	0.007229
496.000000	-0.013398
498.000000	-0.016058
500.000000	-0.009016
502.000000	-0.005821
504.000000	0.005306
506.000000	0.017914
508.000000	0.017128
510.000000	0.010448
512.000000	0.007007
514.000000	0.009302
516.000000	0.003122
518.000000	-0.012121
520.000000	0.002010
522.000000	0.026500
524.000000	0.013614
526.000000	-0.016524
528.000000	-0.031352
530.000000	-0.011469
532.000000	0.006423
534.000000	-0.009246
536.000000	-0.025620
538.000000	-0.015782
540.000000	0.020361
542.000000	0.022637
544.000000	-0.016449
546.000000	-0.027811
548.000000	-0.014429
550.000000	-0.003041
552.000000	0.003039
554.000000	0.008221
556.000000	0.012933
558.000000	-0.009763
560.000000	-0.042288
562.000000	-0.018363
564.000000	0.025072
566.000000	0.029804
568.000000	-0.007516
570.000000	-0.037917
572.000000	-0.012227
574.000000	0.004702
576.000000	-0.014779
578.000000	-0.028369
580.000000	-0.017874
582.000000	0.004572
584.000000	-0.004370
586.000000	-0.023407
588.000000	-0.010060
590.000000	0.004147
592.000000	0.005160
594.000000	0.008451
596.000000	0.004514
598.000000	-0.007217
600.000000	-0.000509
602.000000	0.016052
604.000000	0.019849
606.000000	0.009099
608.000000	-0.004231
610.000000	-0.005959
612.000000	-0.013814
614.000000	-0.032435
616.000000	-0.037047
618.000000	-0.021856
620.000000	0.003401
622.000000	0.017571
624.000000	0.015505
626.000000	0.005523
628.000000	-0.003420
630.000000	-0.009301
632.000000	-0.017314
634.000000	-0.026939
636.000000	-0.032019
638.000000	-0.022370
640.000000	-0.007048
642.000000	-0.002683
644.000000	-0.012968
646.000000	-0.027966
648.000000	-0.031726
650.000000	-0.028106
652.000000	-0.024452
654.000000	-0.023487
656.000000	-0.016316
658.000000	-0.002010
660.000000	-0.004351
662.000000	-0.012595
664.000000	-0.003565
666.000000	0.002103
668.000000	0.001748
670.000000	0.012931
672.000000	0.013963
674.000000	-0.002796
676.000000	-0.007254
678.000000	0.000743
680.000000	0.007603
682.000000	0.007438
684.000000	0.013770
686.000000	0.036271
688.000000	0.026586
690.000000	-0.004828
692.000000	0.009783
694.000000	0.033911
696.000000	0.028957
698.000000	0.010692
700.000000	0.006467
702.000000	0.023112
704.000000	0.016798
706.000000	-0.004380
708.000000	-0.004722
710.000000	-0.000060
712.000000	0.004543
714.000000	0.019992
716.000000	0.023023
718.000000	0.006326
720.000000	-0.000137
722.000000	0.013347
724.000000	0.037829
726.000000	0.042653
728.000000	0.047477
730.000000	0.040546
732.000000	0.029781
734.000000	0.015871
736.000000	0.001653
738.000000	-0.008383
740.000000	-0.013421
742.000000	-0.015846
744.000000	-0.004483
746.000000	0.021120
748.000000	0.036089
750.000000	0.045148
752.000000	0.061191
754.000000	0.072190
756.000000	0.065960
758.000000	0.039889
760.000000	0.014617
762.000000	0.003282
764.000000	0.003936
766.000000	0.005358
768.000000	-0.005814
770.000000	-0.035287
772.000000	-0.040209
774.000000	0.002754
776.000000	0.041545
778.000000	0.042722
780.000000	0.017517
782.000000	0.043673
784.000000	0.088701
786.000000	0.066618
788.000000	0.040049
790.000000	0.032443
792.000000	0.005382
794.000000	-0.009905
796.000000	0.000139
798.000000	-0.000343
800.000000	-0.010291
802.000000	-0.019000
804.000000	-0.027091
806.000000	-0.019902
808.000000	0.006469
810.000000	0.011521
812.000000	-0.004148
814.000000	-0.013090
816.000000	-0.010732
818.000000	-0.003174
820.000000	0.002514
822.000000	0.017503
824.000000	0.029654
826.000000	0.009597
828.000000	0.013462
830.000000	0.052364
832.000000	0.041875
834.000000	0.014235
836.000000	0.015909
838.000000	0.016281
840.000000	-0.000796
842.000000	-0.021120
844.000000	0.003743
846.000000	0.029688
848.000000	-0.007041
850.000000	-0.020536
852.000000	0.008414
854.000000	0.028845
856.000000	0.047860
858.000000	0.055225
860.000000	0.023689
862.000000	0.016606
864.000000	0.039456
866.000000	0.005283
868.000000	-0.020154
870.000000	0.007694
872.000000	0.007692
874.000000	0.001407
876.000000	0.018636
878.000000	0.001380
880.000000	-0.026357
882.000000	-0.021607
884.000000	-0.025985
886.000000	-0.026541
888.000000	0.008767
890.000000	0.026789
892.000000	0.019005
894.000000	0.013605
896.000000	-0.015462
898.000000	-0.044364
900.000000	-0.014001
902.000000	0.010247
904.000000	-0.006003
906.000000	-0.022301
908.000000	-0.026887
910.000000	-0.022955
912.000000	-0.016900
914.000000	-0.004180
916.000000	0.012846
918.000000	0.015438
920.000000	0.004550
922.000000	-0.002577
924.000000	0.018728
926.000000	0.051949
928.000000	0.064922
930.000000	0.046122
932.000000	0.025146
934.000000	0.025257
936.000000	-0.004365
938.000000	-0.042806
940.000000	-0.036890
942.000000	-0.018488
944.000000	-0.014243
946.000000	-0.024298
948.000000	-0.020217
950.000000	-0.007510
952.000000	-0.016744
954.000000	-0.029101
956.000000	-0.021328
958.000000	0.013152
960.000000	0.011526
962.000000	0.009899
964.000000	0.008273
966.000000	-0.011474
968.000000	-0.004628
970.000000	-0.017952
972.000000	-0.027304
974.000000	-0.019546
976.000000	-0.025873
978.000000	-0.017770
980.000000	0.014286
982.000000	0.020494
984.000000	0.026076
986.000000	0.046001
988.000000	0.030033
990.000000	0.028039
992.000000	0.071534
994.000000	0.074420
996.000000	0.052632
998.000000	0.054358
1000.000000	0.072468
1002.000000	0.102182
1004.000000	0.133746
1006.000000	0.138486
1008.000000	0.117277
1010.000000	0.095222
1012.000000	0.102493
1014.000000	0.096005
1016.000000	0.041370
1018.000000	0.032362
1020.000000	0.057589
1022.000000	0.055583
1024.000000	0.051791
1026.000000	0.062211
1028.000000	0.074655
1030.000000	0.051849
1032.000000	0.039610
1034.000000	0.094796
1036.000000	0.128304
1038.000000	0.125965
1040.000000	0.142330
1042.000000	0.201932
1044.000000	0.252739
1046.000000	0.240284
1048.000000	0.264831
1050.000000	0.323874
1052.000000	0.341938
1054.000000	0.347817
1056.000000	0.353479
1058.000000	0.344261
1060.000000	0.320363
1062.000000	0.296356
1064.000000	0.279817
1066.000000	0.230533
1068.000000	0.182307
1070.000000	0.194042
1072.000000	0.184392
1074.000000	0.140134
1076.000000	0.117294
1078.000000	0.131108
1080.000000	0.153704
1082.000000	0.144249
1084.000000	0.112309
1086.000000	0.079157
1088.000000	0.062496
1090.000000	0.063705
1092.000000	0.059892
1094.000000	0.032319
1096.000000	0.024186
1098.000000	0.031880
1100.000000	0.024169
1102.000000	0.024526
1104.000000	0.026681
1106.000000	0.012937
1108.000000	0.019348
1110.000000	0.045115
1112.000000	0.058617
1114.000000	0.042334
1116.000000	0.019011
1118.000000	0.019767
1120.000000	0.027344
1122.000000	0.032797
1124.000000	0.041025
1126.000000	0.061398
1128.000000	0.079201
1130.000000	0.073329
1132.000000	0.046572
1134.000000	0.012619
1136.000000	-0.010838
1138.000000	-0.011185
1140.000000	-0.015927
1142.000000	-0.034513
1144.000000	-0.006097
1146.000000	0.008954
1148.000000	-0.035117
1150.000000	-0.037279
1152.000000	-0.020267
1154.000000	-0.027563
1156.000000	-0.021842
1158.000000	-0.006382
1160.000000	0.002953
1162.000000	0.007128
1164.000000	0.010824
1166.000000	0.011174
1168.000000	-0.002971
1170.000000	-0.017376
1172.000000	-0.017014
1174.000000	-0.004457
1176.000000	-0.008837
1178.000000	-0.025272
1180.000000	-0.011066
1182.000000	0.009214
1184.000000	0.000062
1186.000000	-0.041081
1188.000000	-0.030869
1190.000000	0.001049
1192.000000	-0.043963
1194.000000	-0.034929
1196.000000	0.015994
1198.000000	-0.009727
1200.000000	-0.020257
1202.000000	-0.001195
1204.000000	0.001529
1206.000000	0.029735
1208.000000	0.058247
1210.000000	0.043271
1212.000000	0.029173
1214.000000	0.029723
1216.000000	0.034916
1218.000000	0.040389
1220.000000	0.045763
1222.000000	0.052964
1224.000000	0.063095
1226.000000	0.063651
1228.000000	0.060373
1230.000000	0.085093
1232.000000	0.103385
1234.000000	0.087499
1236.000000	0.060066
1238.000000	0.078230
1240.000000	0.111233
1242.000000	0.066332
1244.000000	0.044493
1246.000000	0.088045
1248.000000	0.132757
1250.000000	0.117121
1252.000000	0.080066
1254.000000	0.087002
1256.000000	0.063745
1258.000000	0.044768
1260.000000	0.085819
1262.000000	0.095388
1264.000000	0.086573
1266.000000	0.098554
1268.000000	0.092072
1270.000000	0.070629
1272.000000	0.065971
1274.000000	0.100073
1276.000000	0.098546
1278.000000	0.050348
1280.000000	0.046825
1282.000000	0.065543
1284.000000	0.080188
1286.000000	0.092922
1288.000000	0.088711
1290.000000	0.094771
1292.000000	0.139224
1294.000000	0.143100
1296.000000	0.105134
1298.000000	0.092296
1300.000000	0.158074
1302.000000	0.212584
1304.000000	0.181422
1306.000000	0.151245
1308.000000	0.140652
1310.000000	0.151497
1312.000000	0.196663
1314.000000	0.191735
1316.000000	0.152393
1318.000000	0.189189
1320.000000	0.181107
1322.000000	0.124697
1324.000000	0.125284
1326.000000	0.125532
1328.000000	0.123905
1330.000000	0.151915
1332.000000	0.172822
1334.000000	0.176007
1336.000000	0.173839
1338.000000	0.178529
1340.000000	0.166718
1342.000000	0.135198
1344.000000	0.121729
1346.000000	0.124359
1348.000000	0.139632
1350.000000	0.166605
1352.000000	0.168882
1354.000000	0.158231
1356.000000	0.167986
1358.000000	0.167341
1360.000000	0.157230
1362.000000	0.158309
1364.000000	0.172793
1366.000000	0.170353
1368.000000	0.144133
1370.000000	0.133560
1372.000000	0.123625
1374.000000	0.108301
1376.000000	0.105893
1378.000000	0.103371
1380.000000	0.100864
1382.000000	0.111305
1384.000000	0.130160
1386.000000	0.114842
1388.000000	0.065991
1390.000000	0.087627
1392.000000	0.094184
1394.000000	0.051342
1396.000000	0.091568
1398.000000	0.135942
1400.000000	0.119281
1402.000000	0.083269
1404.000000	0.110299
1406.000000	0.137670
1408.000000	0.072539
1410.000000	0.033136
1412.000000	0.055163
1414.000000	0.087740
1416.000000	0.064623
1418.000000	0.040369
1420.000000	0.055449
1422.000000	0.072490
1424.000000	0.060778
1426.000000	0.048766
1428.000000	0.078990
1430.000000	0.094441
1432.000000	0.094767
1434.000000	0.106939
1436.000000	0.117304
1438.000000	0.116729
1440.000000	0.116212
1442.000000	0.135838
1444.000000	0.136948
1446.000000	0.133140
1448.000000	0.168865
1450.000000	0.176550
1452.000000	0.158256
1454.000000	0.158419
1456.000000	0.173807
1458.000000	0.168362
1460.000000	0.140682
1462.000000	0.138529
1464.000000	0.122312
1466.000000	0.097696
1468.000000	0.109130
1470.000000	0.099487
1472.000000	0.082206
1474.000000	0.088748
1476.000000	0.070486
1478.000000	0.059561
1480.000000	0.077166
1482.000000	0.076591
1484.000000	0.037998
1486.000000	0.008925
1488.000000	0.040524
1490.000000	0.043386
1492.000000	0.023496
1494.000000	0.022690
1496.000000	0.011422
1498.000000	0.007153
1500.000000	0.008430
1502.000000	-0.019663
1504.000000	-0.034784
1506.000000	-0.019902
1508.000000	-0.000415
1510.000000	-0.007077
1512.000000	-0.019198
1514.000000	-0.014617
1516.000000	-0.014610
1518.000000	-0.032016
1520.000000	-0.040631
1522.000000	-0.007207
1524.000000	0.004842
1526.000000	-0.013076
1528.000000	-0.020273
1530.000000	0.005497
1532.000000	0.015528
1534.000000	-0.003908
1536.000000	0.001039
1538.000000	0.003253
1540.000000	-0.016140
1542.000000	-0.039837
1544.000000	-0.032003
1546.000000	0.005976
1548.000000	0.047599
1550.000000	0.064603
1552.000000	0.047014
1554.000000	0.027397
1556.000000	0.049286
1558.000000	0.078850
1560.000000	0.094688
1562.000000	0.096414
1564.000000	0.090299
1566.000000	0.085466
1568.000000	0.091269
1570.000000	0.110435
1572.000000	0.125457
1574.000000	0.127881
1576.000000	0.131039
1578.000000	0.161796
1580.000000	0.167797
1582.000000	0.140683
1584.000000	0.148900
1586.000000	0.164820
1588.000000	0.158463
1590.000000	0.132686
1592.000000	0.119455
1594.000000	0.121682
1596.000000	0.117007
1598.000000	0.092280
1600.000000	0.120987
1602.000000	0.154483
1604.000000	0.108596
1606.000000	0.091990
1608.000000	0.121053
1610.000000	0.138291
1612.000000	0.097353
1614.000000	0.079032
1616.000000	0.079013
1618.000000	0.044859
1620.000000	0.046287
1622.000000	0.070230
1624.000000	0.082879
1626.000000	0.087592
1628.000000	0.065672
1630.000000	0.046787
1632.000000	0.068039
1634.000000	0.077208
1636.000000	0.054477
1638.000000	0.034843
1640.000000	0.067786
1642.000000	0.083089
1644.000000	0.089562
1646.000000	0.127591
1648.000000	0.119236
1650.000000	0.086484
1652.000000	0.089003
1654.000000	0.136711
1656.000000	0.136802
1658.000000	0.113705
1660.000000	0.131379
1662.000000	0.126437
1664.000000	0.105058
1666.000000	0.111195
1668.000000	0.161057
1670.000000	0.175403
1672.000000	0.150356
1674.000000	0.132364
1676.000000	0.136078
1678.000000	0.142348
1680.000000	0.140109
1682.000000	0.130299
1684.000000	0.096431
1686.000000	0.076468
1688.000000	0.088679
1690.000000	0.078851
1692.000000	0.050750
1694.000000	0.039934
1696.000000	0.057437
1698.000000	0.041748
1700.000000	0.031878
1702.000000	0.032358
1704.000000	0.032838
1706.000000	0.033318
1708.000000	0.033798
1710.000000	0.034278
1712.000000	0.034757
1714.000000	0.035237
1716.000000	-0.017602
1718.000000	-0.017896
1720.000000	-0.016286
1722.000000	-0.022442
1724.000000	-0.015298
1726.000000	-0.000979
1728.000000	-0.014430
1730.000000	-0.033242
1732.000000	-0.012697
1734.000000	0.016957
1736.000000	0.017403
1738.000000	-0.001569
1740.000000	0.001630
1742.000000	-0.009001
1744.000000	-0.021125
1746.000000	-0.012896
1748.000000	-0.009524
1750.000000	0.003833
1752.000000	0.017013
1754.000000	0.005904
1756.000000	-0.003061
1758.000000	0.008177
1760.000000	0.005588
1762.000000	-0.053141
1764.000000	-0.060352
1766.000000	-0.035709
1768.000000	-0.035537
1770.000000	-0.015910
1772.000000	0.000025
1774.000000	-0.003898
1776.000000	-0.005255
1778.000000	0.027461
1780.000000	0.017243
1782.000000	-0.030190
1784.000000	-0.008972
1786.000000	0.014766
1788.000000	0.013862
1790.000000	-0.000249
1792.000000	-0.021180
1794.000000	-0.017736
1796.000000	-0.008333
1798.000000	-0.011999
1800.000000	0.023892
1802.000000	0.027583
1804.000000	-0.016740
1806.000000	-0.035744
1808.000000	-0.021971
1810.000000	0.001189
1812.000000	0.008681
1814.000000	-0.008457
1816.000000	-0.037977
1818.000000	-0.040371
1820.000000	-0.008427
1822.000000	-0.002326
1824.000000	-0.018947
1826.000000	-0.017636
1828.000000	0.009776
1830.000000	-0.005171
1832.000000	0.002801
1834.000000	0.035735
1836.000000	0.018714
1838.000000	0.005961
1840.000000	-0.003023
1842.000000	-0.017463
1844.000000	-0.018522
1846.000000	-0.023954
1848.000000	-0.009383
1850.000000	0.026494
1852.000000	0.018902
1854.000000	-0.008817
1856.000000	-0.029262
1858.000000	-0.030578
1860.000000	-0.006949
1862.000000	-0.000113
1864.000000	-0.009777
1866.000000	-0.004555
1868.000000	0.000000
1870.000000	0.015494
1872.000000	0.029432
1874.000000	0.014458
1876.000000	0.011375
1878.000000	0.012718
1880.000000	-0.000511
1882.000000	-0.016052
1884.000000	-0.003708
1886.000000	0.006047
1888.000000	-0.007095
1890.000000	-0.002282
1892.000000	0.023686
1894.000000	0.042942
1896.000000	0.023350
1898.000000	-0.029899
1900.000000	-0.023035
1902.000000	0.001894
1904.000000	-0.020609
1906.000000	0.007031
1908.000000	0.020940
1910.000000	0.007252
1912.000000	0.010396
1914.000000	-0.001028
1916.000000	-0.007680
1918.000000	0.007361
1920.000000	0.022957
1922.000000	0.002293
1924.000000	0.008291
1926.000000	0.034412
1928.000000	0.010891
1930.000000	0.009158
1932.000000	0.006755
1934.000000	-0.005734
1936.000000	0.010050
1938.000000	0.005538
1940.000000	0.000051
1942.000000	0.013219
1944.000000	0.016346
1946.000000	0.002070
1948.000000	-0.008087
1950.000000	-0.006106
1952.000000	-0.005488
1954.000000	0.021444
1956.000000	0.026733
1958.000000	0.032023
1960.000000	-0.000378
1962.000000	-0.017985
1964.000000	-0.016427
1966.000000	0.004451
1968.000000	0.014967
1970.000000	0.025483
1972.000000	-0.016552
1974.000000	-0.020078
1976.000000	-0.001753
1978.000000	0.036572
1980.000000	0.043910
1982.000000	0.004577
1984.000000	-0.008868
1986.000000	-0.003794
1988.000000	-0.012194
1990.000000	-0.029416
1992.000000	-0.011739
1994.000000	0.007832
1996.000000	0.003706
1998.000000	-0.016201
2000.000000	-0.023367
2002.000000	-0.003582
2004.000000	0.009615
2006.000000	0.000074
2008.000000	0.004625
2010.000000	0.000376
2012.000000	-0.011495
2014.000000	-0.006117
2016.000000	0.019648
2018.000000	0.007943
2020.000000	0.002170
2022.000000	0.026863
2024.000000	0.012542
2026.000000	0.004935
2028.000000	-0.008304
2030.000000	-0.020835
2032.000000	0.022513
2034.000000	0.033295
2036.000000	0.013732
2038.000000	0.008612
2040.000000	0.017082
2042.000000	0.005616
2044.000000	-0.005519
2046.000000	0.004423
2048.000000	0.017589
2050.000000	0.016496
2052.000000	0.024124
2054.000000	0.028074
2056.000000	0.007616
2058.000000	0.048811
2060.000000	0.034890
2062.000000	-0.011789
2064.000000	0.034669
2066.000000	0.013880
2068.000000	-0.011810
2070.000000	0.003675
2072.000000	0.009294
2074.000000	-0.003749
2076.000000	0.009868
2078.000000	0.032777
2080.000000	0.011537
2082.000000	-0.036246
2084.000000	-0.027219
2086.000000	0.019081
2088.000000	0.032388
2090.000000	0.016277
2092.000000	0.018340
2094.000000	0.041329
2096.000000	0.047427
2098.000000	0.014928
2100.000000	0.000797
2102.000000	0.022861
2104.000000	0.041241
2106.000000	0.011821
2108.000000	-0.025483
2110.000000	-0.019501
2112.000000	0.008993
2114.000000	0.004776
2116.000000	0.004618
2118.000000	0.021290
2120.000000	0.030830
2122.000000	0.023270
2124.000000	0.035033
2126.000000	0.008634
2128.000000	-0.008201
2130.000000	0.030703
2132.000000	0.027798
2134.000000	0.007173
2136.000000	0.005836
2138.000000	0.014409
2140.000000	0.002911
2142.000000	0.007943
2144.000000	0.000150
2146.000000	-0.001789
2148.000000	0.014151
2150.000000	0.030090
2152.000000	0.006937
2154.000000	0.021531
2156.000000	0.036821
2158.000000	0.024082
2160.000000	0.000764
2162.000000	0.006238
2164.000000	0.038763
2166.000000	0.041519
2168.000000	0.025675
2170.000000	0.012520
2172.000000	0.016290
2174.000000	0.030574
2176.000000	0.015051
2178.000000	0.020621
2180.000000	0.027299
2182.000000	-0.001034
2184.000000	0.043880
2186.000000	0.017000
2188.000000	-0.026959
2190.000000	0.014953
2192.000000	0.021437
2194.000000	0.036252
2196.000000	0.058560
2198.000000	0.048946
2200.000000	0.016882
2202.000000	0.039881
2204.000000	0.048513
2206.000000	0.021052
2208.000000	0.005364
2210.000000	-0.010118
2212.000000	0.010833
2214.000000	0.026597
2216.000000	0.001964
2218.000000	0.000263
2220.000000	0.051628
2222.000000	0.051252
2224.000000	0.014519
2226.000000	0.055771
2228.000000	0.078630
2230.000000	0.063562
2232.000000	-0.041883
2234.000000	0.137103
2236.000000	0.072207
2238.000000	0.007312
2240.000000	-0.057584
2242.000000	0.077496
2244.000000	0.073429
2246.000000	0.029117
2248.000000	0.044548
2250.000000	0.050686
2252.000000	0.019965
2254.000000	0.063709
2256.000000	0.024191
2258.000000	0.003908
2260.000000	0.057116
2262.000000	0.032200
2264.000000	0.017508
2266.000000	0.030827
2268.000000	0.045266
2270.000000	0.046239
2272.000000	0.036915
2274.000000	0.014481
2276.000000	0.014088
2278.000000	0.031748
2280.000000	0.020429
2282.000000	0.015829
2284.000000	0.045543
2286.000000	0.052959
2288.000000	0.014261
2290.000000	0.028495
2292.000000	0.054658
2294.000000	0.037550
2296.000000	0.009744
2298.000000	0.027723
2300.000000	0.023460
2302.000000	0.021600
2304.000000	0.032533
2306.000000	0.030806
2308.000000	0.014192
2310.000000	0.025505
2312.000000	0.029080
2314.000000	0.029031
2316.000000	0.050194
2318.000000	0.029267
2320.000000	0.050415
2322.000000	0.065705
2324.000000	0.049582
2326.000000	0.084131
2328.000000	0.079043
2330.000000	0.050901
2332.000000	0.035851
2334.000000	0.045791
2336.000000	0.078101
2338.000000	0.058268
2340.000000	0.019845
2342.000000	0.022778
2344.000000	0.050630
2346.000000	0.037132
2348.000000	0.036369
2350.000000	0.025206
2352.000000	0.007194
2354.000000	0.038663
2356.000000	-0.002231
2358.000000	-0.022459
2360.000000	0.004644
2362.000000	0.024763
2364.000000	0.044547
2366.000000	0.023263
2368.000000	0.010588
2370.000000	0.023553
2372.000000	0.030872
2374.000000	0.044959
2376.000000	0.025360
2378.000000	0.006789
2380.000000	0.025200
2382.000000	0.040825
2384.000000	-0.001861
2386.000000	-0.038784
2388.000000	0.005607
2390.000000	0.060968
2392.000000	0.007091
2394.000000	0.006233
2396.000000	0.019740
2398.000000	0.015708
2400.000000	0.009544
2402.000000	-0.008842
2404.000000	0.012862
2406.000000	0.039033
2408.000000	0.027734
2410.000000	0.005567
2412.000000	0.018959
2414.000000	-0.005156
2416.000000	0.014632
2418.000000	0.046273
2420.000000	0.000066
2422.000000	0.003412
2424.000000	0.012424
2426.000000	0.018612
2428.000000	0.034107
2430.000000	0.030420
2432.000000	-0.012695
2434.000000	0.015735
2436.000000	0.052442
2438.000000	0.010215
2440.000000	-0.033253
2442.000000	0.042106
2444.000000	0.035460
2446.000000	-0.003210
2448.000000	0.020328
2450.000000	0.039493
2452.000000	0.064614
2454.000000	0.034799
2456.000000	-0.000489
2458.000000	0.023500
2460.000000	0.054120
2462.000000	0.010506
2464.000000	0.005965
2466.000000	0.026562
2468.000000	0.011540
2470.000000	-0.003200
2472.000000	0.014697
2474.000000	0.063850
2476.000000	0.057308
2478.000000	-0.010988
2480.000000	-0.025696
2482.000000	0.016936
2484.000000	0.019198
2486.000000	0.035139
2488.000000	0.071107
2490.000000	0.037420
2492.000000	0.035053
2494.000000	0.008835
2496.000000	-0.036894
2498.000000	-0.027697
2500.000000	0.034115
2502.000000	0.030695
2504.000000	0.040801
2506.000000	0.034888
2508.000000	0.023693
2510.000000	0.068167
2512.000000	0.053546
2514.000000	0.016435
2516.000000	0.044756
2518.000000	0.070286
2520.000000	0.014365
2522.000000	0.020517
2524.000000	0.015681
2526.000000	-0.007720
2528.000000	-0.010724
2530.000000	0.008130
2532.000000	0.016335
2534.000000	0.003027
2536.000000	0.001978
2538.000000	0.030953
2540.000000	0.018585
2542.000000	0.006216
2544.000000	-0.018378
2546.000000	-0.003240
2548.000000	0.005983
2550.000000	-0.003135
2552.000000	0.005391
2554.000000	-0.003763
2556.000000	-0.006339
2558.000000	-0.011496
2560.000000	-0.007058
2562.000000	0.016289
2564.000000	-0.027843
2566.000000	-0.025634
2568.000000	-0.002615
2570.000000	-0.012764
2572.000000	-0.012305
2574.000000	0.031199
2576.000000	0.010610
2578.000000	-0.018905
2580.000000	-0.012238
2582.000000	-0.014789
2584.000000	-0.040894
2586.000000	-0.003475
2588.000000	0.033361
2590.000000	0.032875
2592.000000	0.007043
2594.000000	-0.017225
2596.000000	0.011988
2598.000000	0.009944
2600.000000	0.017479
2602.000000	0.038640
2604.000000	0.019621
2606.000000	0.007739
2608.000000	0.015716
2610.000000	0.005799
2612.000000	0.000629
2614.000000	0.028047
2616.000000	0.041158
2618.000000	0.011973
2620.000000	0.013834
2622.000000	0.000493
2624.000000	-0.029568
2626.000000	-0.010067
2628.000000	0.009374
2630.000000	0.030971
2632.000000	0.025002
2634.000000	0.026908
2636.000000	0.035092
2638.000000	-0.010492
2640.000000	0.013278
2642.000000	0.043547
2644.000000	0.019648
2646.000000	-0.008507
2648.000000	-0.006146
2650.000000	-0.042795
2652.000000	-0.032688
2654.000000	-0.004164
2656.000000	0.012846
2658.000000	0.026116
2660.000000	0.019620
2662.000000	-0.020748
2664.000000	-0.011466
2666.000000	0.005976
2668.000000	0.003576
2670.000000	0.010173
2672.000000	0.008613
2674.000000	0.013293
2676.000000	0.022363
2678.000000	-0.010019
2680.000000	-0.035285
2682.000000	0.016928
2684.000000	0.033345
2686.000000	0.045137
2688.000000	0.012712
2690.000000	-0.005559
2692.000000	0.042710
2694.000000	0.052196
2696.000000	-0.007508
2698.000000	0.017283
2700.000000	0.019465
2702.000000	-0.014544
2704.000000	0.001170
2706.000000	-0.007382
2708.000000	0.019815
2710.000000	0.000193
2712.000000	0.004726
2714.000000	0.048345
2716.000000	0.030835
2718.000000	0.004053
2720.000000	0.042832
2722.000000	0.073320
2724.000000	0.066102
2726.000000	0.036995
2728.000000	0.003152
2730.000000	0.015332
2732.000000	0.041209
2734.000000	0.027041
2736.000000	0.029275
2738.000000	0.055691
2740.000000	0.025369
2742.000000	-0.004299
2744.000000	-0.005156
2746.000000	-0.012624
2748.000000	-0.009455
2750.000000	0.013160
2752.000000	0.011818
2754.000000	0.009267
2756.000000	0.007981
2758.000000	-0.012144
2760.000000	-0.021091
2762.000000	-0.002605
2764.000000	-0.009211
2766.000000	-0.042188
2768.000000	0.000464
2770.000000	-0.018137
2772.000000	-0.053631
2774.000000	-0.021528
2776.000000	-0.005145
2778.000000	0.043521
2780.000000	0.007518
2782.000000	0.010398
2784.000000	-0.000685
2786.000000	-0.061124
2788.000000	-0.042261
2790.000000	-0.057227
2792.000000	-0.015816
2794.000000	0.002512
2796.000000	-0.016928
2798.000000	-0.016042
2800.000000	0.001803
2802.000000	0.012717
2804.000000	-0.008044
2806.000000	-0.008437
2808.000000	0.003965
2810.000000	-0.017959
2812.000000	-0.039255
2814.000000	0.005608
2816.000000	-0.005757
2818.000000	-0.026334
2820.000000	0.000838
2822.000000	0.015601
2824.000000	-0.013104
2826.000000	-0.007784
2828.000000	-0.012218
2830.000000	0.050580
2832.000000	0.032503
2834.000000	-0.014898
2836.000000	0.023206
2838.000000	0.045436
2840.000000	0.105015
2842.000000	0.109829
2844.000000	0.121009
2846.000000	0.182175
2848.000000	0.209817
2850.000000	0.185684
2852.000000	0.241764
2854.000000	0.278083
2856.000000	0.296001
2858.000000	0.341447
2860.000000	0.353389
2862.000000	0.325098
2864.000000	0.368301
2866.000000	0.366811
2868.000000	0.377897
2870.000000	0.454037
2872.000000	0.495437
2874.000000	0.485390
2876.000000	0.512790
2878.000000	0.510636
2880.000000	0.554371
2882.000000	0.563054
2884.000000	0.560908
2886.000000	0.533788
2888.000000	0.490365
2890.000000	0.544982
2892.000000	0.547855
2894.000000	0.574822
2896.000000	0.609961
2898.000000	0.607867
2900.000000	0.586201
2902.000000	0.582350
2904.000000	0.610432
2906.000000	0.681749
2908.000000	0.764963
2910.000000	0.744630
2912.000000	0.710091
2914.000000	0.767270
2916.000000	0.789952
2918.000000	0.754806
2920.000000	0.830524
2922.000000	0.849856
2924.000000	0.873191
2926.000000	0.913287
2928.000000	0.894678
2930.000000	0.915873
2932.000000	0.938672
2934.000000	1.000000
2936.000000	0.983060
2938.000000	0.945755
2940.000000	0.915043
2942.000000	0.855665
2944.000000	0.845727
2946.000000	0.772192
2948.000000	0.729826
2950.000000	0.716155
2952.000000	0.666548
2954.000000	0.615940
2956.000000	0.595518
2958.000000	0.564656
2960.000000	0.627401
2962.000000	0.575615
2964.000000	0.566893
2966.000000	0.604807
2968.000000	0.571685
2970.000000	0.491701
2972.000000	0.429464
2974.000000	0.482019
2976.000000	0.491770
2978.000000	0.468902
2980.000000	0.429650
2982.000000	0.381601
2984.000000	0.354061
2986.000000	0.322606
2988.000000	0.294715
2990.000000	0.307931
2992.000000	0.327580
2994.000000	0.269072
2996.000000	0.191621
2998.000000	0.178388
3000.000000	0.154404
3002.000000	0.123225
3004.000000	0.146524
3006.000000	0.115260
3008.000000	0.080913
3010.000000	0.066808
3012.000000	0.038387
3014.000000	0.039113
3016.000000	0.046713
3018.000000	0.038979
3020.000000	0.008052
3022.000000	-0.012193
3024.000000	-0.013257
3026.000000	-0.007995
3028.000000	-0.018380
3030.000000	-0.051030
3032.000000	-0.022270
3034.000000	-0.022639
3036.000000	-0.046093
3038.000000	-0.030513
3040.000000	-0.008339
3042.000000	-0.016484
3044.000000	-0.009376
3046.000000	-0.001869
3048.000000	0.006772
3050.000000	0.043108
3052.000000	0.034185
3054.000000	0.006346
3056.000000	0.045806
3058.000000	0.099282
3060.000000	0.071189
3062.000000	0.047447
3064.000000	0.064148
3066.000000	0.047236
3068.000000	0.046361
3070.000000	0.049801
3072.000000	0.028172
3074.000000	0.034250
3076.000000	0.016076
3078.000000	0.003927
3080.000000	0.031060
3082.000000	0.029363
3084.000000	0.035675
3086.000000	0.059463
3088.000000	0.014193
3090.000000	-0.042097
3092.000000	0.029456
3094.000000	0.001191
3096.000000	-0.056902
3098.000000	-0.043217
3100.000000	-0.010657
3102.000000	-0.000792
3104.000000	0.004926
3106.000000	0.009929
3108.000000	0.027770
3110.000000	-0.016638
3112.000000	-0.023007
3114.000000	-0.015359
3116.000000	-0.006565
3118.000000	-0.006286
3120.000000	-0.021110
3122.000000	-0.008633
3124.000000	-0.002709
3126.000000	-0.005414
3128.000000	-0.029148
3130.000000	-0.043358
3132.000000	-0.016218
3134.000000	0.029213
3136.000000	0.036339
3138.000000	-0.001412
3140.000000	-0.024391
3142.000000	-0.022358
3144.000000	-0.024593
3146.000000	-0.014711
3148.000000	0.020119
3150.000000	0.009297
3152.000000	0.003386
3154.000000	0.049200
3156.000000	0.013278
3158.000000	0.051287
3160.000000	0.004848
3162.000000	-0.022500
3164.000000	-0.016472
3166.000000	0.012119
3168.000000	0.033714
3170.000000	0.015769
3172.000000	0.002245
3174.000000	-0.006947
3176.000000	0.006036
3178.000000	-0.008163
3180.000000	-0.016237
3182.000000	-0.026863
3184.000000	0.006301
3186.000000	0.008097
3188.000000	-0.055678
3190.000000	0.014890
3192.000000	0.034951
3194.000000	0.008625
3196.000000	0.019157
3198.000000	0.023788
3200.000000	0.007793
3202.000000	0.018665
3204.000000	0.010262
3206.000000	-0.024899
3208.000000	0.030117
3210.000000	0.034186
3212.000000	0.036387
3214.000000	0.049357
3216.000000	0.035601
3218.000000	0.021837
3220.000000	0.031564
3222.000000	0.041137
3224.000000	0.014240
3226.000000	-0.038316
3228.000000	-0.009497
3230.000000	0.033330
3232.000000	0.056720
3234.000000	0.047714
3236.000000	0.010468
3238.000000	-0.007286
3240.000000	0.021621
3242.000000	0.035824
3244.000000	-0.004720
3246.000000	-0.008331
3248.000000	0.017787
3250.000000	0.000249
3252.000000	0.010670
3254.000000	0.052611
3256.000000	0.067002
3258.000000	0.011304
3260.000000	-0.032054
3262.000000	0.027119
3264.000000	0.036997
3266.000000	0.015232
3268.000000	0.086519
3270.000000	0.034168
3272.000000	0.008111
3274.000000	0.018905
3276.000000	0.039066
3278.000000	0.076707
3280.000000	0.052029
3282.000000	0.032920
3284.000000	0.071500
3286.000000	0.066761
3288.000000	0.085118
3290.000000	0.047262
3292.000000	0.066442
3294.000000	0.054487
3296.000000	0.034788
3298.000000	0.061097
3300.000000	0.020549
3302.000000	0.033336
3304.000000	0.084543
3306.000000	0.088435
3308.000000	0.067416
3310.000000	0.053686
3312.000000	0.049532
3314.000000	0.096287
3316.000000	0.120279
3318.000000	0.092086
3320.000000	0.075774
3322.000000	0.062797
3324.000000	0.112635
3326.000000	0.043631
3328.000000	0.045590
3330.000000	0.062953
3332.000000	0.081146
3334.000000	0.057978
3336.000000	0.085269
3338.000000	0.106740
3340.000000	0.073037
3342.000000	0.103442
3344.000000	0.031083
3346.000000	0.060482
3348.000000	0.048984
3350.000000	0.052749
3352.000000	0.071971
3354.000000	0.064298
3356.000000	0.025202
3358.000000	0.009307
3360.000000	0.068326
3362.000000	0.106710
3364.000000	0.046074
3366.000000	0.054242
3368.000000	0.090352
3370.000000	0.068519
3372.000000	0.039649
3374.000000	0.053097
3376.000000	0.070120
3378.000000	0.055297
3380.000000	0.067205
3382.000000	0.068772
3384.000000	0.035438
3386.000000	0.056693
3388.000000	0.045465
3390.000000	0.067462
3392.000000	0.058087
3394.000000	0.075427
3396.000000	0.055823
3398.000000	0.071871
3400.000000	0.057979
3402.000000	0.033581
3404.000000	0.026751
3406.000000	0.003368
3408.000000	0.022182
3410.000000	0.044786
3412.000000	0.044242
3414.000000	0.067733
3416.000000	0.090170
3418.000000	0.029692
3420.000000	0.019061
3422.000000	0.034731
3424.000000	0.026703
3426.000000	0.028105
3428.000000	-0.001879
3430.000000	-0.026456
3432.000000	0.045919
3434.000000	0.072914
3436.000000	0.048352
3438.000000	0.084300
3440.000000	0.035171
3442.000000	0.003504
3444.000000	0.021851
3446.000000	0.034982
3448.000000	0.004262
3450.000000	0.044364
3452.000000	0.062449
3454.000000	0.029317
3456.000000	0.034837
3458.000000	-0.039115
3460.000000	0.003174
3462.000000	0.027541
3464.000000	0.035734
3466.000000	0.035809
3468.000000	0.024072
3470.000000	0.038971
3472.000000	0.042099
3474.000000	0.007685
3476.000000	0.026991
3478.000000	0.043015
3480.000000	-0.024699
3482.000000	-0.033728
3484.000000	0.003578
3486.000000	-0.018660
3488.000000	0.062551
3490.000000	0.039788
3492.000000	0.014838
3494.000000	0.002553
3496.000000	0.035375
3498.000000	0.035144
3500.000000	-0.030685
3502.000000	-0.010465
3504.000000	0.031249
3506.000000	0.022323
3508.000000	0.045345
3510.000000	0.034668
3512.000000	-0.005390
3514.000000	-0.015517
3516.000000	0.006711
3518.000000	0.018792
3520.000000	0.013788
3522.000000	0.016498
3524.000000	-0.003196
3526.000000	-0.032291
3528.000000	-0.005808
3530.000000	0.001155
3532.000000	0.001815
3534.000000	0.017965
3536.000000	0.024473
3538.000000	0.034953
3540.000000	0.032251
3542.000000	0.053938
3544.000000	-0.026598
3546.000000	0.037374
3548.000000	0.073604
3550.000000	-0.035989
3552.000000	0.004850
3554.000000	-0.042973
3556.000000	-0.029204
3558.000000	0.003603
3560.000000	0.018952
3562.000000	0.009127
3564.000000	-0.017025
3566.000000	0.027872
3568.000000	0.056767
3570.000000	0.029456
3572.000000	0.003385
3574.000000	-0.051838
3576.000000	-0.016067
3578.000000	0.030039
3580.000000	-0.007802
3582.000000	-0.044524
3584.000000	-0.020622
3586.000000	-0.035894
3588.000000	-0.036715
3590.000000	-0.001632
3592.000000	0.015187
3594.000000	0.004039
3596.000000	-0.011684
3598.000000	0.007902
3600.000000	0.031549
