400.000000	-0.003635
402.000000	-0.000968
404.000000	-0.003441
406.000000	-0.005243
408.000000	0.002682
410.000000	0.004023
412.000000	-0.007759
414.000000	-0.024139
416.000000	-0.031963
418.000000	-0.023453
420.000000	-0.004794
422.000000	0.004088
424.000000	-0.013040
426.000000	-0.024162
428.000000	-0.018814
430.000000	-0.026792
432.000000	-0.033456
434.000000	-0.018291
436.000000	-0.007050
438.000000	-0.008323
440.000000	-0.008669
442.000000	-0.003655
444.000000	0.002834
446.000000	-0.000698
448.000000	-0.011600
450.000000	-0.019009
452.000000	-0.017775
454.000000	-0.013295
456.000000	-0.018618
458.000000	-0.021979
460.000000	-0.013728
462.000000	-0.012603
464.000000	-0.020580
466.000000	-0.025442
468.000000	-0.026211
470.000000	-0.024633
472.000000	-0.021742
474.000000	-0.018818
476.000000	-0.014391
478.000000	0.000333
480.000000	0.018205
482.000000	0.022615
484.000000	0.034406
486.000000	0.037361
488.000000	0.040316
490.000000	0.008125
492.000000	0.000349
494.000000	-0.011646
496.000000	-0.025701
498.000000	-0.003417
500.000000	0.013376
502.000000	-0.006236
504.000000	-0.014212
506.000000	-0.009357
508.000000	-0.015755
510.000000	-0.009868
512.000000	0.007258
514.000000	-0.000752
516.000000	-0.020110
518.000000	-0.023298
520.000000	-0.002673
522.000000	0.016526
524.000000	0.002457
526.000000	-0.015685
528.000000	-0.011644
530.000000	0.012824
532.000000	0.016658
534.000000	-0.018083
536.000000	-0.026462
538.000000	-0.000806
540.000000	0.018452
542.000000	0.007204
544.000000	-0.021773
546.000000	-0.021935
548.000000	-0.004292
550.000000	0.003111
552.000000	-0.005448
554.000000	-0.013529
556.000000	-0.000732
558.000000	0.013075
560.000000	0.010973
562.000000	-0.005434
564.000000	-0.016403
566.000000	-0.010633
568.000000	-0.008410
570.000000	-0.016208
572.000000	-0.026581
574.000000	-0.028295
576.000000	-0.022003
578.000000	-0.020808
580.000000	-0.023363
582.000000	-0.025192
584.000000	-0.026679
586.000000	-0.020807
588.000000	-0.002806
590.000000	0.003653
592.000000	0.010113
594.000000	0.013226
596.000000	0.000822
598.000000	-0.025679
600.000000	-0.021894
602.000000	0.001945
604.000000	0.013598
606.000000	0.013008
608.000000	0.004938
610.000000	-0.005251
612.000000	-0.006664
614.000000	-0.005507
616.000000	-0.027632
618.000000	-0.044212
620.000000	-0.025138
622.000000	0.002375
624.000000	0.008191
626.000000	-0.016879
628.000000	-0.020871
630.000000	0.002445
632.000000	0.000966
634.000000	-0.008440
636.000000	-0.005224
638.000000	-0.008399
640.000000	-0.002524
642.000000	0.024424
644.000000	0.013138
646.000000	-0.022312
648.000000	-0.013582
650.000000	-0.003408
652.000000	-0.019950
654.000000	-0.029462
656.000000	-0.022749
658.000000	-0.009401
660.000000	-0.008695
662.000000	-0.009914
664.000000	0.004191
666.000000	0.003342
668.000000	-0.002266
670.000000	0.028564
672.000000	0.030592
674.000000	-0.010360
676.000000	0.004943
678.000000	0.000144
680.000000	-0.004655
682.000000	-0.010783
684.000000	0.009566
686.000000	0.004069
688.000000	-0.005380
690.000000	-0.008030
692.000000	-0.018025
694.000000	-0.023463
696.000000	-0.015237
698.000000	-0.002767
700.000000	0.003596
702.000000	0.002465
704.000000	0.009637
706.000000	0.008215
708.000000	-0.019269
710.000000	-0.008751
712.000000	0.030831
714.000000	0.019997
716.000000	-0.003160
718.000000	-0.002661
720.000000	0.000203
722.000000	0.006138
724.000000	0.019616
726.000000	0.027240
728.000000	0.019877
730.000000	0.001182
732.000000	-0.001184
734.000000	0.011426
736.000000	0.013749
738.000000	0.012708
740.000000	0.016613
742.000000	0.024138
744.000000	0.037185
746.000000	0.056759
748.000000	0.053022
750.000000	0.049285
752.000000	0.045548
754.000000	0.041811
756.000000	0.038074
758.000000	0.034337
760.000000	-0.004519
762.000000	-0.003909
764.000000	0.010239
766.000000	0.007875
768.000000	-0.009451
770.000000	-0.002616
772.000000	0.012974
774.000000	0.011436
776.000000	-0.003341
778.000000	-0.009200
780.000000	0.006738
782.000000	0.012394
784.000000	0.006361
786.000000	0.008267
788.000000	0.006255
790.000000	0.002001
792.000000	0.010954
794.000000	0.010276
796.000000	-0.008712
798.000000	-0.021532
800.000000	-0.021912
802.000000	-0.014602
804.000000	-0.007941
806.000000	-0.004634
808.000000	-0.003621
810.000000	-0.002748
812.000000	0.005848
814.000000	0.021063
816.000000	0.004385
818.000000	-0.023964
820.000000	-0.005258
822.000000	0.027048
824.000000	0.038999
826.000000	0.028673
828.000000	0.014343
830.000000	0.006945
832.000000	-0.001233
834.000000	-0.005172
836.000000	0.000430
838.000000	0.009179
840.000000	0.013060
842.000000	0.007772
844.000000	-0.001064
846.000000	0.000227
848.000000	0.017507
850.000000	0.020254
852.000000	0.014162
854.000000	0.027481
856.000000	0.027399
858.000000	0.009982
860.000000	0.010416
862.000000	0.017104
864.000000	0.014300
866.000000	0.002764
868.000000	-0.008149
870.000000	-0.009212
872.000000	0.001600
874.000000	0.008923
876.000000	0.002102
878.000000	-0.004620
880.000000	-0.006737
882.000000	-0.006022
884.000000	-0.001302
886.000000	0.005145
888.000000	0.009339
890.000000	0.010279
892.000000	0.000950
894.000000	-0.021612
896.000000	-0.026032
898.000000	-0.007084
900.000000	0.009617
902.000000	0.014927
904.000000	0.008310
906.000000	-0.004779
908.000000	-0.009765
910.000000	-0.005158
912.000000	-0.007358
914.000000	-0.002646
916.000000	0.012433
918.000000	0.008003
920.000000	-0.011026
922.000000	-0.023810
924.000000	-0.016066
926.000000	0.003290
928.000000	0.015092
930.000000	0.008235
932.000000	0.001915
934.000000	0.010944
936.000000	-0.005234
938.000000	-0.032520
940.000000	-0.027174
942.000000	0.003477
944.000000	0.028735
946.000000	0.021589
948.000000	0.006103
950.000000	-0.000156
952.000000	0.000538
954.000000	-0.006222
956.000000	-0.009439
958.000000	0.016654
960.000000	0.031210
962.000000	0.018774
964.000000	0.013022
966.000000	0.032524
968.000000	0.049694
970.000000	0.008381
972.000000	-0.012738
974.000000	0.017576
976.000000	0.010812
978.000000	-0.001383
980.000000	0.010665
982.000000	0.003613
984.000000	0.013112
986.000000	0.047292
988.000000	0.021866
990.000000	0.002670
992.000000	0.039079
994.000000	0.025163
996.000000	0.008102
998.000000	0.050600
1000.000000	0.076580
1002.000000	0.088009
1004.000000	0.112905
1006.000000	0.105752
1008.000000	0.098599
1010.000000	0.057440
1012.000000	0.048138
1014.000000	0.047942
1016.000000	0.021283
1018.000000	0.017691
1020.000000	0.031117
1022.000000	0.025526
1024.000000	0.008524
1026.000000	0.010126
1028.000000	0.042915
1030.000000	0.047845
1032.000000	0.035067
1034.000000	0.048587
1036.000000	0.059610
1038.000000	0.057283
1040.000000	0.055565
1042.000000	0.069888
1044.000000	0.091489
1046.000000	0.099436
1048.000000	0.094369
1050.000000	0.083039
1052.000000	0.075003
1054.000000	0.082048
1056.000000	0.086544
1058.000000	0.062593
1060.000000	0.035221
1062.000000	0.022918
1064.000000	0.028191
1066.000000	0.046900
1068.000000	0.069931
1070.000000	0.081339
1072.000000	0.056257
1074.000000	0.021430
1076.000000	0.025649
1078.000000	0.045600
1080.000000	0.065765
1082.000000	0.080396
1084.000000	0.057924
1086.000000	0.018772
1088.000000	0.011033
1090.000000	0.021393
1092.000000	0.031513
1094.000000	0.034253
1096.000000	0.037759
1098.000000	0.039383
1100.000000	0.033749
1102.000000	0.037741
1104.000000	0.038838
1106.000000	0.018518
1108.000000	0.013373
1110.000000	0.028681
1112.000000	0.040010
1114.000000	0.029627
1116.000000	0.026688
1118.000000	0.055418
1120.000000	0.048350
1122.000000	0.029844
1124.000000	0.052712
1126.000000	0.063023
1128.000000	0.068552
1130.000000	0.099568
1132.000000	0.118653
1134.000000	0.084992
1136.000000	0.009919
1138.000000	-0.003856
1140.000000	-0.000992
1142.000000	-0.035200
1144.000000	-0.007020
1146.000000	0.023295
1148.000000	-0.010783
1150.000000	-0.016532
1152.000000	-0.010229
1154.000000	-0.023606
1156.000000	-0.012488
1158.000000	0.008202
1160.000000	0.013976
1162.000000	0.014081
1164.000000	0.010714
1166.000000	0.009752
1168.000000	0.022617
1170.000000	0.024016
1172.000000	0.009777
1174.000000	0.014257
1176.000000	0.023751
1178.000000	0.014985
1180.000000	-0.014453
1182.000000	-0.014352
1184.000000	0.016705
1186.000000	0.022232
1188.000000	0.000736
1190.000000	-0.025371
1192.000000	-0.034966
1194.000000	-0.040732
1196.000000	-0.029497
1198.000000	0.015341
1200.000000	0.030182
1202.000000	0.008698
1204.000000	-0.003201
1206.000000	0.022129
1208.000000	0.060499
1210.000000	0.073653
1212.000000	0.068539
1214.000000	0.058056
1216.000000	0.050911
1218.000000	0.047800
1220.000000	0.045992
1222.000000	0.055413
1224.000000	0.098998
1226.000000	0.115532
1228.000000	0.084136
1230.000000	0.086114
1232.000000	0.095178
1234.000000	0.094401
1236.000000	0.122734
1238.000000	0.148339
1240.000000	0.144139
1242.000000	0.119243
1244.000000	0.099233
1246.000000	0.089013
1248.000000	0.081029
1250.000000	0.100679
1252.000000	0.108387
1254.000000	0.062258
1256.000000	0.066156
1258.000000	0.100220
1260.000000	0.089055
1262.000000	0.062658
1264.000000	0.058994
1266.000000	0.078059
1268.000000	0.065409
1270.000000	0.038548
1272.000000	0.035966
1274.000000	0.064576
1276.000000	0.083657
1278.000000	0.072549
1280.000000	0.057347
1282.000000	0.061019
1284.000000	0.069800
1286.000000	0.053657
1288.000000	0.055034
1290.000000	0.076500
1292.000000	0.087052
1294.000000	0.098393
1296.000000	0.099799
1298.000000	0.084407
1300.000000	0.095782
1302.000000	0.112295
1304.000000	0.113915
1306.000000	0.144008
1308.000000	0.158296
1310.000000	0.138093
1312.000000	0.144780
1314.000000	0.150476
1316.000000	0.144926
1318.000000	0.158565
1320.000000	0.154680
1322.000000	0.129729
1324.000000	0.113946
1326.000000	0.099142
1328.000000	0.090816
1330.000000	0.098839
1332.000000	0.109195
1334.000000	0.125644
1336.000000	0.144674
1338.000000	0.136541
1340.000000	0.126649
1342.000000	0.129267
1344.000000	0.115264
1346.000000	0.087627
1348.000000	0.076029
1350.000000	0.104245
1352.000000	0.116833
1354.000000	0.102507
1356.000000	0.090596
1358.000000	0.081890
1360.000000	0.086674
1362.000000	0.109361
1364.000000	0.123473
1366.000000	0.096541
1368.000000	0.048082
1370.000000	0.053414
1372.000000	0.061187
1374.000000	0.048313
1376.000000	0.055735
1378.000000	0.054300
1380.000000	0.041633
1382.000000	0.042687
1384.000000	0.052105
1386.000000	0.051062
1388.000000	0.033467
1390.000000	0.025358
1392.000000	0.029457
1394.000000	0.034820
1396.000000	0.033714
1398.000000	0.042454
1400.000000	0.040567
1402.000000	-0.002839
1404.000000	0.005235
1406.000000	0.051609
1408.000000	0.055304
1410.000000	0.029629
1412.000000	0.012439
1414.000000	0.017467
1416.000000	0.011695
1418.000000	-0.005941
1420.000000	-0.009123
1422.000000	0.022601
1424.000000	0.022550
1426.000000	0.003587
1428.000000	0.029603
1430.000000	0.048733
1432.000000	0.059353
1434.000000	0.077210
1436.000000	0.069427
1438.000000	0.062235
1440.000000	0.079723
1442.000000	0.101368
1444.000000	0.102435
1446.000000	0.099578
1448.000000	0.120174
1450.000000	0.105706
1452.000000	0.089832
1454.000000	0.124030
1456.000000	0.145975
1458.000000	0.135060
1460.000000	0.116291
1462.000000	0.123522
1464.000000	0.103374
1466.000000	0.074496
1468.000000	0.103940
1470.000000	0.107389
1472.000000	0.071364
1474.000000	0.046203
1476.000000	0.061237
1478.000000	0.073317
1480.000000	0.056583
1482.000000	0.045321
1484.000000	0.035954
1486.000000	0.019596
1488.000000	0.002927
1490.000000	0.014299
1492.000000	0.039063
1494.000000	0.038913
1496.000000	-0.001287
1498.000000	-0.021484
1500.000000	-0.008685
1502.000000	-0.020945
1504.000000	-0.013401
1506.000000	-0.011205
1508.000000	-0.058245
1510.000000	-0.050466
1512.000000	-0.013260
1514.000000	-0.002701
1516.000000	0.006739
1518.000000	0.005785
1520.000000	-0.008993
1522.000000	-0.021498
1524.000000	-0.025508
1526.000000	-0.022371
1528.000000	-0.015208
1530.000000	-0.003095
1532.000000	0.016616
1534.000000	0.029918
1536.000000	0.012311
1538.000000	-0.008135
1540.000000	-0.008115
1542.000000	0.007110
1544.000000	0.007328
1546.000000	0.009892
1548.000000	0.027917
1550.000000	0.030075
1552.000000	0.020872
1554.000000	0.038823
1556.000000	0.100343
1558.000000	0.101828
1560.000000	0.064567
1562.000000	0.062014
1564.000000	0.082589
1566.000000	0.074729
1568.000000	0.056353
1570.000000	0.095717
1572.000000	0.114046
1574.000000	0.112695
1576.000000	0.134391
1578.000000	0.143113
1580.000000	0.147487
1582.000000	0.157267
1584.000000	0.156784
1586.000000	0.145734
1588.000000	0.131125
1590.000000	0.124653
1592.000000	0.136615
1594.000000	0.126471
1596.000000	0.090974
1598.000000	0.088128
1600.000000	0.083690
1602.000000	0.078437
1604.000000	0.098590
1606.000000	0.110618
1608.000000	0.092755
1610.000000	0.068328
1612.000000	0.085685
1614.000000	0.091329
1616.000000	0.081639
1618.000000	0.091115
1620.000000	0.087301
1622.000000	0.068729
1624.000000	0.052171
1626.000000	0.050491
1628.000000	0.072957
1630.000000	0.088761
1632.000000	0.074710
1634.000000	0.090303
1636.000000	0.084793
1638.000000	0.041415
1640.000000	0.044809
1642.000000	0.065065
1644.000000	0.083457
1646.000000	0.098766
1648.000000	0.080765
1650.000000	0.084204
1652.000000	0.114548
1654.000000	0.098599
1656.000000	0.104112
1658.000000	0.130617
1660.000000	0.126585
1662.000000	0.101672
1664.000000	0.099032
1666.000000	0.132948
1668.000000	0.168146
1670.000000	0.163510
1672.000000	0.136145
1674.000000	0.121720
1676.000000	0.119837
1678.000000	0.141849
1680.000000	0.164377
1682.000000	0.145123
1684.000000	0.108820
1686.000000	0.076419
1688.000000	0.068104
1690.000000	0.096169
1692.000000	0.074815
1694.000000	0.044083
1696.000000	0.082662
1698.000000	0.052252
1700.000000	0.010404
1702.000000	0.010925
1704.000000	0.011446
1706.000000	0.011967
1708.000000	0.012488
1710.000000	0.013008
1712.000000	0.013529
1714.000000	0.014050
1716.000000	0.014102
1718.000000	-0.008324
1720.000000	-0.034189
1722.000000	-0.027336
1724.000000	0.001513
1726.000000	-0.028917
1728.000000	-0.036287
1730.000000	-0.010687
1732.000000	-0.007329
1734.000000	0.001905
1736.000000	0.017276
1738.000000	0.012967
1740.000000	-0.021290
1742.000000	-0.018281
1744.000000	-0.002599
1746.000000	-0.019544
1748.000000	-0.034361
1750.000000	-0.027320
1752.000000	-0.004992
1754.000000	0.011058
1756.000000	0.008443
1758.000000	0.004598
1760.000000	0.012315
1762.000000	0.015067
1764.000000	-0.020595
1766.000000	-0.034496
1768.000000	0.006610
1770.000000	0.006648
1772.000000	-0.019561
1774.000000	-0.028133
1776.000000	-0.009114
1778.000000	-0.001585
1780.000000	0.009004
1782.000000	0.012844
1784.000000	-0.020524
1786.000000	-0.005752
1788.000000	0.012618
1790.000000	-0.011323
1792.000000	-0.003169
1794.000000	0.011441
1796.000000	0.017181
1798.000000	0.011893
1800.000000	-0.030360
1802.000000	-0.025435
1804.000000	0.017347
1806.000000	0.003602
1808.000000	-0.009640
1810.000000	-0.017332
1812.000000	-0.026310
1814.000000	-0.016530
1816.000000	-0.009374
1818.000000	-0.014288
1820.000000	-0.021282
1822.000000	-0.017007
1824.000000	-0.010050
1826.000000	-0.009114
1828.000000	-0.011245
1830.000000	-0.004264
1832.000000	0.001730
1834.000000	0.005270
1836.000000	0.011978
1838.000000	0.000687
1840.000000	-0.004605
1842.000000	0.003579
1844.000000	-0.008025
1846.000000	-0.025990
1848.000000	-0.024904
1850.000000	-0.006234
1852.000000	-0.004095
1854.000000	-0.006961
1856.000000	-0.012173
1858.000000	-0.024108
1860.000000	-0.029107
1862.000000	-0.021335
1864.000000	-0.002515
1866.000000	0.015654
1868.000000	0.013365
1870.000000	0.009293
1872.000000	0.005315
1874.000000	-0.010746
1876.000000	0.000653
1878.000000	0.000995
1880.000000	-0.023151
1882.000000	-0.019747
1884.000000	-0.007996
1886.000000	-0.000361
1888.000000	0.007074
1890.000000	0.017838
1892.000000	0.019422
1894.000000	0.018046
1896.000000	0.012746
1898.000000	-0.018390
1900.000000	-0.022656
1902.000000	-0.004466
1904.000000	0.000397
1906.000000	0.009939
1908.000000	0.016902
1910.000000	0.005252
1912.000000	-0.019597
1914.000000	-0.018031
1916.000000	-0.000862
1918.000000	0.000909
1920.000000	-0.020170
1922.000000	-0.022146
1924.000000	0.002713
1926.000000	0.032548
1928.000000	0.038422
1930.000000	0.012954
1932.000000	0.003278
1934.000000	0.014203
1936.000000	0.003120
1938.000000	0.005781
1940.000000	-0.006632
1942.000000	-0.022528
1944.000000	0.021112
1946.000000	0.037706
1948.000000	0.025764
1950.000000	0.008638
1952.000000	-0.022432
1954.000000	-0.016434
1956.000000	-0.008261
1958.000000	-0.014342
1960.000000	0.017559
1962.000000	0.012162
1964.000000	0.000000
1966.000000	0.017046
1968.000000	0.009621
1970.000000	0.010766
1972.000000	0.011863
1974.000000	-0.003994
1976.000000	-0.011692
1978.000000	-0.011769
1980.000000	0.002984
1982.000000	0.027086
1984.000000	0.029613
1986.000000	0.016082
1988.000000	0.009015
1990.000000	0.008978
1992.000000	-0.007780
1994.000000	-0.003324
1996.000000	0.012321
1998.000000	0.011020
2000.000000	0.002923
2002.000000	0.002116
2004.000000	0.010462
2006.000000	0.015727
2008.000000	0.005238
2010.000000	-0.001348
2012.000000	0.001321
2014.000000	-0.001691
2016.000000	-0.021433
2018.000000	-0.023465
2020.000000	0.003607
2022.000000	0.022309
2024.000000	-0.012015
2026.000000	-0.031910
2028.000000	-0.010065
2030.000000	0.011954
2032.000000	-0.011726
2034.000000	-0.011593
2036.000000	0.010896
2038.000000	0.015198
2040.000000	-0.004180
2042.000000	-0.007044
2044.000000	0.000764
2046.000000	0.011936
2048.000000	0.030290
2050.000000	0.012029
2052.000000	0.017865
2054.000000	0.034739
2056.000000	-0.013291
2058.000000	-0.013449
2060.000000	0.008175
2062.000000	0.015733
2064.000000	0.022915
2066.000000	0.009405
2068.000000	-0.006750
2070.000000	-0.003415
2072.000000	0.015456
2074.000000	0.024585
2076.000000	0.038846
2078.000000	0.020837
2080.000000	-0.034660
2082.000000	-0.012466
2084.000000	0.003168
2086.000000	-0.004381
2088.000000	0.003140
2090.000000	0.007479
2092.000000	0.036043
2094.000000	0.026915
2096.000000	-0.022669
2098.000000	0.002106
2100.000000	0.015361
2102.000000	0.020120
2104.000000	0.035258
2106.000000	0.027563
2108.000000	0.022383
2110.000000	0.023989
2112.000000	0.027155
2114.000000	0.023994
2116.000000	-0.003821
2118.000000	-0.010132
2120.000000	0.006115
2122.000000	0.003909
2124.000000	-0.010307
2126.000000	-0.013804
2128.000000	-0.019557
2130.000000	-0.030461
2132.000000	-0.007646
2134.000000	0.000226
2136.000000	0.002365
2138.000000	0.019706
2140.000000	0.024325
2142.000000	0.007045
2144.000000	-0.007847
2146.000000	-0.000460
2148.000000	0.015117
2150.000000	0.002954
2152.000000	-0.009552
2154.000000	-0.015100
2156.000000	-0.019923
2158.000000	0.007130
2160.000000	0.007107
2162.000000	0.001491
2164.000000	0.019059
2166.000000	0.003245
2168.000000	-0.003070
2170.000000	0.003133
2172.000000	-0.001417
2174.000000	-0.013541
2176.000000	-0.002594
2178.000000	0.008666
2180.000000	0.008291
2182.000000	0.009359
2184.000000	0.004173
2186.000000	-0.010643
2188.000000	-0.014325
2190.000000	0.005153
2192.000000	0.017446
2194.000000	-0.007128
2196.000000	-0.011513
2198.000000	0.013001
2200.000000	0.003882
2202.000000	0.012619
2204.000000	0.009634
2206.000000	-0.001897
2208.000000	0.010215
2210.000000	0.006494
2212.000000	-0.009761
2214.000000	-0.016109
2216.000000	-0.012237
2218.000000	-0.015970
2220.000000	0.005626
2222.000000	0.028789
2224.000000	0.029330
2226.000000	0.020358
2228.000000	0.015784
2230.000000	0.015034
2232.000000	-0.009103
2234.000000	-0.041176
2236.000000	-0.008339
2238.000000	0.018005
2240.000000	0.016913
2242.000000	0.008271
2244.000000	0.003183
2246.000000	0.010420
2248.000000	0.011739
2250.000000	0.013732
2252.000000	0.021494
2254.000000	0.002193
2256.000000	-0.009283
2258.000000	0.027143
2260.000000	0.053668
2262.000000	-0.002206
2264.000000	0.006327
2266.000000	0.027538
2268.000000	0.016878
2270.000000	0.007108
2272.000000	0.003056
2274.000000	-0.023741
2276.000000	-0.021752
2278.000000	0.002800
2280.000000	-0.020810
2282.000000	-0.008660
2284.000000	0.014433
2286.000000	0.010507
2288.000000	-0.005088
2290.000000	0.005401
2292.000000	0.028481
2294.000000	0.032269
2296.000000	0.014300
2298.000000	0.001293
2300.000000	-0.000109
2302.000000	-0.000232
2304.000000	0.002746
2306.000000	0.017407
2308.000000	0.031720
2310.000000	0.007485
2312.000000	-0.003647
2314.000000	0.016971
2316.000000	0.021142
2318.000000	0.000080
2320.000000	0.009474
2322.000000	0.012604
2324.000000	-0.009048
2326.000000	0.001657
2328.000000	0.003950
2330.000000	0.005069
2332.000000	0.008079
2334.000000	0.006652
2336.000000	0.011937
2338.000000	0.005518
2340.000000	-0.004860
2342.000000	-0.002774
2344.000000	0.010837
2346.000000	0.017666
2348.000000	0.003311
2350.000000	-0.006401
2352.000000	0.001687
2354.000000	0.003763
2356.000000	0.007959
2358.000000	0.020657
2360.000000	0.012236
2362.000000	-0.013171
2364.000000	0.002348
2366.000000	-0.007904
2368.000000	0.003538
2370.000000	0.032289
2372.000000	0.020701
2374.000000	0.016138
2376.000000	0.004999
2378.000000	-0.006831
2380.000000	-0.006349
2382.000000	0.000407
2384.000000	0.004503
2386.000000	-0.001865
2388.000000	0.000807
2390.000000	0.015485
2392.000000	0.009002
2394.000000	-0.016411
2396.000000	-0.007224
2398.000000	0.028882
2400.000000	0.025058
2402.000000	-0.024709
2404.000000	0.018756
2406.000000	0.048804
2408.000000	0.021109
2410.000000	0.008975
2412.000000	0.010643
2414.000000	0.015515
2416.000000	0.013933
2418.000000	0.014781
2420.000000	0.014035
2422.000000	-0.017597
2424.000000	0.001054
2426.000000	0.029125
2428.000000	0.030980
2430.000000	0.035127
2432.000000	0.023655
2434.000000	0.021029
2436.000000	0.048885
2438.000000	0.045874
2440.000000	-0.014311
2442.000000	0.030036
2444.000000	0.044282
2446.000000	0.039827
2448.000000	0.048051
2450.000000	0.013628
2452.000000	0.013789
2454.000000	0.027041
2456.000000	0.022692
2458.000000	0.017126
2460.000000	0.029771
2462.000000	0.016633
2464.000000	-0.008720
2466.000000	-0.019606
2468.000000	0.006460
2470.000000	0.044568
2472.000000	0.001987
2474.000000	0.012298
2476.000000	0.003271
2478.000000	-0.034233
2480.000000	0.028822
2482.000000	0.002178
2484.000000	0.019367
2486.000000	0.051449
2488.000000	0.017368
2490.000000	-0.004168
2492.000000	0.038672
2494.000000	0.033718
2496.000000	0.008387
2498.000000	0.008266
2500.000000	-0.005840
2502.000000	-0.011335
2504.000000	0.004404
2506.000000	0.032489
2508.000000	0.045682
2510.000000	0.022851
2512.000000	-0.011271
2514.000000	0.010484
2516.000000	0.050624
2518.000000	0.053704
2520.000000	0.028927
2522.000000	0.011582
2524.000000	-0.003443
2526.000000	-0.025916
2528.000000	-0.019231
2530.000000	0.030607
2532.000000	0.044739
2534.000000	0.008535
2536.000000	0.009760
2538.000000	0.034342
2540.000000	0.011142
2542.000000	-0.025651
2544.000000	-0.014471
2546.000000	0.014924
2548.000000	0.025581
2550.000000	0.027031
2552.000000	0.033998
2554.000000	0.010754
2556.000000	0.007577
2558.000000	-0.005298
2560.000000	-0.020919
2562.000000	0.008257
2564.000000	-0.005109
2566.000000	0.014559
2568.000000	0.026419
2570.000000	-0.002486
2572.000000	-0.012653
2574.000000	0.015370
2576.000000	0.006270
2578.000000	0.021571
2580.000000	0.022966
2582.000000	-0.022327
2584.000000	-0.003017
2586.000000	0.012969
2588.000000	0.009932
2590.000000	0.022716
2592.000000	0.017470
2594.000000	-0.036705
2596.000000	-0.005996
2598.000000	0.017893
2600.000000	0.004417
2602.000000	-0.009757
2604.000000	0.001143
2606.000000	0.030778
2608.000000	0.022733
2610.000000	0.002786
2612.000000	-0.005216
2614.000000	-0.003665
2616.000000	0.002894
2618.000000	-0.006149
2620.000000	-0.022867
2622.000000	-0.001840
2624.000000	0.026659
2626.000000	0.006162
2628.000000	-0.000630
2630.000000	0.024056
2632.000000	0.030466
2634.000000	0.017500
2636.000000	0.012829
2638.000000	0.004546
2640.000000	-0.010149
2642.000000	-0.004397
2644.000000	-0.004902
2646.000000	-0.009893
2648.000000	0.008678
2650.000000	0.006115
2652.000000	-0.035291
2654.000000	-0.028610
2656.000000	0.009333
2658.000000	0.018226
2660.000000	0.020375
2662.000000	0.020371
2664.000000	0.006544
2666.000000	-0.010969
2668.000000	-0.010116
2670.000000	0.006189
2672.000000	0.002729
2674.000000	-0.023323
2676.000000	0.004119
2678.000000	0.016621
2680.000000	0.000876
2682.000000	0.030623
2684.000000	0.011152
2686.000000	0.006125
2688.000000	0.002218
2690.000000	0.017306
2692.000000	0.044402
2694.000000	0.018925
2696.000000	0.018154
2698.000000	0.019457
2700.000000	0.014115
2702.000000	0.007904
2704.000000	0.002159
2706.000000	-0.003030
2708.000000	-0.023772
2710.000000	0.003590
2712.000000	0.032162
2714.000000	0.032065
2716.000000	0.038710
2718.000000	0.030352
2720.000000	0.028067
2722.000000	0.036945
2724.000000	0.028518
2726.000000	0.023537
2728.000000	0.037652
2730.000000	-0.000928
2732.000000	0.028410
2734.000000	0.021897
2736.000000	0.016001
2738.000000	0.057020
2740.000000	0.042615
2742.000000	0.008956
2744.000000	-0.012585
2746.000000	-0.017183
2748.000000	0.006604
2750.000000	0.031671
2752.000000	0.018450
2754.000000	0.021989
2756.000000	0.027746
2758.000000	0.008004
2760.000000	-0.001974
2762.000000	0.005137
2764.000000	-0.011982
2766.000000	-0.005702
2768.000000	0.011037
2770.000000	0.020852
2772.000000	-0.010759
2774.000000	-0.027771
2776.000000	0.034462
2778.000000	0.012055
2780.000000	-0.039524
2782.000000	-0.034628
2784.000000	0.003750
2786.000000	0.007163
2788.000000	-0.021007
2790.000000	-0.019310
2792.000000	-0.013885
2794.000000	-0.008031
2796.000000	-0.022472
2798.000000	-0.028217
2800.000000	0.006165
2802.000000	-0.009388
2804.000000	-0.019293
2806.000000	-0.024959
2808.000000	-0.008236
2810.000000	-0.014200
2812.000000	-0.060288
2814.000000	-0.014994
2816.000000	0.000697
2818.000000	-0.020651
2820.000000	-0.030678
2822.000000	-0.010971
2824.000000	0.009242
2826.000000	-0.010146
2828.000000	-0.033705
2830.000000	0.021993
2832.000000	0.042795
2834.000000	0.016761
2836.000000	0.026826
2838.000000	0.043221
2840.000000	0.046460
2842.000000	0.038278
2844.000000	0.070962
2846.000000	0.114810
2848.000000	0.147747
2850.000000	0.189417
2852.000000	0.196145
2854.000000	0.216912
2856.000000	0.245796
2858.000000	0.280315
2860.000000	0.291541
2862.000000	0.283702
2864.000000	0.323857
2866.000000	0.350538
2868.000000	0.330042
2870.000000	0.404110
2872.000000	0.462565
2874.000000	0.442833
2876.000000	0.497097
2878.000000	0.517707
2880.000000	0.511205
2882.000000	0.532641
2884.000000	0.533272
2886.000000	0.492007
2888.000000	0.483096
2890.000000	0.525321
2892.000000	0.515912
2894.000000	0.493235
2896.000000	0.545673
2898.000000	0.550689
2900.000000	0.516665
2902.000000	0.596511
2904.000000	0.655563
2906.000000	0.667267
2908.000000	0.655137
2910.000000	0.661556
2912.000000	0.706997
2914.000000	0.741760
2916.000000	0.736653
2918.000000	0.790629
2920.000000	0.859504
2922.000000	0.850894
2924.000000	0.905074
2926.000000	0.945723
2928.000000	0.868725
2930.000000	0.889589
2932.000000	0.927545
2934.000000	0.945716
2936.000000	0.963291
2938.000000	1.000000
2940.000000	0.964019
2942.000000	0.856119
2944.000000	0.852682
2946.000000	0.824071
2948.000000	0.737105
2950.000000	0.732555
2952.000000	0.718406
2954.000000	0.632911
2956.000000	0.593878
2958.000000	0.607466
2960.000000	0.643408
2962.000000	0.596920
2964.000000	0.593656
2966.000000	0.631339
2968.000000	0.603897
2970.000000	0.530005
2972.000000	0.497355
2974.000000	0.514515
2976.000000	0.493928
2978.000000	0.492061
2980.000000	0.443226
2982.000000	0.398067
2984.000000	0.435826
2986.000000	0.386385
2988.000000	0.320494
2990.000000	0.253184
2992.000000	0.289600
2994.000000	0.304931
2996.000000	0.237344
2998.000000	0.185393
3000.000000	0.155801
3002.000000	0.165308
3004.000000	0.157229
3006.000000	0.137991
3008.000000	0.087528
3010.000000	0.062533
3012.000000	0.073499
3014.000000	0.044231
3016.000000	0.045277
3018.000000	0.025020
3020.000000	0.026070
3022.000000	0.024340
3024.000000	0.026613
3026.000000	0.028330
3028.000000	-0.009423
3030.000000	-0.039621
3032.000000	-0.034511
3034.000000	-0.007603
3036.000000	-0.005756
3038.000000	0.000678
3040.000000	0.009587
3042.000000	-0.011599
3044.000000	-0.006966
3046.000000	0.048548
3048.000000	0.029218
3050.000000	0.004834
3052.000000	0.022917
3054.000000	0.032979
3056.000000	0.043965
3058.000000	0.074381
3060.000000	0.065174
3062.000000	0.097502
3064.000000	0.053590
3066.000000	0.044347
3068.000000	0.062609
3070.000000	0.060054
3072.000000	0.056296
3074.000000	0.046559
3076.000000	0.026826
3078.000000	0.005040
3080.000000	0.021250
3082.000000	-0.032499
3084.000000	-0.046113
3086.000000	0.011536
3088.000000	-0.000362
3090.000000	-0.041753
3092.000000	-0.010371
3094.000000	0.009848
3096.000000	0.010578
3098.000000	0.000035
3100.000000	-0.010308
3102.000000	-0.019638
3104.000000	-0.019701
3106.000000	-0.005843
3108.000000	-0.028495
3110.000000	-0.046210
3112.000000	-0.014148
3114.000000	0.019538
3116.000000	0.001043
3118.000000	-0.016553
3120.000000	0.011799
3122.000000	0.015940
3124.000000	-0.017154
3126.000000	-0.003885
3128.000000	0.009988
3130.000000	-0.003344
3132.000000	-0.003314
3134.000000	0.008721
3136.000000	0.015578
3138.000000	0.001661
3140.000000	-0.062604
3142.000000	-0.023952
3144.000000	-0.011868
3146.000000	0.033654
3148.000000	0.045275
3150.000000	0.002774
3152.000000	0.010543
3154.000000	0.032026
3156.000000	-0.018404
3158.000000	-0.005351
3160.000000	0.021041
3162.000000	0.018217
3164.000000	0.014390
3166.000000	-0.011846
3168.000000	-0.022894
3170.000000	0.005507
3172.000000	-0.018708
3174.000000	-0.036920
3176.000000	0.036273
3178.000000	0.039381
3180.000000	-0.004110
3182.000000	-0.008149
3184.000000	0.026934
3186.000000	0.021753
3188.000000	-0.007754
3190.000000	0.018047
3192.000000	-0.022448
3194.000000	0.020155
3196.000000	0.042647
3198.000000	-0.001602
3200.000000	-0.019314
3202.000000	0.000410
3204.000000	0.007278
3206.000000	0.017958
3208.000000	0.042774
3210.000000	0.055244
3212.000000	0.042465
3214.000000	0.000198
3216.000000	-0.011823
3218.000000	-0.009587
3220.000000	0.014257
3222.000000	0.024292
3224.000000	-0.020403
3226.000000	0.001040
3228.000000	0.023796
3230.000000	0.014350
3232.000000	0.058771
3234.000000	0.040075
3236.000000	0.029159
3238.000000	0.030592
3240.000000	0.013308
3242.000000	0.038849
3244.000000	0.030456
3246.000000	0.012891
3248.000000	0.034046
3250.000000	0.034415
3252.000000	0.031744
3254.000000	0.059116
3256.000000	0.039127
3258.000000	0.007406
3260.000000	0.033236
3262.000000	0.032293
3264.000000	0.038530
3266.000000	0.067756
3268.000000	0.060061
3270.000000	0.031198
3272.000000	0.023519
3274.000000	0.056709
3276.000000	0.075241
3278.000000	0.049844
3280.000000	0.032783
3282.000000	0.053917
3284.000000	0.084683
3286.000000	0.041810
3288.000000	0.092933
3290.000000	0.071400
3292.000000	0.057064
3294.000000	0.052565
3296.000000	0.059230
3298.000000	0.089112
3300.000000	0.068649
3302.000000	0.070544
3304.000000	0.084285
3306.000000	0.091644
3308.000000	0.092457
3310.000000	0.070295
3312.000000	0.045259
3314.000000	0.055028
3316.000000	0.105583
3318.000000	0.118250
3320.000000	0.077833
3322.000000	0.073134
3324.000000	0.054046
3326.000000	0.076291
3328.000000	0.044837
3330.000000	0.083514
3332.000000	0.096432
3334.000000	0.062247
3336.000000	0.075824
3338.000000	0.082580
3340.000000	0.070090
3342.000000	0.099030
3344.000000	0.068405
3346.000000	0.097445
3348.000000	0.036985
3350.000000	0.082277
3352.000000	0.094279
3354.000000	0.044089
3356.000000	0.048049
3358.000000	0.061300
3360.000000	0.046681
3362.000000	0.078682
3364.000000	0.102925
3366.000000	0.061254
3368.000000	0.072969
3370.000000	0.071790
3372.000000	0.056600
3374.000000	0.008828
3376.000000	0.056881
3378.000000	0.055442
3380.000000	0.014631
3382.000000	0.017664
3384.000000	-0.005274
3386.000000	0.026788
3388.000000	0.055192
3390.000000	0.045914
3392.000000	0.042969
3394.000000	0.036930
3396.000000	0.013754
3398.000000	0.047957
3400.000000	0.067249
3402.000000	0.065094
3404.000000	0.075074
3406.000000	0.043040
3408.000000	0.008223
3410.000000	0.026857
3412.000000	0.025131
3414.000000	0.058017
3416.000000	0.068182
3418.000000	0.032020
3420.000000	0.008834
3422.000000	0.016495
3424.000000	0.015855
3426.000000	0.010654
3428.000000	0.039490
3430.000000	0.044911
3432.000000	0.017298
3434.000000	0.048882
3436.000000	0.031615
3438.000000	0.051082
3440.000000	-0.013790
3442.000000	-0.001383
3444.000000	0.054511
3446.000000	0.042355
3448.000000	0.026227
3450.000000	0.020122
3452.000000	0.009124
3454.000000	0.031224
3456.000000	0.012729
3458.000000	-0.052342
3460.000000	0.008296
3462.000000	0.056543
3464.000000	0.051917
3466.000000	-0.012726
3468.000000	0.000882
3470.000000	-0.004903
3472.000000	0.055808
3474.000000	0.023629
3476.000000	0.007089
3478.000000	0.035283
3480.000000	-0.000529
3482.000000	0.045665
3484.000000	0.040448
3486.000000	-0.017368
3488.000000	0.025224
3490.000000	0.015638
3492.000000	0.016400
3494.000000	0.024170
3496.000000	0.023346
3498.000000	0.008113
3500.000000	-0.016378
3502.000000	-0.034458
3504.000000	-0.010562
3506.000000	0.047691
3508.000000	0.063110
3510.000000	0.024208
3512.000000	0.012484
3514.000000	0.029721
3516.000000	0.028551
3518.000000	0.043849
3520.000000	0.013794
3522.000000	0.018497
3524.000000	-0.004643
3526.000000	-0.018185
3528.000000	-0.003055
3530.000000	0.017882
3532.000000	-0.027276
3534.000000	-0.042995
3536.000000	0.005646
3538.000000	0.003710
3540.000000	0.021504
3542.000000	0.007420
3544.000000	0.022595
3546.000000	0.002738
3548.000000	-0.001085
3550.000000	-0.010502
3552.000000	0.014516
3554.000000	-0.014797
3556.000000	-0.006963
3558.000000	0.030096
3560.000000	0.011469
3562.000000	0.001462
3564.000000	-0.000995
3566.000000	0.010469
3568.000000	0.024632
3570.000000	-0.025798
3572.000000	0.008001
3574.000000	0.001729
3576.000000	0.007201
3578.000000	0.027787
3580.000000	-0.008763
3582.000000	-0.025512
3584.000000	-0.027388
3586.000000	-0.025290
3588.000000	-0.005279
3590.000000	0.003798
3592.000000	-0.007376
3594.000000	-0.014836
3596.000000	0.005590
3598.000000	0.004695
3600.000000	-0.015494
