400.000000	0.007414
402.000000	-0.032218
404.000000	-0.037203
406.000000	-0.014149
408.000000	-0.001916
410.000000	0.003291
412.000000	0.005104
414.000000	0.000682
416.000000	-0.005780
418.000000	-0.009777
420.000000	-0.011345
422.000000	-0.009945
424.000000	-0.004948
426.000000	0.001393
428.000000	0.001381
430.000000	-0.014457
432.000000	-0.016580
434.000000	0.012172
436.000000	0.007925
438.000000	-0.021213
440.000000	-0.006344
442.000000	0.012018
444.000000	-0.002025
446.000000	-0.011098
448.000000	-0.003705
450.000000	0.008575
452.000000	0.010361
454.000000	-0.003646
456.000000	-0.023596
458.000000	-0.024737
460.000000	0.001993
462.000000	0.017866
464.000000	-0.000739
466.000000	-0.044110
468.000000	-0.034787
470.000000	0.028782
472.000000	0.026243
474.000000	-0.008725
476.000000	0.001865
478.000000	0.019116
480.000000	0.012502
482.000000	-0.014819
484.000000	-0.026070
486.000000	-0.009220
488.000000	-0.009178
490.000000	-0.025127
492.000000	-0.030920
494.000000	-0.021999
496.000000	-0.008757
498.000000	-0.007467
500.000000	0.001720
502.000000	0.027853
504.000000	0.034063
506.000000	0.012413
508.000000	-0.018020
510.000000	-0.027178
512.000000	-0.011916
514.000000	-0.000037
516.000000	0.009085
518.000000	0.020072
520.000000	0.020384
522.000000	0.016501
524.000000	0.019984
526.000000	0.002469
528.000000	-0.028759
530.000000	-0.019997
532.000000	0.003140
534.000000	0.002644
536.000000	-0.006580
538.000000	-0.006647
540.000000	0.007189
542.000000	0.001155
544.000000	-0.026275
546.000000	-0.029477
548.000000	-0.008886
550.000000	0.010958
552.000000	0.003518
554.000000	-0.012770
556.000000	-0.003074
558.000000	0.000252
560.000000	-0.006952
562.000000	0.015389
564.000000	0.028394
566.000000	0.003736
568.000000	0.001883
570.000000	0.005270
572.000000	-0.032811
574.000000	-0.036818
576.000000	0.001046
578.000000	-0.003795
580.000000	-0.015694
582.000000	0.003828
584.000000	0.007956
586.000000	-0.007700
588.000000	-0.015907
590.000000	0.001286
592.000000	0.021025
594.000000	-0.002162
596.000000	-0.014336
598.000000	0.010686
600.000000	0.003315
602.000000	-0.015151
604.000000	0.001043
606.000000	0.009225
608.000000	-0.008772
610.000000	-0.033516
612.000000	-0.038956
614.000000	-0.023363
616.000000	-0.017551
618.000000	-0.020390
620.000000	-0.016726
622.000000	0.001004
624.000000	0.014319
626.000000	-0.000450
628.000000	-0.017040
630.000000	-0.016494
632.000000	-0.004826
634.000000	-0.005632
636.000000	-0.024164
638.000000	-0.024995
640.000000	-0.007269
642.000000	0.010391
644.000000	0.020104
646.000000	0.013704
648.000000	-0.011071
650.000000	-0.020856
652.000000	-0.009962
654.000000	-0.017289
656.000000	-0.024155
658.000000	-0.009702
660.000000	-0.004201
662.000000	-0.005575
664.000000	0.004302
666.000000	0.008477
668.000000	-0.001140
670.000000	-0.015007
672.000000	-0.018787
674.000000	-0.014264
676.000000	-0.023838
678.000000	-0.020985
680.000000	0.012507
682.000000	0.022300
684.000000	0.006242
686.000000	-0.001865
688.000000	-0.003418
690.000000	-0.008775
692.000000	-0.023259
694.000000	-0.019752
696.000000	0.003442
698.000000	-0.000026
700.000000	-0.007164
702.000000	0.011318
704.000000	0.017461
706.000000	0.007887
708.000000	0.000536
710.000000	-0.021503
712.000000	-0.040227
714.000000	-0.011909
716.000000	0.016026
718.000000	0.010743
720.000000	0.003455
722.000000	0.014955
724.000000	0.038410
726.000000	0.030074
728.000000	0.013136
730.000000	0.025281
732.000000	0.007496
734.000000	-0.024978
736.000000	-0.000987
738.000000	0.017655
740.000000	0.004613
742.000000	0.015892
744.000000	0.030098
746.000000	0.025957
748.000000	0.037758
750.000000	0.060261
752.000000	0.070268
754.000000	0.063940
756.000000	0.043837
758.000000	0.016724
760.000000	-0.004830
762.000000	-0.003457
764.000000	0.028474
766.000000	0.032588
768.000000	-0.001225
770.000000	-0.000025
772.000000	0.007150
774.000000	-0.015023
776.000000	-0.026512
778.000000	-0.019883
780.000000	-0.006347
782.000000	0.016739
784.000000	0.038407
786.000000	0.041660
788.000000	0.032910
790.000000	0.015854
792.000000	-0.008185
794.000000	-0.009245
796.000000	0.010560
798.000000	0.002589
800.000000	-0.017698
802.000000	-0.023819
804.000000	-0.020495
806.000000	-0.016799
808.000000	-0.014019
810.000000	0.004457
812.000000	0.027527
814.000000	0.031134
816.000000	0.019059
818.000000	0.005447
820.000000	0.004291
822.000000	0.010540
824.000000	0.015839
826.000000	0.014168
828.000000	0.001614
830.000000	-0.007902
832.000000	0.015185
834.000000	0.028788
836.000000	0.004468
838.000000	-0.004122
840.000000	0.003989
842.000000	0.004506
844.000000	-0.001672
846.000000	0.000383
848.000000	0.016268
850.000000	0.004091
852.000000	-0.013149
854.000000	0.018564
856.000000	0.019818
858.000000	-0.012403
860.000000	0.010445
862.000000	0.033773
864.000000	0.018779
866.000000	0.005822
868.000000	0.004591
870.000000	0.008127
872.000000	0.008364
874.000000	0.018429
876.000000	0.034356
878.000000	0.005630
880.000000	-0.029287
882.000000	-0.015756
884.000000	0.004791
886.000000	0.018232
888.000000	0.029879
890.000000	0.014993
892.000000	-0.014372
894.000000	-0.019807
896.000000	-0.000857
898.000000	0.017626
900.000000	0.005967
902.000000	-0.014313
904.000000	-0.024351
906.000000	-0.024524
908.000000	-0.008482
910.000000	0.008173
912.000000	-0.011209
914.000000	-0.015849
916.000000	0.012953
918.000000	-0.002196
920.000000	-0.015750
922.000000	0.010588
924.000000	-0.005796
926.000000	-0.023723
928.000000	0.013370
930.000000	0.031690
932.000000	0.014462
934.000000	-0.007428
936.000000	-0.006959
938.000000	-0.003115
940.000000	-0.022790
942.000000	-0.020374
944.000000	0.008836
946.000000	0.031843
948.000000	0.041868
950.000000	0.026953
952.000000	-0.019379
954.000000	-0.042412
956.000000	-0.019257
958.000000	0.019327
960.000000	0.021624
962.000000	-0.008739
964.000000	-0.010533
966.000000	0.010506
968.000000	0.023633
970.000000	0.005671
972.000000	-0.006017
974.000000	0.006038
976.000000	0.006947
978.000000	0.006444
980.000000	0.012191
982.000000	0.002755
984.000000	-0.010038
986.000000	-0.009525
988.000000	0.001340
990.000000	0.012423
992.000000	0.019290
994.000000	0.030919
996.000000	0.040211
998.000000	0.049958
1000.000000	0.093276
1002.000000	0.096224
1004.000000	0.099172
1006.000000	0.102120
1008.000000	0.105068
1010.000000	0.021834
1012.000000	0.000227
1014.000000	0.030053
1016.000000	0.032404
1018.000000	0.009991
1020.000000	-0.011890
1022.000000	-0.009051
1024.000000	0.019552
1026.000000	0.041247
1028.000000	0.029695
1030.000000	0.028943
1032.000000	0.033428
1034.000000	0.022057
1036.000000	0.051607
1038.000000	0.077415
1040.000000	0.034809
1042.000000	0.049493
1044.000000	0.090001
1046.000000	0.048429
1048.000000	0.038465
1050.000000	0.067581
1052.000000	0.059429
1054.000000	0.050253
1056.000000	0.062045
1058.000000	0.077488
1060.000000	0.055085
1062.000000	0.023009
1064.000000	0.035132
1066.000000	0.033599
1068.000000	0.020394
1070.000000	0.039529
1072.000000	0.049877
1074.000000	0.047389
1076.000000	0.056172
1078.000000	0.046770
1080.000000	0.042543
1082.000000	0.080039
1084.000000	0.073890
1086.000000	0.028677
1088.000000	0.018617
1090.000000	0.038486
1092.000000	0.058540
1094.000000	0.051708
1096.000000	0.021693
1098.000000	0.004753
1100.000000	0.029619
1102.000000	0.042444
1104.000000	0.026965
1106.000000	0.010271
1108.000000	0.022770
1110.000000	0.046481
1112.000000	0.043684
1114.000000	0.024504
1116.000000	0.024631
1118.000000	0.059222
1120.000000	0.062553
1122.000000	0.037893
1124.000000	0.034369
1126.000000	0.069571
1128.000000	0.100438
1130.000000	0.087914
1132.000000	0.081893
1134.000000	0.071676
1136.000000	0.030827
1138.000000	-0.004504
1140.000000	-0.023632
1142.000000	-0.030847
1144.000000	-0.023564
1146.000000	-0.022186
1148.000000	-0.031394
1150.000000	-0.010105
1152.000000	0.009203
1154.000000	-0.004671
1156.000000	-0.014586
1158.000000	-0.008914
1160.000000	-0.006584
1162.000000	-0.037278
1164.000000	-0.033881
1166.000000	0.019415
1168.000000	0.021267
1170.000000	-0.010664
1172.000000	-0.029739
1174.000000	-0.022683
1176.000000	-0.012433
1178.000000	-0.018159
1180.000000	-0.033637
1182.000000	-0.023859
1184.000000	0.000957
1186.000000	-0.008473
1188.000000	-0.017511
1190.000000	-0.005912
1192.000000	0.007945
1194.000000	0.001782
1196.000000	-0.015423
1198.000000	-0.014305
1200.000000	0.007458
1202.000000	0.015288
1204.000000	-0.011995
1206.000000	0.000580
1208.000000	0.029778
1210.000000	0.018360
1212.000000	0.011937
1214.000000	0.016925
1216.000000	0.028514
1218.000000	0.075273
1220.000000	0.089770
1222.000000	0.047011
1224.000000	0.065616
1226.000000	0.086226
1228.000000	0.058204
1230.000000	0.059633
1232.000000	0.070194
1234.000000	0.071934
1236.000000	0.094721
1238.000000	0.119907
1240.000000	0.119849
1242.000000	0.087821
1244.000000	0.067070
1246.000000	0.065655
1248.000000	0.059318
1250.000000	0.067722
1252.000000	0.078181
1254.000000	0.058402
1256.000000	0.020564
1258.000000	0.030847
1260.000000	0.109747
1262.000000	0.118179
1264.000000	0.074829
1266.000000	0.059463
1268.000000	0.070740
1270.000000	0.070430
1272.000000	0.045094
1274.000000	0.033381
1276.000000	0.036299
1278.000000	0.036770
1280.000000	0.024688
1282.000000	0.034396
1284.000000	0.056906
1286.000000	0.051221
1288.000000	0.072911
1290.000000	0.110972
1292.000000	0.105412
1294.000000	0.076859
1296.000000	0.047014
1298.000000	0.033649
1300.000000	0.062907
1302.000000	0.112666
1304.000000	0.138663
1306.000000	0.117935
1308.000000	0.109518
1310.000000	0.140039
1312.000000	0.150813
1314.000000	0.147777
1316.000000	0.143540
1318.000000	0.134156
1320.000000	0.130011
1322.000000	0.127508
1324.000000	0.112034
1326.000000	0.086604
1328.000000	0.070963
1330.000000	0.083479
1332.000000	0.113625
1334.000000	0.117840
1336.000000	0.089909
1338.000000	0.104168
1340.000000	0.129536
1342.000000	0.127147
1344.000000	0.113583
1346.000000	0.100563
1348.000000	0.100130
1350.000000	0.114095
1352.000000	0.098113
1354.000000	0.071329
1356.000000	0.078108
1358.000000	0.070657
1360.000000	0.046998
1362.000000	0.036128
1364.000000	0.048606
1366.000000	0.070447
1368.000000	0.081608
1370.000000	0.073999
1372.000000	0.067949
1374.000000	0.064885
1376.000000	0.046753
1378.000000	0.041339
1380.000000	0.044044
1382.000000	0.033952
1384.000000	0.042221
1386.000000	0.045653
1388.000000	0.021875
1390.000000	0.018014
1392.000000	-0.000656
1394.000000	-0.035019
1396.000000	-0.000926
1398.000000	0.067865
1400.000000	0.094794
1402.000000	0.046148
1404.000000	0.036114
1406.000000	0.066520
1408.000000	0.067597
1410.000000	0.067853
1412.000000	0.054131
1414.000000	0.022293
1416.000000	0.026600
1418.000000	0.035432
1420.000000	0.034605
1422.000000	0.055038
1424.000000	0.036582
1426.000000	0.009328
1428.000000	0.051324
1430.000000	0.082948
1432.000000	0.076640
1434.000000	0.060183
1436.000000	0.063791
1438.000000	0.089174
1440.000000	0.116302
1442.000000	0.121428
1444.000000	0.121406
1446.000000	0.132392
1448.000000	0.153059
1450.000000	0.166639
1452.000000	0.147175
1454.000000	0.101039
1456.000000	0.099684
1458.000000	0.126445
1460.000000	0.142610
1462.000000	0.141384
1464.000000	0.111662
1466.000000	0.086840
1468.000000	0.108341
1470.000000	0.103108
1472.000000	0.062680
1474.000000	0.027595
1476.000000	0.014340
1478.000000	0.024191
1480.000000	0.047993
1482.000000	0.068115
1484.000000	0.060838
1486.000000	0.032349
1488.000000	0.010975
1490.000000	0.002583
1492.000000	0.009403
1494.000000	0.022917
1496.000000	0.018360
1498.000000	0.004389
1500.000000	-0.004358
1502.000000	-0.007274
1504.000000	-0.015381
1506.000000	-0.024290
1508.000000	-0.022128
1510.000000	-0.016302
1512.000000	-0.015617
1514.000000	-0.020458
1516.000000	-0.021064
1518.000000	-0.019047
1520.000000	-0.012792
1522.000000	-0.001854
1524.000000	-0.012510
1526.000000	-0.022009
1528.000000	-0.009049
1530.000000	-0.023535
1532.000000	-0.034279
1534.000000	-0.014506
1536.000000	0.006009
1538.000000	0.007792
1540.000000	-0.003266
1542.000000	-0.010714
1544.000000	-0.016986
1546.000000	-0.019220
1548.000000	-0.008853
1550.000000	0.016676
1552.000000	0.020473
1554.000000	0.013060
1556.000000	0.037932
1558.000000	0.055083
1560.000000	0.044659
1562.000000	0.027077
1564.000000	0.040121
1566.000000	0.039464
1568.000000	0.034078
1570.000000	0.084351
1572.000000	0.091733
1574.000000	0.082331
1576.000000	0.120379
1578.000000	0.121707
1580.000000	0.102661
1582.000000	0.109831
1584.000000	0.146052
1586.000000	0.156203
1588.000000	0.126838
1590.000000	0.089527
1592.000000	0.076676
1594.000000	0.104074
1596.000000	0.134897
1598.000000	0.105044
1600.000000	0.089181
1602.000000	0.102086
1604.000000	0.102364
1606.000000	0.106519
1608.000000	0.106664
1610.000000	0.086714
1612.000000	0.048859
1614.000000	0.022929
1616.000000	0.029145
1618.000000	0.061904
1620.000000	0.088808
1622.000000	0.085284
1624.000000	0.065391
1626.000000	0.071498
1628.000000	0.069797
1630.000000	0.059056
1632.000000	0.062619
1634.000000	0.057582
1636.000000	0.057163
1638.000000	0.059084
1640.000000	0.034029
1642.000000	0.045015
1644.000000	0.082164
1646.000000	0.090367
1648.000000	0.092438
1650.000000	0.119054
1652.000000	0.138021
1654.000000	0.085836
1656.000000	0.075628
1658.000000	0.121085
1660.000000	0.150926
1662.000000	0.146915
1664.000000	0.134110
1666.000000	0.138064
1668.000000	0.156707
1670.000000	0.155001
1672.000000	0.127797
1674.000000	0.109521
1676.000000	0.143554
1678.000000	0.169026
1680.000000	0.162971
1682.000000	0.157966
1684.000000	0.123462
1686.000000	0.089756
1688.000000	0.087773
1690.000000	0.088393
1692.000000	0.091206
1694.000000	0.076644
1696.000000	0.029632
1698.000000	0.006777
1700.000000	0.036563
1702.000000	0.037227
1704.000000	0.037890
1706.000000	0.038554
1708.000000	0.039217
1710.000000	0.039881
1712.000000	0.040544
1714.000000	0.041208
1716.000000	-0.004590
1718.000000	-0.028332
1720.000000	-0.007171
1722.000000	0.018505
1724.000000	0.003073
1726.000000	-0.038593
1728.000000	-0.025702
1730.000000	0.018926
1732.000000	0.015826
1734.000000	-0.006763
1736.000000	-0.005074
1738.000000	-0.002456
1740.000000	-0.049075
1742.000000	-0.028533
1744.000000	0.024553
1746.000000	0.021434
1748.000000	-0.009577
1750.000000	-0.019978
1752.000000	-0.004480
1754.000000	0.001062
1756.000000	-0.027713
1758.000000	-0.034125
1760.000000	-0.008563
1762.000000	-0.014466
1764.000000	-0.013244
1766.000000	0.001764
1768.000000	0.007657
1770.000000	-0.002408
1772.000000	-0.011327
1774.000000	-0.012699
1776.000000	-0.011697
1778.000000	-0.006867
1780.000000	-0.016777
1782.000000	-0.021448
1784.000000	0.013802
1786.000000	0.002632
1788.000000	-0.004888
1790.000000	-0.014327
1792.000000	-0.023767
1794.000000	-0.018730
1796.000000	0.013335
1798.000000	-0.009099
1800.000000	0.023107
1802.000000	0.027725
1804.000000	-0.013987
1806.000000	-0.015120
1808.000000	-0.013286
1810.000000	-0.003182
1812.000000	0.007667
1814.000000	-0.020339
1816.000000	-0.023132
1818.000000	-0.001947
1820.000000	0.001841
1822.000000	-0.013836
1824.000000	-0.024399
1826.000000	-0.011394
1828.000000	0.009142
1830.000000	-0.011310
1832.000000	-0.010810
1834.000000	0.004421
1836.000000	-0.026028
1838.000000	-0.004690
1840.000000	-0.003225
1842.000000	-0.049214
1844.000000	-0.031539
1846.000000	0.000452
1848.000000	0.008696
1850.000000	0.000827
1852.000000	0.000324
1854.000000	0.000000
1856.000000	0.003134
1858.000000	0.014924
1860.000000	0.018562
1862.000000	0.012215
1864.000000	-0.000559
1866.000000	-0.008746
1868.000000	0.009186
1870.000000	0.019923
1872.000000	0.008562
1874.000000	-0.003878
1876.000000	-0.018538
1878.000000	-0.000888
1880.000000	0.029834
1882.000000	0.007594
1884.000000	0.011308
1886.000000	0.035294
1888.000000	0.032709
1890.000000	0.007073
1892.000000	-0.001972
1894.000000	0.007461
1896.000000	0.006122
1898.000000	-0.021595
1900.000000	-0.032432
1902.000000	-0.019021
1904.000000	-0.011238
1906.000000	-0.021861
1908.000000	-0.011032
1910.000000	0.018129
1912.000000	0.025285
1914.000000	0.006790
1916.000000	-0.016842
1918.000000	-0.006244
1920.000000	0.031169
1922.000000	-0.016504
1924.000000	-0.026575
1926.000000	0.027608
1928.000000	0.019441
1930.000000	-0.005673
1932.000000	0.004297
1934.000000	0.018386
1936.000000	-0.020484
1938.000000	-0.018612
1940.000000	-0.007649
1942.000000	-0.021741
1944.000000	-0.017195
1946.000000	-0.007124
1948.000000	-0.002167
1950.000000	0.001113
1952.000000	0.009046
1954.000000	0.012783
1956.000000	0.010903
1958.000000	0.011477
1960.000000	0.017998
1962.000000	0.005608
1964.000000	-0.009905
1966.000000	-0.007850
1968.000000	-0.001346
1970.000000	0.002059
1972.000000	0.012644
1974.000000	0.028884
1976.000000	0.021215
1978.000000	-0.015766
1980.000000	-0.018269
1982.000000	0.026349
1984.000000	0.021393
1986.000000	-0.008129
1988.000000	-0.026033
1990.000000	-0.022987
1992.000000	-0.008173
1994.000000	0.009863
1996.000000	0.021051
1998.000000	0.023540
2000.000000	0.020749
2002.000000	-0.014086
2004.000000	-0.028804
2006.000000	0.004085
2008.000000	0.010104
2010.000000	-0.003892
2012.000000	-0.003026
2014.000000	0.018544
2016.000000	0.025119
2018.000000	0.008078
2020.000000	-0.009095
2022.000000	0.003874
2024.000000	0.033341
2026.000000	-0.023790
2028.000000	-0.038082
2030.000000	0.030201
2032.000000	-0.003146
2034.000000	-0.005186
2036.000000	0.009254
2038.000000	0.000920
2040.000000	0.018369
2042.000000	0.001560
2044.000000	-0.010023
2046.000000	0.020959
2048.000000	0.017145
2050.000000	0.013331
2052.000000	-0.009205
2054.000000	0.005783
2056.000000	0.001900
2058.000000	-0.011709
2060.000000	-0.014279
2062.000000	0.004921
2064.000000	0.031512
2066.000000	0.023923
2068.000000	-0.007248
2070.000000	-0.012732
2072.000000	0.030876
2074.000000	0.064539
2076.000000	0.054815
2078.000000	0.010728
2080.000000	-0.028445
2082.000000	-0.025755
2084.000000	-0.005165
2086.000000	0.006850
2088.000000	0.005673
2090.000000	0.002677
2092.000000	0.005112
2094.000000	0.003031
2096.000000	-0.001803
2098.000000	0.012301
2100.000000	0.027373
2102.000000	0.016497
2104.000000	0.009303
2106.000000	0.041435
2108.000000	-0.005828
2110.000000	-0.034329
2112.000000	-0.003069
2114.000000	-0.003799
2116.000000	-0.009584
2118.000000	-0.005571
2120.000000	-0.006318
2122.000000	-0.012603
2124.000000	0.015756
2126.000000	0.033608
2128.000000	0.003684
2130.000000	-0.025323
2132.000000	0.032145
2134.000000	0.040421
2136.000000	0.024487
2138.000000	0.033190
2140.000000	0.002497
2142.000000	-0.010516
2144.000000	-0.008574
2146.000000	-0.002029
2148.000000	0.016495
2150.000000	0.007890
2152.000000	-0.003099
2154.000000	-0.000705
2156.000000	0.003036
2158.000000	0.006524
2160.000000	-0.000734
2162.000000	-0.004850
2164.000000	0.006370
2166.000000	0.014079
2168.000000	0.010122
2170.000000	-0.013269
2172.000000	-0.016939
2174.000000	0.028000
2176.000000	-0.006228
2178.000000	0.011855
2180.000000	0.051924
2182.000000	-0.019161
2184.000000	-0.012410
2186.000000	0.018233
2188.000000	0.013266
2190.000000	-0.006079
2192.000000	-0.003455
2194.000000	0.024537
2196.000000	0.032145
2198.000000	0.005669
2200.000000	-0.014452
2202.000000	-0.021176
2204.000000	0.003605
2206.000000	0.015251
2208.000000	-0.014884
2210.000000	0.006075
2212.000000	0.004081
2214.000000	-0.012320
2216.000000	-0.004045
2218.000000	-0.005250
2220.000000	0.010637
2222.000000	0.022903
2224.000000	0.028575
2226.000000	0.050186
2228.000000	0.053169
2230.000000	0.028652
2232.000000	-0.006123
2234.000000	-0.016934
2236.000000	0.012834
2238.000000	0.007853
2240.000000	0.001098
2242.000000	0.016583
2244.000000	0.006863
2246.000000	-0.006542
2248.000000	0.021520
2250.000000	0.046756
2252.000000	0.018396
2254.000000	0.004893
2256.000000	0.032583
2258.000000	0.035366
2260.000000	0.007474
2262.000000	0.019876
2264.000000	0.014919
2266.000000	0.014083
2268.000000	0.023856
2270.000000	0.023101
2272.000000	0.025133
2274.000000	0.034015
2276.000000	0.014080
2278.000000	-0.005720
2280.000000	0.028971
2282.000000	0.002369
2284.000000	-0.022392
2286.000000	-0.022878
2288.000000	-0.024677
2290.000000	0.009655
2292.000000	0.032678
2294.000000	0.033365
2296.000000	0.028986
2298.000000	0.026264
2300.000000	0.020926
2302.000000	0.025009
2304.000000	0.028583
2306.000000	0.023205
2308.000000	0.028961
2310.000000	0.044877
2312.000000	0.051983
2314.000000	0.025550
2316.000000	-0.012616
2318.000000	0.018763
2320.000000	0.048709
2322.000000	0.024607
2324.000000	-0.018478
2326.000000	-0.010616
2328.000000	0.033798
2330.000000	-0.008528
2332.000000	-0.033950
2334.000000	0.046239
2336.000000	0.021314
2338.000000	-0.007111
2340.000000	0.003637
2342.000000	0.017810
2344.000000	0.015668
2346.000000	0.017947
2348.000000	0.014995
2350.000000	0.004074
2352.000000	-0.002312
2354.000000	0.002854
2356.000000	0.003441
2358.000000	0.006740
2360.000000	0.025485
2362.000000	0.040352
2364.000000	0.013955
2366.000000	-0.007367
2368.000000	-0.005647
2370.000000	0.009173
2372.000000	0.027971
2374.000000	0.049551
2376.000000	0.059065
2378.000000	0.037091
2380.000000	0.004917
2382.000000	0.003602
2384.000000	0.014980
2386.000000	0.031078
2388.000000	0.033415
2390.000000	0.010139
2392.000000	-0.019572
2394.000000	-0.025898
2396.000000	-0.029568
2398.000000	-0.015121
2400.000000	0.024701
2402.000000	0.027333
2404.000000	-0.022749
2406.000000	-0.007937
2408.000000	0.042751
2410.000000	0.024722
2412.000000	0.001913
2414.000000	0.020222
2416.000000	0.006919
2418.000000	-0.024284
2420.000000	-0.009962
2422.000000	-0.018232
2424.000000	-0.003207
2426.000000	0.009239
2428.000000	-0.000510
2430.000000	-0.000377
2432.000000	0.003707
2434.000000	-0.017563
2436.000000	-0.011703
2438.000000	0.006490
2440.000000	-0.027670
2442.000000	-0.020551
2444.000000	0.019873
2446.000000	0.054743
2448.000000	0.049871
2450.000000	0.015257
2452.000000	0.031154
2454.000000	0.038627
2456.000000	0.034912
2458.000000	0.019711
2460.000000	-0.013448
2462.000000	0.038180
2464.000000	0.009381
2466.000000	-0.018527
2468.000000	0.038289
2470.000000	0.047351
2472.000000	0.014341
2474.000000	0.006729
2476.000000	0.026318
2478.000000	0.026641
2480.000000	-0.006077
2482.000000	-0.023679
2484.000000	-0.014064
2486.000000	0.021291
2488.000000	0.030759
2490.000000	-0.017354
2492.000000	-0.004239
2494.000000	0.024856
2496.000000	0.020419
2498.000000	-0.004720
2500.000000	-0.013927
2502.000000	-0.001280
2504.000000	0.001722
2506.000000	0.019164
2508.000000	0.017361
2510.000000	-0.039040
2512.000000	-0.023441
2514.000000	-0.003516
2516.000000	0.013627
2518.000000	0.024988
2520.000000	0.012995
2522.000000	0.025204
2524.000000	0.021171
2526.000000	-0.007892
2528.000000	-0.014801
2530.000000	0.011559
2532.000000	0.013053
2534.000000	0.038048
2536.000000	0.022732
2538.000000	0.015572
2540.000000	0.041791
2542.000000	-0.018334
2544.000000	-0.004005
2546.000000	0.016322
2548.000000	0.035568
2550.000000	0.061146
2552.000000	0.023121
2554.000000	0.008909
2556.000000	-0.008866
2558.000000	0.004717
2560.000000	0.038841
2562.000000	0.013496
2564.000000	-0.013789
2566.000000	0.010849
2568.000000	0.025822
2570.000000	-0.007283
2572.000000	-0.024171
2574.000000	0.021515
2576.000000	0.010623
2578.000000	0.028073
2580.000000	0.015973
2582.000000	-0.042893
2584.000000	0.032026
2586.000000	0.031342
2588.000000	0.044565
2590.000000	0.057531
2592.000000	0.017557
2594.000000	0.002737
2596.000000	0.031651
2598.000000	0.019232
2600.000000	-0.008069
2602.000000	-0.027602
2604.000000	-0.041839
2606.000000	-0.001179
2608.000000	0.037341
2610.000000	0.047385
2612.000000	0.026636
2614.000000	-0.005666
2616.000000	-0.002163
2618.000000	0.053130
2620.000000	0.046273
2622.000000	0.049303
2624.000000	0.063053
2626.000000	0.007475
2628.000000	0.008900
2630.000000	0.047765
2632.000000	0.031690
2634.000000	0.030550
2636.000000	0.061295
2638.000000	0.001729
2640.000000	0.011159
2642.000000	0.030678
2644.000000	0.031499
2646.000000	0.021887
2648.000000	0.007148
2650.000000	0.016036
2652.000000	-0.008322
2654.000000	-0.009443
2656.000000	0.015388
2658.000000	0.010583
2660.000000	-0.009482
2662.000000	0.018478
2664.000000	0.014187
2666.000000	-0.009064
2668.000000	0.016024
2670.000000	0.040683
2672.000000	-0.019218
2674.000000	0.040145
2676.000000	0.028686
2678.000000	-0.002223
2680.000000	0.027822
2682.000000	0.030310
2684.000000	0.068760
2686.000000	-0.007894
2688.000000	-0.015006
2690.000000	0.015521
2692.000000	-0.019003
2694.000000	0.001820
2696.000000	-0.014323
2698.000000	0.016870
2700.000000	0.031503
2702.000000	0.000677
2704.000000	0.002148
2706.000000	0.029077
2708.000000	0.001363
2710.000000	0.000002
2712.000000	0.027361
2714.000000	0.027158
2716.000000	0.003901
2718.000000	0.007821
2720.000000	0.036334
2722.000000	0.040912
2724.000000	0.028598
2726.000000	0.015445
2728.000000	0.007936
2730.000000	0.046653
2732.000000	0.069054
2734.000000	0.032763
2736.000000	0.015394
2738.000000	0.038662
2740.000000	0.032973
2742.000000	0.037288
2744.000000	-0.000292
2746.000000	-0.000313
2748.000000	0.030555
2750.000000	0.017660
2752.000000	-0.013672
2754.000000	0.001207
2756.000000	0.009355
2758.000000	0.008611
2760.000000	0.016992
2762.000000	0.012732
2764.000000	-0.019864
2766.000000	-0.021314
2768.000000	0.010537
2770.000000	-0.022780
2772.000000	-0.060468
2774.000000	-0.011423
2776.000000	0.032407
2778.000000	-0.011816
2780.000000	-0.012371
2782.000000	0.003060
2784.000000	-0.009988
2786.000000	-0.025127
2788.000000	-0.027081
2790.000000	-0.027770
2792.000000	0.013593
2794.000000	-0.008760
2796.000000	-0.030855
2798.000000	0.013612
2800.000000	0.034544
2802.000000	0.017634
2804.000000	-0.049367
2806.000000	-0.049961
2808.000000	0.002648
2810.000000	0.001134
2812.000000	-0.040454
2814.000000	-0.018733
2816.000000	-0.025164
2818.000000	-0.018559
2820.000000	-0.021962
2822.000000	-0.038676
2824.000000	-0.021607
2826.000000	0.002193
2828.000000	0.001235
2830.000000	0.023177
2832.000000	0.016997
2834.000000	-0.014782
2836.000000	0.006179
2838.000000	0.063004
2840.000000	0.047773
2842.000000	0.039085
2844.000000	0.082989
2846.000000	0.102996
2848.000000	0.126508
2850.000000	0.226445
2852.000000	0.257946
2854.000000	0.243180
2856.000000	0.245791
2858.000000	0.300617
2860.000000	0.362995
2862.000000	0.365678
2864.000000	0.327490
2866.000000	0.328450
2868.000000	0.378674
2870.000000	0.436814
2872.000000	0.468611
2874.000000	0.496206
2876.000000	0.533211
2878.000000	0.519817
2880.000000	0.509020
2882.000000	0.512118
2884.000000	0.539273
2886.000000	0.534352
2888.000000	0.495496
2890.000000	0.534013
2892.000000	0.565849
2894.000000	0.540983
2896.000000	0.538785
2898.000000	0.592333
2900.000000	0.610594
2902.000000	0.569072
2904.000000	0.605024
2906.000000	0.666738
2908.000000	0.699056
2910.000000	0.704116
2912.000000	0.750917
2914.000000	0.784577
2916.000000	0.709672
2918.000000	0.716726
2920.000000	0.795334
2922.000000	0.913056
2924.000000	0.926254
2926.000000	0.878266
2928.000000	0.898371
2930.000000	0.934224
2932.000000	1.000000
2934.000000	0.954702
2936.000000	0.920249
2938.000000	0.901114
2940.000000	0.882784
2942.000000	0.889078
2944.000000	0.821911
2946.000000	0.717492
2948.000000	0.682295
2950.000000	0.690108
2952.000000	0.687195
2954.000000	0.623361
2956.000000	0.539690
2958.000000	0.563055
2960.000000	0.576397
2962.000000	0.530373
2964.000000	0.588705
2966.000000	0.674901
2968.000000	0.630247
2970.000000	0.534367
2972.000000	0.499429
2974.000000	0.434333
2976.000000	0.455758
2978.000000	0.441837
2980.000000	0.421110
2982.000000	0.449100
2984.000000	0.448032
2986.000000	0.383888
2988.000000	0.245527
2990.000000	0.244503
2992.000000	0.271029
2994.000000	0.257473
2996.000000	0.198318
2998.000000	0.150984
3000.000000	0.192736
3002.000000	0.134775
3004.000000	0.109981
3006.000000	0.103271
3008.000000	0.060100
3010.000000	0.028624
3012.000000	0.028034
3014.000000	0.019267
3016.000000	0.046561
3018.000000	0.037919
3020.000000	0.028829
3022.000000	-0.003906
3024.000000	-0.015508
3026.000000	0.015679
3028.000000	0.002204
3030.000000	-0.045993
3032.000000	-0.015046
3034.000000	0.001076
3036.000000	-0.023154
3038.000000	-0.003540
3040.000000	0.049977
3042.000000	0.031781
3044.000000	-0.023053
3046.000000	0.026971
3048.000000	0.032269
3050.000000	0.051176
3052.000000	0.059791
3054.000000	0.028573
3056.000000	0.026005
3058.000000	0.060613
3060.000000	0.049594
3062.000000	0.055811
3064.000000	0.075858
3066.000000	0.071802
3068.000000	0.054383
3070.000000	0.058405
3072.000000	0.053322
3074.000000	0.016019
3076.000000	0.018019
3078.000000	-0.000311
3080.000000	0.009357
3082.000000	0.004433
3084.000000	-0.005638
3086.000000	-0.010204
3088.000000	-0.012287
3090.000000	0.008084
3092.000000	0.008309
3094.000000	0.034013
3096.000000	-0.017451
3098.000000	-0.062858
3100.000000	-0.017355
3102.000000	0.022058
3104.000000	-0.022306
3106.000000	-0.046063
3108.000000	-0.002778
3110.000000	-0.014252
3112.000000	-0.010159
3114.000000	0.020332
3116.000000	0.005787
3118.000000	-0.025942
3120.000000	0.001152
3122.000000	0.028367
3124.000000	-0.008360
3126.000000	0.027930
3128.000000	0.002758
3130.000000	-0.017897
3132.000000	-0.025106
3134.000000	-0.002962
3136.000000	0.023422
3138.000000	-0.029119
3140.000000	-0.023281
3142.000000	-0.008676
3144.000000	-0.039297
3146.000000	0.021392
3148.000000	0.019594
3150.000000	-0.046305
3152.000000	-0.023995
3154.000000	0.019692
3156.000000	0.014906
3158.000000	0.014749
3160.000000	0.007817
3162.000000	0.055320
3164.000000	0.012362
3166.000000	-0.026650
3168.000000	0.018935
3170.000000	0.027326
3172.000000	0.016369
3174.000000	0.027617
3176.000000	-0.004910
3178.000000	0.003276
3180.000000	-0.018914
3182.000000	-0.005960
3184.000000	0.029183
3186.000000	0.025891
3188.000000	-0.001072
3190.000000	-0.039036
3192.000000	0.035293
3194.000000	0.041082
3196.000000	0.019489
3198.000000	-0.025179
3200.000000	-0.008722
3202.000000	0.021951
3204.000000	-0.010231
3206.000000	-0.004179
3208.000000	0.046693
3210.000000	0.042032
3212.000000	0.008401
3214.000000	0.017462
3216.000000	0.025764
3218.000000	0.002852
3220.000000	-0.013459
3222.000000	-0.021904
3224.000000	-0.029188
3226.000000	-0.007234
3228.000000	-0.026213
3230.000000	0.000144
3232.000000	0.048266
3234.000000	0.037948
3236.000000	0.023324
3238.000000	0.022880
3240.000000	0.013433
3242.000000	0.031513
3244.000000	0.040573
3246.000000	-0.018478
3248.000000	-0.001524
3250.000000	-0.022366
3252.000000	0.013885
3254.000000	0.056412
3256.000000	0.040895
3258.000000	0.042432
3260.000000	0.051192
3262.000000	0.000938
3264.000000	0.014740
3266.000000	0.102345
3268.000000	0.044103
3270.000000	0.047208
3272.000000	0.063778
3274.000000	0.037962
3276.000000	0.053864
3278.000000	0.083611
3280.000000	0.063917
3282.000000	0.055606
3284.000000	0.052098
3286.000000	0.077408
3288.000000	0.105700
3290.000000	0.049787
3292.000000	0.058184
3294.000000	0.070933
3296.000000	0.063575
3298.000000	0.087470
3300.000000	0.066486
3302.000000	0.035377
3304.000000	0.015780
3306.000000	0.049422
3308.000000	0.099297
3310.000000	0.071404
3312.000000	0.066604
3314.000000	0.088314
3316.000000	0.081487
3318.000000	0.069137
3320.000000	0.064050
3322.000000	0.073102
3324.000000	0.095168
3326.000000	0.044033
3328.000000	0.018725
3330.000000	0.071995
3332.000000	0.068219
3334.000000	0.072378
3336.000000	0.092119
3338.000000	0.065870
3340.000000	0.038851
3342.000000	0.037653
3344.000000	0.056544
3346.000000	0.053980
3348.000000	0.079114
3350.000000	0.063460
3352.000000	0.046032
3354.000000	0.055888
3356.000000	0.091479
3358.000000	0.094911
3360.000000	0.061613
3362.000000	0.057503
3364.000000	0.061830
3366.000000	0.051826
3368.000000	0.063543
3370.000000	0.095128
3372.000000	0.074122
3374.000000	0.064494
3376.000000	0.054847
3378.000000	0.034353
3380.000000	0.042376
3382.000000	0.080058
3384.000000	0.069331
3386.000000	0.006913
3388.000000	0.036930
3390.000000	0.089938
3392.000000	0.078752
3394.000000	0.040201
3396.000000	0.048241
3398.000000	0.029349
3400.000000	0.002862
3402.000000	0.039341
3404.000000	0.059112
3406.000000	0.045176
3408.000000	0.047094
3410.000000	0.000292
3412.000000	0.024218
3414.000000	0.052618
3416.000000	0.055083
3418.000000	0.051462
3420.000000	0.072463
3422.000000	0.085488
3424.000000	0.039118
3426.000000	-0.013595
3428.000000	0.013245
3430.000000	0.045915
3432.000000	0.031702
3434.000000	0.063984
3436.000000	0.050251
3438.000000	0.042077
3440.000000	0.022634
3442.000000	0.020954
3444.000000	0.060125
3446.000000	0.027694
3448.000000	-0.001856
3450.000000	0.012651
3452.000000	0.036430
3454.000000	0.076739
3456.000000	0.033864
3458.000000	-0.049657
3460.000000	0.045360
3462.000000	0.039039
3464.000000	0.050007
3466.000000	0.008919
3468.000000	-0.007798
3470.000000	-0.005705
3472.000000	-0.000922
3474.000000	0.012493
3476.000000	0.070623
3478.000000	0.041300
3480.000000	0.011976
3482.000000	0.018579
3484.000000	0.008647
3486.000000	0.036142
3488.000000	-0.001951
3490.000000	0.009043
3492.000000	-0.007400
3494.000000	0.006358
3496.000000	0.032336
3498.000000	0.037937
3500.000000	0.029246
3502.000000	0.027360
3504.000000	0.007734
3506.000000	-0.005515
3508.000000	0.011970
3510.000000	-0.001198
3512.000000	-0.025939
3514.000000	-0.022079
3516.000000	0.018038
3518.000000	0.006377
3520.000000	-0.053215
3522.000000	0.007341
3524.000000	0.027654
3526.000000	-0.005155
3528.000000	-0.005189
3530.000000	-0.002472
3532.000000	-0.007974
3534.000000	-0.008429
3536.000000	-0.018841
3538.000000	-0.036027
3540.000000	-0.010859
3542.000000	0.015863
3544.000000	0.042584
3546.000000	-0.015826
3548.000000	0.024913
3550.000000	-0.001838
3552.000000	0.020965
3554.000000	0.030706
3556.000000	-0.010368
3558.000000	0.012362
3560.000000	-0.019195
3562.000000	-0.035161
3564.000000	-0.007280
3566.000000	-0.026961
3568.000000	-0.015533
3570.000000	-0.005794
3572.000000	0.009061
3574.000000	-0.015859
3576.000000	-0.007680
3578.000000	0.008242
3580.000000	-0.019714
3582.000000	0.001491
3584.000000	-0.003503
3586.000000	-0.011021
3588.000000	-0.006957
3590.000000	-0.017349
3592.000000	-0.021090
3594.000000	-0.000372
3596.000000	-0.014766
3598.000000	-0.029169
3600.000000	-0.014079
