400.000000	-0.008544
402.000000	0.017882
404.000000	0.034787
406.000000	0.022290
408.000000	-0.013279
410.000000	-0.020600
412.000000	-0.000996
414.000000	-0.004694
416.000000	-0.012198
418.000000	-0.001272
420.000000	0.006257
422.000000	0.010589
424.000000	0.023637
426.000000	0.026576
428.000000	0.004457
430.000000	-0.035761
432.000000	-0.035601
434.000000	0.033779
436.000000	0.061091
438.000000	0.023443
440.000000	-0.004888
442.000000	0.002446
444.000000	0.032817
446.000000	0.039448
448.000000	0.021381
450.000000	0.007470
452.000000	0.016888
454.000000	0.032654
456.000000	0.007803
458.000000	-0.027577
460.000000	-0.035413
462.000000	-0.036071
464.000000	-0.035669
466.000000	-0.024216
468.000000	-0.000298
470.000000	0.017558
472.000000	-0.006819
474.000000	-0.039052
476.000000	-0.030978
478.000000	-0.001434
480.000000	0.021200
482.000000	0.019349
484.000000	0.022381
486.000000	0.041880
488.000000	0.036462
490.000000	0.013439
492.000000	0.001070
494.000000	-0.011670
496.000000	-0.014180
498.000000	0.023836
500.000000	0.053898
502.000000	0.034551
504.000000	-0.001798
506.000000	-0.014776
508.000000	0.015385
510.000000	0.036859
512.000000	0.022694
514.000000	-0.004282
516.000000	-0.017771
518.000000	-0.003958
520.000000	0.023089
522.000000	0.012852
524.000000	0.002615
526.000000	-0.015157
528.000000	-0.003759
530.000000	-0.005122
532.000000	-0.013415
534.000000	-0.010073
536.000000	0.001050
538.000000	0.010676
540.000000	0.012014
542.000000	0.014975
544.000000	0.018346
546.000000	0.005829
548.000000	-0.006441
550.000000	-0.001772
552.000000	0.005992
554.000000	0.011683
556.000000	0.015884
558.000000	0.004831
560.000000	-0.019287
562.000000	-0.031472
564.000000	-0.017052
566.000000	0.016049
568.000000	0.026580
570.000000	0.015612
572.000000	0.011617
574.000000	0.021030
576.000000	0.024007
578.000000	-0.012234
580.000000	-0.046357
582.000000	-0.036992
584.000000	-0.000797
586.000000	0.016839
588.000000	-0.009139
590.000000	0.004206
592.000000	0.053815
594.000000	0.047270
596.000000	0.022578
598.000000	0.023502
600.000000	0.026835
602.000000	0.027005
604.000000	0.026457
606.000000	0.013225
608.000000	0.001200
610.000000	0.013482
612.000000	-0.001810
614.000000	-0.048197
616.000000	-0.042410
618.000000	-0.003445
620.000000	0.015198
622.000000	0.002600
624.000000	-0.011828
626.000000	0.006212
628.000000	0.014718
630.000000	0.005837
632.000000	0.019250
634.000000	0.016462
636.000000	-0.015043
638.000000	0.003667
640.000000	0.041580
642.000000	0.031253
644.000000	0.004831
646.000000	-0.007255
648.000000	-0.003971
650.000000	-0.035298
652.000000	-0.074335
654.000000	-0.000541
656.000000	0.068768
658.000000	0.021152
660.000000	-0.016920
662.000000	-0.010883
664.000000	-0.001822
666.000000	-0.000443
668.000000	0.003104
670.000000	0.023103
672.000000	0.022923
674.000000	-0.008538
676.000000	-0.023371
678.000000	-0.016963
680.000000	-0.008344
682.000000	-0.011976
684.000000	0.000608
686.000000	0.022774
688.000000	0.044939
690.000000	-0.021461
692.000000	-0.033521
694.000000	-0.011133
696.000000	0.000722
698.000000	-0.006181
700.000000	-0.011400
702.000000	0.006538
704.000000	0.040182
706.000000	0.052792
708.000000	0.012728
710.000000	-0.032147
712.000000	-0.031414
714.000000	0.027306
716.000000	0.040641
718.000000	-0.016122
720.000000	-0.017928
722.000000	0.009948
724.000000	0.007886
726.000000	0.003143
728.000000	0.015041
730.000000	0.042011
732.000000	0.058214
734.000000	0.049042
736.000000	0.022458
738.000000	0.019978
740.000000	0.037133
742.000000	0.016510
744.000000	0.016787
746.000000	0.073754
748.000000	0.074011
750.000000	0.074269
752.000000	0.074526
754.000000	0.074784
756.000000	0.075041
758.000000	0.056892
760.000000	0.044031
762.000000	0.032154
764.000000	0.013514
766.000000	0.011634
768.000000	0.023547
770.000000	0.005706
772.000000	-0.008433
774.000000	0.005953
776.000000	-0.003072
778.000000	-0.019263
780.000000	-0.004154
782.000000	0.019187
784.000000	0.025298
786.000000	0.009969
788.000000	0.020818
790.000000	0.039423
792.000000	-0.002466
794.000000	-0.021980
796.000000	0.018586
798.000000	0.039835
800.000000	0.029884
802.000000	0.010190
804.000000	0.002014
806.000000	-0.002457
808.000000	-0.012067
810.000000	-0.002642
812.000000	0.016248
814.000000	0.019853
816.000000	0.020257
818.000000	0.020571
820.000000	0.016985
822.000000	0.037594
824.000000	0.060850
826.000000	0.022889
828.000000	0.000558
830.000000	0.030969
832.000000	0.031570
834.000000	0.016447
836.000000	0.015425
838.000000	0.002424
840.000000	-0.004507
842.000000	0.018044
844.000000	0.038506
846.000000	0.040562
848.000000	0.030627
850.000000	0.031893
852.000000	0.042122
854.000000	0.044098
856.000000	0.060261
858.000000	0.080644
860.000000	0.061588
862.000000	0.023303
864.000000	-0.003970
866.000000	-0.008228
868.000000	-0.001951
870.000000	0.004927
872.000000	0.019984
874.000000	0.036625
876.000000	0.040146
878.000000	0.019210
880.000000	0.005196
882.000000	0.017819
884.000000	-0.006247
886.000000	-0.033571
888.000000	0.000189
890.000000	0.020866
892.000000	0.019687
894.000000	0.041418
896.000000	0.040618
898.000000	0.007656
900.000000	-0.017511
902.000000	-0.032345
904.000000	-0.029651
906.000000	0.006469
908.000000	0.033976
910.000000	0.035624
912.000000	0.047607
914.000000	0.046184
916.000000	0.023091
918.000000	0.027560
920.000000	0.027490
922.000000	0.002887
924.000000	0.024403
926.000000	0.054312
928.000000	0.035142
930.000000	0.010177
932.000000	0.004291
934.000000	0.015449
936.000000	0.025897
938.000000	0.024953
940.000000	0.016839
942.000000	0.026967
944.000000	0.041194
946.000000	0.025627
948.000000	0.002625
950.000000	-0.001208
952.000000	0.019162
954.000000	0.016217
956.000000	-0.003939
958.000000	0.013986
960.000000	0.033391
962.000000	0.034759
964.000000	0.042211
966.000000	0.041090
968.000000	0.032521
970.000000	0.043838
972.000000	0.037625
974.000000	0.005807
976.000000	0.003710
978.000000	0.005179
980.000000	-0.007786
982.000000	0.006379
984.000000	0.034349
986.000000	0.047068
988.000000	0.036133
990.000000	0.017220
992.000000	0.013664
994.000000	0.040024
996.000000	0.081784
998.000000	0.109591
1000.000000	0.100602
1002.000000	0.097758
1004.000000	0.132837
1006.000000	0.139866
1008.000000	0.104983
1010.000000	0.064703
1012.000000	0.073964
1014.000000	0.099632
1016.000000	0.082923
1018.000000	0.045173
1020.000000	0.025641
1022.000000	0.041218
1024.000000	0.044206
1026.000000	0.027104
1028.000000	0.015470
1030.000000	0.025491
1032.000000	0.044534
1034.000000	0.055321
1036.000000	0.080017
1038.000000	0.082494
1040.000000	0.025413
1042.000000	0.008362
1044.000000	0.031139
1046.000000	0.028364
1048.000000	0.033571
1050.000000	0.040968
1052.000000	0.024709
1054.000000	0.039505
1056.000000	0.070421
1058.000000	0.052857
1060.000000	-0.009018
1062.000000	-0.052344
1064.000000	-0.019297
1066.000000	0.017423
1068.000000	0.029192
1070.000000	0.036989
1072.000000	0.030362
1074.000000	0.014811
1076.000000	0.011315
1078.000000	0.028180
1080.000000	0.050003
1082.000000	0.050016
1084.000000	0.022553
1086.000000	-0.011957
1088.000000	-0.022478
1090.000000	-0.002681
1092.000000	0.023191
1094.000000	0.024487
1096.000000	0.013578
1098.000000	0.000840
1100.000000	-0.000269
1102.000000	0.050121
1104.000000	0.082452
1106.000000	0.025267
1108.000000	0.041307
1110.000000	0.094976
1112.000000	0.055033
1114.000000	0.018588
1116.000000	0.032008
1118.000000	0.061752
1120.000000	0.044361
1122.000000	0.025266
1124.000000	0.060849
1126.000000	0.050949
1128.000000	0.016313
1130.000000	0.027584
1132.000000	0.050079
1134.000000	0.049834
1136.000000	0.019523
1138.000000	-0.013021
1140.000000	-0.035623
1142.000000	-0.039491
1144.000000	-0.006734
1146.000000	0.006377
1148.000000	-0.032607
1150.000000	-0.042643
1152.000000	-0.022877
1154.000000	-0.011109
1156.000000	-0.024979
1158.000000	-0.026572
1160.000000	-0.001719
1162.000000	-0.004113
1164.000000	-0.019498
1166.000000	-0.014506
1168.000000	0.016315
1170.000000	0.017808
1172.000000	-0.009436
1174.000000	0.015713
1176.000000	0.044105
1178.000000	0.037186
1180.000000	0.022482
1182.000000	0.011332
1184.000000	-0.002624
1186.000000	-0.028155
1188.000000	-0.032558
1190.000000	-0.021811
1192.000000	-0.032686
1194.000000	-0.036827
1196.000000	-0.020608
1198.000000	0.002306
1200.000000	0.016080
1202.000000	0.013141
1204.000000	0.007193
1206.000000	0.044627
1208.000000	0.070584
1210.000000	0.028080
1212.000000	0.020260
1214.000000	0.043889
1216.000000	0.052915
1218.000000	0.069734
1220.000000	0.077673
1222.000000	0.072287
1224.000000	0.101780
1226.000000	0.118882
1228.000000	0.106059
1230.000000	0.137123
1232.000000	0.148308
1234.000000	0.122845
1236.000000	0.145300
1238.000000	0.139997
1240.000000	0.099944
1242.000000	0.117307
1244.000000	0.131838
1246.000000	0.126451
1248.000000	0.141191
1250.000000	0.136869
1252.000000	0.093013
1254.000000	0.046137
1256.000000	0.094654
1258.000000	0.151262
1260.000000	0.109248
1262.000000	0.104207
1264.000000	0.103477
1266.000000	0.051519
1268.000000	0.050347
1270.000000	0.092505
1272.000000	0.116117
1274.000000	0.085410
1276.000000	0.076600
1278.000000	0.093622
1280.000000	0.039094
1282.000000	0.016556
1284.000000	0.054843
1286.000000	0.067270
1288.000000	0.069512
1290.000000	0.065340
1292.000000	0.046118
1294.000000	0.054966
1296.000000	0.069078
1298.000000	0.060413
1300.000000	0.096190
1302.000000	0.124387
1304.000000	0.098020
1306.000000	0.098517
1308.000000	0.103461
1310.000000	0.106932
1312.000000	0.167871
1314.000000	0.170018
1316.000000	0.121732
1318.000000	0.169248
1320.000000	0.159108
1322.000000	0.097974
1324.000000	0.120000
1326.000000	0.093134
1328.000000	0.064945
1330.000000	0.129487
1332.000000	0.122762
1334.000000	0.100632
1336.000000	0.145166
1338.000000	0.147093
1340.000000	0.129136
1342.000000	0.127999
1344.000000	0.113970
1346.000000	0.079488
1348.000000	0.060488
1350.000000	0.089720
1352.000000	0.060534
1354.000000	0.010141
1356.000000	0.043536
1358.000000	0.064252
1360.000000	0.072149
1362.000000	0.099859
1364.000000	0.092875
1366.000000	0.077496
1368.000000	0.077526
1370.000000	0.058763
1372.000000	0.040812
1374.000000	0.044644
1376.000000	0.060368
1378.000000	0.045334
1380.000000	0.032133
1382.000000	0.073538
1384.000000	0.090965
1386.000000	0.064251
1388.000000	0.032085
1390.000000	0.036783
1392.000000	0.034262
1394.000000	0.016667
1396.000000	0.055444
1398.000000	0.067627
1400.000000	0.033654
1402.000000	0.028074
1404.000000	0.023513
1406.000000	0.010137
1408.000000	0.006120
1410.000000	0.017606
1412.000000	0.040803
1414.000000	0.046868
1416.000000	-0.006688
1418.000000	-0.023320
1420.000000	0.024278
1422.000000	0.034510
1424.000000	0.022073
1426.000000	0.011132
1428.000000	0.007707
1430.000000	0.025194
1432.000000	0.033015
1434.000000	0.009445
1436.000000	0.004947
1438.000000	0.046286
1440.000000	0.093145
1442.000000	0.067808
1444.000000	0.057178
1446.000000	0.082525
1448.000000	0.085249
1450.000000	0.107488
1452.000000	0.138101
1454.000000	0.140707
1456.000000	0.132067
1458.000000	0.128940
1460.000000	0.131302
1462.000000	0.125581
1464.000000	0.125701
1466.000000	0.123134
1468.000000	0.093728
1470.000000	0.061462
1472.000000	0.047033
1474.000000	0.051743
1476.000000	0.057937
1478.000000	0.067473
1480.000000	0.074963
1482.000000	0.058426
1484.000000	0.030640
1486.000000	0.019120
1488.000000	0.038203
1490.000000	0.053002
1492.000000	0.034482
1494.000000	-0.003720
1496.000000	-0.001069
1498.000000	-0.002743
1500.000000	-0.025942
1502.000000	-0.019937
1504.000000	-0.033564
1506.000000	-0.039488
1508.000000	0.005505
1510.000000	-0.016696
1512.000000	-0.040977
1514.000000	-0.002597
1516.000000	-0.005031
1518.000000	-0.034335
1520.000000	-0.047957
1522.000000	-0.031624
1524.000000	-0.002118
1526.000000	-0.007804
1528.000000	-0.054803
1530.000000	-0.043694
1532.000000	-0.003791
1534.000000	0.005779
1536.000000	-0.017334
1538.000000	-0.026807
1540.000000	-0.018822
1542.000000	-0.018641
1544.000000	-0.010293
1546.000000	-0.012767
1548.000000	-0.015910
1550.000000	0.043147
1552.000000	0.075931
1554.000000	0.048569
1556.000000	0.029350
1558.000000	0.061142
1560.000000	0.078161
1562.000000	0.031660
1564.000000	0.013167
1566.000000	0.037923
1568.000000	0.071296
1570.000000	0.079517
1572.000000	0.087495
1574.000000	0.100877
1576.000000	0.105520
1578.000000	0.098234
1580.000000	0.098324
1582.000000	0.113811
1584.000000	0.123550
1586.000000	0.097748
1588.000000	0.058801
1590.000000	0.048751
1592.000000	0.057205
1594.000000	0.066911
1596.000000	0.059159
1598.000000	0.029670
1600.000000	0.040180
1602.000000	0.065516
1604.000000	0.053608
1606.000000	0.079683
1608.000000	0.088800
1610.000000	0.048633
1612.000000	0.042691
1614.000000	0.061694
1616.000000	0.070053
1618.000000	0.055921
1620.000000	0.054402
1622.000000	0.053107
1624.000000	0.041034
1626.000000	0.037045
1628.000000	0.015738
1630.000000	0.001194
1632.000000	0.033346
1634.000000	0.063471
1636.000000	0.047588
1638.000000	0.013210
1640.000000	0.041321
1642.000000	0.077924
1644.000000	0.092000
1646.000000	0.095000
1648.000000	0.086644
1650.000000	0.082939
1652.000000	0.093297
1654.000000	0.105417
1656.000000	0.101022
1658.000000	0.109341
1660.000000	0.145960
1662.000000	0.141241
1664.000000	0.146348
1666.000000	0.196310
1668.000000	0.238790
1670.000000	0.218308
1672.000000	0.191574
1674.000000	0.203417
1676.000000	0.167472
1678.000000	0.156629
1680.000000	0.181532
1682.000000	0.159838
1684.000000	0.120179
1686.000000	0.103381
1688.000000	0.116984
1690.000000	0.125312
1692.000000	0.098516
1694.000000	0.062032
1696.000000	0.059934
1698.000000	0.068484
1700.000000	0.060370
1702.000000	0.061132
1704.000000	0.061894
1706.000000	0.062656
1708.000000	0.063418
1710.000000	0.064180
1712.000000	0.064943
1714.000000	0.065705
1716.000000	-0.006018
1718.000000	0.016000
1720.000000	-0.000336
1722.000000	-0.007150
1724.000000	0.022340
1726.000000	-0.013850
1728.000000	-0.009124
1730.000000	0.009839
1732.000000	-0.039894
1734.000000	-0.018001
1736.000000	0.004894
1738.000000	-0.026038
1740.000000	-0.035970
1742.000000	-0.018223
1744.000000	-0.003169
1746.000000	-0.006425
1748.000000	-0.005739
1750.000000	-0.023710
1752.000000	-0.021860
1754.000000	0.027368
1756.000000	-0.008020
1758.000000	-0.025658
1760.000000	0.014312
1762.000000	-0.013471
1764.000000	-0.030616
1766.000000	-0.034929
1768.000000	-0.055237
1770.000000	-0.046744
1772.000000	-0.014555
1774.000000	0.006032
1776.000000	0.000368
1778.000000	0.013000
1780.000000	-0.004610
1782.000000	-0.037422
1784.000000	-0.000221
1786.000000	0.013942
1788.000000	-0.006311
1790.000000	-0.022162
1792.000000	-0.030202
1794.000000	-0.031846
1796.000000	-0.030151
1798.000000	-0.024824
1800.000000	-0.009767
1802.000000	0.003430
1804.000000	0.005363
1806.000000	-0.007565
1808.000000	-0.041235
1810.000000	-0.031936
1812.000000	0.008265
1814.000000	-0.025168
1816.000000	-0.037114
1818.000000	-0.006097
1820.000000	0.010614
1822.000000	-0.017992
1824.000000	-0.019433
1826.000000	0.009901
1828.000000	0.020951
1830.000000	0.029270
1832.000000	0.030710
1834.000000	0.023070
1836.000000	0.012278
1838.000000	-0.008413
1840.000000	-0.017007
1842.000000	-0.008917
1844.000000	-0.009564
1846.000000	-0.002609
1848.000000	0.004622
1850.000000	0.006692
1852.000000	0.019163
1854.000000	-0.001838
1856.000000	-0.013900
1858.000000	0.030314
1860.000000	0.047922
1862.000000	0.019128
1864.000000	-0.007954
1866.000000	0.005493
1868.000000	0.003137
1870.000000	0.004035
1872.000000	-0.001633
1874.000000	-0.038078
1876.000000	0.004134
1878.000000	0.025787
1880.000000	-0.028800
1882.000000	-0.045619
1884.000000	-0.024529
1886.000000	0.000497
1888.000000	0.013826
1890.000000	0.022774
1892.000000	-0.000426
1894.000000	-0.004124
1896.000000	0.022394
1898.000000	-0.027498
1900.000000	-0.028449
1902.000000	0.001206
1904.000000	-0.020374
1906.000000	-0.003651
1908.000000	0.000000
1910.000000	0.000169
1912.000000	0.029073
1914.000000	-0.016137
1916.000000	-0.036458
1918.000000	-0.017510
1920.000000	-0.031119
1922.000000	0.013329
1924.000000	0.032247
1926.000000	-0.002698
1928.000000	-0.011741
1930.000000	-0.019569
1932.000000	0.014717
1934.000000	0.050136
1936.000000	-0.006733
1938.000000	-0.010775
1940.000000	0.008059
1942.000000	0.003632
1944.000000	0.021919
1946.000000	0.021251
1948.000000	0.008601
1950.000000	-0.000330
1952.000000	-0.014039
1954.000000	-0.001492
1956.000000	-0.005686
1958.000000	-0.019943
1960.000000	0.033798
1962.000000	0.017266
1964.000000	-0.002942
1966.000000	0.031223
1968.000000	0.000091
1970.000000	0.008306
1972.000000	0.030275
1974.000000	0.017736
1976.000000	0.030867
1978.000000	-0.000267
1980.000000	-0.029032
1982.000000	-0.009881
1984.000000	-0.012694
1986.000000	0.024066
1988.000000	0.032319
1990.000000	-0.012157
1992.000000	0.032937
1994.000000	0.048080
1996.000000	0.008748
1998.000000	-0.020312
2000.000000	-0.015924
2002.000000	0.000345
2004.000000	0.004929
2006.000000	-0.006998
2008.000000	-0.018557
2010.000000	-0.009057
2012.000000	0.014928
2014.000000	0.030249
2016.000000	0.014810
2018.000000	-0.043894
2020.000000	-0.038329
2022.000000	0.036323
2024.000000	0.011778
2026.000000	-0.013676
2028.000000	0.001112
2030.000000	0.015822
2032.000000	0.001582
2034.000000	0.005665
2036.000000	0.017577
2038.000000	0.007861
2040.000000	-0.013943
2042.000000	-0.011120
2044.000000	0.011566
2046.000000	0.018360
2048.000000	-0.006280
2050.000000	-0.005234
2052.000000	0.010812
2054.000000	0.017032
2056.000000	0.011842
2058.000000	-0.011816
2060.000000	-0.019883
2062.000000	-0.008850
2064.000000	-0.012042
2066.000000	-0.024869
2068.000000	-0.002959
2070.000000	0.037806
2072.000000	0.028381
2074.000000	0.018955
2076.000000	0.001747
2078.000000	-0.006652
2080.000000	-0.010981
2082.000000	0.006064
2084.000000	-0.019188
2086.000000	-0.023620
2088.000000	0.029737
2090.000000	0.010361
2092.000000	0.016125
2094.000000	0.038434
2096.000000	0.031070
2098.000000	0.030666
2100.000000	0.013523
2102.000000	0.028388
2104.000000	0.056461
2106.000000	0.012667
2108.000000	0.012695
2110.000000	0.012404
2112.000000	-0.017690
2114.000000	-0.018969
2116.000000	0.000114
2118.000000	0.008312
2120.000000	-0.000775
2122.000000	0.002166
2124.000000	0.037248
2126.000000	0.000554
2128.000000	-0.027345
2130.000000	0.023323
2132.000000	-0.005216
2134.000000	-0.003717
2136.000000	0.009588
2138.000000	-0.011990
2140.000000	-0.002834
2142.000000	0.032540
2144.000000	0.060073
2146.000000	0.054987
2148.000000	0.026733
2150.000000	0.017352
2152.000000	0.015790
2154.000000	0.009628
2156.000000	0.015738
2158.000000	0.045950
2160.000000	0.010225
2162.000000	-0.026687
2164.000000	0.000418
2166.000000	-0.009259
2168.000000	0.000068
2170.000000	0.000546
2172.000000	-0.002968
2174.000000	0.042489
2176.000000	0.003753
2178.000000	-0.006408
2180.000000	0.008757
2182.000000	-0.042512
2184.000000	-0.006168
2186.000000	0.003726
2188.000000	-0.018173
2190.000000	-0.011387
2192.000000	-0.032489
2194.000000	-0.037443
2196.000000	0.006565
2198.000000	0.040470
2200.000000	-0.001653
2202.000000	0.001203
2204.000000	0.005455
2206.000000	-0.012417
2208.000000	-0.015470
2210.000000	-0.022731
2212.000000	0.000783
2214.000000	0.018125
2216.000000	-0.003814
2218.000000	-0.011023
2220.000000	0.012539
2222.000000	0.017111
2224.000000	0.017753
2226.000000	0.049154
2228.000000	0.002331
2230.000000	-0.014489
2232.000000	0.012112
2234.000000	0.011681
2236.000000	0.001253
2238.000000	-0.021168
2240.000000	-0.023748
2242.000000	-0.004375
2244.000000	-0.000545
2246.000000	0.004241
2248.000000	0.006228
2250.000000	-0.007456
2252.000000	-0.020151
2254.000000	0.002004
2256.000000	-0.015871
2258.000000	-0.000406
2260.000000	0.033598
2262.000000	-0.031163
2264.000000	-0.005020
2266.000000	0.022995
2268.000000	0.004210
2270.000000	0.001616
2272.000000	0.006250
2274.000000	-0.011419
2276.000000	-0.020282
2278.000000	-0.005985
2280.000000	-0.003858
2282.000000	-0.007395
2284.000000	-0.002480
2286.000000	-0.003003
2288.000000	-0.023005
2290.000000	-0.033005
2292.000000	0.002473
2294.000000	0.014307
2296.000000	-0.006933
2298.000000	0.013926
2300.000000	0.038470
2302.000000	0.021369
2304.000000	0.001815
2306.000000	0.005499
2308.000000	-0.013014
2310.000000	0.018131
2312.000000	0.047214
2314.000000	0.025215
2316.000000	-0.010608
2318.000000	-0.007416
2320.000000	0.043880
2322.000000	0.066765
2324.000000	0.030982
2326.000000	0.016917
2328.000000	0.055691
2330.000000	0.033245
2332.000000	0.002583
2334.000000	0.038800
2336.000000	0.012657
2338.000000	0.007346
2340.000000	-0.014612
2342.000000	-0.033899
2344.000000	0.011184
2346.000000	-0.008359
2348.000000	-0.009740
2350.000000	0.003815
2352.000000	0.001736
2354.000000	0.014590
2356.000000	-0.007438
2358.000000	0.010092
2360.000000	0.026303
2362.000000	-0.003293
2364.000000	0.028429
2366.000000	0.042789
2368.000000	0.033009
2370.000000	0.028181
2372.000000	0.025300
2374.000000	0.012036
2376.000000	0.030281
2378.000000	0.039788
2380.000000	0.020386
2382.000000	0.013153
2384.000000	0.006445
2386.000000	0.012166
2388.000000	0.015512
2390.000000	0.019003
2392.000000	0.039165
2394.000000	0.003734
2396.000000	-0.021216
2398.000000	-0.006086
2400.000000	0.005866
2402.000000	-0.006318
2404.000000	-0.008163
2406.000000	-0.001085
2408.000000	-0.013840
2410.000000	-0.041969
2412.000000	-0.032933
2414.000000	-0.001973
2416.000000	0.006158
2418.000000	0.012332
2420.000000	0.040670
2422.000000	0.018897
2424.000000	-0.011408
2426.000000	0.024794
2428.000000	0.046887
2430.000000	-0.026317
2432.000000	-0.008805
2434.000000	0.006931
2436.000000	-0.001105
2438.000000	0.008869
2440.000000	0.029989
2442.000000	0.028292
2444.000000	0.008330
2446.000000	0.021842
2448.000000	0.046056
2450.000000	0.014688
2452.000000	0.001920
2454.000000	-0.001658
2456.000000	0.008482
2458.000000	0.014781
2460.000000	-0.012101
2462.000000	0.000129
2464.000000	0.023302
2466.000000	0.014118
2468.000000	-0.012696
2470.000000	-0.008965
2472.000000	0.016933
2474.000000	0.015065
2476.000000	0.023704
2478.000000	0.036142
2480.000000	-0.009878
2482.000000	-0.017716
2484.000000	-0.011474
2486.000000	0.038896
2488.000000	0.060992
2490.000000	-0.042466
2492.000000	-0.036392
2494.000000	-0.008873
2496.000000	-0.000670
2498.000000	0.010511
2500.000000	0.016508
2502.000000	0.028456
2504.000000	0.015481
2506.000000	-0.010897
2508.000000	-0.016658
2510.000000	-0.001606
2512.000000	0.000774
2514.000000	0.007472
2516.000000	0.010551
2518.000000	0.018829
2520.000000	0.036527
2522.000000	0.013469
2524.000000	-0.001146
2526.000000	0.001715
2528.000000	0.005818
2530.000000	0.003890
2532.000000	-0.006432
2534.000000	-0.020339
2536.000000	-0.027291
2538.000000	0.011594
2540.000000	0.045516
2542.000000	-0.020452
2544.000000	0.024555
2546.000000	0.045480
2548.000000	0.003895
2550.000000	-0.005941
2552.000000	0.013497
2554.000000	0.013417
2556.000000	0.013000
2558.000000	0.005309
2560.000000	-0.025259
2562.000000	-0.032033
2564.000000	0.040160
2566.000000	0.006235
2568.000000	-0.033847
2570.000000	-0.012158
2572.000000	-0.000956
2574.000000	0.025146
2576.000000	-0.013807
2578.000000	-0.003788
2580.000000	0.016552
2582.000000	-0.021598
2584.000000	-0.007439
2586.000000	-0.019338
2588.000000	-0.006130
2590.000000	0.001617
2592.000000	-0.010342
2594.000000	0.004057
2596.000000	-0.024756
2598.000000	0.003245
2600.000000	0.028570
2602.000000	-0.004285
2604.000000	-0.024233
2606.000000	0.010301
2608.000000	0.000232
2610.000000	0.004730
2612.000000	0.008825
2614.000000	0.005109
2616.000000	0.043831
2618.000000	-0.022596
2620.000000	-0.023935
2622.000000	-0.016195
2624.000000	-0.011250
2626.000000	0.054278
2628.000000	0.009674
2630.000000	-0.002056
2632.000000	0.015803
2634.000000	0.032057
2636.000000	0.014681
2638.000000	-0.045031
2640.000000	0.024424
2642.000000	0.026435
2644.000000	0.004527
2646.000000	0.007311
2648.000000	-0.035870
2650.000000	-0.035687
2652.000000	0.002381
2654.000000	0.008506
2656.000000	-0.020143
2658.000000	-0.026501
2660.000000	0.008146
2662.000000	0.028635
2664.000000	0.010190
2666.000000	0.019818
2668.000000	0.010025
2670.000000	-0.050246
2672.000000	-0.012084
2674.000000	0.015843
2676.000000	0.003151
2678.000000	-0.020314
2680.000000	0.007381
2682.000000	0.062893
2684.000000	-0.006303
2686.000000	-0.020859
2688.000000	-0.001616
2690.000000	0.014218
2692.000000	0.021337
2694.000000	-0.011625
2696.000000	-0.014235
2698.000000	-0.019345
2700.000000	0.000238
2702.000000	0.009153
2704.000000	-0.003215
2706.000000	0.050691
2708.000000	0.020650
2710.000000	0.010150
2712.000000	0.023093
2714.000000	0.009642
2716.000000	0.002689
2718.000000	0.028095
2720.000000	0.039845
2722.000000	0.027989
2724.000000	0.030283
2726.000000	0.046341
2728.000000	0.035950
2730.000000	0.017899
2732.000000	0.027637
2734.000000	-0.009538
2736.000000	0.004190
2738.000000	0.053167
2740.000000	0.003940
2742.000000	0.052903
2744.000000	0.000555
2746.000000	-0.022977
2748.000000	-0.001336
2750.000000	-0.009494
2752.000000	0.008324
2754.000000	0.001695
2756.000000	-0.008370
2758.000000	0.003262
2760.000000	0.004526
2762.000000	-0.006226
2764.000000	0.006369
2766.000000	-0.008961
2768.000000	-0.007746
2770.000000	-0.007607
2772.000000	-0.017357
2774.000000	-0.014260
2776.000000	-0.006686
2778.000000	-0.019227
2780.000000	0.005243
2782.000000	-0.037615
2784.000000	-0.044376
2786.000000	0.003426
2788.000000	-0.047261
2790.000000	-0.011117
2792.000000	-0.015016
2794.000000	-0.012397
2796.000000	-0.007291
2798.000000	-0.051376
2800.000000	-0.067846
2802.000000	0.008197
2804.000000	-0.032822
2806.000000	-0.016040
2808.000000	0.011433
2810.000000	-0.024324
2812.000000	-0.018157
2814.000000	0.000970
2816.000000	0.012819
2818.000000	-0.025145
2820.000000	-0.052407
2822.000000	-0.028782
2824.000000	-0.011330
2826.000000	-0.015738
2828.000000	0.045629
2830.000000	0.021274
2832.000000	-0.016320
2834.000000	-0.026199
2836.000000	-0.016069
2838.000000	0.045320
2840.000000	0.017001
2842.000000	0.035033
2844.000000	0.035046
2846.000000	0.030672
2848.000000	0.043625
2850.000000	0.054529
2852.000000	0.157311
2854.000000	0.175129
2856.000000	0.186584
2858.000000	0.191170
2860.000000	0.187934
2862.000000	0.235883
2864.000000	0.295371
2866.000000	0.305363
2868.000000	0.343766
2870.000000	0.385484
2872.000000	0.420891
2874.000000	0.457954
2876.000000	0.467840
2878.000000	0.457356
2880.000000	0.430603
2882.000000	0.441065
2884.000000	0.443100
2886.000000	0.423297
2888.000000	0.424457
2890.000000	0.452495
2892.000000	0.515484
2894.000000	0.436344
2896.000000	0.461178
2898.000000	0.519552
2900.000000	0.512483
2902.000000	0.548347
2904.000000	0.501792
2906.000000	0.545718
2908.000000	0.577004
2910.000000	0.632976
2912.000000	0.690284
2914.000000	0.716040
2916.000000	0.767896
2918.000000	0.767724
2920.000000	0.886226
2922.000000	0.879033
2924.000000	0.861685
2926.000000	0.880711
2928.000000	0.837919
2930.000000	0.896339
2932.000000	0.996958
2934.000000	0.948992
2936.000000	0.995715
2938.000000	1.000000
2940.000000	0.915084
2942.000000	0.899182
2944.000000	0.808658
2946.000000	0.756532
2948.000000	0.698261
2950.000000	0.667193
2952.000000	0.625642
2954.000000	0.597025
2956.000000	0.632859
2958.000000	0.619148
2960.000000	0.582696
2962.000000	0.609898
2964.000000	0.639342
2966.000000	0.621992
2968.000000	0.580931
2970.000000	0.549437
2972.000000	0.536333
2974.000000	0.520106
2976.000000	0.525094
2978.000000	0.492661
2980.000000	0.457716
2982.000000	0.402117
2984.000000	0.330343
2986.000000	0.377768
2988.000000	0.386504
2990.000000	0.360868
2992.000000	0.317842
2994.000000	0.258613
2996.000000	0.205255
2998.000000	0.177040
3000.000000	0.171781
3002.000000	0.193548
3004.000000	0.193127
3006.000000	0.143264
3008.000000	0.098453
3010.000000	0.079389
3012.000000	0.075198
3014.000000	0.080815
3016.000000	0.048450
3018.000000	0.014128
3020.000000	-0.017017
3022.000000	0.031265
3024.000000	0.032060
3026.000000	-0.035935
3028.000000	-0.033378
3030.000000	-0.042411
3032.000000	-0.006518
3034.000000	-0.005215
3036.000000	0.030009
3038.000000	0.019863
3040.000000	-0.018620
3042.000000	0.014882
3044.000000	0.043346
3046.000000	0.043276
3048.000000	-0.014160
3050.000000	-0.009162
3052.000000	-0.013371
3054.000000	0.008370
3056.000000	0.050213
3058.000000	0.048626
3060.000000	0.089948
3062.000000	0.001102
3064.000000	0.081511
3066.000000	0.092636
3068.000000	0.062844
3070.000000	0.077975
3072.000000	0.051855
3074.000000	-0.001872
3076.000000	-0.032702
3078.000000	-0.013188
3080.000000	0.001376
3082.000000	-0.002069
3084.000000	0.052038
3086.000000	0.041627
3088.000000	-0.060161
3090.000000	-0.029235
3092.000000	0.004144
3094.000000	0.006755
3096.000000	0.052606
3098.000000	0.029072
3100.000000	-0.021391
3102.000000	-0.011447
3104.000000	-0.006749
3106.000000	-0.027617
3108.000000	0.010501
3110.000000	0.037326
3112.000000	0.042576
3114.000000	0.041494
3116.000000	0.037394
3118.000000	0.018885
3120.000000	-0.000019
3122.000000	0.016580
3124.000000	0.040565
3126.000000	0.023339
3128.000000	0.011511
3130.000000	-0.057792
3132.000000	-0.054033
3134.000000	0.017049
3136.000000	0.001266
3138.000000	-0.040558
3140.000000	-0.021016
3142.000000	0.003984
3144.000000	-0.020079
3146.000000	-0.010518
3148.000000	-0.004320
3150.000000	0.017748
3152.000000	0.048779
3154.000000	-0.002335
3156.000000	-0.056376
3158.000000	-0.042996
3160.000000	0.018370
3162.000000	-0.006288
3164.000000	-0.032777
3166.000000	-0.036553
3168.000000	-0.018892
3170.000000	0.016398
3172.000000	0.003474
3174.000000	0.016777
3176.000000	0.010575
3178.000000	-0.010926
3180.000000	0.034878
3182.000000	0.057932
3184.000000	0.011955
3186.000000	-0.002328
3188.000000	0.004407
3190.000000	-0.028804
3192.000000	0.046809
3194.000000	0.038594
3196.000000	0.020884
3198.000000	0.031675
3200.000000	0.031609
3202.000000	0.004133
3204.000000	0.012954
3206.000000	0.050675
3208.000000	0.018318
3210.000000	0.033894
3212.000000	-0.026373
3214.000000	0.069487
3216.000000	0.022721
3218.000000	-0.021371
3220.000000	0.008971
3222.000000	-0.004502
3224.000000	0.033419
3226.000000	0.010729
3228.000000	-0.002279
3230.000000	0.018214
3232.000000	0.046087
3234.000000	0.040237
3236.000000	0.039473
3238.000000	0.051740
3240.000000	0.028225
3242.000000	0.016581
3244.000000	0.062979
3246.000000	0.032183
3248.000000	0.027861
3250.000000	0.026435
3252.000000	0.021326
3254.000000	0.059929
3256.000000	0.064288
3258.000000	0.033646
3260.000000	0.030346
3262.000000	0.010452
3264.000000	0.039743
3266.000000	0.070006
3268.000000	0.100269
3270.000000	0.048896
3272.000000	0.051527
3274.000000	0.062040
3276.000000	0.064276
3278.000000	0.056335
3280.000000	0.020255
3282.000000	0.023205
3284.000000	0.036245
3286.000000	0.095849
3288.000000	0.072206
3290.000000	0.016052
3292.000000	0.091262
3294.000000	0.125683
3296.000000	0.084999
3298.000000	0.067847
3300.000000	0.051550
3302.000000	0.099125
3304.000000	0.087081
3306.000000	0.097948
3308.000000	0.072374
3310.000000	0.072752
3312.000000	0.056060
3314.000000	0.037401
3316.000000	0.067558
3318.000000	0.088711
3320.000000	0.076833
3322.000000	0.084260
3324.000000	0.071515
3326.000000	0.072343
3328.000000	0.016401
3330.000000	0.065807
3332.000000	0.082544
3334.000000	0.064659
3336.000000	0.068423
3338.000000	0.075641
3340.000000	0.067351
3342.000000	0.052298
3344.000000	0.102364
3346.000000	0.102829
3348.000000	0.043973
3350.000000	0.056761
3352.000000	0.057757
3354.000000	0.023332
3356.000000	0.019320
3358.000000	0.015566
3360.000000	0.041201
3362.000000	0.068844
3364.000000	0.005104
3366.000000	0.043793
3368.000000	0.009689
3370.000000	0.047320
3372.000000	0.036632
3374.000000	0.036802
3376.000000	0.032598
3378.000000	0.005593
3380.000000	0.035659
3382.000000	0.080931
3384.000000	0.031839
3386.000000	-0.012161
3388.000000	0.036423
3390.000000	0.019174
3392.000000	0.019045
3394.000000	0.017107
3396.000000	-0.010691
3398.000000	-0.013686
3400.000000	0.008220
3402.000000	0.034422
3404.000000	0.062888
3406.000000	0.040183
3408.000000	0.004846
3410.000000	0.046484
3412.000000	0.009373
3414.000000	0.033786
3416.000000	0.031679
3418.000000	0.049221
3420.000000	0.047014
3422.000000	0.053569
3424.000000	0.056845
3426.000000	0.061615
3428.000000	0.013231
3430.000000	-0.050111
3432.000000	-0.020602
3434.000000	-0.029667
3436.000000	0.009405
3438.000000	0.038063
3440.000000	0.007129
3442.000000	0.020807
3444.000000	0.010736
3446.000000	0.035618
3448.000000	0.020145
3450.000000	0.035349
3452.000000	0.055549
3454.000000	0.011601
3456.000000	0.005644
3458.000000	-0.010817
3460.000000	0.006073
3462.000000	0.008588
3464.000000	0.010751
3466.000000	0.000111
3468.000000	-0.003556
3470.000000	0.019508
3472.000000	0.032449
3474.000000	-0.048756
3476.000000	-0.034116
3478.000000	0.029675
3480.000000	0.033832
3482.000000	0.055355
3484.000000	-0.028391
3486.000000	-0.022543
3488.000000	-0.005128
3490.000000	0.004968
3492.000000	0.006696
3494.000000	-0.012419
3496.000000	-0.000642
3498.000000	0.013002
3500.000000	0.008937
3502.000000	0.006185
3504.000000	-0.003855
3506.000000	-0.016823
3508.000000	-0.006728
3510.000000	-0.008478
3512.000000	-0.036757
3514.000000	-0.023087
3516.000000	-0.019989
3518.000000	0.007739
3520.000000	0.049432
3522.000000	0.017050
3524.000000	-0.003364
3526.000000	-0.020668
3528.000000	-0.013065
3530.000000	0.001906
3532.000000	-0.003487
3534.000000	-0.008185
3536.000000	0.000526
3538.000000	0.005683
3540.000000	-0.001264
3542.000000	0.007877
3544.000000	-0.015732
3546.000000	-0.013543
3548.000000	0.012410
3550.000000	-0.016015
3552.000000	-0.030851
3554.000000	-0.016159
3556.000000	-0.023372
3558.000000	-0.030968
3560.000000	-0.015911
3562.000000	0.003160
3564.000000	0.018294
3566.000000	0.004540
3568.000000	-0.021006
3570.000000	-0.003949
3572.000000	0.018793
3574.000000	0.020437
3576.000000	-0.036435
3578.000000	0.014276
3580.000000	-0.031147
3582.000000	0.035682
3584.000000	-0.029713
3586.000000	0.007413
3588.000000	-0.003803
3590.000000	-0.010031
3592.000000	-0.001085
3594.000000	-0.056781
3596.000000	-0.035498
3598.000000	0.011109
3600.000000	-0.021262
