400.000000	0.005290
402.000000	-0.002761
404.000000	0.001736
406.000000	0.006630
408.000000	0.000139
410.000000	0.003568
412.000000	0.011876
414.000000	-0.003472
416.000000	-0.019507
418.000000	-0.014285
420.000000	-0.004145
422.000000	0.006395
424.000000	0.020219
426.000000	0.023420
428.000000	0.012341
430.000000	0.002557
432.000000	0.005919
434.000000	0.019647
436.000000	0.011027
438.000000	-0.014651
440.000000	-0.018812
442.000000	-0.003582
444.000000	0.012823
446.000000	0.010806
448.000000	-0.005487
450.000000	-0.018615
452.000000	-0.019589
454.000000	-0.011539
456.000000	-0.008251
458.000000	-0.012000
460.000000	-0.015549
462.000000	-0.004019
464.000000	0.008546
466.000000	-0.004868
468.000000	-0.021694
470.000000	-0.020898
472.000000	-0.006105
474.000000	-0.000499
476.000000	-0.017921
478.000000	-0.022532
480.000000	-0.010847
482.000000	-0.010101
484.000000	-0.002986
486.000000	0.011717
488.000000	-0.011189
490.000000	-0.032491
492.000000	0.000962
494.000000	0.013357
496.000000	-0.012760
498.000000	-0.013155
500.000000	0.007509
502.000000	0.021392
504.000000	0.012811
506.000000	-0.001637
508.000000	0.001809
510.000000	-0.003178
512.000000	-0.015345
514.000000	0.002197
516.000000	0.009779
518.000000	-0.016208
520.000000	-0.002496
522.000000	0.030131
524.000000	0.014170
526.000000	0.004830
528.000000	0.024784
530.000000	0.025126
532.000000	0.012396
534.000000	0.007438
536.000000	0.004676
538.000000	0.004919
540.000000	0.010913
542.000000	0.003938
544.000000	-0.009235
546.000000	0.008932
548.000000	0.032471
550.000000	0.029015
552.000000	0.015460
554.000000	0.005421
556.000000	0.002997
558.000000	0.004217
560.000000	0.005175
562.000000	0.004591
564.000000	0.002413
566.000000	-0.001190
568.000000	-0.006102
570.000000	-0.006723
572.000000	0.001360
574.000000	0.004484
576.000000	-0.002039
578.000000	-0.007381
580.000000	0.000900
582.000000	0.018766
584.000000	0.014316
586.000000	0.002951
588.000000	0.015149
590.000000	0.024745
592.000000	0.020875
594.000000	0.017600
596.000000	0.011583
598.000000	0.005124
600.000000	0.017426
602.000000	0.034561
604.000000	0.032877
606.000000	0.016986
608.000000	0.000995
610.000000	-0.003628
612.000000	-0.016475
614.000000	-0.035912
616.000000	-0.025196
618.000000	-0.007818
620.000000	-0.009990
622.000000	0.001469
624.000000	0.020902
626.000000	0.018658
628.000000	0.007257
630.000000	-0.003119
632.000000	-0.015656
634.000000	-0.027744
636.000000	-0.031440
638.000000	-0.015979
640.000000	0.002403
642.000000	0.003586
644.000000	0.002940
646.000000	0.004191
648.000000	-0.000494
650.000000	0.002822
652.000000	0.010458
654.000000	-0.006689
656.000000	-0.020043
658.000000	-0.005579
660.000000	-0.002823
662.000000	-0.015476
664.000000	-0.017882
666.000000	0.010026
668.000000	0.039236
670.000000	0.014850
672.000000	0.001891
674.000000	0.030071
676.000000	0.025758
678.000000	0.002831
680.000000	0.000214
682.000000	0.004896
684.000000	0.007294
686.000000	0.006739
688.000000	0.006045
690.000000	0.008288
692.000000	0.013708
694.000000	0.010313
696.000000	0.002731
698.000000	0.021040
700.000000	0.038981
702.000000	0.027752
704.000000	0.017557
706.000000	0.008911
708.000000	-0.012225
710.000000	-0.016700
712.000000	-0.002695
714.000000	0.000986
716.000000	0.002319
718.000000	0.011133
720.000000	0.022378
722.000000	0.034349
724.000000	0.049010
726.000000	0.069226
728.000000	0.070096
730.000000	0.032079
732.000000	0.005762
734.000000	-0.001799
736.000000	-0.021740
738.000000	-0.020919
740.000000	0.008311
742.000000	0.022819
744.000000	0.016877
746.000000	0.005305
748.000000	0.007566
750.000000	0.017432
752.000000	0.022530
754.000000	0.030660
756.000000	0.030715
758.000000	0.009283
760.000000	0.003290
762.000000	0.012345
764.000000	-0.001964
766.000000	-0.014036
768.000000	-0.006852
770.000000	-0.002318
772.000000	-0.003346
774.000000	-0.003112
776.000000	0.004299
778.000000	0.012982
780.000000	0.021731
782.000000	0.056077
784.000000	0.087976
786.000000	0.069238
788.000000	0.042478
790.000000	0.036458
792.000000	0.042778
794.000000	0.047236
796.000000	0.037942
798.000000	0.012643
800.000000	0.001004
802.000000	0.014830
804.000000	0.014801
806.000000	0.001230
808.000000	-0.004660
810.000000	0.007257
812.000000	0.021827
814.000000	0.016409
816.000000	-0.001511
818.000000	-0.010761
820.000000	0.006752
822.000000	0.026864
824.000000	0.031663
826.000000	0.025115
828.000000	0.020105
830.000000	0.018713
832.000000	0.006776
834.000000	-0.002292
836.000000	0.003963
838.000000	0.012427
840.000000	0.016881
842.000000	0.017097
844.000000	0.014177
846.000000	0.013516
848.000000	0.020780
850.000000	0.032899
852.000000	0.036206
854.000000	0.019502
856.000000	0.011562
858.000000	0.024150
860.000000	0.040554
862.000000	0.049253
864.000000	0.039849
866.000000	0.007659
868.000000	-0.007897
870.000000	0.006949
872.000000	0.003034
874.000000	-0.007232
876.000000	-0.004201
878.000000	-0.015424
880.000000	-0.022672
882.000000	-0.003739
884.000000	0.001545
886.000000	-0.007388
888.000000	-0.007972
890.000000	-0.012120
892.000000	-0.012366
894.000000	0.005937
896.000000	0.004303
898.000000	-0.015204
900.000000	-0.010827
902.000000	-0.003119
904.000000	-0.006356
906.000000	-0.007167
908.000000	-0.000609
910.000000	0.008244
912.000000	0.007210
914.000000	-0.001786
916.000000	-0.008547
918.000000	-0.002047
920.000000	0.005179
922.000000	-0.000091
924.000000	-0.010120
926.000000	-0.010180
928.000000	0.002236
930.000000	-0.000175
932.000000	-0.010722
934.000000	-0.010429
936.000000	-0.011116
938.000000	-0.017715
940.000000	-0.024649
942.000000	-0.021100
944.000000	-0.009872
946.000000	-0.002104
948.000000	0.003734
950.000000	0.008100
952.000000	0.007187
954.000000	-0.004307
956.000000	-0.018086
958.000000	-0.015724
960.000000	0.000790
962.000000	0.016014
964.000000	0.011335
966.000000	-0.003572
968.000000	-0.008556
970.000000	0.009955
972.000000	0.018039
974.000000	0.003146
976.000000	0.001024
978.000000	0.007225
980.000000	0.003684
982.000000	-0.014292
984.000000	-0.000774
986.000000	0.048427
988.000000	0.043599
990.000000	0.015590
992.000000	0.019355
994.000000	0.038091
996.000000	0.048921
998.000000	0.049054
1000.000000	0.070253
1002.000000	0.107708
1004.000000	0.103913
1006.000000	0.100118
1008.000000	0.096323
1010.000000	0.092528
1012.000000	0.060459
1014.000000	0.043855
1016.000000	0.043956
1018.000000	0.039512
1020.000000	0.027023
1022.000000	0.018513
1024.000000	0.027309
1026.000000	0.040219
1028.000000	0.038193
1030.000000	0.037086
1032.000000	0.047722
1034.000000	0.067899
1036.000000	0.082519
1038.000000	0.090963
1040.000000	0.103368
1042.000000	0.123933
1044.000000	0.157065
1046.000000	0.199839
1048.000000	0.225248
1050.000000	0.229282
1052.000000	0.228316
1054.000000	0.231605
1056.000000	0.226265
1058.000000	0.198239
1060.000000	0.181446
1062.000000	0.178887
1064.000000	0.166360
1066.000000	0.141476
1068.000000	0.118795
1070.000000	0.113589
1072.000000	0.110554
1074.000000	0.098855
1076.000000	0.081643
1078.000000	0.076702
1080.000000	0.078506
1082.000000	0.069068
1084.000000	0.059703
1086.000000	0.054253
1088.000000	0.051034
1090.000000	0.063952
1092.000000	0.076372
1094.000000	0.059380
1096.000000	0.030516
1098.000000	0.014776
1100.000000	0.027283
1102.000000	0.055640
1104.000000	0.056896
1106.000000	0.011114
1108.000000	0.013298
1110.000000	0.051261
1112.000000	0.050220
1114.000000	0.027308
1116.000000	0.014913
1118.000000	0.023149
1120.000000	0.010599
1122.000000	-0.000265
1124.000000	0.025396
1126.000000	0.033751
1128.000000	0.029138
1130.000000	0.039659
1132.000000	0.040252
1134.000000	0.016934
1136.000000	-0.016956
1138.000000	-0.019768
1140.000000	-0.012705
1142.000000	-0.025095
1144.000000	-0.027704
1146.000000	-0.022238
1148.000000	-0.020132
1150.000000	-0.014035
1152.000000	-0.012024
1154.000000	-0.017446
1156.000000	-0.012425
1158.000000	0.001399
1160.000000	0.008197
1162.000000	-0.007042
1164.000000	-0.010020
1166.000000	0.004677
1168.000000	-0.015103
1170.000000	-0.026004
1172.000000	0.001282
1174.000000	0.026161
1176.000000	0.008479
1178.000000	-0.030182
1180.000000	-0.019506
1182.000000	-0.003397
1184.000000	-0.009569
1186.000000	-0.012479
1188.000000	-0.003190
1190.000000	0.011613
1192.000000	0.015827
1194.000000	-0.001728
1196.000000	-0.020975
1198.000000	-0.011753
1200.000000	0.006286
1202.000000	0.018084
1204.000000	0.025387
1206.000000	0.041646
1208.000000	0.052000
1210.000000	0.043702
1212.000000	0.053529
1214.000000	0.063674
1216.000000	0.053432
1218.000000	0.065118
1220.000000	0.073783
1222.000000	0.055203
1224.000000	0.050880
1226.000000	0.064952
1228.000000	0.084950
1230.000000	0.103094
1232.000000	0.111417
1234.000000	0.115146
1236.000000	0.130029
1238.000000	0.137066
1240.000000	0.135587
1242.000000	0.145057
1244.000000	0.132885
1246.000000	0.103421
1248.000000	0.099200
1250.000000	0.125035
1252.000000	0.147904
1254.000000	0.128824
1256.000000	0.081504
1258.000000	0.061932
1260.000000	0.097272
1262.000000	0.106259
1264.000000	0.090538
1266.000000	0.089683
1268.000000	0.104773
1270.000000	0.094206
1272.000000	0.061225
1274.000000	0.083611
1276.000000	0.105681
1278.000000	0.090521
1280.000000	0.083876
1282.000000	0.091248
1284.000000	0.090934
1286.000000	0.070250
1288.000000	0.096565
1290.000000	0.141134
1292.000000	0.127729
1294.000000	0.122315
1296.000000	0.124310
1298.000000	0.109552
1300.000000	0.136910
1302.000000	0.164355
1304.000000	0.145054
1306.000000	0.132343
1308.000000	0.144418
1310.000000	0.162173
1312.000000	0.153157
1314.000000	0.145857
1316.000000	0.154105
1318.000000	0.155555
1320.000000	0.148771
1322.000000	0.150720
1324.000000	0.168734
1326.000000	0.151586
1328.000000	0.126244
1330.000000	0.143481
1332.000000	0.163263
1334.000000	0.179800
1336.000000	0.192958
1338.000000	0.175980
1340.000000	0.174765
1342.000000	0.190067
1344.000000	0.147319
1346.000000	0.128412
1348.000000	0.153640
1350.000000	0.149107
1352.000000	0.139398
1354.000000	0.140213
1356.000000	0.141626
1358.000000	0.138649
1360.000000	0.133359
1362.000000	0.133367
1364.000000	0.145654
1366.000000	0.146539
1368.000000	0.130057
1370.000000	0.126730
1372.000000	0.106196
1374.000000	0.076346
1376.000000	0.089875
1378.000000	0.111144
1380.000000	0.107388
1382.000000	0.083512
1384.000000	0.084127
1386.000000	0.097625
1388.000000	0.092813
1390.000000	0.078343
1392.000000	0.065878
1394.000000	0.065955
1396.000000	0.082813
1398.000000	0.091464
1400.000000	0.084352
1402.000000	0.080916
1404.000000	0.093321
1406.000000	0.106182
1408.000000	0.098443
1410.000000	0.084642
1412.000000	0.083052
1414.000000	0.087003
1416.000000	0.061448
1418.000000	0.055178
1420.000000	0.077267
1422.000000	0.066458
1424.000000	0.057456
1426.000000	0.074221
1428.000000	0.099557
1430.000000	0.099691
1432.000000	0.074214
1434.000000	0.058833
1436.000000	0.098627
1438.000000	0.122586
1440.000000	0.100484
1442.000000	0.109267
1444.000000	0.122234
1446.000000	0.124447
1448.000000	0.137665
1450.000000	0.157574
1452.000000	0.158036
1454.000000	0.130535
1456.000000	0.122075
1458.000000	0.143173
1460.000000	0.158914
1462.000000	0.124854
1464.000000	0.120247
1466.000000	0.134759
1468.000000	0.088780
1470.000000	0.076154
1472.000000	0.090495
1474.000000	0.080823
1476.000000	0.086704
1478.000000	0.088263
1480.000000	0.066065
1482.000000	0.045878
1484.000000	0.049753
1486.000000	0.074420
1488.000000	0.091844
1490.000000	0.070111
1492.000000	0.028858
1494.000000	0.010722
1496.000000	0.028236
1498.000000	0.022638
1500.000000	-0.006942
1502.000000	0.013712
1504.000000	0.024776
1506.000000	0.010043
1508.000000	0.004929
1510.000000	0.004694
1512.000000	-0.002433
1514.000000	-0.014583
1516.000000	-0.013022
1518.000000	-0.007612
1520.000000	-0.010071
1522.000000	-0.019332
1524.000000	-0.022670
1526.000000	-0.006092
1528.000000	0.014578
1530.000000	-0.018617
1532.000000	-0.031330
1534.000000	0.003475
1536.000000	-0.002628
1538.000000	-0.018703
1540.000000	-0.012391
1542.000000	0.008197
1544.000000	0.009036
1546.000000	0.009067
1548.000000	0.020342
1550.000000	0.007762
1552.000000	0.002808
1554.000000	0.020006
1556.000000	0.037754
1558.000000	0.050279
1560.000000	0.042619
1562.000000	0.019146
1564.000000	0.023427
1566.000000	0.030186
1568.000000	0.031615
1570.000000	0.058229
1572.000000	0.088972
1574.000000	0.105033
1576.000000	0.107026
1578.000000	0.111746
1580.000000	0.117987
1582.000000	0.117488
1584.000000	0.106738
1586.000000	0.091919
1588.000000	0.074199
1590.000000	0.056896
1592.000000	0.057936
1594.000000	0.068379
1596.000000	0.074153
1598.000000	0.075520
1600.000000	0.083018
1602.000000	0.096426
1604.000000	0.106207
1606.000000	0.107632
1608.000000	0.101844
1610.000000	0.090183
1612.000000	0.072475
1614.000000	0.056507
1616.000000	0.052135
1618.000000	0.063834
1620.000000	0.081760
1622.000000	0.082823
1624.000000	0.065398
1626.000000	0.058832
1628.000000	0.060604
1630.000000	0.062811
1632.000000	0.061011
1634.000000	0.052664
1636.000000	0.052034
1638.000000	0.051901
1640.000000	0.029749
1642.000000	0.061382
1644.000000	0.109286
1646.000000	0.091809
1648.000000	0.075731
1650.000000	0.076918
1652.000000	0.083757
1654.000000	0.095918
1656.000000	0.125247
1658.000000	0.148115
1660.000000	0.135570
1662.000000	0.109020
1664.000000	0.103355
1666.000000	0.127244
1668.000000	0.152758
1670.000000	0.149000
1672.000000	0.147249
1674.000000	0.165032
1676.000000	0.139714
1678.000000	0.131918
1680.000000	0.149397
1682.000000	0.131217
1684.000000	0.117933
1686.000000	0.104336
1688.000000	0.081473
1690.000000	0.082970
1692.000000	0.086950
1694.000000	0.077622
1696.000000	0.065021
1698.000000	0.066530
1700.000000	0.075411
1702.000000	0.075904
1704.000000	0.076397
1706.000000	0.076890
1708.000000	0.077384
1710.000000	0.077877
1712.000000	0.078370
1714.000000	0.078863
1716.000000	-0.011959
1718.000000	-0.006704
1720.000000	-0.003504
1722.000000	0.009684
1724.000000	0.027006
1726.000000	-0.003543
1728.000000	-0.012827
1730.000000	0.011604
1732.000000	0.020942
1734.000000	0.010459
1736.000000	-0.004088
1738.000000	-0.011378
1740.000000	-0.013286
1742.000000	-0.013019
1744.000000	-0.008578
1746.000000	-0.000361
1748.000000	0.001722
1750.000000	-0.010292
1752.000000	-0.023499
1754.000000	-0.022103
1756.000000	-0.020843
1758.000000	0.003086
1760.000000	0.023868
1762.000000	-0.021017
1764.000000	-0.036894
1766.000000	-0.014252
1768.000000	-0.005889
1770.000000	-0.026128
1772.000000	-0.029247
1774.000000	-0.011603
1776.000000	-0.005078
1778.000000	-0.001970
1780.000000	0.003156
1782.000000	0.000873
1784.000000	-0.017019
1786.000000	-0.016325
1788.000000	-0.002727
1790.000000	-0.002346
1792.000000	-0.018668
1794.000000	-0.018754
1796.000000	-0.004356
1798.000000	0.003507
1800.000000	0.013122
1802.000000	0.008139
1804.000000	0.002128
1806.000000	0.021587
1808.000000	0.018099
1810.000000	-0.005443
1812.000000	-0.017837
1814.000000	-0.008037
1816.000000	-0.010234
1818.000000	-0.012681
1820.000000	0.001074
1822.000000	-0.001772
1824.000000	-0.021999
1826.000000	-0.014303
1828.000000	-0.013021
1830.000000	-0.011738
1832.000000	-0.019969
1834.000000	0.019529
1836.000000	-0.001564
1838.000000	-0.018504
1840.000000	-0.000027
1842.000000	0.019297
1844.000000	-0.005978
1846.000000	-0.016427
1848.000000	-0.000779
1850.000000	0.009572
1852.000000	-0.001844
1854.000000	-0.004883
1856.000000	0.000000
1858.000000	-0.007688
1860.000000	-0.018729
1862.000000	-0.000107
1864.000000	0.023010
1866.000000	0.010995
1868.000000	0.015691
1870.000000	0.006796
1872.000000	-0.013635
1874.000000	-0.003473
1876.000000	-0.016318
1878.000000	-0.018360
1880.000000	-0.005416
1882.000000	-0.030524
1884.000000	-0.006280
1886.000000	0.014599
1888.000000	-0.008529
1890.000000	0.010630
1892.000000	0.011634
1894.000000	-0.003164
1896.000000	0.000996
1898.000000	0.002523
1900.000000	0.009482
1902.000000	0.012881
1904.000000	0.008797
1906.000000	0.028220
1908.000000	0.022991
1910.000000	-0.000415
1912.000000	0.001501
1914.000000	0.000642
1916.000000	-0.002599
1918.000000	-0.004860
1920.000000	-0.011306
1922.000000	-0.016863
1924.000000	0.003203
1926.000000	0.028779
1928.000000	0.019419
1930.000000	0.020732
1932.000000	0.009248
1934.000000	-0.009341
1936.000000	0.012065
1938.000000	0.014508
1940.000000	-0.005351
1942.000000	-0.017870
1944.000000	-0.005486
1946.000000	0.029812
1948.000000	0.033124
1950.000000	0.001015
1952.000000	0.004971
1954.000000	0.016149
1956.000000	-0.005493
1958.000000	-0.036067
1960.000000	-0.011444
1962.000000	-0.000120
1964.000000	-0.000397
1966.000000	0.012330
1968.000000	0.013658
1970.000000	0.010699
1972.000000	0.004760
1974.000000	0.002953
1976.000000	0.017790
1978.000000	0.003280
1980.000000	-0.005746
1982.000000	0.019904
1984.000000	0.021966
1986.000000	0.005673
1988.000000	-0.008057
1990.000000	-0.006643
1992.000000	0.003881
1994.000000	-0.009447
1996.000000	-0.013046
1998.000000	0.012809
2000.000000	0.012405
2002.000000	0.006289
2004.000000	0.010806
2006.000000	0.018262
2008.000000	0.015301
2010.000000	0.010078
2012.000000	0.000711
2014.000000	-0.010778
2016.000000	-0.006361
2018.000000	0.012724
2020.000000	0.012288
2022.000000	-0.010246
2024.000000	-0.009050
2026.000000	-0.009755
2028.000000	-0.003832
2030.000000	0.008685
2032.000000	-0.001581
2034.000000	0.006897
2036.000000	0.003063
2038.000000	-0.017866
2040.000000	-0.001972
2042.000000	-0.005360
2044.000000	-0.003279
2046.000000	0.016389
2048.000000	0.009856
2050.000000	0.001672
2052.000000	0.003849
2054.000000	0.007529
2056.000000	0.004406
2058.000000	0.009003
2060.000000	0.014836
2062.000000	0.014671
2064.000000	0.011738
2066.000000	0.008450
2068.000000	0.000658
2070.000000	-0.008535
2072.000000	-0.004561
2074.000000	0.020394
2076.000000	0.013512
2078.000000	-0.013596
2080.000000	-0.017444
2082.000000	-0.017505
2084.000000	0.006879
2086.000000	0.022997
2088.000000	0.001405
2090.000000	-0.005365
2092.000000	0.026970
2094.000000	0.035340
2096.000000	-0.003673
2098.000000	-0.009214
2100.000000	0.013554
2102.000000	0.021395
2104.000000	0.013470
2106.000000	0.023996
2108.000000	0.011740
2110.000000	-0.003550
2112.000000	0.002317
2114.000000	0.008565
2116.000000	-0.017441
2118.000000	-0.008647
2120.000000	0.010415
2122.000000	-0.015905
2124.000000	-0.000459
2126.000000	-0.005336
2128.000000	-0.014094
2130.000000	0.012589
2132.000000	0.009750
2134.000000	0.003081
2136.000000	-0.000138
2138.000000	-0.003484
2140.000000	0.003056
2142.000000	0.003346
2144.000000	0.012810
2146.000000	0.018545
2148.000000	-0.008990
2150.000000	-0.017587
2152.000000	-0.008292
2154.000000	0.000055
2156.000000	0.008546
2158.000000	0.028189
2160.000000	0.011466
2162.000000	-0.009857
2164.000000	0.002701
2166.000000	0.004468
2168.000000	0.013077
2170.000000	0.026116
2172.000000	0.029938
2174.000000	0.025655
2176.000000	0.019000
2178.000000	-0.002260
2180.000000	-0.006825
2182.000000	0.024339
2184.000000	0.007973
2186.000000	0.002160
2188.000000	0.003312
2190.000000	-0.005029
2192.000000	0.032626
2194.000000	0.025670
2196.000000	-0.001930
2198.000000	-0.009205
2200.000000	-0.015420
2202.000000	0.009738
2204.000000	-0.001377
2206.000000	-0.015631
2208.000000	0.028608
2210.000000	0.020407
2212.000000	0.015735
2214.000000	0.014004
2216.000000	-0.008563
2218.000000	-0.008614
2220.000000	0.010029
2222.000000	0.010050
2224.000000	0.003426
2226.000000	0.021754
2228.000000	0.009616
2230.000000	0.002753
2232.000000	0.004840
2234.000000	-0.008599
2236.000000	-0.019077
2238.000000	-0.009728
2240.000000	0.014036
2242.000000	0.018148
2244.000000	-0.013338
2246.000000	-0.012687
2248.000000	0.008186
2250.000000	0.014187
2252.000000	0.010372
2254.000000	0.024860
2256.000000	-0.010918
2258.000000	-0.021821
2260.000000	0.009372
2262.000000	-0.014452
2264.000000	-0.003298
2266.000000	0.001933
2268.000000	0.007150
2270.000000	0.033863
2272.000000	0.003335
2274.000000	-0.002763
2276.000000	0.005658
2278.000000	-0.006492
2280.000000	-0.016605
2282.000000	-0.020579
2284.000000	-0.000001
2286.000000	0.020568
2288.000000	0.015798
2290.000000	0.014200
2292.000000	-0.003676
2294.000000	-0.012527
2296.000000	-0.000989
2298.000000	0.008325
2300.000000	0.023187
2302.000000	0.001857
2304.000000	-0.012015
2306.000000	0.013813
2308.000000	0.008897
2310.000000	0.006720
2312.000000	0.009051
2314.000000	-0.001228
2316.000000	-0.013445
2318.000000	0.004861
2320.000000	0.008410
2322.000000	0.001589
2324.000000	0.009717
2326.000000	0.023603
2328.000000	0.031785
2330.000000	0.019425
2332.000000	0.004922
2334.000000	0.006915
2336.000000	0.005680
2338.000000	0.009678
2340.000000	-0.000913
2342.000000	-0.006788
2344.000000	0.016760
2346.000000	0.005684
2348.000000	0.016519
2350.000000	0.010274
2352.000000	-0.021388
2354.000000	0.004981
2356.000000	0.014284
2358.000000	-0.000726
2360.000000	-0.010379
2362.000000	-0.005529
2364.000000	-0.002622
2366.000000	0.000329
2368.000000	-0.002027
2370.000000	-0.007811
2372.000000	-0.000527
2374.000000	0.008714
2376.000000	0.017955
2378.000000	-0.000616
2380.000000	-0.004096
2382.000000	-0.005518
2384.000000	0.005336
2386.000000	0.026662
2388.000000	0.014816
2390.000000	-0.012817
2392.000000	0.012442
2394.000000	0.007631
2396.000000	-0.018549
2398.000000	-0.011071
2400.000000	0.020991
2402.000000	0.009021
2404.000000	-0.003327
2406.000000	-0.010300
2408.000000	0.006493
2410.000000	0.034868
2412.000000	0.000918
2414.000000	-0.007402
2416.000000	-0.000146
2418.000000	0.013434
2420.000000	0.029648
2422.000000	-0.018205
2424.000000	-0.012963
2426.000000	0.011663
2428.000000	0.012289
2430.000000	0.027173
2432.000000	0.039965
2434.000000	0.009319
2436.000000	-0.005040
2438.000000	0.003591
2440.000000	-0.017729
2442.000000	0.001943
2444.000000	0.013905
2446.000000	0.018082
2448.000000	0.020230
2450.000000	-0.002456
2452.000000	-0.010862
2454.000000	-0.002099
2456.000000	0.002259
2458.000000	0.000892
2460.000000	0.004475
2462.000000	-0.010311
2464.000000	-0.003756
2466.000000	0.007257
2468.000000	0.002121
2470.000000	0.005268
2472.000000	0.008744
2474.000000	0.005362
2476.000000	0.005406
2478.000000	0.010384
2480.000000	0.004721
2482.000000	-0.008664
2484.000000	-0.007046
2486.000000	0.010337
2488.000000	0.017278
2490.000000	0.002605
2492.000000	0.005626
2494.000000	0.016918
2496.000000	0.003030
2498.000000	-0.017136
2500.000000	-0.007433
2502.000000	-0.017167
2504.000000	-0.015771
2506.000000	-0.010023
2508.000000	-0.001453
2510.000000	0.019946
2512.000000	0.009302
2514.000000	-0.004853
2516.000000	0.006471
2518.000000	0.019028
2520.000000	0.002204
2522.000000	-0.010697
2524.000000	-0.003765
2526.000000	-0.002790
2528.000000	-0.011181
2530.000000	-0.010050
2532.000000	-0.005639
2534.000000	-0.001830
2536.000000	0.009079
2538.000000	0.012072
2540.000000	-0.000816
2542.000000	-0.007590
2544.000000	-0.021613
2546.000000	-0.004754
2548.000000	0.017007
2550.000000	0.011916
2552.000000	0.007204
2554.000000	-0.006979
2556.000000	0.004060
2558.000000	0.016235
2560.000000	0.004877
2562.000000	-0.005690
2564.000000	-0.007245
2566.000000	-0.004178
2568.000000	0.013551
2570.000000	0.014292
2572.000000	-0.005762
2574.000000	0.028172
2576.000000	0.010406
2578.000000	-0.009348
2580.000000	0.005975
2582.000000	0.022563
2584.000000	0.028231
2586.000000	0.022224
2588.000000	0.008894
2590.000000	0.005549
2592.000000	-0.000906
2594.000000	-0.022681
2596.000000	-0.000929
2598.000000	0.002450
2600.000000	0.009107
2602.000000	0.006657
2604.000000	-0.020425
2606.000000	0.012596
2608.000000	0.018630
2610.000000	0.024199
2612.000000	0.023136
2614.000000	0.006466
2616.000000	0.015695
2618.000000	0.001907
2620.000000	0.009387
2622.000000	0.018806
2624.000000	0.006244
2626.000000	0.008625
2628.000000	0.012878
2630.000000	0.017132
2632.000000	0.003152
2634.000000	0.021796
2636.000000	0.021825
2638.000000	-0.001425
2640.000000	0.004617
2642.000000	0.001190
2644.000000	0.008995
2646.000000	0.024319
2648.000000	-0.001325
2650.000000	-0.031458
2652.000000	0.005723
2654.000000	0.024925
2656.000000	0.023045
2658.000000	0.032397
2660.000000	0.017987
2662.000000	0.015755
2664.000000	-0.011884
2666.000000	-0.003088
2668.000000	0.028623
2670.000000	0.012714
2672.000000	-0.005740
2674.000000	-0.017425
2676.000000	-0.003004
2678.000000	-0.017190
2680.000000	-0.038468
2682.000000	0.010648
2684.000000	0.037552
2686.000000	0.018838
2688.000000	0.002872
2690.000000	0.005521
2692.000000	0.014026
2694.000000	0.015943
2696.000000	-0.021431
2698.000000	-0.017319
2700.000000	0.025127
2702.000000	0.019851
2704.000000	-0.017453
2706.000000	0.020173
2708.000000	0.006600
2710.000000	-0.017401
2712.000000	0.003003
2714.000000	0.026391
2716.000000	0.011571
2718.000000	0.016475
2720.000000	0.048980
2722.000000	0.043436
2724.000000	0.011493
2726.000000	0.006106
2728.000000	0.024033
2730.000000	0.023257
2732.000000	0.004785
2734.000000	0.010280
2736.000000	0.018282
2738.000000	0.010115
2740.000000	0.015591
2742.000000	0.017815
2744.000000	0.005079
2746.000000	0.007650
2748.000000	-0.001284
2750.000000	-0.019320
2752.000000	0.003650
2754.000000	0.004726
2756.000000	0.003523
2758.000000	0.008824
2760.000000	0.003508
2762.000000	-0.008790
2764.000000	-0.003124
2766.000000	0.011840
2768.000000	0.021944
2770.000000	0.013487
2772.000000	-0.000079
2774.000000	0.003632
2776.000000	0.011347
2778.000000	-0.012477
2780.000000	-0.025186
2782.000000	-0.007567
2784.000000	-0.020083
2786.000000	-0.040148
2788.000000	0.008762
2790.000000	0.016607
2792.000000	-0.004691
2794.000000	-0.013919
2796.000000	-0.010391
2798.000000	-0.014245
2800.000000	-0.023169
2802.000000	-0.019143
2804.000000	-0.022672
2806.000000	-0.018722
2808.000000	0.002761
2810.000000	-0.006538
2812.000000	-0.041809
2814.000000	-0.000400
2816.000000	0.007074
2818.000000	-0.030837
2820.000000	-0.002327
2822.000000	0.035826
2824.000000	0.000245
2826.000000	0.002621
2828.000000	-0.030674
2830.000000	-0.013441
2832.000000	0.043883
2834.000000	0.059095
2836.000000	0.031993
2838.000000	0.036208
2840.000000	0.070159
2842.000000	0.078704
2844.000000	0.078597
2846.000000	0.090300
2848.000000	0.121968
2850.000000	0.169814
2852.000000	0.196397
2854.000000	0.211182
2856.000000	0.251514
2858.000000	0.269363
2860.000000	0.277369
2862.000000	0.309209
2864.000000	0.306456
2866.000000	0.315624
2868.000000	0.369537
2870.000000	0.427575
2872.000000	0.451511
2874.000000	0.480924
2876.000000	0.530268
2878.000000	0.512579
2880.000000	0.534246
2882.000000	0.536589
2884.000000	0.520535
2886.000000	0.506421
2888.000000	0.498987
2890.000000	0.528694
2892.000000	0.540816
2894.000000	0.543893
2896.000000	0.580244
2898.000000	0.601223
2900.000000	0.586610
2902.000000	0.583486
2904.000000	0.588019
2906.000000	0.652988
2908.000000	0.702411
2910.000000	0.710275
2912.000000	0.733431
2914.000000	0.787579
2916.000000	0.821883
2918.000000	0.830410
2920.000000	0.823426
2922.000000	0.866084
2924.000000	0.904519
2926.000000	0.888527
2928.000000	0.899596
2930.000000	0.975652
2932.000000	0.971815
2934.000000	1.000000
2936.000000	0.954269
2938.000000	0.919387
2940.000000	0.945774
2942.000000	0.926024
2944.000000	0.878346
2946.000000	0.812414
2948.000000	0.787408
2950.000000	0.758466
2952.000000	0.723717
2954.000000	0.697426
2956.000000	0.658376
2958.000000	0.630324
2960.000000	0.647439
2962.000000	0.629560
2964.000000	0.607812
2966.000000	0.600098
2968.000000	0.557770
2970.000000	0.518616
2972.000000	0.541723
2974.000000	0.458050
2976.000000	0.512210
2978.000000	0.480939
2980.000000	0.435600
2982.000000	0.440186
2984.000000	0.384051
2986.000000	0.387870
2988.000000	0.334115
2990.000000	0.305431
2992.000000	0.307216
2994.000000	0.279420
2996.000000	0.217638
2998.000000	0.173528
3000.000000	0.171308
3002.000000	0.173149
3004.000000	0.130504
3006.000000	0.087076
3008.000000	0.104865
3010.000000	0.097685
3012.000000	0.049511
3014.000000	0.068029
3016.000000	0.053598
3018.000000	0.025650
3020.000000	0.021735
3022.000000	0.003886
3024.000000	-0.024781
3026.000000	-0.034309
3028.000000	-0.023981
3030.000000	-0.003901
3032.000000	-0.016893
3034.000000	-0.009746
3036.000000	0.002431
3038.000000	-0.005046
3040.000000	-0.000171
3042.000000	0.020503
3044.000000	0.009242
3046.000000	-0.005016
3048.000000	0.000291
3050.000000	0.023344
3052.000000	0.001255
3054.000000	-0.004907
3056.000000	0.033833
3058.000000	0.056525
3060.000000	0.089095
3062.000000	0.080966
3064.000000	0.082662
3066.000000	0.099907
3068.000000	0.085094
3070.000000	0.049574
3072.000000	0.033170
3074.000000	0.025348
3076.000000	0.009303
3078.000000	-0.009877
3080.000000	0.012384
3082.000000	0.016587
3084.000000	0.001397
3086.000000	0.005711
3088.000000	0.019866
3090.000000	0.015810
3092.000000	-0.003251
3094.000000	0.005809
3096.000000	0.012494
3098.000000	0.002562
3100.000000	0.002019
3102.000000	-0.005360
3104.000000	-0.029731
3106.000000	-0.023435
3108.000000	-0.003033
3110.000000	0.000845
3112.000000	-0.030883
3114.000000	-0.022525
3116.000000	0.006105
3118.000000	-0.004273
3120.000000	-0.020557
3122.000000	0.000665
3124.000000	0.010936
3126.000000	-0.027231
3128.000000	-0.011342
3130.000000	0.007221
3132.000000	0.023588
3134.000000	0.028713
3136.000000	-0.005066
3138.000000	-0.018243
3140.000000	0.007921
3142.000000	0.001064
3144.000000	-0.024723
3146.000000	0.009776
3148.000000	0.039071
3150.000000	0.016974
3152.000000	-0.015736
3154.000000	-0.013233
3156.000000	0.017247
3158.000000	-0.033744
3160.000000	-0.030852
3162.000000	-0.014500
3164.000000	-0.028983
3166.000000	-0.030804
3168.000000	-0.011469
3170.000000	-0.008859
3172.000000	-0.010767
3174.000000	0.003542
3176.000000	-0.007047
3178.000000	-0.015591
3180.000000	0.014013
3182.000000	0.014139
3184.000000	-0.009234
3186.000000	-0.017361
3188.000000	-0.013812
3190.000000	0.017964
3192.000000	0.017936
3194.000000	0.007526
3196.000000	-0.017599
3198.000000	-0.029511
3200.000000	-0.005294
3202.000000	0.018135
3204.000000	0.011647
3206.000000	0.004140
3208.000000	0.015997
3210.000000	0.032012
3212.000000	0.027552
3214.000000	0.027775
3216.000000	0.030574
3218.000000	0.012655
3220.000000	-0.004044
3222.000000	0.024336
3224.000000	0.044087
3226.000000	-0.012023
3228.000000	-0.008727
3230.000000	0.015200
3232.000000	0.011669
3234.000000	0.007098
3236.000000	0.018143
3238.000000	0.014063
3240.000000	0.007585
3242.000000	0.022679
3244.000000	0.019322
3246.000000	0.015829
3248.000000	0.007059
3250.000000	0.004824
3252.000000	-0.003067
3254.000000	0.031887
3256.000000	0.061868
3258.000000	0.049651
3260.000000	0.036375
3262.000000	0.027182
3264.000000	0.037731
3266.000000	0.029238
3268.000000	0.029336
3270.000000	0.056373
3272.000000	0.034976
3274.000000	0.012355
3276.000000	0.023255
3278.000000	0.042277
3280.000000	0.050474
3282.000000	0.029875
3284.000000	0.058938
3286.000000	0.085033
3288.000000	0.047973
3290.000000	0.063867
3292.000000	0.057218
3294.000000	0.025961
3296.000000	0.049430
3298.000000	0.065380
3300.000000	0.050105
3302.000000	0.072499
3304.000000	0.026041
3306.000000	0.057077
3308.000000	0.101974
3310.000000	0.091657
3312.000000	0.071775
3314.000000	0.048888
3316.000000	0.042915
3318.000000	0.054370
3320.000000	0.051257
3322.000000	0.068726
3324.000000	0.073483
3326.000000	0.041478
3328.000000	0.046316
3330.000000	0.065917
3332.000000	0.058034
3334.000000	0.045461
3336.000000	0.057684
3338.000000	0.084674
3340.000000	0.089128
3342.000000	0.054059
3344.000000	0.034639
3346.000000	0.066948
3348.000000	0.053988
3350.000000	0.033148
3352.000000	0.022135
3354.000000	0.042636
3356.000000	0.048482
3358.000000	0.036441
3360.000000	0.044400
3362.000000	0.058458
3364.000000	0.053840
3366.000000	0.026693
3368.000000	0.045270
3370.000000	0.051808
3372.000000	0.026994
3374.000000	0.008119
3376.000000	0.039479
3378.000000	0.052055
3380.000000	0.021423
3382.000000	0.013488
3384.000000	0.017518
3386.000000	0.014060
3388.000000	0.050890
3390.000000	0.049639
3392.000000	0.053592
3394.000000	0.038246
3396.000000	0.033364
3398.000000	0.021992
3400.000000	0.003382
3402.000000	0.029955
3404.000000	0.060887
3406.000000	0.040889
3408.000000	0.013185
3410.000000	-0.000747
3412.000000	0.014430
3414.000000	0.013057
3416.000000	0.012684
3418.000000	0.010392
3420.000000	0.018074
3422.000000	0.038161
3424.000000	0.006656
3426.000000	0.002538
3428.000000	0.026737
3430.000000	0.012266
3432.000000	0.026885
3434.000000	0.035392
3436.000000	0.036254
3438.000000	-0.002917
3440.000000	0.012764
3442.000000	-0.007884
3444.000000	0.007357
3446.000000	0.008721
3448.000000	0.004094
3450.000000	0.000865
3452.000000	0.009915
3454.000000	0.025037
3456.000000	0.010945
3458.000000	0.020109
3460.000000	0.019757
3462.000000	0.000316
3464.000000	0.021649
3466.000000	-0.011001
3468.000000	-0.002014
3470.000000	-0.004843
3472.000000	-0.001792
3474.000000	0.001277
3476.000000	0.018055
3478.000000	-0.000087
3480.000000	-0.026138
3482.000000	0.025632
3484.000000	0.013995
3486.000000	-0.014876
3488.000000	0.034005
3490.000000	0.022956
3492.000000	0.029154
3494.000000	0.008539
3496.000000	-0.004435
3498.000000	0.018560
3500.000000	0.021172
3502.000000	-0.013298
3504.000000	-0.001120
3506.000000	0.010220
3508.000000	0.000251
3510.000000	0.015786
3512.000000	-0.034698
3514.000000	0.006164
3516.000000	0.016706
3518.000000	0.013352
3520.000000	-0.021117
3522.000000	0.012203
3524.000000	0.023185
3526.000000	-0.004386
3528.000000	-0.009076
3530.000000	-0.015053
3532.000000	-0.010993
3534.000000	-0.006716
3536.000000	-0.022088
3538.000000	-0.002817
3540.000000	0.013087
3542.000000	-0.001973
3544.000000	0.003315
3546.000000	-0.004208
3548.000000	0.042237
3550.000000	0.002585
3552.000000	-0.016837
3554.000000	-0.014403
3556.000000	0.009380
3558.000000	0.005094
3560.000000	0.013288
3562.000000	-0.021709
3564.000000	-0.052575
3566.000000	-0.001796
3568.000000	0.018201
3570.000000	0.008226
3572.000000	-0.016572
3574.000000	-0.003723
3576.000000	-0.002281
3578.000000	-0.021930
3580.000000	0.008220
3582.000000	-0.012962
3584.000000	-0.000257
3586.000000	0.012920
3588.000000	0.009243
3590.000000	-0.006140
3592.000000	0.013917
3594.000000	0.016352
3596.000000	0.004803
3598.000000	0.008309
3600.000000	-0.000282
