400.000000	-0.013347
402.000000	-0.005541
404.000000	-0.001009
406.000000	-0.004083
408.000000	-0.012114
410.000000	-0.003588
412.000000	0.013080
414.000000	0.005430
416.000000	-0.004234
418.000000	0.002838
420.000000	0.001395
422.000000	-0.000236
424.000000	0.019637
426.000000	0.026164
428.000000	0.008143
430.000000	0.001187
432.000000	0.002399
434.000000	-0.001446
436.000000	0.003550
438.000000	0.006534
440.000000	-0.018353
442.000000	-0.028318
444.000000	-0.001937
446.000000	0.007127
448.000000	-0.004742
450.000000	-0.012556
452.000000	-0.023174
454.000000	-0.032971
456.000000	-0.022482
458.000000	-0.009307
460.000000	-0.012626
462.000000	-0.018239
464.000000	-0.022178
466.000000	-0.028498
468.000000	-0.024096
470.000000	-0.010561
472.000000	-0.014196
474.000000	-0.024229
476.000000	-0.019479
478.000000	-0.007312
480.000000	-0.001271
482.000000	-0.011176
484.000000	-0.020584
486.000000	-0.017233
488.000000	-0.010796
490.000000	-0.007021
492.000000	-0.007085
494.000000	-0.009591
496.000000	-0.011853
498.000000	-0.011006
500.000000	-0.008410
502.000000	-0.004647
504.000000	0.003890
506.000000	0.014608
508.000000	0.020617
510.000000	0.016491
512.000000	0.005607
514.000000	-0.000366
516.000000	-0.002505
518.000000	-0.001184
520.000000	0.014492
522.000000	0.028056
524.000000	0.012373
526.000000	-0.018199
528.000000	-0.035216
530.000000	-0.013580
532.000000	0.012784
534.000000	0.010402
536.000000	0.003516
538.000000	0.005544
540.000000	0.013834
542.000000	0.018156
544.000000	0.009330
546.000000	-0.014173
548.000000	-0.024814
550.000000	-0.007799
552.000000	-0.001043
554.000000	-0.006031
556.000000	-0.001741
558.000000	-0.006016
560.000000	-0.016109
562.000000	0.000326
564.000000	0.019974
566.000000	0.015921
568.000000	0.004704
570.000000	-0.000149
572.000000	0.003797
574.000000	0.001473
576.000000	-0.008067
578.000000	-0.008163
580.000000	-0.003934
582.000000	-0.005789
584.000000	-0.015642
586.000000	-0.018312
588.000000	0.000657
590.000000	0.019768
592.000000	0.024527
594.000000	0.016397
596.000000	0.002646
598.000000	-0.007654
600.000000	-0.006093
602.000000	0.008411
604.000000	0.026248
606.000000	0.021313
608.000000	-0.005316
610.000000	-0.028304
612.000000	-0.036176
614.000000	-0.030766
616.000000	-0.024607
618.000000	-0.014693
620.000000	0.000483
622.000000	0.003036
624.000000	-0.002093
626.000000	0.001086
628.000000	-0.001195
630.000000	-0.011843
632.000000	-0.015168
634.000000	-0.008707
636.000000	0.000058
638.000000	-0.002053
640.000000	-0.003478
642.000000	0.007667
644.000000	0.003028
646.000000	-0.011037
648.000000	-0.002387
650.000000	0.004254
652.000000	-0.007933
654.000000	-0.022007
656.000000	-0.022652
658.000000	-0.007602
660.000000	0.002990
662.000000	0.002466
664.000000	-0.004510
666.000000	-0.012882
668.000000	-0.008543
670.000000	0.021398
672.000000	0.036044
674.000000	0.018346
676.000000	0.009112
678.000000	0.006653
680.000000	-0.002303
682.000000	-0.004261
684.000000	0.005523
686.000000	0.016876
688.000000	0.001319
690.000000	-0.032096
692.000000	-0.038460
694.000000	-0.018849
696.000000	0.005783
698.000000	0.011190
700.000000	-0.000538
702.000000	-0.008827
704.000000	0.014197
706.000000	0.037919
708.000000	0.018707
710.000000	0.013436
712.000000	0.029784
714.000000	0.016990
716.000000	0.000344
718.000000	0.005232
720.000000	0.020361
722.000000	0.036997
724.000000	0.049131
726.000000	0.051277
728.000000	0.040944
730.000000	0.023887
732.000000	0.023222
734.000000	0.028581
736.000000	0.010328
738.000000	0.004036
740.000000	0.021612
742.000000	0.028057
744.000000	0.035517
746.000000	0.052769
748.000000	0.050786
750.000000	0.041539
752.000000	0.047401
754.000000	0.053620
756.000000	0.046111
758.000000	0.022357
760.000000	0.002684
762.000000	-0.000161
764.000000	0.011015
766.000000	0.021748
768.000000	0.020178
770.000000	0.005288
772.000000	-0.007650
774.000000	-0.005504
776.000000	0.006488
778.000000	0.014825
780.000000	0.015058
782.000000	0.033468
784.000000	0.057544
786.000000	0.055205
788.000000	0.047452
790.000000	0.042824
792.000000	0.028771
794.000000	0.014860
796.000000	0.009751
798.000000	0.010098
800.000000	0.006140
802.000000	-0.000801
804.000000	0.010523
806.000000	0.023233
808.000000	0.015256
810.000000	0.004108
812.000000	0.001347
814.000000	0.006835
816.000000	0.010551
818.000000	0.009660
820.000000	0.009932
822.000000	0.017786
824.000000	0.026471
826.000000	0.019733
828.000000	0.014265
830.000000	0.020824
832.000000	0.018516
834.000000	0.016208
836.000000	0.013901
838.000000	0.004247
840.000000	0.000168
842.000000	0.003375
844.000000	0.002772
846.000000	0.001183
848.000000	0.005055
850.000000	-0.001318
852.000000	-0.006721
854.000000	-0.002321
856.000000	0.002079
858.000000	0.006479
860.000000	0.001719
862.000000	-0.002253
864.000000	-0.009903
866.000000	-0.008053
868.000000	-0.004717
870.000000	-0.008846
872.000000	-0.015083
874.000000	-0.008027
876.000000	0.010989
878.000000	0.003756
880.000000	-0.018241
882.000000	-0.024732
884.000000	-0.019272
886.000000	-0.014529
888.000000	-0.018751
890.000000	-0.018811
892.000000	-0.015897
894.000000	-0.019356
896.000000	-0.011848
898.000000	0.000481
900.000000	-0.007448
902.000000	-0.011461
904.000000	-0.002144
906.000000	0.000687
908.000000	0.006058
910.000000	0.010591
912.000000	-0.010999
914.000000	-0.018520
916.000000	0.007581
918.000000	0.014303
920.000000	-0.003661
922.000000	-0.022732
924.000000	-0.016930
926.000000	0.009514
928.000000	0.030994
930.000000	0.017183
932.000000	-0.007113
934.000000	-0.005246
936.000000	-0.001180
938.000000	-0.009680
940.000000	-0.026195
942.000000	-0.031177
944.000000	-0.022398
946.000000	-0.011224
948.000000	0.000693
950.000000	0.006875
952.000000	-0.000455
954.000000	-0.008423
956.000000	-0.008584
958.000000	-0.003204
960.000000	0.002655
962.000000	0.005421
964.000000	0.004708
966.000000	0.003514
968.000000	0.000512
970.000000	-0.009297
972.000000	-0.012457
974.000000	-0.005630
976.000000	-0.005888
978.000000	-0.004663
980.000000	0.007500
982.000000	0.023495
984.000000	0.029547
986.000000	0.019571
988.000000	0.005588
990.000000	0.007477
992.000000	0.023049
994.000000	0.012392
996.000000	0.011360
998.000000	0.051560
1000.000000	0.059210
1002.000000	0.066859
1004.000000	0.074508
1006.000000	0.082157
1008.000000	0.089807
1010.000000	0.038804
1012.000000	0.009428
1014.000000	0.013481
1016.000000	0.029942
1018.000000	0.030056
1020.000000	0.008741
1022.000000	-0.013617
1024.000000	0.001310
1026.000000	0.027396
1028.000000	0.023094
1030.000000	0.030173
1032.000000	0.044391
1034.000000	0.036903
1036.000000	0.034057
1038.000000	0.045791
1040.000000	0.059360
1042.000000	0.056931
1044.000000	0.056514
1046.000000	0.082211
1048.000000	0.091607
1050.000000	0.083369
1052.000000	0.086017
1054.000000	0.086594
1056.000000	0.085600
1058.000000	0.090930
1060.000000	0.078854
1062.000000	0.052814
1064.000000	0.039213
1066.000000	0.047533
1068.000000	0.068094
1070.000000	0.079093
1072.000000	0.063967
1074.000000	0.046328
1076.000000	0.059642
1078.000000	0.065900
1080.000000	0.055024
1082.000000	0.047598
1084.000000	0.048102
1086.000000	0.047933
1088.000000	0.038984
1090.000000	0.038567
1092.000000	0.048173
1094.000000	0.050387
1096.000000	0.025346
1098.000000	0.009486
1100.000000	0.041213
1102.000000	0.037500
1104.000000	0.011503
1106.000000	0.029284
1108.000000	0.046383
1110.000000	0.040801
1112.000000	0.022684
1114.000000	0.003696
1116.000000	0.009212
1118.000000	0.042188
1120.000000	0.029267
1122.000000	0.001641
1124.000000	0.022995
1126.000000	0.041421
1128.000000	0.047327
1130.000000	0.055276
1132.000000	0.045775
1134.000000	0.018606
1136.000000	-0.009947
1138.000000	-0.022081
1140.000000	-0.019202
1142.000000	-0.016140
1144.000000	-0.027772
1146.000000	-0.027098
1148.000000	-0.002611
1150.000000	-0.007365
1152.000000	-0.025114
1154.000000	-0.021987
1156.000000	-0.003112
1158.000000	0.005343
1160.000000	-0.007221
1162.000000	-0.015425
1164.000000	-0.006744
1166.000000	0.004747
1168.000000	-0.013010
1170.000000	-0.025539
1172.000000	-0.015235
1174.000000	-0.014350
1176.000000	-0.015696
1178.000000	-0.013258
1180.000000	-0.017973
1182.000000	-0.029491
1184.000000	-0.031913
1186.000000	-0.009926
1188.000000	-0.003609
1190.000000	-0.012771
1192.000000	-0.004287
1194.000000	-0.020554
1196.000000	-0.036945
1198.000000	0.003530
1200.000000	0.028127
1202.000000	0.023229
1204.000000	0.024341
1206.000000	0.019384
1208.000000	0.018847
1210.000000	0.035118
1212.000000	0.037917
1214.000000	0.037423
1216.000000	0.050265
1218.000000	0.051116
1220.000000	0.038753
1222.000000	0.033151
1224.000000	0.057895
1226.000000	0.086567
1228.000000	0.096547
1230.000000	0.102007
1232.000000	0.097024
1234.000000	0.088297
1236.000000	0.100294
1238.000000	0.106404
1240.000000	0.094172
1242.000000	0.084338
1244.000000	0.090745
1246.000000	0.097866
1248.000000	0.084505
1250.000000	0.093778
1252.000000	0.104294
1254.000000	0.073011
1256.000000	0.067540
1258.000000	0.088801
1260.000000	0.095452
1262.000000	0.085445
1264.000000	0.078071
1266.000000	0.078688
1268.000000	0.057728
1270.000000	0.045049
1272.000000	0.064047
1274.000000	0.083017
1276.000000	0.073869
1278.000000	0.051173
1280.000000	0.062590
1282.000000	0.075038
1284.000000	0.068849
1286.000000	0.065197
1288.000000	0.085374
1290.000000	0.103382
1292.000000	0.088139
1294.000000	0.103349
1296.000000	0.126591
1298.000000	0.108924
1300.000000	0.100272
1302.000000	0.104667
1304.000000	0.109411
1306.000000	0.128819
1308.000000	0.154846
1310.000000	0.172621
1312.000000	0.173496
1314.000000	0.150191
1316.000000	0.124974
1318.000000	0.133170
1320.000000	0.128810
1322.000000	0.106475
1324.000000	0.104455
1326.000000	0.120322
1328.000000	0.125937
1330.000000	0.108153
1332.000000	0.113854
1334.000000	0.149351
1336.000000	0.149897
1338.000000	0.150442
1340.000000	0.150987
1342.000000	0.151533
1344.000000	0.106388
1346.000000	0.092386
1348.000000	0.121836
1350.000000	0.130731
1352.000000	0.111406
1354.000000	0.095517
1356.000000	0.107857
1358.000000	0.104364
1360.000000	0.100024
1362.000000	0.116540
1364.000000	0.108897
1366.000000	0.095948
1368.000000	0.094723
1370.000000	0.079976
1372.000000	0.084272
1374.000000	0.093843
1376.000000	0.053200
1378.000000	0.035265
1380.000000	0.061230
1382.000000	0.083835
1384.000000	0.067757
1386.000000	0.035060
1388.000000	0.023591
1390.000000	0.031809
1392.000000	0.036614
1394.000000	0.032416
1396.000000	0.042400
1398.000000	0.056852
1400.000000	0.064262
1402.000000	0.063871
1404.000000	0.056871
1406.000000	0.050216
1408.000000	0.047270
1410.000000	0.035790
1412.000000	0.038474
1414.000000	0.057434
1416.000000	0.038990
1418.000000	0.035361
1420.000000	0.061660
1422.000000	0.053199
1424.000000	0.040316
1426.000000	0.052013
1428.000000	0.078489
1430.000000	0.077674
1432.000000	0.064950
1434.000000	0.068681
1436.000000	0.067350
1438.000000	0.072337
1440.000000	0.089846
1442.000000	0.099448
1444.000000	0.103311
1446.000000	0.113379
1448.000000	0.133855
1450.000000	0.139336
1452.000000	0.124543
1454.000000	0.106897
1456.000000	0.109903
1458.000000	0.124123
1460.000000	0.125035
1462.000000	0.099860
1464.000000	0.086517
1466.000000	0.091586
1468.000000	0.087057
1470.000000	0.080715
1472.000000	0.064355
1474.000000	0.041914
1476.000000	0.062009
1478.000000	0.075049
1480.000000	0.054935
1482.000000	0.057082
1484.000000	0.058269
1486.000000	0.043570
1488.000000	0.026722
1490.000000	0.013237
1492.000000	0.010732
1494.000000	0.016884
1496.000000	0.010966
1498.000000	0.005877
1500.000000	0.003533
1502.000000	-0.014382
1504.000000	-0.017634
1506.000000	-0.005215
1508.000000	-0.004197
1510.000000	-0.019460
1512.000000	-0.024329
1514.000000	-0.010481
1516.000000	-0.014363
1518.000000	-0.017701
1520.000000	-0.014964
1522.000000	-0.024633
1524.000000	-0.026998
1526.000000	-0.016473
1528.000000	-0.001381
1530.000000	0.012032
1532.000000	0.006855
1534.000000	-0.014042
1536.000000	-0.020865
1538.000000	-0.009771
1540.000000	0.008213
1542.000000	0.017798
1544.000000	0.012720
1546.000000	0.012233
1548.000000	0.024691
1550.000000	0.026894
1552.000000	0.029712
1554.000000	0.046687
1556.000000	0.068867
1558.000000	0.054117
1560.000000	0.025245
1562.000000	0.022785
1564.000000	0.035765
1566.000000	0.051533
1568.000000	0.071889
1570.000000	0.102902
1572.000000	0.115557
1574.000000	0.109932
1576.000000	0.108020
1578.000000	0.118755
1580.000000	0.130196
1582.000000	0.141066
1584.000000	0.160461
1586.000000	0.145774
1588.000000	0.099747
1590.000000	0.067322
1592.000000	0.077186
1594.000000	0.101132
1596.000000	0.102157
1598.000000	0.081476
1600.000000	0.098405
1602.000000	0.126359
1604.000000	0.107282
1606.000000	0.099367
1608.000000	0.088222
1610.000000	0.071014
1612.000000	0.096234
1614.000000	0.093151
1616.000000	0.067058
1618.000000	0.073574
1620.000000	0.069172
1622.000000	0.068647
1624.000000	0.079923
1626.000000	0.064677
1628.000000	0.052793
1630.000000	0.060792
1632.000000	0.074274
1634.000000	0.074009
1636.000000	0.054900
1638.000000	0.034893
1640.000000	0.043145
1642.000000	0.064648
1644.000000	0.080787
1646.000000	0.083785
1648.000000	0.077072
1650.000000	0.080161
1652.000000	0.096436
1654.000000	0.107261
1656.000000	0.121273
1658.000000	0.129816
1660.000000	0.119073
1662.000000	0.103476
1664.000000	0.104555
1666.000000	0.126739
1668.000000	0.153704
1670.000000	0.172546
1672.000000	0.169950
1674.000000	0.142497
1676.000000	0.110095
1678.000000	0.109945
1680.000000	0.126370
1682.000000	0.114283
1684.000000	0.113039
1686.000000	0.101500
1688.000000	0.068563
1690.000000	0.070986
1692.000000	0.077769
1694.000000	0.064392
1696.000000	0.042129
1698.000000	0.030354
1700.000000	0.027055
1702.000000	0.027685
1704.000000	0.028314
1706.000000	0.028944
1708.000000	0.029574
1710.000000	0.030204
1712.000000	0.030833
1714.000000	0.031463
1716.000000	0.018497
1718.000000	0.005512
1720.000000	-0.026416
1722.000000	-0.024112
1724.000000	0.013539
1726.000000	-0.000863
1728.000000	-0.030360
1730.000000	-0.026548
1732.000000	0.006275
1734.000000	0.007771
1736.000000	-0.006438
1738.000000	-0.006166
1740.000000	0.000832
1742.000000	-0.022394
1744.000000	-0.036191
1746.000000	-0.016945
1748.000000	-0.030749
1750.000000	-0.016298
1752.000000	0.014101
1754.000000	-0.003728
1756.000000	-0.010879
1758.000000	-0.003809
1760.000000	-0.004417
1762.000000	-0.013430
1764.000000	-0.001396
1766.000000	0.018770
1768.000000	0.011025
1770.000000	-0.029377
1772.000000	-0.028058
1774.000000	0.000343
1776.000000	-0.007672
1778.000000	-0.005473
1780.000000	-0.004204
1782.000000	-0.015607
1784.000000	-0.017911
1786.000000	-0.005809
1788.000000	0.012315
1790.000000	0.010079
1792.000000	-0.033522
1794.000000	-0.036175
1796.000000	0.006477
1798.000000	0.029141
1800.000000	0.009757
1802.000000	-0.010329
1804.000000	-0.005982
1806.000000	0.006609
1808.000000	0.010636
1810.000000	0.013421
1812.000000	0.009985
1814.000000	-0.016989
1816.000000	-0.016115
1818.000000	-0.001334
1820.000000	-0.006887
1822.000000	-0.013845
1824.000000	-0.023697
1826.000000	-0.026332
1828.000000	-0.010890
1830.000000	0.001411
1832.000000	0.001103
1834.000000	0.003527
1836.000000	0.018034
1838.000000	-0.002981
1840.000000	-0.010662
1842.000000	0.009367
1844.000000	-0.008721
1846.000000	-0.017304
1848.000000	-0.005725
1850.000000	0.003185
1852.000000	0.000000
1854.000000	-0.009713
1856.000000	-0.012804
1858.000000	-0.004256
1860.000000	0.001370
1862.000000	-0.002117
1864.000000	0.000748
1866.000000	0.018049
1868.000000	0.013164
1870.000000	0.015169
1872.000000	0.016111
1874.000000	-0.020649
1876.000000	-0.020740
1878.000000	-0.003557
1880.000000	-0.002059
1882.000000	-0.000510
1884.000000	-0.003620
1886.000000	-0.000937
1888.000000	0.011073
1890.000000	0.013662
1892.000000	0.008676
1894.000000	-0.002486
1896.000000	-0.008310
1898.000000	0.011768
1900.000000	0.013070
1902.000000	-0.003116
1904.000000	-0.005377
1906.000000	-0.003602
1908.000000	-0.014900
1910.000000	-0.031227
1912.000000	-0.029747
1914.000000	-0.009206
1916.000000	0.002793
1918.000000	0.006792
1920.000000	0.020517
1922.000000	0.017774
1924.000000	0.000572
1926.000000	-0.003742
1928.000000	0.015372
1930.000000	0.006522
1932.000000	0.007859
1934.000000	0.027987
1936.000000	0.018856
1938.000000	0.020438
1940.000000	0.013809
1942.000000	-0.011806
1944.000000	-0.019039
1946.000000	-0.007216
1948.000000	0.003455
1950.000000	0.002229
1952.000000	0.001124
1954.000000	0.011374
1956.000000	0.004071
1958.000000	-0.020632
1960.000000	-0.013343
1962.000000	-0.007336
1964.000000	-0.011068
1966.000000	-0.010010
1968.000000	0.000222
1970.000000	0.009811
1972.000000	0.000060
1974.000000	-0.015800
1976.000000	0.001957
1978.000000	-0.002390
1980.000000	0.001092
1982.000000	0.038484
1984.000000	0.042976
1986.000000	0.033226
1988.000000	0.014246
1990.000000	-0.003660
1992.000000	0.013898
1994.000000	0.017587
1996.000000	-0.005582
1998.000000	-0.021939
2000.000000	-0.000244
2002.000000	0.029874
2004.000000	0.025414
2006.000000	-0.017189
2008.000000	-0.042825
2010.000000	-0.004727
2012.000000	0.013392
2014.000000	-0.021749
2016.000000	0.000379
2018.000000	0.008859
2020.000000	0.006237
2022.000000	0.016262
2024.000000	0.003857
2026.000000	-0.008755
2028.000000	-0.005675
2030.000000	0.006642
2032.000000	0.013010
2034.000000	0.013793
2036.000000	-0.005228
2038.000000	-0.023335
2040.000000	0.000610
2042.000000	0.000683
2044.000000	-0.008719
2046.000000	-0.002840
2048.000000	-0.000322
2050.000000	0.003851
2052.000000	0.014946
2054.000000	0.016593
2056.000000	-0.004067
2058.000000	-0.003315
2060.000000	0.000846
2062.000000	0.001974
2064.000000	0.015717
2066.000000	0.010146
2068.000000	-0.023595
2070.000000	-0.021347
2072.000000	0.040326
2074.000000	0.019164
2076.000000	-0.016733
2078.000000	-0.009935
2080.000000	0.008449
2082.000000	-0.001437
2084.000000	-0.012049
2086.000000	-0.018478
2088.000000	-0.016587
2090.000000	0.023166
2092.000000	0.018783
2094.000000	0.014400
2096.000000	-0.000897
2098.000000	-0.014383
2100.000000	-0.018416
2102.000000	-0.005771
2104.000000	0.016425
2106.000000	0.021584
2108.000000	-0.014538
2110.000000	-0.014284
2112.000000	0.022193
2114.000000	0.011340
2116.000000	-0.011086
2118.000000	-0.011060
2120.000000	-0.003910
2122.000000	-0.004756
2124.000000	0.021948
2126.000000	0.001910
2128.000000	-0.024929
2130.000000	0.008989
2132.000000	0.035877
2134.000000	0.025406
2136.000000	0.004824
2138.000000	-0.007004
2140.000000	-0.021263
2142.000000	0.000742
2144.000000	0.014024
2146.000000	-0.000919
2148.000000	0.000293
2150.000000	0.013763
2152.000000	0.014480
2154.000000	0.002433
2156.000000	0.000251
2158.000000	0.011807
2160.000000	0.000203
2162.000000	0.000569
2164.000000	0.019824
2166.000000	-0.019265
2168.000000	-0.006317
2170.000000	0.019077
2172.000000	0.011098
2174.000000	0.020749
2176.000000	0.013440
2178.000000	0.014501
2180.000000	0.029353
2182.000000	0.026775
2184.000000	0.011208
2186.000000	0.004199
2188.000000	-0.004749
2190.000000	-0.013488
2192.000000	0.015403
2194.000000	0.021980
2196.000000	0.013180
2198.000000	0.011765
2200.000000	0.003640
2202.000000	-0.005844
2204.000000	-0.010421
2206.000000	-0.005986
2208.000000	-0.003336
2210.000000	-0.023625
2212.000000	-0.013609
2214.000000	0.002820
2216.000000	-0.012182
2218.000000	-0.023591
2220.000000	-0.021506
2222.000000	-0.011738
2224.000000	-0.008394
2226.000000	-0.007170
2228.000000	0.004630
2230.000000	0.016431
2232.000000	-0.017892
2234.000000	-0.016940
2236.000000	-0.017533
2238.000000	-0.008301
2240.000000	0.020060
2242.000000	0.028763
2244.000000	-0.014096
2246.000000	-0.021766
2248.000000	-0.004086
2250.000000	0.014304
2252.000000	0.029584
2254.000000	0.029973
2256.000000	0.010149
2258.000000	0.005418
2260.000000	0.021072
2262.000000	0.015891
2264.000000	-0.001892
2266.000000	-0.016047
2268.000000	-0.011439
2270.000000	0.005215
2272.000000	0.004370
2274.000000	0.010294
2276.000000	0.011385
2278.000000	-0.001189
2280.000000	-0.008828
2282.000000	-0.018144
2284.000000	-0.010160
2286.000000	-0.004823
2288.000000	-0.014185
2290.000000	0.011425
2292.000000	0.039706
2294.000000	0.022034
2296.000000	-0.013167
2298.000000	0.000785
2300.000000	0.025085
2302.000000	0.025606
2304.000000	0.006406
2306.000000	-0.005005
2308.000000	0.004911
2310.000000	0.006990
2312.000000	0.010358
2314.000000	0.018213
2316.000000	0.017324
2318.000000	0.015360
2320.000000	0.006443
2322.000000	0.015969
2324.000000	0.040010
2326.000000	0.036419
2328.000000	0.035052
2330.000000	0.018253
2332.000000	0.011460
2334.000000	0.035382
2336.000000	0.031702
2338.000000	0.018957
2340.000000	0.011145
2342.000000	0.005098
2344.000000	-0.006053
2346.000000	-0.018339
2348.000000	0.006087
2350.000000	0.019171
2352.000000	-0.009188
2354.000000	-0.020471
2356.000000	-0.004406
2358.000000	0.012139
2360.000000	0.010046
2362.000000	-0.005457
2364.000000	-0.013063
2366.000000	0.005383
2368.000000	0.018210
2370.000000	0.007275
2372.000000	-0.001828
2374.000000	0.015593
2376.000000	0.019362
2378.000000	-0.006330
2380.000000	-0.028101
2382.000000	-0.007991
2384.000000	0.028549
2386.000000	0.017518
2388.000000	-0.010116
2390.000000	-0.010434
2392.000000	-0.010395
2394.000000	-0.019709
2396.000000	-0.031211
2398.000000	-0.022376
2400.000000	0.010089
2402.000000	0.025883
2404.000000	-0.004744
2406.000000	-0.003879
2408.000000	0.023465
2410.000000	0.008582
2412.000000	-0.021593
2414.000000	-0.008940
2416.000000	0.014207
2418.000000	0.019585
2420.000000	0.019431
2422.000000	0.008364
2424.000000	-0.014392
2426.000000	0.010146
2428.000000	0.042924
2430.000000	0.006940
2432.000000	0.000686
2434.000000	0.013108
2436.000000	-0.000491
2438.000000	-0.020656
2440.000000	0.000550
2442.000000	0.020494
2444.000000	-0.000464
2446.000000	0.000058
2448.000000	0.022868
2450.000000	-0.002568
2452.000000	-0.001037
2454.000000	0.014364
2456.000000	0.017005
2458.000000	0.004645
2460.000000	-0.008200
2462.000000	-0.002249
2464.000000	0.017057
2466.000000	0.018344
2468.000000	0.012283
2470.000000	0.025712
2472.000000	-0.001573
2474.000000	0.012107
2476.000000	0.009302
2478.000000	-0.033155
2480.000000	-0.012018
2482.000000	0.018921
2484.000000	0.016927
2486.000000	0.016185
2488.000000	0.025770
2490.000000	0.007715
2492.000000	-0.005650
2494.000000	-0.008823
2496.000000	-0.013519
2498.000000	-0.010275
2500.000000	0.015007
2502.000000	0.029368
2504.000000	0.021867
2506.000000	-0.003359
2508.000000	-0.012212
2510.000000	0.008984
2512.000000	-0.004225
2514.000000	-0.022533
2516.000000	0.009755
2518.000000	0.034823
2520.000000	0.003014
2522.000000	0.029152
2524.000000	0.002914
2526.000000	-0.024675
2528.000000	-0.009257
2530.000000	0.006258
2532.000000	0.017406
2534.000000	0.024269
2536.000000	0.012288
2538.000000	0.011172
2540.000000	0.021986
2542.000000	-0.013297
2544.000000	-0.022003
2546.000000	-0.000649
2548.000000	0.018072
2550.000000	0.021867
2552.000000	0.017657
2554.000000	0.001989
2556.000000	0.003996
2558.000000	0.010851
2560.000000	0.007967
2562.000000	0.003835
2564.000000	-0.011395
2566.000000	-0.005780
2568.000000	-0.002634
2570.000000	-0.011501
2572.000000	-0.013390
2574.000000	-0.010981
2576.000000	-0.009449
2578.000000	-0.007917
2580.000000	-0.006385
2582.000000	-0.014463
2584.000000	-0.007714
2586.000000	0.009927
2588.000000	0.023706
2590.000000	0.024381
2592.000000	0.003964
2594.000000	-0.025205
2596.000000	-0.011414
2598.000000	0.012877
2600.000000	0.010481
2602.000000	-0.000763
2604.000000	-0.000568
2606.000000	-0.018247
2608.000000	-0.021867
2610.000000	0.010172
2612.000000	0.019229
2614.000000	-0.009954
2616.000000	-0.007087
2618.000000	-0.003545
2620.000000	0.007441
2622.000000	0.018536
2624.000000	0.021035
2626.000000	0.018964
2628.000000	0.012044
2630.000000	0.013231
2632.000000	-0.002571
2634.000000	0.005635
2636.000000	0.036618
2638.000000	0.007544
2640.000000	0.001079
2642.000000	0.033319
2644.000000	0.011589
2646.000000	-0.031076
2648.000000	-0.016656
2650.000000	-0.041785
2652.000000	-0.002459
2654.000000	0.030456
2656.000000	0.016015
2658.000000	0.004808
2660.000000	0.015664
2662.000000	0.011707
2664.000000	-0.017016
2666.000000	-0.019641
2668.000000	0.010171
2670.000000	0.030712
2672.000000	0.033175
2674.000000	0.015523
2676.000000	0.010041
2678.000000	0.013224
2680.000000	0.009047
2682.000000	0.015473
2684.000000	0.043678
2686.000000	0.017184
2688.000000	-0.004488
2690.000000	0.013276
2692.000000	0.030728
2694.000000	0.022545
2696.000000	0.000408
2698.000000	0.012822
2700.000000	0.021623
2702.000000	0.003921
2704.000000	0.004464
2706.000000	0.031256
2708.000000	-0.001689
2710.000000	-0.008278
2712.000000	0.012336
2714.000000	0.022000
2716.000000	0.029317
2718.000000	0.031813
2720.000000	0.033700
2722.000000	0.021378
2724.000000	0.003819
2726.000000	0.006556
2728.000000	0.030501
2730.000000	0.043940
2732.000000	0.041680
2734.000000	0.041274
2736.000000	0.028843
2738.000000	0.009992
2740.000000	0.013131
2742.000000	0.013720
2744.000000	0.038418
2746.000000	-0.017410
2748.000000	-0.048468
2750.000000	0.017894
2752.000000	0.033016
2754.000000	0.030644
2756.000000	0.015882
2758.000000	0.007808
2760.000000	0.019079
2762.000000	0.020315
2764.000000	-0.003511
2766.000000	0.010982
2768.000000	0.016168
2770.000000	-0.025887
2772.000000	-0.045096
2774.000000	-0.004884
2776.000000	0.011432
2778.000000	-0.026772
2780.000000	-0.048887
2782.000000	-0.018631
2784.000000	-0.007847
2786.000000	-0.015701
2788.000000	0.015147
2790.000000	-0.021722
2792.000000	-0.010499
2794.000000	-0.011965
2796.000000	-0.027035
2798.000000	-0.024646
2800.000000	-0.029689
2802.000000	-0.011989
2804.000000	-0.018028
2806.000000	-0.003967
2808.000000	-0.004524
2810.000000	-0.005081
2812.000000	-0.034397
2814.000000	-0.007676
2816.000000	-0.011554
2818.000000	-0.046350
2820.000000	-0.040204
2822.000000	-0.008095
2824.000000	-0.004852
2826.000000	-0.005823
2828.000000	-0.018782
2830.000000	-0.000704
2832.000000	0.007199
2834.000000	0.011059
2836.000000	0.036011
2838.000000	0.042470
2840.000000	0.051429
2842.000000	0.084746
2844.000000	0.097617
2846.000000	0.083161
2848.000000	0.095352
2850.000000	0.150828
2852.000000	0.183798
2854.000000	0.182365
2856.000000	0.191156
2858.000000	0.263180
2860.000000	0.299809
2862.000000	0.266806
2864.000000	0.303613
2866.000000	0.280379
2868.000000	0.325761
2870.000000	0.365385
2872.000000	0.384401
2874.000000	0.434470
2876.000000	0.471554
2878.000000	0.491540
2880.000000	0.532472
2882.000000	0.493628
2884.000000	0.443296
2886.000000	0.438229
2888.000000	0.465175
2890.000000	0.526364
2892.000000	0.490853
2894.000000	0.517799
2896.000000	0.550320
2898.000000	0.570374
2900.000000	0.587651
2902.000000	0.563789
2904.000000	0.563484
2906.000000	0.592309
2908.000000	0.595988
2910.000000	0.661245
2912.000000	0.707718
2914.000000	0.678313
2916.000000	0.713246
2918.000000	0.754165
2920.000000	0.814043
2922.000000	0.814545
2924.000000	0.828604
2926.000000	0.879998
2928.000000	0.888056
2930.000000	0.901971
2932.000000	1.000000
2934.000000	0.965266
2936.000000	0.879595
2938.000000	0.871487
2940.000000	0.875005
2942.000000	0.824173
2944.000000	0.795097
2946.000000	0.751954
2948.000000	0.709794
2950.000000	0.729532
2952.000000	0.703455
2954.000000	0.616610
2956.000000	0.598356
2958.000000	0.607025
2960.000000	0.567795
2962.000000	0.581671
2964.000000	0.585840
2966.000000	0.567112
2968.000000	0.540022
2970.000000	0.510688
2972.000000	0.524119
2974.000000	0.478866
2976.000000	0.448795
2978.000000	0.432359
2980.000000	0.381689
2982.000000	0.353265
2984.000000	0.371401
2986.000000	0.334625
2988.000000	0.308039
2990.000000	0.279664
2992.000000	0.279460
2994.000000	0.236317
2996.000000	0.162206
2998.000000	0.146220
3000.000000	0.161831
3002.000000	0.177065
3004.000000	0.118435
3006.000000	0.068902
3008.000000	0.068173
3010.000000	0.046786
3012.000000	0.017573
3014.000000	0.053484
3016.000000	0.060461
3018.000000	0.045267
3020.000000	0.039903
3022.000000	0.007520
3024.000000	-0.018876
3026.000000	-0.006781
3028.000000	-0.001712
3030.000000	-0.007172
3032.000000	0.004900
3034.000000	-0.012580
3036.000000	-0.005879
3038.000000	-0.027528
3040.000000	-0.030417
3042.000000	0.014968
3044.000000	-0.006932
3046.000000	0.028231
3048.000000	0.039131
3050.000000	0.023721
3052.000000	0.014192
3054.000000	0.012725
3056.000000	0.020028
3058.000000	0.053926
3060.000000	0.085952
3062.000000	0.047318
3064.000000	0.075476
3066.000000	0.080388
3068.000000	0.022009
3070.000000	0.005661
3072.000000	0.053835
3074.000000	0.054677
3076.000000	0.000051
3078.000000	0.007623
3080.000000	0.009684
3082.000000	0.015893
3084.000000	0.019238
3086.000000	0.010758
3088.000000	0.005204
3090.000000	0.000831
3092.000000	0.004223
3094.000000	-0.029407
3096.000000	-0.046223
3098.000000	-0.022581
3100.000000	0.003596
3102.000000	-0.012523
3104.000000	-0.033399
3106.000000	-0.014425
3108.000000	-0.024494
3110.000000	0.021764
3112.000000	0.003043
3114.000000	-0.020495
3116.000000	-0.018833
3118.000000	-0.010668
3120.000000	0.000834
3122.000000	-0.003227
3124.000000	0.009779
3126.000000	0.008986
3128.000000	0.027411
3130.000000	0.031148
3132.000000	0.012208
3134.000000	0.007548
3136.000000	-0.001216
3138.000000	-0.022510
3140.000000	0.011338
3142.000000	-0.015041
3144.000000	-0.075337
3146.000000	-0.020995
3148.000000	0.008207
3150.000000	-0.037204
3152.000000	-0.023876
3154.000000	0.027202
3156.000000	0.023439
3158.000000	0.029237
3160.000000	-0.003661
3162.000000	0.001742
3164.000000	0.009794
3166.000000	0.021445
3168.000000	0.035307
3170.000000	0.028852
3172.000000	0.021658
3174.000000	-0.021280
3176.000000	-0.016008
3178.000000	-0.004057
3180.000000	-0.001218
3182.000000	-0.000207
3184.000000	-0.012238
3186.000000	-0.005759
3188.000000	0.012514
3190.000000	-0.010984
3192.000000	0.030916
3194.000000	0.015931
3196.000000	-0.000752
3198.000000	0.003011
3200.000000	0.022577
3202.000000	-0.005311
3204.000000	-0.030243
3206.000000	0.015293
3208.000000	-0.001811
3210.000000	0.027251
3212.000000	0.041713
3214.000000	0.045669
3216.000000	0.015150
3218.000000	0.002947
3220.000000	0.011152
3222.000000	0.028098
3224.000000	0.035857
3226.000000	-0.024459
3228.000000	0.023259
3230.000000	-0.004889
3232.000000	0.016678
3234.000000	0.030283
3236.000000	0.031435
3238.000000	0.020447
3240.000000	-0.014868
3242.000000	-0.018371
3244.000000	0.006493
3246.000000	0.036835
3248.000000	0.043567
3250.000000	0.026741
3252.000000	0.052141
3254.000000	0.055462
3256.000000	0.044522
3258.000000	0.061816
3260.000000	0.054603
3262.000000	0.016914
3264.000000	0.022798
3266.000000	0.066792
3268.000000	0.061235
3270.000000	0.045043
3272.000000	0.017363
3274.000000	0.036751
3276.000000	0.084454
3278.000000	0.067952
3280.000000	0.037991
3282.000000	0.063232
3284.000000	0.049564
3286.000000	0.065950
3288.000000	0.075183
3290.000000	0.023030
3292.000000	0.070737
3294.000000	0.098005
3296.000000	0.056548
3298.000000	0.053271
3300.000000	0.053288
3302.000000	0.060596
3304.000000	0.040872
3306.000000	0.038685
3308.000000	0.047348
3310.000000	0.059793
3312.000000	0.069306
3314.000000	0.071164
3316.000000	0.066461
3318.000000	0.062217
3320.000000	0.066261
3322.000000	0.084394
3324.000000	0.096160
3326.000000	0.042827
3328.000000	0.046804
3330.000000	0.111905
3332.000000	0.095691
3334.000000	0.060188
3336.000000	0.063090
3338.000000	0.086341
3340.000000	0.088281
3342.000000	0.039688
3344.000000	0.052861
3346.000000	0.071823
3348.000000	0.049544
3350.000000	0.079808
3352.000000	0.040558
3354.000000	0.033971
3356.000000	0.036798
3358.000000	0.032841
3360.000000	0.058719
3362.000000	0.051893
3364.000000	0.045637
3366.000000	0.067207
3368.000000	0.049573
3370.000000	0.031020
3372.000000	0.047645
3374.000000	0.059625
3376.000000	0.046417
3378.000000	0.033847
3380.000000	0.041528
3382.000000	0.040585
3384.000000	0.041167
3386.000000	0.080101
3388.000000	0.072023
3390.000000	0.023277
3392.000000	0.044273
3394.000000	0.020423
3396.000000	0.044504
3398.000000	0.053583
3400.000000	0.032825
3402.000000	0.030158
3404.000000	0.022503
3406.000000	0.013870
3408.000000	0.029906
3410.000000	0.023286
3412.000000	0.002418
3414.000000	0.015120
3416.000000	0.022069
3418.000000	0.048545
3420.000000	0.030640
3422.000000	0.001085
3424.000000	-0.015292
3426.000000	0.012112
3428.000000	0.044582
3430.000000	0.021779
3432.000000	0.012087
3434.000000	0.034529
3436.000000	0.036650
3438.000000	0.012052
3440.000000	-0.016061
3442.000000	-0.013917
3444.000000	0.005777
3446.000000	0.016166
3448.000000	0.024038
3450.000000	0.024777
3452.000000	0.040696
3454.000000	0.051202
3456.000000	0.014504
3458.000000	0.006051
3460.000000	0.026138
3462.000000	0.009076
3464.000000	0.009461
3466.000000	-0.007225
3468.000000	-0.020548
3470.000000	-0.012491
3472.000000	-0.022619
3474.000000	0.009294
3476.000000	0.035075
3478.000000	-0.002967
3480.000000	-0.028910
3482.000000	-0.012128
3484.000000	0.014628
3486.000000	0.021548
3488.000000	0.028281
3490.000000	0.031737
3492.000000	0.016013
3494.000000	-0.011287
3496.000000	-0.019298
3498.000000	0.063382
3500.000000	0.047814
3502.000000	0.002880
3504.000000	-0.015120
3506.000000	0.009366
3508.000000	0.059700
3510.000000	0.021388
3512.000000	0.048091
3514.000000	0.009971
3516.000000	0.023104
3518.000000	0.027004
3520.000000	0.002796
3522.000000	0.011999
3524.000000	0.011416
3526.000000	-0.003196
3528.000000	-0.019316
3530.000000	0.009650
3532.000000	0.032591
3534.000000	-0.008848
3536.000000	-0.033029
3538.000000	-0.011032
3540.000000	0.009677
3542.000000	0.035473
3544.000000	0.011372
3546.000000	-0.017420
3548.000000	0.020942
3550.000000	0.013605
3552.000000	0.008729
3554.000000	0.013879
3556.000000	-0.041260
3558.000000	-0.017024
3560.000000	0.008606
3562.000000	-0.017928
3564.000000	0.001967
3566.000000	0.027368
3568.000000	0.010754
3570.000000	-0.001906
3572.000000	0.010374
3574.000000	0.010991
3576.000000	-0.006440
3578.000000	-0.032917
3580.000000	0.001382
3582.000000	-0.034369
3584.000000	-0.032595
3586.000000	0.001113
3588.000000	0.000864
3590.000000	-0.014398
3592.000000	-0.013842
3594.000000	-0.004060
3596.000000	0.007088
3598.000000	0.017267
3600.000000	0.004502
