400.000000	0.002796
402.000000	0.029928
404.000000	0.025356
406.000000	0.000578
408.000000	-0.006630
410.000000	0.008157
412.000000	0.024792
414.000000	0.014410
416.000000	0.007642
418.000000	0.021969
420.000000	0.011597
422.000000	-0.006315
424.000000	0.013101
426.000000	0.024971
428.000000	0.009431
430.000000	0.005975
432.000000	0.010014
434.000000	0.005746
436.000000	0.010738
438.000000	0.017574
440.000000	-0.000386
442.000000	-0.017219
444.000000	-0.010532
446.000000	0.003665
448.000000	0.009150
450.000000	-0.002177
452.000000	-0.018674
454.000000	-0.026438
456.000000	-0.017565
458.000000	-0.008623
460.000000	-0.011348
462.000000	-0.004333
464.000000	0.007429
466.000000	0.003054
468.000000	0.001683
470.000000	0.004971
472.000000	-0.020031
474.000000	-0.038446
476.000000	-0.014166
478.000000	-0.007063
480.000000	-0.026865
482.000000	-0.028653
484.000000	-0.018346
486.000000	-0.009617
488.000000	0.000121
490.000000	0.005538
492.000000	0.002057
494.000000	0.005836
496.000000	0.016468
498.000000	0.015653
500.000000	0.015073
502.000000	0.026906
504.000000	0.040665
506.000000	0.038896
508.000000	0.014737
510.000000	0.008805
512.000000	0.021444
514.000000	0.004244
516.000000	-0.005669
518.000000	0.021351
520.000000	0.024973
522.000000	0.004520
524.000000	0.000852
526.000000	0.011522
528.000000	0.025628
530.000000	0.036297
532.000000	0.044649
534.000000	0.048020
536.000000	0.030375
538.000000	0.010615
540.000000	0.018485
542.000000	0.017028
544.000000	-0.001244
546.000000	0.007368
548.000000	0.029100
550.000000	0.034370
552.000000	0.019448
554.000000	0.000508
556.000000	-0.001821
558.000000	0.002671
560.000000	0.008966
562.000000	0.023872
564.000000	0.030828
566.000000	0.017445
568.000000	0.001127
570.000000	-0.004982
572.000000	0.002155
574.000000	0.009984
576.000000	0.008475
578.000000	-0.003418
580.000000	-0.014231
582.000000	-0.013779
584.000000	-0.004274
586.000000	0.002275
588.000000	-0.002250
590.000000	0.002752
592.000000	0.012340
594.000000	-0.001576
596.000000	-0.013631
598.000000	-0.003671
600.000000	0.008893
602.000000	0.013820
604.000000	0.012219
606.000000	0.014893
608.000000	0.012350
610.000000	-0.014924
612.000000	-0.040922
614.000000	-0.041006
616.000000	-0.015241
618.000000	0.001438
620.000000	-0.011636
622.000000	-0.009389
624.000000	0.010496
626.000000	0.018702
628.000000	0.013609
630.000000	0.004425
632.000000	0.001151
634.000000	-0.010920
636.000000	-0.032648
638.000000	-0.027977
640.000000	-0.009993
642.000000	-0.003549
644.000000	0.020666
646.000000	0.041589
648.000000	0.006826
650.000000	-0.028732
652.000000	-0.022318
654.000000	0.005640
656.000000	0.008407
658.000000	-0.027440
660.000000	-0.030783
662.000000	-0.008017
664.000000	-0.005164
666.000000	0.000909
668.000000	0.022353
670.000000	0.043489
672.000000	0.040674
674.000000	0.015038
676.000000	0.003846
678.000000	0.003662
680.000000	-0.001496
682.000000	-0.006357
684.000000	-0.002990
686.000000	0.007148
688.000000	-0.007433
690.000000	-0.034047
692.000000	-0.021738
694.000000	-0.004657
696.000000	-0.005065
698.000000	0.012496
700.000000	0.027357
702.000000	0.015766
704.000000	0.014079
706.000000	0.020078
708.000000	0.010110
710.000000	0.003319
712.000000	0.007980
714.000000	0.011592
716.000000	0.002562
718.000000	-0.013305
720.000000	-0.009110
722.000000	0.014055
724.000000	0.044370
726.000000	0.075264
728.000000	0.078211
730.000000	0.035349
732.000000	0.004771
734.000000	0.009041
736.000000	0.025989
738.000000	0.041327
740.000000	0.045707
742.000000	0.038611
744.000000	0.057432
746.000000	0.107524
748.000000	0.119878
750.000000	0.116991
752.000000	0.111633
754.000000	0.106275
756.000000	0.100917
758.000000	0.064153
760.000000	0.044049
762.000000	0.039121
764.000000	0.034530
766.000000	0.030191
768.000000	0.028624
770.000000	0.028017
772.000000	0.018614
774.000000	0.002224
776.000000	0.005969
778.000000	0.025375
780.000000	0.041076
782.000000	0.048746
784.000000	0.052235
786.000000	0.055545
788.000000	0.047700
790.000000	0.030812
792.000000	0.020764
794.000000	0.016674
796.000000	0.014082
798.000000	0.010732
800.000000	0.002567
802.000000	-0.006437
804.000000	0.000556
806.000000	0.011067
808.000000	0.011045
810.000000	0.020365
812.000000	0.037591
814.000000	0.040950
816.000000	0.007091
818.000000	-0.024901
820.000000	0.007287
822.000000	0.025423
824.000000	-0.000591
826.000000	-0.009037
828.000000	0.015478
830.000000	0.046780
832.000000	0.035029
834.000000	0.011329
836.000000	0.011244
838.000000	0.011241
840.000000	0.013917
842.000000	0.027846
844.000000	0.032219
846.000000	0.021327
848.000000	0.007761
850.000000	0.015857
852.000000	0.041514
854.000000	0.055904
856.000000	0.041357
858.000000	0.016572
860.000000	0.023580
862.000000	0.038385
864.000000	0.035873
866.000000	0.019753
868.000000	0.005086
870.000000	0.004360
872.000000	0.017181
874.000000	0.022208
876.000000	0.010715
878.000000	0.014231
880.000000	0.018940
882.000000	0.001619
884.000000	-0.011230
886.000000	0.000929
888.000000	0.031501
890.000000	0.026686
892.000000	0.005705
894.000000	0.027110
896.000000	0.038286
898.000000	0.019791
900.000000	0.005161
902.000000	-0.004310
904.000000	-0.006913
906.000000	0.007391
908.000000	0.026750
910.000000	0.033455
912.000000	0.017745
914.000000	0.006991
916.000000	0.022278
918.000000	0.047892
920.000000	0.051231
922.000000	0.024462
924.000000	0.015142
926.000000	0.031153
928.000000	0.050309
930.000000	0.044168
932.000000	0.028326
934.000000	0.032657
936.000000	0.047982
938.000000	0.037896
940.000000	-0.011762
942.000000	-0.010277
944.000000	0.019976
946.000000	-0.005588
948.000000	-0.010013
950.000000	0.018164
952.000000	0.016333
954.000000	0.003770
956.000000	-0.001659
958.000000	-0.002272
960.000000	0.014471
962.000000	0.034860
964.000000	0.023414
966.000000	0.016062
968.000000	0.029632
970.000000	0.032270
972.000000	0.028542
974.000000	0.023928
976.000000	0.009166
978.000000	0.002871
980.000000	0.016547
982.000000	0.033017
984.000000	0.039955
986.000000	0.037178
988.000000	0.037811
990.000000	0.039873
992.000000	0.039113
994.000000	0.041494
996.000000	0.050876
998.000000	0.061081
1000.000000	0.054371
1002.000000	0.062775
1004.000000	0.070709
1006.000000	0.078644
1008.000000	0.086578
1010.000000	0.048257
1012.000000	0.021748
1014.000000	0.008663
1016.000000	0.002094
1018.000000	0.001824
1020.000000	0.001212
1022.000000	-0.002872
1024.000000	0.006686
1026.000000	0.022673
1028.000000	0.026079
1030.000000	0.019686
1032.000000	0.018828
1034.000000	0.014726
1036.000000	0.010624
1038.000000	0.006522
1040.000000	0.002421
1042.000000	-0.008236
1044.000000	0.004461
1046.000000	-0.001118
1048.000000	-0.006625
1050.000000	-0.006106
1052.000000	-0.006319
1054.000000	0.006218
1056.000000	0.022369
1058.000000	0.021483
1060.000000	0.015121
1062.000000	0.016088
1064.000000	0.027965
1066.000000	0.038976
1068.000000	0.037804
1070.000000	0.022776
1072.000000	0.012915
1074.000000	0.013225
1076.000000	0.016833
1078.000000	0.027687
1080.000000	0.050911
1082.000000	0.076740
1084.000000	0.056475
1086.000000	0.031683
1088.000000	0.070722
1090.000000	0.078600
1092.000000	0.051791
1094.000000	0.052645
1096.000000	0.040369
1098.000000	0.027937
1100.000000	0.055305
1102.000000	0.070377
1104.000000	0.063518
1106.000000	0.063721
1108.000000	0.076251
1110.000000	0.082202
1112.000000	0.063645
1114.000000	0.045105
1116.000000	0.041961
1118.000000	0.054043
1120.000000	0.071408
1122.000000	0.082933
1124.000000	0.086583
1126.000000	0.100998
1128.000000	0.129002
1130.000000	0.151976
1132.000000	0.134351
1134.000000	0.088159
1136.000000	0.048623
1138.000000	0.031289
1140.000000	0.021802
1142.000000	0.007481
1144.000000	0.007570
1146.000000	0.007123
1148.000000	-0.008218
1150.000000	-0.016040
1152.000000	-0.024293
1154.000000	-0.028552
1156.000000	0.014246
1158.000000	0.047562
1160.000000	0.029556
1162.000000	0.013964
1164.000000	0.017807
1166.000000	0.029993
1168.000000	0.028826
1170.000000	0.010638
1172.000000	-0.005061
1174.000000	0.009256
1176.000000	0.009277
1178.000000	-0.016043
1180.000000	-0.019704
1182.000000	-0.014553
1184.000000	-0.006986
1186.000000	0.011574
1188.000000	-0.002466
1190.000000	-0.032053
1192.000000	-0.015400
1194.000000	0.005316
1196.000000	0.002042
1198.000000	-0.012492
1200.000000	-0.008274
1202.000000	0.001761
1204.000000	-0.008135
1206.000000	-0.001862
1208.000000	0.021900
1210.000000	0.036688
1212.000000	0.029688
1214.000000	0.035477
1216.000000	0.068969
1218.000000	0.060214
1220.000000	0.042146
1222.000000	0.060773
1224.000000	0.081191
1226.000000	0.075508
1228.000000	0.060820
1230.000000	0.093359
1232.000000	0.115264
1234.000000	0.104927
1236.000000	0.121958
1238.000000	0.105256
1240.000000	0.067334
1242.000000	0.100018
1244.000000	0.100689
1246.000000	0.059633
1248.000000	0.069950
1250.000000	0.102365
1252.000000	0.111970
1254.000000	0.087055
1256.000000	0.077818
1258.000000	0.084656
1260.000000	0.084098
1262.000000	0.088520
1264.000000	0.078176
1266.000000	0.047329
1268.000000	0.048573
1270.000000	0.076548
1272.000000	0.100082
1274.000000	0.098220
1276.000000	0.074013
1278.000000	0.048626
1280.000000	0.046281
1282.000000	0.049353
1284.000000	0.049224
1286.000000	0.058760
1288.000000	0.085350
1290.000000	0.114593
1292.000000	0.122968
1294.000000	0.112111
1296.000000	0.101437
1298.000000	0.108657
1300.000000	0.128719
1302.000000	0.173821
1304.000000	0.226625
1306.000000	0.213186
1308.000000	0.185356
1310.000000	0.193501
1312.000000	0.204715
1314.000000	0.199983
1316.000000	0.185650
1318.000000	0.179384
1320.000000	0.160674
1322.000000	0.140638
1324.000000	0.149844
1326.000000	0.162790
1328.000000	0.165723
1330.000000	0.167128
1332.000000	0.186227
1334.000000	0.214270
1336.000000	0.229716
1338.000000	0.221801
1340.000000	0.208618
1342.000000	0.190021
1344.000000	0.141248
1346.000000	0.120608
1348.000000	0.139280
1350.000000	0.141495
1352.000000	0.119552
1354.000000	0.105362
1356.000000	0.121815
1358.000000	0.113947
1360.000000	0.108073
1362.000000	0.132663
1364.000000	0.116136
1366.000000	0.092801
1368.000000	0.103725
1370.000000	0.119442
1372.000000	0.123145
1374.000000	0.108320
1376.000000	0.079105
1378.000000	0.062405
1380.000000	0.065441
1382.000000	0.074482
1384.000000	0.077875
1386.000000	0.078163
1388.000000	0.078302
1390.000000	0.068973
1392.000000	0.069883
1394.000000	0.084522
1396.000000	0.080961
1398.000000	0.070161
1400.000000	0.073980
1402.000000	0.092378
1404.000000	0.069076
1406.000000	0.038627
1408.000000	0.055041
1410.000000	0.035655
1412.000000	0.028912
1414.000000	0.066875
1416.000000	0.034200
1418.000000	0.022306
1420.000000	0.063685
1422.000000	0.046464
1424.000000	0.032979
1426.000000	0.059514
1428.000000	0.087790
1430.000000	0.069341
1432.000000	0.039804
1434.000000	0.046777
1436.000000	0.057237
1438.000000	0.069203
1440.000000	0.095341
1442.000000	0.135861
1444.000000	0.157077
1446.000000	0.154404
1448.000000	0.154464
1450.000000	0.161645
1452.000000	0.173275
1454.000000	0.179407
1456.000000	0.165960
1458.000000	0.176568
1460.000000	0.201646
1462.000000	0.155812
1464.000000	0.141597
1466.000000	0.156271
1468.000000	0.101763
1470.000000	0.086607
1472.000000	0.106701
1474.000000	0.095980
1476.000000	0.076222
1478.000000	0.054516
1480.000000	0.041853
1482.000000	0.057600
1484.000000	0.060167
1486.000000	0.041228
1488.000000	0.026032
1490.000000	-0.000291
1492.000000	-0.009831
1494.000000	0.016657
1496.000000	0.026614
1498.000000	0.007320
1500.000000	-0.019256
1502.000000	-0.024505
1504.000000	-0.027247
1506.000000	-0.025608
1508.000000	-0.012274
1510.000000	-0.029175
1512.000000	-0.045377
1514.000000	-0.028959
1516.000000	-0.015520
1518.000000	-0.018534
1520.000000	-0.023027
1522.000000	-0.008422
1524.000000	0.000252
1526.000000	0.001692
1528.000000	0.009662
1530.000000	0.018354
1532.000000	0.011893
1534.000000	-0.005971
1536.000000	-0.008410
1538.000000	-0.000872
1540.000000	0.005825
1542.000000	0.011441
1544.000000	0.030652
1546.000000	0.035774
1548.000000	0.023277
1550.000000	0.047251
1552.000000	0.062775
1554.000000	0.060755
1556.000000	0.078548
1558.000000	0.081780
1560.000000	0.078564
1562.000000	0.089468
1564.000000	0.094085
1566.000000	0.091454
1568.000000	0.099680
1570.000000	0.130031
1572.000000	0.134225
1574.000000	0.117447
1576.000000	0.118622
1578.000000	0.141003
1580.000000	0.149478
1582.000000	0.139511
1584.000000	0.149266
1586.000000	0.158084
1588.000000	0.151230
1590.000000	0.135019
1592.000000	0.122982
1594.000000	0.112953
1596.000000	0.101573
1598.000000	0.094349
1600.000000	0.095171
1602.000000	0.101052
1604.000000	0.106023
1606.000000	0.108278
1608.000000	0.097609
1610.000000	0.090708
1612.000000	0.119186
1614.000000	0.093962
1616.000000	0.060753
1618.000000	0.110106
1620.000000	0.110697
1622.000000	0.081768
1624.000000	0.078840
1626.000000	0.077878
1628.000000	0.059349
1630.000000	0.054460
1632.000000	0.089112
1634.000000	0.091143
1636.000000	0.070655
1638.000000	0.064606
1640.000000	0.075573
1642.000000	0.082260
1644.000000	0.086518
1646.000000	0.102158
1648.000000	0.116660
1650.000000	0.112529
1652.000000	0.104774
1654.000000	0.129907
1656.000000	0.146440
1658.000000	0.158248
1660.000000	0.175546
1662.000000	0.142159
1664.000000	0.140239
1666.000000	0.178206
1668.000000	0.158601
1670.000000	0.157388
1672.000000	0.162857
1674.000000	0.139945
1676.000000	0.151015
1678.000000	0.164367
1680.000000	0.154151
1682.000000	0.139351
1684.000000	0.133122
1686.000000	0.121668
1688.000000	0.101490
1690.000000	0.097912
1692.000000	0.086133
1694.000000	0.071400
1696.000000	0.075659
1698.000000	0.066867
1700.000000	0.053666
1702.000000	0.054776
1704.000000	0.055886
1706.000000	0.056995
1708.000000	0.058105
1710.000000	0.059214
1712.000000	0.060324
1714.000000	0.061434
1716.000000	0.053428
1718.000000	0.003558
1720.000000	-0.034053
1722.000000	-0.031601
1724.000000	-0.014044
1726.000000	-0.012852
1728.000000	-0.006390
1730.000000	0.000110
1732.000000	-0.004213
1734.000000	0.025345
1736.000000	0.037531
1738.000000	0.002780
1740.000000	-0.029539
1742.000000	-0.024258
1744.000000	-0.010744
1746.000000	-0.011786
1748.000000	0.009851
1750.000000	0.009764
1752.000000	-0.015413
1754.000000	-0.021670
1756.000000	-0.005995
1758.000000	-0.003385
1760.000000	-0.019675
1762.000000	-0.020326
1764.000000	-0.018260
1766.000000	-0.021972
1768.000000	-0.024758
1770.000000	-0.016297
1772.000000	-0.010860
1774.000000	-0.006724
1776.000000	0.003499
1778.000000	-0.004788
1780.000000	-0.025299
1782.000000	-0.032206
1784.000000	-0.011310
1786.000000	0.003321
1788.000000	0.008674
1790.000000	0.006042
1792.000000	-0.021069
1794.000000	-0.028389
1796.000000	-0.011911
1798.000000	0.000440
1800.000000	0.008984
1802.000000	0.007772
1804.000000	-0.003824
1806.000000	-0.011927
1808.000000	0.003783
1810.000000	0.003873
1812.000000	-0.019787
1814.000000	-0.014375
1816.000000	-0.005794
1818.000000	0.005186
1820.000000	0.015478
1822.000000	-0.012224
1824.000000	-0.021892
1826.000000	-0.011160
1828.000000	-0.014212
1830.000000	-0.000834
1832.000000	0.008474
1834.000000	0.004845
1836.000000	0.002522
1838.000000	-0.016819
1840.000000	-0.022700
1842.000000	-0.002555
1844.000000	0.004336
1846.000000	-0.014073
1848.000000	-0.027305
1850.000000	-0.018696
1852.000000	-0.014982
1854.000000	0.010074
1856.000000	0.023426
1858.000000	-0.006636
1860.000000	-0.014576
1862.000000	-0.014507
1864.000000	0.000047
1866.000000	0.032668
1868.000000	-0.003308
1870.000000	-0.018741
1872.000000	0.014396
1874.000000	0.010876
1876.000000	-0.006280
1878.000000	-0.009595
1880.000000	0.005319
1882.000000	0.021873
1884.000000	0.020181
1886.000000	0.013610
1888.000000	0.013182
1890.000000	0.004642
1892.000000	0.000000
1894.000000	-0.011787
1896.000000	-0.021488
1898.000000	0.018250
1900.000000	0.021304
1902.000000	-0.014066
1904.000000	-0.025347
1906.000000	-0.015333
1908.000000	-0.000121
1910.000000	-0.001773
1912.000000	-0.019079
1914.000000	-0.006533
1916.000000	0.002681
1918.000000	0.005963
1920.000000	0.022384
1922.000000	-0.006157
1924.000000	-0.014327
1926.000000	0.016223
1928.000000	0.014318
1930.000000	-0.020657
1932.000000	-0.017166
1934.000000	0.015116
1936.000000	-0.004376
1938.000000	-0.002949
1940.000000	0.007259
1942.000000	-0.006713
1944.000000	-0.021911
1946.000000	0.001202
1948.000000	0.013543
1950.000000	-0.004303
1952.000000	0.002612
1954.000000	-0.011258
1956.000000	-0.015889
1958.000000	0.014584
1960.000000	0.029222
1962.000000	0.015459
1964.000000	-0.005927
1966.000000	-0.008737
1968.000000	0.010772
1970.000000	0.022410
1972.000000	0.027310
1974.000000	0.022776
1976.000000	-0.014446
1978.000000	-0.026418
1980.000000	-0.011832
1982.000000	0.001433
1984.000000	0.013406
1986.000000	0.011199
1988.000000	0.003408
1990.000000	0.004546
1992.000000	0.012139
1994.000000	0.021652
1996.000000	0.024397
1998.000000	0.011581
2000.000000	-0.007733
2002.000000	0.021052
2004.000000	0.048215
2006.000000	0.026561
2008.000000	0.010511
2010.000000	-0.005642
2012.000000	-0.022201
2014.000000	-0.020840
2016.000000	0.008394
2018.000000	0.023780
2020.000000	0.016114
2022.000000	0.009107
2024.000000	0.015721
2026.000000	-0.007288
2028.000000	-0.017053
2030.000000	0.006658
2032.000000	0.003983
2034.000000	0.010503
2036.000000	0.018201
2038.000000	0.007503
2040.000000	-0.003602
2042.000000	0.011196
2044.000000	0.007240
2046.000000	-0.011824
2048.000000	0.012998
2050.000000	0.013748
2052.000000	0.002026
2054.000000	0.004734
2056.000000	0.015700
2058.000000	0.036048
2060.000000	0.021557
2062.000000	-0.003606
2064.000000	0.012816
2066.000000	-0.004040
2068.000000	-0.006767
2070.000000	0.008305
2072.000000	-0.000598
2074.000000	0.010202
2076.000000	0.017212
2078.000000	0.004633
2080.000000	-0.007762
2082.000000	0.000064
2084.000000	-0.004337
2086.000000	-0.014584
2088.000000	-0.000107
2090.000000	0.031530
2092.000000	0.030619
2094.000000	0.005326
2096.000000	0.001093
2098.000000	0.026613
2100.000000	0.009811
2102.000000	0.007977
2104.000000	0.037936
2106.000000	0.015379
2108.000000	-0.005636
2110.000000	-0.001786
2112.000000	0.001753
2114.000000	-0.016129
2116.000000	-0.017747
2118.000000	0.000384
2120.000000	0.008914
2122.000000	0.000609
2124.000000	0.021444
2126.000000	0.023685
2128.000000	0.005158
2130.000000	0.004996
2132.000000	0.025855
2134.000000	0.040767
2136.000000	0.034668
2138.000000	0.013275
2140.000000	-0.004498
2142.000000	-0.002495
2144.000000	-0.003967
2146.000000	-0.011048
2148.000000	-0.000087
2150.000000	0.008673
2152.000000	0.026067
2154.000000	0.034038
2156.000000	0.010745
2158.000000	-0.000331
2160.000000	0.009669
2162.000000	0.020825
2164.000000	0.013360
2166.000000	-0.004126
2168.000000	0.006685
2170.000000	-0.005773
2172.000000	-0.032881
2174.000000	0.004392
2176.000000	0.003712
2178.000000	-0.017771
2180.000000	-0.010862
2182.000000	0.013658
2184.000000	0.005953
2186.000000	-0.007250
2188.000000	-0.001390
2190.000000	0.017999
2192.000000	0.031035
2194.000000	0.017820
2196.000000	-0.005050
2198.000000	-0.009967
2200.000000	-0.000165
2202.000000	-0.016562
2204.000000	-0.010372
2206.000000	0.009396
2208.000000	-0.000155
2210.000000	0.010051
2212.000000	0.000997
2214.000000	-0.014346
2216.000000	-0.008809
2218.000000	-0.001129
2220.000000	0.032126
2222.000000	0.035939
2224.000000	0.012365
2226.000000	0.023068
2228.000000	0.025183
2230.000000	0.021597
2232.000000	-0.003466
2234.000000	-0.029350
2236.000000	0.019501
2238.000000	0.021575
2240.000000	0.001406
2242.000000	0.007117
2244.000000	0.002023
2246.000000	-0.006685
2248.000000	-0.006421
2250.000000	0.006042
2252.000000	0.015820
2254.000000	0.001024
2256.000000	-0.011375
2258.000000	-0.003175
2260.000000	0.016292
2262.000000	0.025706
2264.000000	0.020744
2266.000000	0.009802
2268.000000	0.015783
2270.000000	0.037942
2272.000000	0.028777
2274.000000	-0.007555
2276.000000	0.000220
2278.000000	0.036499
2280.000000	0.012273
2282.000000	0.002366
2284.000000	0.010885
2286.000000	0.008386
2288.000000	-0.000989
2290.000000	0.017421
2292.000000	0.027486
2294.000000	0.013811
2296.000000	0.008143
2298.000000	0.032058
2300.000000	0.028176
2302.000000	0.011197
2304.000000	0.017879
2306.000000	0.039686
2308.000000	0.030376
2310.000000	0.016072
2312.000000	0.011287
2314.000000	0.003784
2316.000000	-0.008088
2318.000000	0.007407
2320.000000	0.017401
2322.000000	0.015408
2324.000000	0.014445
2326.000000	0.016413
2328.000000	0.025967
2330.000000	0.023382
2332.000000	0.015207
2334.000000	0.019036
2336.000000	0.016781
2338.000000	-0.013677
2340.000000	-0.008071
2342.000000	0.027462
2344.000000	0.021251
2346.000000	0.013408
2348.000000	0.020515
2350.000000	0.018054
2352.000000	0.007777
2354.000000	0.019287
2356.000000	0.011216
2358.000000	0.009593
2360.000000	0.007241
2362.000000	-0.006790
2364.000000	0.005206
2366.000000	-0.001465
2368.000000	-0.001859
2370.000000	0.013665
2372.000000	0.013268
2374.000000	-0.000639
2376.000000	-0.001769
2378.000000	0.004576
2380.000000	0.002708
2382.000000	-0.000459
2384.000000	0.013716
2386.000000	0.010930
2388.000000	0.004697
2390.000000	0.010496
2392.000000	-0.001394
2394.000000	-0.025382
2396.000000	-0.023253
2398.000000	-0.004410
2400.000000	0.000435
2402.000000	-0.001872
2404.000000	0.001611
2406.000000	0.016892
2408.000000	0.013222
2410.000000	-0.011197
2412.000000	0.005814
2414.000000	0.009831
2416.000000	-0.000323
2418.000000	0.004875
2420.000000	0.017419
2422.000000	0.001089
2424.000000	0.008877
2426.000000	0.027699
2428.000000	0.018004
2430.000000	-0.006731
2432.000000	0.004610
2434.000000	0.009638
2436.000000	0.000504
2438.000000	-0.007056
2440.000000	-0.005385
2442.000000	0.014649
2444.000000	0.011773
2446.000000	0.010730
2448.000000	0.012110
2450.000000	-0.012817
2452.000000	0.011474
2454.000000	0.026517
2456.000000	0.029574
2458.000000	0.028408
2460.000000	-0.006025
2462.000000	-0.029688
2464.000000	-0.002454
2466.000000	0.012755
2468.000000	-0.001805
2470.000000	0.013943
2472.000000	0.001549
2474.000000	-0.017039
2476.000000	-0.004082
2478.000000	0.014128
2480.000000	-0.001374
2482.000000	0.011084
2484.000000	0.009042
2486.000000	0.003663
2488.000000	0.016202
2490.000000	0.018935
2492.000000	0.010742
2494.000000	0.007826
2496.000000	-0.001914
2498.000000	-0.005652
2500.000000	0.019406
2502.000000	0.018295
2504.000000	-0.000324
2506.000000	0.000839
2508.000000	0.012706
2510.000000	0.004262
2512.000000	0.002424
2514.000000	-0.000867
2516.000000	0.010887
2518.000000	0.011765
2520.000000	-0.012079
2522.000000	0.019961
2524.000000	0.023452
2526.000000	0.004043
2528.000000	-0.009319
2530.000000	-0.013996
2532.000000	0.002877
2534.000000	0.011697
2536.000000	0.003310
2538.000000	0.013243
2540.000000	0.021606
2542.000000	-0.035025
2544.000000	-0.021002
2546.000000	-0.002115
2548.000000	0.003872
2550.000000	0.014593
2552.000000	0.001478
2554.000000	0.022425
2556.000000	0.004815
2558.000000	-0.016125
2560.000000	0.006754
2562.000000	0.022315
2564.000000	0.003166
2566.000000	-0.006310
2568.000000	0.000265
2570.000000	0.011580
2572.000000	0.019186
2574.000000	0.007369
2576.000000	-0.003643
2578.000000	0.009031
2580.000000	0.004809
2582.000000	-0.019568
2584.000000	0.002290
2586.000000	-0.003870
2588.000000	-0.008794
2590.000000	-0.002112
2592.000000	0.000229
2594.000000	0.001150
2596.000000	-0.001614
2598.000000	-0.006919
2600.000000	0.002218
2602.000000	0.016844
2604.000000	0.009522
2606.000000	-0.013010
2608.000000	-0.019058
2610.000000	-0.020508
2612.000000	-0.017072
2614.000000	-0.003433
2616.000000	0.011045
2618.000000	0.030780
2620.000000	-0.000400
2622.000000	-0.004673
2624.000000	0.011516
2626.000000	-0.015002
2628.000000	0.022638
2630.000000	0.026083
2632.000000	-0.000657
2634.000000	0.003561
2636.000000	0.016025
2638.000000	-0.013640
2640.000000	0.015530
2642.000000	0.019721
2644.000000	0.006463
2646.000000	0.001074
2648.000000	-0.014145
2650.000000	-0.010747
2652.000000	-0.018831
2654.000000	-0.019542
2656.000000	-0.023060
2658.000000	-0.014612
2660.000000	0.031650
2662.000000	0.008124
2664.000000	0.012798
2666.000000	0.022372
2668.000000	0.000823
2670.000000	-0.011883
2672.000000	-0.000585
2674.000000	0.017367
2676.000000	0.013171
2678.000000	-0.015347
2680.000000	-0.023670
2682.000000	0.006463
2684.000000	0.004567
2686.000000	-0.005086
2688.000000	-0.005888
2690.000000	-0.012626
2692.000000	-0.015216
2694.000000	0.004558
2696.000000	-0.008615
2698.000000	0.005931
2700.000000	0.018207
2702.000000	0.016866
2704.000000	0.024528
2706.000000	0.012468
2708.000000	0.005149
2710.000000	-0.002417
2712.000000	0.008382
2714.000000	0.025706
2716.000000	0.007049
2718.000000	-0.020134
2720.000000	0.025096
2722.000000	0.051821
2724.000000	0.024748
2726.000000	-0.002399
2728.000000	-0.000817
2730.000000	0.007048
2732.000000	0.015886
2734.000000	0.022415
2736.000000	0.039338
2738.000000	0.047810
2740.000000	0.020642
2742.000000	0.008492
2744.000000	0.002764
2746.000000	0.014570
2748.000000	0.018092
2750.000000	0.008084
2752.000000	0.010955
2754.000000	-0.013994
2756.000000	0.006009
2758.000000	0.010420
2760.000000	-0.002396
2762.000000	0.013003
2764.000000	0.021942
2766.000000	0.004727
2768.000000	0.014786
2770.000000	0.007078
2772.000000	-0.026511
2774.000000	-0.030917
2776.000000	-0.000412
2778.000000	0.004773
2780.000000	-0.004125
2782.000000	0.006503
2784.000000	0.002102
2786.000000	-0.029023
2788.000000	-0.025805
2790.000000	0.010191
2792.000000	0.015492
2794.000000	-0.008935
2796.000000	-0.025635
2798.000000	-0.025665
2800.000000	-0.021649
2802.000000	-0.013175
2804.000000	-0.034597
2806.000000	-0.035773
2808.000000	-0.012996
2810.000000	0.006796
2812.000000	0.003128
2814.000000	-0.029935
2816.000000	0.006114
2818.000000	-0.004345
2820.000000	-0.016570
2822.000000	0.000092
2824.000000	-0.015184
2826.000000	-0.031065
2828.000000	-0.031008
2830.000000	-0.005882
2832.000000	0.005069
2834.000000	0.021147
2836.000000	0.040073
2838.000000	0.008148
2840.000000	0.015483
2842.000000	0.064869
2844.000000	0.069878
2846.000000	0.057990
2848.000000	0.069022
2850.000000	0.084102
2852.000000	0.136611
2854.000000	0.178990
2856.000000	0.214876
2858.000000	0.240953
2860.000000	0.258929
2862.000000	0.273180
2864.000000	0.283771
2866.000000	0.332987
2868.000000	0.367797
2870.000000	0.370357
2872.000000	0.378492
2874.000000	0.433227
2876.000000	0.498795
2878.000000	0.485361
2880.000000	0.477528
2882.000000	0.500237
2884.000000	0.512326
2886.000000	0.507683
2888.000000	0.495335
2890.000000	0.476734
2892.000000	0.515515
2894.000000	0.507975
2896.000000	0.491710
2898.000000	0.529965
2900.000000	0.568439
2902.000000	0.565673
2904.000000	0.598007
2906.000000	0.610089
2908.000000	0.644209
2910.000000	0.701043
2912.000000	0.715752
2914.000000	0.690020
2916.000000	0.698606
2918.000000	0.751960
2920.000000	0.867189
2922.000000	0.908667
2924.000000	0.931335
2926.000000	0.955663
2928.000000	0.931309
2930.000000	0.943649
2932.000000	1.000000
2934.000000	0.984055
2936.000000	0.948051
2938.000000	0.948836
2940.000000	0.971237
2942.000000	0.940769
2944.000000	0.832379
2946.000000	0.819342
2948.000000	0.803198
2950.000000	0.776063
2952.000000	0.767970
2954.000000	0.739133
2956.000000	0.662811
2958.000000	0.606882
2960.000000	0.610456
2962.000000	0.599788
2964.000000	0.602040
2966.000000	0.613407
2968.000000	0.575235
2970.000000	0.517817
2972.000000	0.511384
2974.000000	0.460542
2976.000000	0.477797
2978.000000	0.478133
2980.000000	0.456761
2982.000000	0.436107
2984.000000	0.406551
2986.000000	0.390312
2988.000000	0.284593
2990.000000	0.297305
2992.000000	0.319097
2994.000000	0.278033
2996.000000	0.229850
2998.000000	0.188035
3000.000000	0.150064
3002.000000	0.161047
3004.000000	0.152117
3006.000000	0.101695
3008.000000	0.083829
3010.000000	0.077803
3012.000000	0.042028
3014.000000	0.048576
3016.000000	0.093777
3018.000000	0.062219
3020.000000	0.057291
3022.000000	0.036125
3024.000000	0.014067
3026.000000	0.019518
3028.000000	0.004072
3030.000000	-0.005531
3032.000000	-0.027175
3034.000000	-0.008582
3036.000000	0.006072
3038.000000	0.002588
3040.000000	0.010744
3042.000000	0.008056
3044.000000	-0.018983
3046.000000	0.004777
3048.000000	-0.006601
3050.000000	-0.012911
3052.000000	-0.006726
3054.000000	-0.006433
3056.000000	0.004967
3058.000000	0.027721
3060.000000	0.031266
3062.000000	0.048454
3064.000000	0.050061
3066.000000	0.042480
3068.000000	0.034481
3070.000000	0.034342
3072.000000	0.050096
3074.000000	0.044195
3076.000000	-0.013986
3078.000000	-0.006035
3080.000000	0.014389
3082.000000	-0.007314
3084.000000	-0.026820
3086.000000	-0.009479
3088.000000	-0.003378
3090.000000	-0.028822
3092.000000	-0.018194
3094.000000	-0.019306
3096.000000	-0.012793
3098.000000	-0.020955
3100.000000	-0.000300
3102.000000	0.015775
3104.000000	-0.022833
3106.000000	-0.034693
3108.000000	-0.027848
3110.000000	-0.001418
3112.000000	-0.020653
3114.000000	-0.010918
3116.000000	0.000299
3118.000000	0.000011
3120.000000	-0.007585
3122.000000	-0.037887
3124.000000	0.030566
3126.000000	-0.026705
3128.000000	-0.029899
3130.000000	0.005394
3132.000000	0.002261
3134.000000	0.004823
3136.000000	0.017444
3138.000000	-0.009720
3140.000000	-0.020648
3142.000000	-0.024430
3144.000000	-0.023332
3146.000000	0.014709
3148.000000	0.025992
3150.000000	0.025060
3152.000000	0.015676
3154.000000	0.006291
3156.000000	-0.003413
3158.000000	-0.017929
3160.000000	-0.023559
3162.000000	-0.010724
3164.000000	-0.013681
3166.000000	-0.017527
3168.000000	-0.006744
3170.000000	-0.005053
3172.000000	-0.007540
3174.000000	-0.000154
3176.000000	-0.010127
3178.000000	-0.008630
3180.000000	0.003072
3182.000000	0.007420
3184.000000	-0.005175
3186.000000	-0.018961
3188.000000	-0.009130
3190.000000	0.009405
3192.000000	0.001808
3194.000000	-0.009999
3196.000000	-0.009524
3198.000000	-0.002371
3200.000000	-0.009873
3202.000000	-0.011219
3204.000000	0.002295
3206.000000	0.005959
3208.000000	0.018160
3210.000000	0.020948
3212.000000	-0.017241
3214.000000	0.005632
3216.000000	0.009305
3218.000000	-0.009968
3220.000000	-0.018587
3222.000000	-0.027996
3224.000000	-0.014093
3226.000000	0.012591
3228.000000	-0.003330
3230.000000	-0.005824
3232.000000	0.013294
3234.000000	0.023174
3236.000000	0.023127
3238.000000	0.008015
3240.000000	0.008316
3242.000000	0.016500
3244.000000	-0.021177
3246.000000	0.008333
3248.000000	-0.000006
3250.000000	0.014324
3252.000000	0.030620
3254.000000	0.033391
3256.000000	0.026340
3258.000000	-0.005713
3260.000000	-0.016714
3262.000000	0.016944
3264.000000	0.000046
3266.000000	0.020609
3268.000000	-0.004995
3270.000000	0.000857
3272.000000	0.008171
3274.000000	0.001727
3276.000000	0.029838
3278.000000	0.064282
3280.000000	0.056627
3282.000000	0.039822
3284.000000	0.020898
3286.000000	0.028571
3288.000000	0.042694
3290.000000	0.036156
3292.000000	0.032696
3294.000000	0.039698
3296.000000	0.046429
3298.000000	0.052145
3300.000000	0.048550
3302.000000	0.032689
3304.000000	0.031510
3306.000000	0.045248
3308.000000	0.065070
3310.000000	0.045549
3312.000000	0.041296
3314.000000	0.063225
3316.000000	0.060482
3318.000000	0.040026
3320.000000	0.045870
3322.000000	0.077479
3324.000000	0.064056
3326.000000	0.050633
3328.000000	0.055860
3330.000000	0.056329
3332.000000	0.052052
3334.000000	0.048304
3336.000000	0.063760
3338.000000	0.075436
3340.000000	0.054462
3342.000000	0.043863
3344.000000	0.044547
3346.000000	0.063322
3348.000000	0.044977
3350.000000	0.056530
3352.000000	0.047645
3354.000000	0.041304
3356.000000	0.051823
3358.000000	0.062889
3360.000000	0.067544
3362.000000	0.049420
3364.000000	0.026605
3366.000000	0.033951
3368.000000	0.030971
3370.000000	0.029303
3372.000000	0.031170
3374.000000	0.027815
3376.000000	0.042939
3378.000000	0.039336
3380.000000	0.038995
3382.000000	0.051731
3384.000000	0.037335
3386.000000	0.037580
3388.000000	0.040448
3390.000000	0.032376
3392.000000	0.050662
3394.000000	0.018545
3396.000000	0.024851
3398.000000	0.032356
3400.000000	0.011714
3402.000000	0.035103
3404.000000	0.052807
3406.000000	0.016616
3408.000000	0.014731
3410.000000	0.018651
3412.000000	-0.002135
3414.000000	0.013734
3416.000000	-0.015476
3418.000000	0.010336
3420.000000	0.014720
3422.000000	0.040193
3424.000000	0.024149
3426.000000	-0.007232
3428.000000	0.008512
3430.000000	0.023436
3432.000000	0.042858
3434.000000	0.034975
3436.000000	0.002268
3438.000000	0.024733
3440.000000	0.009768
3442.000000	-0.007557
3444.000000	0.003763
3446.000000	-0.015086
3448.000000	-0.023503
3450.000000	0.012228
3452.000000	0.030046
3454.000000	0.021064
3456.000000	-0.004141
3458.000000	-0.028074
3460.000000	0.032154
3462.000000	0.010366
3464.000000	-0.017964
3466.000000	-0.016779
3468.000000	-0.003234
3470.000000	-0.017325
3472.000000	-0.009062
3474.000000	-0.008361
3476.000000	-0.007661
3478.000000	-0.006960
3480.000000	-0.008686
3482.000000	0.004707
3484.000000	0.003796
3486.000000	-0.005377
3488.000000	-0.014550
3490.000000	-0.006870
3492.000000	-0.003218
3494.000000	-0.001163
3496.000000	-0.001265
3498.000000	-0.018695
3500.000000	-0.018231
3502.000000	0.006373
3504.000000	-0.005865
3506.000000	-0.018059
3508.000000	0.013272
3510.000000	0.006389
3512.000000	-0.012428
3514.000000	0.008848
3516.000000	-0.007399
3518.000000	-0.008375
3520.000000	-0.003585
3522.000000	-0.004367
3524.000000	0.015256
3526.000000	-0.016071
3528.000000	-0.017684
3530.000000	-0.018498
3532.000000	-0.028819
3534.000000	-0.016384
3536.000000	-0.011950
3538.000000	0.004683
3540.000000	0.006675
3542.000000	-0.007659
3544.000000	-0.003831
3546.000000	-0.000003
3548.000000	-0.015543
3550.000000	-0.017081
3552.000000	0.001844
3554.000000	-0.022471
3556.000000	-0.016958
3558.000000	-0.010997
3560.000000	-0.027931
3562.000000	-0.016842
3564.000000	-0.011265
3566.000000	-0.008407
3568.000000	0.013695
3570.000000	-0.002712
3572.000000	-0.005775
3574.000000	-0.002253
3576.000000	-0.013280
3578.000000	-0.004049
3580.000000	-0.018576
3582.000000	-0.027698
3584.000000	0.006718
3586.000000	-0.011157
3588.000000	-0.022106
3590.000000	-0.020930
3592.000000	-0.018894
3594.000000	-0.018551
3596.000000	-0.011415
3598.000000	0.006335
3600.000000	-0.006501
