400.000000	-0.014347
402.000000	-0.019268
404.000000	-0.017211
406.000000	-0.012152
408.000000	-0.009743
410.000000	-0.006584
412.000000	-0.004926
414.000000	-0.011450
416.000000	-0.016200
418.000000	-0.010527
420.000000	-0.000744
422.000000	0.000370
424.000000	-0.015625
426.000000	-0.026867
428.000000	-0.022279
430.000000	-0.015031
432.000000	-0.014487
434.000000	-0.021464
436.000000	-0.022308
438.000000	-0.016712
440.000000	-0.016549
442.000000	-0.018889
444.000000	-0.016817
446.000000	-0.007114
448.000000	-0.005128
450.000000	-0.024040
452.000000	-0.029144
454.000000	-0.014491
456.000000	-0.015133
458.000000	-0.022941
460.000000	-0.020988
462.000000	-0.017075
464.000000	-0.016932
466.000000	-0.020186
468.000000	-0.019387
470.000000	-0.015652
472.000000	-0.022960
474.000000	-0.032637
476.000000	-0.031418
478.000000	-0.027442
480.000000	-0.024823
482.000000	-0.021473
484.000000	-0.021423
486.000000	-0.022889
488.000000	-0.012641
490.000000	-0.002434
492.000000	-0.010256
494.000000	-0.022119
496.000000	-0.024708
498.000000	-0.014828
500.000000	-0.003337
502.000000	0.000843
504.000000	0.002900
506.000000	0.009615
508.000000	0.021255
510.000000	0.015558
512.000000	-0.007722
514.000000	-0.020168
516.000000	-0.020118
518.000000	-0.012616
520.000000	0.007019
522.000000	0.023422
524.000000	0.013836
526.000000	-0.011744
528.000000	-0.025635
530.000000	0.001452
532.000000	0.022321
534.000000	-0.001641
536.000000	-0.018407
538.000000	-0.010804
540.000000	0.002403
542.000000	0.002512
544.000000	-0.010188
546.000000	-0.014198
548.000000	-0.008509
550.000000	-0.001846
552.000000	-0.002448
554.000000	-0.011561
556.000000	-0.022914
558.000000	-0.021778
560.000000	-0.005798
562.000000	0.010531
564.000000	0.020479
566.000000	0.018887
568.000000	-0.001840
570.000000	-0.020223
572.000000	-0.009790
574.000000	-0.001110
576.000000	-0.009766
578.000000	-0.020276
580.000000	-0.026791
582.000000	-0.029365
584.000000	-0.030096
586.000000	-0.025989
588.000000	-0.015072
590.000000	-0.009394
592.000000	-0.008350
594.000000	0.000049
596.000000	0.000844
598.000000	-0.010815
600.000000	-0.009511
602.000000	0.003896
604.000000	0.014778
606.000000	0.016673
608.000000	0.006690
610.000000	-0.013513
612.000000	-0.030336
614.000000	-0.035942
616.000000	-0.035443
618.000000	-0.034247
620.000000	-0.030708
622.000000	-0.010328
624.000000	0.007055
626.000000	-0.008686
628.000000	-0.025440
630.000000	-0.028225
632.000000	-0.034284
634.000000	-0.033209
636.000000	-0.018145
638.000000	-0.007295
640.000000	-0.003445
642.000000	-0.000660
644.000000	0.000647
646.000000	0.000682
648.000000	0.000207
650.000000	-0.004739
652.000000	-0.012149
654.000000	-0.012214
656.000000	-0.012438
658.000000	-0.018652
660.000000	-0.017015
662.000000	-0.005867
664.000000	0.004381
666.000000	-0.001410
668.000000	-0.007238
670.000000	0.020860
672.000000	0.039450
674.000000	0.021995
676.000000	0.003602
678.000000	-0.004741
680.000000	-0.003832
682.000000	0.010536
684.000000	0.022109
686.000000	0.012468
688.000000	0.008876
690.000000	0.011925
692.000000	-0.005902
694.000000	-0.011885
696.000000	0.012095
698.000000	0.031060
700.000000	0.029293
702.000000	0.012176
704.000000	0.004077
706.000000	0.005456
708.000000	0.004571
710.000000	0.012997
712.000000	0.022430
714.000000	0.009558
716.000000	0.005815
718.000000	0.023647
720.000000	0.028009
722.000000	0.034242
724.000000	0.058652
726.000000	0.068558
728.000000	0.057569
730.000000	0.040906
732.000000	0.032849
734.000000	0.032905
736.000000	0.034772
738.000000	0.065134
740.000000	0.113716
742.000000	0.126046
744.000000	0.146513
746.000000	0.207423
748.000000	0.251346
750.000000	0.267399
752.000000	0.265871
754.000000	0.232433
756.000000	0.169895
758.000000	0.100860
760.000000	0.059272
762.000000	0.051295
764.000000	0.052304
766.000000	0.042457
768.000000	0.026750
770.000000	0.033788
772.000000	0.030678
774.000000	-0.000281
776.000000	-0.001128
778.000000	0.022523
780.000000	0.035851
782.000000	0.040030
784.000000	0.044337
786.000000	0.054196
788.000000	0.055548
790.000000	0.045102
792.000000	0.034076
794.000000	0.027301
796.000000	0.023657
798.000000	0.016950
800.000000	0.001523
802.000000	-0.019186
804.000000	-0.027130
806.000000	-0.013986
808.000000	0.008955
810.000000	0.002482
812.000000	-0.012322
814.000000	0.005636
816.000000	0.017255
818.000000	0.010126
820.000000	0.006645
822.000000	0.011112
824.000000	0.014741
826.000000	0.006550
828.000000	0.014258
830.000000	0.038552
832.000000	0.029975
834.000000	0.012595
836.000000	0.016622
838.000000	0.019530
840.000000	0.012320
842.000000	-0.000375
844.000000	-0.008513
846.000000	-0.010560
848.000000	-0.008264
850.000000	0.006571
852.000000	0.020634
854.000000	0.013894
856.000000	0.019274
858.000000	0.036472
860.000000	0.027106
862.000000	0.016439
864.000000	0.017912
866.000000	0.008749
868.000000	0.013388
870.000000	0.032353
872.000000	0.007492
874.000000	-0.014581
876.000000	0.009751
878.000000	0.015872
880.000000	0.002647
882.000000	-0.000566
884.000000	-0.000252
886.000000	0.010673
888.000000	0.035737
890.000000	0.029979
892.000000	0.003949
894.000000	0.004907
896.000000	0.011983
898.000000	0.008828
900.000000	0.003434
902.000000	0.017685
904.000000	0.036607
906.000000	0.015486
908.000000	0.009475
910.000000	0.037466
912.000000	0.032808
914.000000	0.019579
916.000000	0.031031
918.000000	0.049013
920.000000	0.041333
922.000000	0.011182
924.000000	0.026925
926.000000	0.054560
928.000000	0.044043
930.000000	0.041353
932.000000	0.051809
934.000000	0.052639
936.000000	0.037916
938.000000	0.009508
940.000000	-0.015398
942.000000	0.010400
944.000000	0.055119
946.000000	0.050852
948.000000	0.044259
950.000000	0.047607
952.000000	0.030430
954.000000	0.013616
956.000000	0.017621
958.000000	0.041551
960.000000	0.054154
962.000000	0.050326
964.000000	0.055646
966.000000	0.047174
968.000000	0.020859
970.000000	0.012209
972.000000	0.023128
974.000000	0.036815
976.000000	0.035366
978.000000	0.035879
980.000000	0.048305
982.000000	0.053596
984.000000	0.062710
986.000000	0.080543
988.000000	0.081615
990.000000	0.076178
992.000000	0.079724
994.000000	0.084481
996.000000	0.096763
998.000000	0.120595
1000.000000	0.138681
1002.000000	0.131197
1004.000000	0.123713
1006.000000	0.116229
1008.000000	0.108745
1010.000000	0.101261
1012.000000	0.078558
1014.000000	0.074355
1016.000000	0.062296
1018.000000	0.068286
1020.000000	0.075511
1022.000000	0.056728
1024.000000	0.044376
1026.000000	0.047753
1028.000000	0.055404
1030.000000	0.062471
1032.000000	0.062847
1034.000000	0.058770
1036.000000	0.077238
1038.000000	0.085777
1040.000000	0.047386
1042.000000	0.049243
1044.000000	0.085153
1046.000000	0.090645
1048.000000	0.100365
1050.000000	0.112614
1052.000000	0.099071
1054.000000	0.086847
1056.000000	0.078755
1058.000000	0.061145
1060.000000	0.058644
1062.000000	0.069354
1064.000000	0.073745
1066.000000	0.085335
1068.000000	0.087524
1070.000000	0.057718
1072.000000	0.050187
1074.000000	0.064889
1076.000000	0.061631
1078.000000	0.059346
1080.000000	0.073221
1082.000000	0.095611
1084.000000	0.091446
1086.000000	0.068379
1088.000000	0.065352
1090.000000	0.091547
1092.000000	0.098953
1094.000000	0.042374
1096.000000	0.008388
1098.000000	0.027465
1100.000000	0.062232
1102.000000	0.072113
1104.000000	0.060186
1106.000000	0.056084
1108.000000	0.066762
1110.000000	0.077185
1112.000000	0.070850
1114.000000	0.063599
1116.000000	0.070187
1118.000000	0.092703
1120.000000	0.114263
1122.000000	0.138641
1124.000000	0.147057
1126.000000	0.155473
1128.000000	0.163889
1130.000000	0.172305
1132.000000	0.180721
1134.000000	0.189137
1136.000000	0.109795
1138.000000	0.080881
1140.000000	0.075566
1142.000000	0.055944
1144.000000	0.044438
1146.000000	0.032710
1148.000000	0.020319
1150.000000	0.048464
1152.000000	0.053236
1154.000000	0.004159
1156.000000	0.009239
1158.000000	0.046801
1160.000000	0.058653
1162.000000	0.040551
1164.000000	0.035899
1166.000000	0.059784
1168.000000	0.065906
1170.000000	0.050631
1172.000000	0.037802
1174.000000	0.053734
1176.000000	0.069705
1178.000000	0.058384
1180.000000	0.023964
1182.000000	0.002416
1184.000000	0.004556
1186.000000	0.007004
1188.000000	0.001308
1190.000000	-0.009362
1192.000000	-0.018756
1194.000000	-0.034676
1196.000000	-0.042409
1198.000000	-0.021905
1200.000000	-0.006719
1202.000000	-0.004844
1204.000000	-0.001705
1206.000000	0.002349
1208.000000	0.022327
1210.000000	0.057916
1212.000000	0.051030
1214.000000	0.041064
1216.000000	0.076605
1218.000000	0.098548
1220.000000	0.089326
1222.000000	0.073478
1224.000000	0.090191
1226.000000	0.111380
1228.000000	0.109584
1230.000000	0.105214
1232.000000	0.117521
1234.000000	0.131080
1236.000000	0.103787
1238.000000	0.074298
1240.000000	0.077315
1242.000000	0.101497
1244.000000	0.088906
1246.000000	0.054287
1248.000000	0.059636
1250.000000	0.057586
1252.000000	0.051108
1254.000000	0.070653
1256.000000	0.061911
1258.000000	0.044579
1260.000000	0.059466
1262.000000	0.062532
1264.000000	0.057232
1266.000000	0.060965
1268.000000	0.055686
1270.000000	0.035133
1272.000000	0.017160
1274.000000	0.035504
1276.000000	0.060320
1278.000000	0.064324
1280.000000	0.056934
1282.000000	0.061419
1284.000000	0.071998
1286.000000	0.063025
1288.000000	0.060031
1290.000000	0.069828
1292.000000	0.079854
1294.000000	0.096552
1296.000000	0.103546
1298.000000	0.095938
1300.000000	0.128045
1302.000000	0.168307
1304.000000	0.179050
1306.000000	0.202295
1308.000000	0.249025
1310.000000	0.289376
1312.000000	0.275266
1314.000000	0.242708
1316.000000	0.225226
1318.000000	0.217160
1320.000000	0.202018
1322.000000	0.177087
1324.000000	0.156758
1326.000000	0.160297
1328.000000	0.168753
1330.000000	0.157325
1332.000000	0.151665
1334.000000	0.165093
1336.000000	0.189339
1338.000000	0.199179
1340.000000	0.184443
1342.000000	0.154145
1344.000000	0.131117
1346.000000	0.123875
1348.000000	0.140399
1350.000000	0.171701
1352.000000	0.137413
1354.000000	0.085044
1356.000000	0.109872
1358.000000	0.123926
1360.000000	0.124903
1362.000000	0.146811
1364.000000	0.154125
1366.000000	0.145759
1368.000000	0.137261
1370.000000	0.136100
1372.000000	0.134352
1374.000000	0.120853
1376.000000	0.090558
1378.000000	0.055168
1380.000000	0.045664
1382.000000	0.077082
1384.000000	0.090844
1386.000000	0.087303
1388.000000	0.089389
1390.000000	0.078004
1392.000000	0.052020
1394.000000	0.035854
1396.000000	0.058920
1398.000000	0.067340
1400.000000	0.055530
1402.000000	0.068380
1404.000000	0.049643
1406.000000	0.015365
1408.000000	0.017428
1410.000000	0.015928
1412.000000	0.007389
1414.000000	0.004018
1416.000000	-0.002278
1418.000000	-0.007052
1420.000000	-0.001235
1422.000000	0.013483
1424.000000	-0.000509
1426.000000	-0.017630
1428.000000	0.014635
1430.000000	0.042773
1432.000000	0.043330
1434.000000	0.034094
1436.000000	0.044493
1438.000000	0.054493
1440.000000	0.058853
1442.000000	0.090503
1444.000000	0.117890
1446.000000	0.128715
1448.000000	0.139129
1450.000000	0.135655
1452.000000	0.134146
1454.000000	0.149353
1456.000000	0.147528
1458.000000	0.129993
1460.000000	0.120229
1462.000000	0.135081
1464.000000	0.140006
1466.000000	0.106173
1468.000000	0.051486
1470.000000	0.062333
1472.000000	0.088365
1474.000000	0.061103
1476.000000	0.067345
1478.000000	0.060843
1480.000000	0.027739
1482.000000	0.057673
1484.000000	0.065226
1486.000000	0.029911
1488.000000	0.017544
1490.000000	0.017620
1492.000000	0.019011
1494.000000	0.018195
1496.000000	0.009343
1498.000000	-0.009547
1500.000000	-0.024302
1502.000000	-0.016289
1504.000000	-0.018980
1506.000000	-0.030568
1508.000000	-0.026320
1510.000000	-0.025387
1512.000000	-0.023758
1514.000000	-0.011615
1516.000000	0.000859
1518.000000	-0.007402
1520.000000	-0.033251
1522.000000	-0.045968
1524.000000	-0.021672
1526.000000	0.017803
1528.000000	0.037660
1530.000000	0.041196
1532.000000	0.032836
1534.000000	0.021617
1536.000000	0.025337
1538.000000	0.060440
1540.000000	0.087106
1542.000000	0.061341
1544.000000	0.044588
1546.000000	0.048454
1548.000000	0.066116
1550.000000	0.108635
1552.000000	0.132789
1554.000000	0.127927
1556.000000	0.129574
1558.000000	0.151519
1560.000000	0.151531
1562.000000	0.120920
1564.000000	0.146341
1566.000000	0.150858
1568.000000	0.131289
1570.000000	0.186250
1572.000000	0.206081
1574.000000	0.192330
1576.000000	0.218201
1578.000000	0.262015
1580.000000	0.273008
1582.000000	0.259380
1584.000000	0.284577
1586.000000	0.298403
1588.000000	0.267187
1590.000000	0.214861
1592.000000	0.201163
1594.000000	0.191556
1596.000000	0.146356
1598.000000	0.094812
1600.000000	0.110095
1602.000000	0.167500
1604.000000	0.180749
1606.000000	0.141516
1608.000000	0.120433
1610.000000	0.142210
1612.000000	0.135973
1614.000000	0.103292
1616.000000	0.079691
1618.000000	0.085143
1620.000000	0.084183
1622.000000	0.089585
1624.000000	0.105413
1626.000000	0.097428
1628.000000	0.092178
1630.000000	0.095062
1632.000000	0.089785
1634.000000	0.085116
1636.000000	0.078293
1638.000000	0.072704
1640.000000	0.079390
1642.000000	0.066738
1644.000000	0.063128
1646.000000	0.098526
1648.000000	0.092543
1650.000000	0.086516
1652.000000	0.113807
1654.000000	0.127854
1656.000000	0.128813
1658.000000	0.122474
1660.000000	0.113369
1662.000000	0.114052
1664.000000	0.131649
1666.000000	0.151384
1668.000000	0.151412
1670.000000	0.159651
1672.000000	0.167195
1674.000000	0.150821
1676.000000	0.125752
1678.000000	0.137264
1680.000000	0.153637
1682.000000	0.106835
1684.000000	0.077743
1686.000000	0.078290
1688.000000	0.075209
1690.000000	0.060205
1692.000000	0.057196
1694.000000	0.068796
1696.000000	0.071542
1698.000000	0.049864
1700.000000	0.032577
1702.000000	0.033855
1704.000000	0.035133
1706.000000	0.036412
1708.000000	0.037690
1710.000000	0.038968
1712.000000	0.040247
1714.000000	0.041525
1716.000000	-0.003986
1718.000000	-0.013516
1720.000000	-0.036940
1722.000000	-0.033548
1724.000000	0.003482
1726.000000	-0.001444
1728.000000	-0.019768
1730.000000	-0.016606
1732.000000	0.003773
1734.000000	0.007044
1736.000000	0.011260
1738.000000	0.015308
1740.000000	-0.010892
1742.000000	-0.019401
1744.000000	0.002364
1746.000000	0.022299
1748.000000	0.003902
1750.000000	-0.019907
1752.000000	-0.030465
1754.000000	-0.035038
1756.000000	-0.026605
1758.000000	-0.021475
1760.000000	-0.021852
1762.000000	-0.009395
1764.000000	-0.004961
1766.000000	-0.016639
1768.000000	-0.032962
1770.000000	-0.036938
1772.000000	-0.029298
1774.000000	-0.016258
1776.000000	-0.004629
1778.000000	-0.002242
1780.000000	-0.009346
1782.000000	-0.017589
1784.000000	-0.015400
1786.000000	-0.002491
1788.000000	-0.000539
1790.000000	-0.018350
1792.000000	-0.030758
1794.000000	-0.033744
1796.000000	-0.033842
1798.000000	-0.027976
1800.000000	0.001415
1802.000000	0.003887
1804.000000	-0.012590
1806.000000	0.010485
1808.000000	0.012971
1810.000000	0.015457
1812.000000	-0.009783
1814.000000	-0.008250
1816.000000	-0.011025
1818.000000	-0.013664
1820.000000	-0.003066
1822.000000	-0.004310
1824.000000	-0.013031
1826.000000	-0.012422
1828.000000	0.002125
1830.000000	0.008869
1832.000000	0.008794
1834.000000	-0.005058
1836.000000	-0.033524
1838.000000	-0.019826
1840.000000	-0.004591
1842.000000	-0.015534
1844.000000	-0.011184
1846.000000	-0.010551
1848.000000	-0.010520
1850.000000	0.000000
1852.000000	0.009688
1854.000000	0.012485
1856.000000	-0.003344
1858.000000	-0.032065
1860.000000	-0.031111
1862.000000	-0.001194
1864.000000	0.024311
1866.000000	0.021404
1868.000000	0.016966
1870.000000	0.006344
1872.000000	-0.004638
1874.000000	0.003021
1876.000000	0.006611
1878.000000	0.002295
1880.000000	-0.003454
1882.000000	-0.005447
1884.000000	0.007014
1886.000000	0.015330
1888.000000	0.011701
1890.000000	0.016419
1892.000000	-0.000881
1894.000000	-0.020366
1896.000000	-0.012316
1898.000000	0.000992
1900.000000	0.016155
1902.000000	0.023096
1904.000000	0.011900
1906.000000	-0.005601
1908.000000	-0.013114
1910.000000	-0.008627
1912.000000	-0.006200
1914.000000	-0.019489
1916.000000	-0.021112
1918.000000	-0.007068
1920.000000	-0.004204
1922.000000	-0.015016
1924.000000	0.004861
1926.000000	0.036445
1928.000000	0.018785
1930.000000	0.005321
1932.000000	0.001466
1934.000000	0.002858
1936.000000	0.019135
1938.000000	0.025126
1940.000000	0.000084
1942.000000	-0.026051
1944.000000	-0.003818
1946.000000	0.006298
1948.000000	-0.007768
1950.000000	-0.014587
1952.000000	0.005136
1954.000000	0.013095
1956.000000	-0.008604
1958.000000	-0.022110
1960.000000	0.019892
1962.000000	0.025071
1964.000000	-0.003019
1966.000000	-0.012028
1968.000000	0.000036
1970.000000	0.010816
1972.000000	0.012295
1974.000000	0.009053
1976.000000	0.005630
1978.000000	0.004394
1980.000000	0.010523
1982.000000	0.015439
1984.000000	-0.000158
1986.000000	-0.005282
1988.000000	-0.005461
1990.000000	-0.014918
1992.000000	-0.013167
1994.000000	0.009527
1996.000000	0.029441
1998.000000	0.016164
2000.000000	-0.023233
2002.000000	-0.020102
2004.000000	0.010542
2006.000000	0.021503
2008.000000	0.015738
2010.000000	0.003518
2012.000000	-0.003602
2014.000000	-0.002889
2016.000000	-0.006296
2018.000000	-0.024739
2020.000000	-0.013654
2022.000000	0.021307
2024.000000	-0.004313
2026.000000	-0.030507
2028.000000	-0.009182
2030.000000	0.037868
2032.000000	0.046734
2034.000000	0.012991
2036.000000	-0.012035
2038.000000	-0.010012
2040.000000	-0.012607
2042.000000	0.010406
2044.000000	0.019091
2046.000000	0.000101
2048.000000	0.001055
2050.000000	0.005378
2052.000000	0.013685
2054.000000	0.018362
2056.000000	0.002848
2058.000000	-0.008600
2060.000000	-0.002619
2062.000000	0.012907
2064.000000	0.021726
2066.000000	0.020583
2068.000000	0.010703
2070.000000	0.013248
2072.000000	0.033861
2074.000000	0.023651
2076.000000	0.013133
2078.000000	-0.002690
2080.000000	-0.033780
2082.000000	-0.020144
2084.000000	-0.004789
2086.000000	-0.008338
2088.000000	-0.009496
2090.000000	0.005373
2092.000000	0.016854
2094.000000	0.016048
2096.000000	0.006309
2098.000000	-0.003302
2100.000000	0.010518
2102.000000	0.026449
2104.000000	0.030574
2106.000000	0.030601
2108.000000	-0.009322
2110.000000	-0.018080
2112.000000	0.014448
2114.000000	0.014173
2116.000000	-0.000094
2118.000000	-0.003141
2120.000000	-0.004201
2122.000000	-0.011360
2124.000000	0.008857
2126.000000	0.011397
2128.000000	0.005755
2130.000000	0.023417
2132.000000	0.035657
2134.000000	0.035129
2136.000000	0.025072
2138.000000	0.008467
2140.000000	-0.005884
2142.000000	0.010251
2144.000000	0.009538
2146.000000	-0.012571
2148.000000	-0.003192
2150.000000	0.005212
2152.000000	0.001550
2154.000000	0.000664
2156.000000	0.009342
2158.000000	0.005485
2160.000000	0.004082
2162.000000	0.008387
2164.000000	0.008614
2166.000000	0.003971
2168.000000	-0.000647
2170.000000	-0.002792
2172.000000	-0.000607
2174.000000	0.008702
2176.000000	0.021774
2178.000000	0.011640
2180.000000	0.001909
2182.000000	0.024337
2184.000000	0.020581
2186.000000	0.010872
2188.000000	-0.002498
2190.000000	-0.019207
2192.000000	-0.005408
2194.000000	-0.000117
2196.000000	-0.004148
2198.000000	0.005047
2200.000000	0.020932
2202.000000	0.001483
2204.000000	-0.006033
2206.000000	0.013898
2208.000000	0.026989
2210.000000	0.027440
2212.000000	-0.004170
2214.000000	-0.020285
2216.000000	-0.005085
2218.000000	-0.019545
2220.000000	-0.000977
2222.000000	0.013132
2224.000000	0.012590
2226.000000	0.043521
2228.000000	0.058011
2230.000000	0.026995
2232.000000	0.006341
2234.000000	0.024674
2236.000000	0.008487
2238.000000	0.012900
2240.000000	0.017892
2242.000000	0.008330
2244.000000	0.016146
2246.000000	0.006574
2248.000000	0.012264
2250.000000	0.024583
2252.000000	0.021874
2254.000000	0.040733
2256.000000	0.026666
2258.000000	0.021182
2260.000000	0.036324
2262.000000	0.014133
2264.000000	0.023098
2266.000000	0.034598
2268.000000	0.033930
2270.000000	0.037846
2272.000000	0.033383
2274.000000	0.036804
2276.000000	0.030228
2278.000000	0.013669
2280.000000	0.021178
2282.000000	0.034985
2284.000000	0.006040
2286.000000	-0.002993
2288.000000	0.044798
2290.000000	0.034026
2292.000000	0.049767
2294.000000	0.043600
2296.000000	0.000567
2298.000000	0.010003
2300.000000	0.042519
2302.000000	0.044543
2304.000000	0.033268
2306.000000	0.045728
2308.000000	0.060573
2310.000000	0.044996
2312.000000	0.030672
2314.000000	0.010735
2316.000000	-0.025440
2318.000000	0.009404
2320.000000	0.042969
2322.000000	0.044145
2324.000000	0.031854
2326.000000	0.023131
2328.000000	0.048636
2330.000000	0.055932
2332.000000	0.044978
2334.000000	0.048493
2336.000000	0.040465
2338.000000	0.019618
2340.000000	0.009443
2342.000000	0.012147
2344.000000	0.012380
2346.000000	0.022099
2348.000000	0.038691
2350.000000	0.040863
2352.000000	0.025421
2354.000000	0.013374
2356.000000	0.001790
2358.000000	0.007183
2360.000000	0.011328
2362.000000	0.003217
2364.000000	0.015388
2366.000000	0.009747
2368.000000	0.018130
2370.000000	0.037664
2372.000000	0.030259
2374.000000	0.024890
2376.000000	0.022803
2378.000000	0.007910
2380.000000	0.009144
2382.000000	0.054232
2384.000000	0.054962
2386.000000	0.005107
2388.000000	-0.013350
2390.000000	0.009172
2392.000000	-0.008541
2394.000000	-0.013551
2396.000000	-0.026921
2398.000000	-0.016482
2400.000000	0.023609
2402.000000	0.005677
2404.000000	-0.000948
2406.000000	0.002488
2408.000000	-0.002166
2410.000000	-0.003379
2412.000000	0.004985
2414.000000	-0.006724
2416.000000	-0.003193
2418.000000	0.014766
2420.000000	0.012393
2422.000000	0.012475
2424.000000	0.002077
2426.000000	-0.003295
2428.000000	0.015160
2430.000000	0.031509
2432.000000	0.000772
2434.000000	0.008551
2436.000000	0.016414
2438.000000	0.005407
2440.000000	0.026873
2442.000000	0.023803
2444.000000	0.016877
2446.000000	0.023681
2448.000000	0.031600
2450.000000	0.029308
2452.000000	0.030395
2454.000000	0.018560
2456.000000	0.022310
2458.000000	0.024517
2460.000000	-0.019964
2462.000000	-0.014783
2464.000000	0.013758
2466.000000	0.009345
2468.000000	-0.003301
2470.000000	0.028758
2472.000000	0.038370
2474.000000	0.038928
2476.000000	0.032600
2478.000000	0.016495
2480.000000	0.009303
2482.000000	0.011769
2484.000000	0.019273
2486.000000	0.021062
2488.000000	0.016459
2490.000000	0.010420
2492.000000	-0.001571
2494.000000	0.031864
2496.000000	0.025806
2498.000000	0.001678
2500.000000	0.052445
2502.000000	-0.002967
2504.000000	-0.015325
2506.000000	0.013756
2508.000000	0.007377
2510.000000	-0.006985
2512.000000	0.014535
2514.000000	0.020962
2516.000000	0.022449
2518.000000	0.020015
2520.000000	0.008120
2522.000000	0.037952
2524.000000	0.026700
2526.000000	0.003308
2528.000000	-0.003720
2530.000000	-0.000266
2532.000000	0.030770
2534.000000	0.013732
2536.000000	0.022870
2538.000000	0.046119
2540.000000	0.026605
2542.000000	0.021712
2544.000000	0.021975
2546.000000	0.023290
2548.000000	0.034913
2550.000000	0.045348
2552.000000	0.026765
2554.000000	0.001549
2556.000000	0.023158
2558.000000	0.025463
2560.000000	-0.003493
2562.000000	0.008038
2564.000000	0.003736
2566.000000	0.020532
2568.000000	0.018266
2570.000000	0.004575
2572.000000	0.018976
2574.000000	0.008353
2576.000000	0.024391
2578.000000	0.014243
2580.000000	-0.025424
2582.000000	-0.025290
2584.000000	0.021783
2586.000000	0.032602
2588.000000	0.019099
2590.000000	0.020732
2592.000000	0.008498
2594.000000	-0.038545
2596.000000	-0.015219
2598.000000	-0.008003
2600.000000	0.011948
2602.000000	0.035862
2604.000000	0.013822
2606.000000	0.011677
2608.000000	0.000279
2610.000000	0.009597
2612.000000	0.009737
2614.000000	-0.005759
2616.000000	0.022161
2618.000000	0.017360
2620.000000	-0.003076
2622.000000	-0.024456
2624.000000	-0.020703
2626.000000	0.014150
2628.000000	0.012423
2630.000000	0.006649
2632.000000	-0.003657
2634.000000	-0.007383
2636.000000	0.007808
2638.000000	0.018963
2640.000000	0.019230
2642.000000	0.022226
2644.000000	0.003515
2646.000000	-0.014664
2648.000000	-0.007538
2650.000000	-0.032104
2652.000000	0.000670
2654.000000	0.021785
2656.000000	0.003968
2658.000000	-0.004134
2660.000000	0.001511
2662.000000	-0.005477
2664.000000	0.012785
2666.000000	0.032210
2668.000000	0.035228
2670.000000	0.033768
2672.000000	0.018900
2674.000000	0.009011
2676.000000	0.002813
2678.000000	-0.013478
2680.000000	-0.011990
2682.000000	0.028643
2684.000000	0.036159
2686.000000	0.011905
2688.000000	-0.005696
2690.000000	-0.003391
2692.000000	0.011298
2694.000000	0.022416
2696.000000	0.000667
2698.000000	0.007468
2700.000000	0.006869
2702.000000	0.010642
2704.000000	0.039767
2706.000000	0.021421
2708.000000	0.022768
2710.000000	0.023450
2712.000000	0.027688
2714.000000	0.022999
2716.000000	0.006673
2718.000000	0.042759
2720.000000	0.044691
2722.000000	0.017763
2724.000000	0.003743
2726.000000	0.017319
2728.000000	0.037312
2730.000000	0.025044
2732.000000	-0.010574
2734.000000	0.007533
2736.000000	0.035222
2738.000000	0.039168
2740.000000	0.058324
2742.000000	0.024994
2744.000000	0.006803
2746.000000	-0.000585
2748.000000	-0.011756
2750.000000	0.001163
2752.000000	0.039968
2754.000000	0.038212
2756.000000	0.017940
2758.000000	0.006633
2760.000000	0.016556
2762.000000	0.021014
2764.000000	-0.001154
2766.000000	0.004162
2768.000000	-0.024883
2770.000000	-0.031014
2772.000000	-0.019852
2774.000000	-0.016470
2776.000000	0.007502
2778.000000	-0.008487
2780.000000	-0.011762
2782.000000	-0.002837
2784.000000	-0.007415
2786.000000	-0.021577
2788.000000	-0.028133
2790.000000	-0.030447
2792.000000	-0.026951
2794.000000	-0.021843
2796.000000	-0.017487
2798.000000	-0.013790
2800.000000	-0.016882
2802.000000	-0.028655
2804.000000	-0.016877
2806.000000	-0.013231
2808.000000	-0.029927
2810.000000	-0.030616
2812.000000	-0.012681
2814.000000	-0.027482
2816.000000	-0.025295
2818.000000	-0.012755
2820.000000	-0.005869
2822.000000	-0.006532
2824.000000	-0.014014
2826.000000	-0.022800
2828.000000	-0.012349
2830.000000	0.029873
2832.000000	0.040033
2834.000000	0.030166
2836.000000	0.037373
2838.000000	0.034054
2840.000000	0.051285
2842.000000	0.073564
2844.000000	0.103101
2846.000000	0.147999
2848.000000	0.178862
2850.000000	0.185804
2852.000000	0.228587
2854.000000	0.270086
2856.000000	0.312919
2858.000000	0.341651
2860.000000	0.331102
2862.000000	0.311086
2864.000000	0.328806
2866.000000	0.340069
2868.000000	0.379863
2870.000000	0.442458
2872.000000	0.491909
2874.000000	0.522765
2876.000000	0.551703
2878.000000	0.567969
2880.000000	0.559341
2882.000000	0.551911
2884.000000	0.556682
2886.000000	0.556510
2888.000000	0.559655
2890.000000	0.589694
2892.000000	0.585626
2894.000000	0.531826
2896.000000	0.551005
2898.000000	0.613292
2900.000000	0.639189
2902.000000	0.649764
2904.000000	0.646115
2906.000000	0.651372
2908.000000	0.689355
2910.000000	0.747009
2912.000000	0.753494
2914.000000	0.718649
2916.000000	0.742650
2918.000000	0.801769
2920.000000	0.854686
2922.000000	0.876403
2924.000000	0.917051
2926.000000	0.970392
2928.000000	0.975593
2930.000000	0.964506
2932.000000	1.000000
2934.000000	0.971487
2936.000000	0.969241
2938.000000	0.977141
2940.000000	0.948833
2942.000000	0.890139
2944.000000	0.797756
2946.000000	0.793921
2948.000000	0.738196
2950.000000	0.724409
2952.000000	0.705640
2954.000000	0.660293
2956.000000	0.655425
2958.000000	0.608503
2960.000000	0.607097
2962.000000	0.597239
2964.000000	0.574475
2966.000000	0.554433
2968.000000	0.526776
2970.000000	0.510156
2972.000000	0.519570
2974.000000	0.471850
2976.000000	0.507887
2978.000000	0.455016
2980.000000	0.421519
2982.000000	0.442530
2984.000000	0.381267
2986.000000	0.357115
2988.000000	0.306291
2990.000000	0.269996
2992.000000	0.264144
2994.000000	0.243379
2996.000000	0.198012
2998.000000	0.162145
3000.000000	0.148083
3002.000000	0.148824
3004.000000	0.126097
3006.000000	0.106617
3008.000000	0.087784
3010.000000	0.072055
3012.000000	0.068633
3014.000000	0.062866
3016.000000	0.063245
3018.000000	0.073211
3020.000000	0.052817
3022.000000	0.031379
3024.000000	0.022664
3026.000000	0.005399
3028.000000	-0.011907
3030.000000	-0.015086
3032.000000	-0.026578
3034.000000	0.015122
3036.000000	-0.008495
3038.000000	-0.015824
3040.000000	0.012228
3042.000000	-0.004842
3044.000000	-0.003695
3046.000000	-0.008484
3048.000000	-0.011470
3050.000000	-0.003086
3052.000000	-0.010476
3054.000000	-0.016655
3056.000000	0.007247
3058.000000	0.032537
3060.000000	0.057828
3062.000000	0.038573
3064.000000	0.031792
3066.000000	0.054473
3068.000000	0.037472
3070.000000	0.002690
3072.000000	0.000622
3074.000000	-0.001775
3076.000000	-0.002340
3078.000000	-0.024599
3080.000000	-0.022935
3082.000000	-0.017799
3084.000000	-0.014144
3086.000000	-0.011806
3088.000000	-0.015353
3090.000000	-0.012675
3092.000000	-0.012079
3094.000000	0.001493
3096.000000	-0.034749
3098.000000	-0.038037
3100.000000	-0.005598
3102.000000	-0.001652
3104.000000	-0.018506
3106.000000	-0.025616
3108.000000	-0.024993
3110.000000	-0.013058
3112.000000	-0.000956
3114.000000	-0.006135
3116.000000	0.007720
3118.000000	0.003166
3120.000000	-0.024815
3122.000000	0.008008
3124.000000	0.007404
3126.000000	-0.009877
3128.000000	0.006438
3130.000000	0.014286
3132.000000	-0.007252
3134.000000	-0.016805
3136.000000	-0.006000
3138.000000	-0.012125
3140.000000	-0.021862
3142.000000	-0.015858
3144.000000	-0.038651
3146.000000	-0.023539
3148.000000	0.031163
3150.000000	0.036257
3152.000000	0.001824
3154.000000	0.004762
3156.000000	0.004714
3158.000000	-0.022774
3160.000000	-0.029450
3162.000000	-0.022125
3164.000000	-0.005959
3166.000000	0.000786
3168.000000	0.008937
3170.000000	0.015548
3172.000000	-0.000750
3174.000000	0.018886
3176.000000	0.005770
3178.000000	-0.011158
3180.000000	-0.002219
3182.000000	-0.011160
3184.000000	-0.027472
3186.000000	-0.009328
3188.000000	0.028904
3190.000000	0.009543
3192.000000	-0.009818
3194.000000	0.002095
3196.000000	0.005001
3198.000000	-0.022730
3200.000000	-0.014146
3202.000000	-0.001883
3204.000000	-0.003561
3206.000000	0.010702
3208.000000	-0.013698
3210.000000	0.007549
3212.000000	0.006884
3214.000000	0.006922
3216.000000	-0.000236
3218.000000	-0.014629
3220.000000	-0.021686
3222.000000	-0.007270
3224.000000	0.002388
3226.000000	-0.025577
3228.000000	0.003677
3230.000000	0.008529
3232.000000	0.040780
3234.000000	0.024114
3236.000000	-0.003679
3238.000000	0.015005
3240.000000	0.022558
3242.000000	0.006045
3244.000000	0.003028
3246.000000	-0.028087
3248.000000	-0.003670
3250.000000	-0.019727
3252.000000	-0.000247
3254.000000	0.001141
3256.000000	-0.018641
3258.000000	-0.003095
3260.000000	0.001434
3262.000000	-0.008653
3264.000000	0.017619
3266.000000	-0.011968
3268.000000	0.014540
3270.000000	0.008306
3272.000000	-0.001822
3274.000000	0.013192
3276.000000	0.041570
3278.000000	0.058773
3280.000000	0.040949
3282.000000	0.019622
3284.000000	0.015660
3286.000000	0.038162
3288.000000	0.048482
3290.000000	0.044850
3292.000000	0.030830
3294.000000	0.029366
3296.000000	0.040477
3298.000000	0.043710
3300.000000	0.031420
3302.000000	0.021229
3304.000000	0.051532
3306.000000	0.030974
3308.000000	0.019981
3310.000000	0.026186
3312.000000	0.030908
3314.000000	0.025670
3316.000000	0.048341
3318.000000	0.068243
3320.000000	0.043195
3322.000000	0.049492
3324.000000	0.058438
3326.000000	0.056083
3328.000000	0.042843
3330.000000	0.051171
3332.000000	0.024143
3334.000000	0.032285
3336.000000	0.073439
3338.000000	0.060890
3340.000000	0.050876
3342.000000	0.073026
3344.000000	0.031808
3346.000000	0.031909
3348.000000	0.025463
3350.000000	0.040445
3352.000000	0.050719
3354.000000	0.047016
3356.000000	0.040951
3358.000000	0.043272
3360.000000	0.049881
3362.000000	0.049223
3364.000000	0.038968
3366.000000	0.031850
3368.000000	0.064954
3370.000000	0.036114
3372.000000	0.030789
3374.000000	0.047774
3376.000000	0.043695
3378.000000	0.021117
3380.000000	0.009211
3382.000000	0.023047
3384.000000	0.038631
3386.000000	0.032502
3388.000000	0.029043
3390.000000	0.032002
3392.000000	0.031091
3394.000000	0.023827
3396.000000	0.024259
3398.000000	0.033017
3400.000000	0.019917
3402.000000	0.025393
3404.000000	0.019904
3406.000000	0.004191
3408.000000	0.035109
3410.000000	0.012060
3412.000000	0.010339
3414.000000	0.028838
3416.000000	-0.012050
3418.000000	0.021234
3420.000000	0.024625
3422.000000	0.036512
3424.000000	0.031479
3426.000000	0.023031
3428.000000	0.028733
3430.000000	0.007521
3432.000000	0.009750
3434.000000	0.022646
3436.000000	0.014130
3438.000000	0.017774
3440.000000	0.000710
3442.000000	0.016277
3444.000000	0.015103
3446.000000	0.001684
3448.000000	-0.021907
3450.000000	0.003698
3452.000000	0.032625
3454.000000	0.000023
3456.000000	-0.006269
3458.000000	0.008510
3460.000000	0.004525
3462.000000	0.022085
3464.000000	-0.009075
3466.000000	-0.004573
3468.000000	-0.024526
3470.000000	-0.024676
3472.000000	0.008027
3474.000000	0.002406
3476.000000	0.019181
3478.000000	0.031888
3480.000000	-0.003594
3482.000000	0.001675
3484.000000	0.005285
3486.000000	0.002086
3488.000000	-0.001813
3490.000000	-0.034881
3492.000000	-0.009107
3494.000000	-0.017303
3496.000000	-0.005873
3498.000000	0.014324
3500.000000	0.006504
3502.000000	0.011639
3504.000000	0.017094
3506.000000	0.007021
3508.000000	0.002516
3510.000000	-0.015320
3512.000000	-0.025479
3514.000000	-0.009093
3516.000000	0.007086
3518.000000	-0.011600
3520.000000	-0.019869
3522.000000	-0.005893
3524.000000	-0.000212
3526.000000	-0.016265
3528.000000	0.001711
3530.000000	-0.009386
3532.000000	-0.025303
3534.000000	-0.010212
3536.000000	-0.011903
3538.000000	-0.003687
3540.000000	-0.002347
3542.000000	-0.007158
3544.000000	0.008356
3546.000000	-0.017546
3548.000000	0.006189
3550.000000	-0.011904
3552.000000	0.011239
3554.000000	-0.007705
3556.000000	-0.001319
3558.000000	0.010950
3560.000000	-0.012944
3562.000000	-0.014888
3564.000000	-0.006061
3566.000000	-0.000276
3568.000000	0.020330
3570.000000	0.003780
3572.000000	-0.021703
3574.000000	-0.007069
3576.000000	0.004748
3578.000000	-0.014025
3580.000000	-0.031467
3582.000000	-0.029864
3584.000000	-0.001232
3586.000000	-0.000230
3588.000000	-0.027169
3590.000000	-0.027039
3592.000000	-0.011575
3594.000000	-0.011118
3596.000000	0.003237
3598.000000	-0.004836
3600.000000	-0.020283
