400.000000	0.001804
402.000000	-0.002896
404.000000	0.008780
406.000000	0.014600
408.000000	-0.010058
410.000000	-0.010136
412.000000	0.011426
414.000000	-0.004340
416.000000	-0.021177
418.000000	-0.007850
420.000000	-0.008295
422.000000	-0.016513
424.000000	-0.001126
426.000000	0.003164
428.000000	-0.014855
430.000000	-0.017328
432.000000	-0.011953
434.000000	-0.016917
436.000000	-0.013550
438.000000	0.004593
440.000000	0.012343
442.000000	0.020094
444.000000	-0.007215
446.000000	-0.008963
448.000000	0.003197
450.000000	-0.006537
452.000000	-0.010198
454.000000	-0.001727
456.000000	-0.011714
458.000000	-0.023497
460.000000	-0.017299
462.000000	-0.013887
464.000000	-0.026031
466.000000	-0.048074
468.000000	-0.042424
470.000000	-0.008496
472.000000	-0.005255
474.000000	-0.021742
476.000000	-0.023083
478.000000	-0.017816
480.000000	-0.011907
482.000000	-0.002638
484.000000	0.008112
486.000000	0.012909
488.000000	0.000004
490.000000	-0.016168
492.000000	-0.013213
494.000000	0.003566
496.000000	0.018219
498.000000	0.015753
500.000000	0.021066
502.000000	0.040336
504.000000	0.019645
506.000000	-0.018505
508.000000	-0.017709
510.000000	-0.006610
512.000000	-0.003444
514.000000	0.005862
516.000000	0.011166
518.000000	0.002456
520.000000	-0.007148
522.000000	-0.009391
524.000000	-0.003121
526.000000	0.007695
528.000000	0.015048
530.000000	0.010537
532.000000	0.008824
534.000000	0.014921
536.000000	-0.005313
538.000000	-0.023427
540.000000	0.007740
542.000000	0.007770
544.000000	-0.033705
546.000000	-0.016179
548.000000	0.018659
550.000000	0.012397
552.000000	0.012479
554.000000	0.021094
556.000000	0.009606
558.000000	0.002448
560.000000	0.011210
562.000000	0.016966
564.000000	0.013411
566.000000	0.003442
568.000000	-0.003820
570.000000	0.001328
572.000000	0.016927
574.000000	0.001470
576.000000	-0.032801
578.000000	-0.018342
580.000000	0.001285
582.000000	-0.014306
584.000000	-0.016939
586.000000	-0.002299
588.000000	0.003353
590.000000	-0.010252
592.000000	-0.024172
594.000000	-0.005752
596.000000	0.004483
598.000000	-0.010377
600.000000	0.007058
602.000000	0.031062
604.000000	0.017105
606.000000	0.008689
608.000000	0.015700
610.000000	0.009658
612.000000	-0.010579
614.000000	-0.028123
616.000000	-0.018713
618.000000	-0.007074
620.000000	-0.017233
622.000000	-0.019295
624.000000	-0.005065
626.000000	0.009424
628.000000	0.000576
630.000000	-0.026197
632.000000	-0.035825
634.000000	-0.028985
636.000000	-0.014736
638.000000	0.007032
640.000000	0.023813
642.000000	0.022886
644.000000	0.013623
646.000000	0.007151
648.000000	0.008410
650.000000	0.003530
652.000000	-0.008480
654.000000	-0.007026
656.000000	0.001604
658.000000	0.002651
660.000000	-0.007640
662.000000	-0.013072
664.000000	0.002572
666.000000	0.014261
668.000000	0.017614
670.000000	0.031908
672.000000	0.043854
674.000000	0.039936
676.000000	0.024397
678.000000	0.012979
680.000000	0.014638
682.000000	0.012885
684.000000	0.009743
686.000000	0.016009
688.000000	0.016809
690.000000	0.007190
692.000000	-0.001545
694.000000	-0.000893
696.000000	0.010554
698.000000	0.024701
700.000000	0.030341
702.000000	0.020377
704.000000	0.000375
706.000000	-0.014138
708.000000	-0.009980
710.000000	-0.001880
712.000000	0.002309
714.000000	0.008109
716.000000	0.020089
718.000000	0.033699
720.000000	0.035988
722.000000	0.046687
724.000000	0.071111
726.000000	0.058335
728.000000	0.037383
730.000000	0.057692
732.000000	0.058137
734.000000	0.039884
736.000000	0.061244
738.000000	0.090405
740.000000	0.103541
742.000000	0.120230
744.000000	0.159147
746.000000	0.219269
748.000000	0.213568
750.000000	0.207867
752.000000	0.202166
754.000000	0.196465
756.000000	0.190764
758.000000	0.117802
760.000000	0.064356
762.000000	0.043321
764.000000	0.059160
766.000000	0.062481
768.000000	0.038296
770.000000	0.034643
772.000000	0.032825
774.000000	0.013496
776.000000	0.011856
778.000000	0.022028
780.000000	0.025685
782.000000	0.043354
784.000000	0.048035
786.000000	0.052716
788.000000	0.057396
790.000000	0.025545
792.000000	0.015098
794.000000	0.012268
796.000000	0.008146
798.000000	0.016470
800.000000	0.023466
802.000000	0.011781
804.000000	-0.016504
806.000000	-0.021650
808.000000	0.015271
810.000000	0.023812
812.000000	0.009335
814.000000	0.019159
816.000000	0.032962
818.000000	0.032153
820.000000	0.019400
822.000000	0.026014
824.000000	0.044918
826.000000	0.031478
828.000000	0.028428
830.000000	0.054797
832.000000	0.055332
834.000000	0.027025
836.000000	-0.004204
838.000000	-0.010563
840.000000	0.002140
842.000000	0.016215
844.000000	0.030889
846.000000	0.036646
848.000000	0.025325
850.000000	0.016873
852.000000	0.017498
854.000000	0.019222
856.000000	0.024868
858.000000	0.025968
860.000000	0.010250
862.000000	0.022277
864.000000	0.020419
866.000000	0.018561
868.000000	0.016703
870.000000	0.004588
872.000000	0.003418
874.000000	0.009632
876.000000	0.020287
878.000000	0.024590
880.000000	0.015993
882.000000	-0.002528
884.000000	-0.012527
886.000000	0.000510
888.000000	0.029695
890.000000	0.021823
892.000000	-0.009313
894.000000	-0.009638
896.000000	-0.013683
898.000000	-0.020334
900.000000	0.008458
902.000000	0.020850
904.000000	-0.000883
906.000000	-0.008236
908.000000	0.015958
910.000000	0.044778
912.000000	0.023073
914.000000	0.002113
916.000000	0.028339
918.000000	0.066045
920.000000	0.063974
922.000000	0.023521
924.000000	0.040004
926.000000	0.077974
928.000000	0.070453
930.000000	0.053364
932.000000	0.047664
934.000000	0.053070
936.000000	0.061642
938.000000	0.053908
940.000000	0.025033
942.000000	0.031862
944.000000	0.058795
946.000000	0.047516
948.000000	0.031831
950.000000	0.034929
952.000000	0.046222
954.000000	0.037998
956.000000	0.021667
958.000000	0.038700
960.000000	0.062991
962.000000	0.076286
964.000000	0.087178
966.000000	0.077941
968.000000	0.055731
970.000000	0.059376
972.000000	0.058494
974.000000	0.040995
976.000000	0.047004
978.000000	0.048832
980.000000	0.030743
982.000000	0.034106
984.000000	0.052603
986.000000	0.068794
988.000000	0.082982
990.000000	0.072481
992.000000	0.045173
994.000000	0.074304
996.000000	0.115067
998.000000	0.112932
1000.000000	0.118385
1002.000000	0.119587
1004.000000	0.102311
1006.000000	0.127488
1008.000000	0.111812
1010.000000	0.096136
1012.000000	0.052632
1014.000000	0.047484
1016.000000	0.060520
1018.000000	0.044438
1020.000000	0.018037
1022.000000	0.022140
1024.000000	0.032519
1026.000000	0.047522
1028.000000	0.072921
1030.000000	0.074903
1032.000000	0.062839
1034.000000	0.063826
1036.000000	0.052360
1038.000000	0.025830
1040.000000	0.009345
1042.000000	0.032936
1044.000000	0.062659
1046.000000	0.048463
1048.000000	0.041567
1050.000000	0.058522
1052.000000	0.074715
1054.000000	0.074209
1056.000000	0.052969
1058.000000	0.026446
1060.000000	0.041773
1062.000000	0.076309
1064.000000	0.072103
1066.000000	0.059939
1068.000000	0.065128
1070.000000	0.083255
1072.000000	0.080885
1074.000000	0.068967
1076.000000	0.078977
1078.000000	0.076750
1080.000000	0.079545
1082.000000	0.121067
1084.000000	0.120499
1086.000000	0.083248
1088.000000	0.077741
1090.000000	0.086591
1092.000000	0.082385
1094.000000	0.056718
1096.000000	0.039726
1098.000000	0.043590
1100.000000	0.056550
1102.000000	0.057247
1104.000000	0.051412
1106.000000	0.060277
1108.000000	0.084480
1110.000000	0.105425
1112.000000	0.103752
1114.000000	0.090903
1116.000000	0.094430
1118.000000	0.123255
1120.000000	0.123331
1122.000000	0.119811
1124.000000	0.160391
1126.000000	0.200129
1128.000000	0.244048
1130.000000	0.255906
1132.000000	0.267764
1134.000000	0.189863
1136.000000	0.135261
1138.000000	0.095506
1140.000000	0.066309
1142.000000	0.050725
1144.000000	0.047638
1146.000000	0.046468
1148.000000	0.039834
1150.000000	0.034537
1152.000000	0.028310
1154.000000	0.026042
1156.000000	0.048235
1158.000000	0.067898
1160.000000	0.061600
1162.000000	0.047765
1164.000000	0.042045
1166.000000	0.046365
1168.000000	0.049121
1170.000000	0.055044
1172.000000	0.063475
1174.000000	0.063829
1176.000000	0.077422
1178.000000	0.078840
1180.000000	0.007773
1182.000000	-0.029898
1184.000000	-0.006666
1186.000000	-0.009930
1188.000000	-0.015416
1190.000000	-0.006650
1192.000000	-0.002009
1194.000000	-0.006165
1196.000000	-0.021249
1198.000000	-0.038566
1200.000000	-0.016466
1202.000000	0.020536
1204.000000	0.017434
1206.000000	-0.004442
1208.000000	0.004400
1210.000000	0.055322
1212.000000	0.055736
1214.000000	0.020815
1216.000000	0.016114
1218.000000	0.053038
1220.000000	0.094527
1222.000000	0.110952
1224.000000	0.119185
1226.000000	0.099317
1228.000000	0.066138
1230.000000	0.093616
1232.000000	0.121845
1234.000000	0.110984
1236.000000	0.104087
1238.000000	0.082804
1240.000000	0.056436
1242.000000	0.068010
1244.000000	0.074386
1246.000000	0.057006
1248.000000	0.041856
1250.000000	0.049109
1252.000000	0.062582
1254.000000	0.052218
1256.000000	0.028697
1258.000000	0.020412
1260.000000	0.037330
1262.000000	0.036571
1264.000000	0.028420
1266.000000	0.033476
1268.000000	0.030540
1270.000000	0.021838
1272.000000	0.021877
1274.000000	0.036709
1276.000000	0.030142
1278.000000	0.010453
1280.000000	0.035452
1282.000000	0.036599
1284.000000	0.009752
1286.000000	0.027086
1288.000000	0.045034
1290.000000	0.048088
1292.000000	0.055718
1294.000000	0.052437
1296.000000	0.051051
1298.000000	0.075953
1300.000000	0.120242
1302.000000	0.155051
1304.000000	0.166074
1306.000000	0.180697
1308.000000	0.208692
1310.000000	0.232514
1312.000000	0.221379
1314.000000	0.209174
1316.000000	0.202106
1318.000000	0.165027
1320.000000	0.127788
1322.000000	0.108135
1324.000000	0.099891
1326.000000	0.105170
1328.000000	0.112462
1330.000000	0.109679
1332.000000	0.110433
1334.000000	0.139267
1336.000000	0.182104
1338.000000	0.165754
1340.000000	0.136288
1342.000000	0.132212
1344.000000	0.116011
1346.000000	0.093402
1348.000000	0.087887
1350.000000	0.105042
1352.000000	0.082505
1354.000000	0.059649
1356.000000	0.099317
1358.000000	0.082946
1360.000000	0.061432
1362.000000	0.109237
1364.000000	0.113424
1366.000000	0.086539
1368.000000	0.080051
1370.000000	0.089378
1372.000000	0.057615
1374.000000	0.004710
1376.000000	0.017335
1378.000000	0.035667
1380.000000	0.032502
1382.000000	0.032469
1384.000000	0.040368
1386.000000	0.044901
1388.000000	0.035078
1390.000000	0.016867
1392.000000	0.003619
1394.000000	0.012230
1396.000000	0.045999
1398.000000	0.034373
1400.000000	-0.000792
1402.000000	0.032815
1404.000000	0.044202
1406.000000	0.024445
1408.000000	0.024664
1410.000000	0.010332
1412.000000	-0.007384
1414.000000	-0.007889
1416.000000	-0.008882
1418.000000	-0.004285
1420.000000	0.008238
1422.000000	0.013368
1424.000000	0.002130
1426.000000	-0.005986
1428.000000	0.012863
1430.000000	0.028127
1432.000000	0.034212
1434.000000	0.043015
1436.000000	0.055953
1438.000000	0.067915
1440.000000	0.072357
1442.000000	0.068313
1444.000000	0.074174
1446.000000	0.086816
1448.000000	0.082906
1450.000000	0.062656
1452.000000	0.071063
1454.000000	0.120157
1456.000000	0.115011
1458.000000	0.105629
1460.000000	0.127335
1462.000000	0.109533
1464.000000	0.086907
1466.000000	0.083506
1468.000000	0.079915
1470.000000	0.064604
1472.000000	0.040664
1474.000000	0.023198
1476.000000	0.030544
1478.000000	0.052746
1480.000000	0.060562
1482.000000	0.032985
1484.000000	0.024100
1486.000000	0.036567
1488.000000	0.031635
1490.000000	0.045951
1492.000000	0.046508
1494.000000	0.003065
1496.000000	-0.017227
1498.000000	-0.008796
1500.000000	0.000334
1502.000000	-0.012526
1504.000000	-0.029702
1506.000000	-0.030329
1508.000000	-0.014872
1510.000000	-0.018797
1512.000000	-0.035898
1514.000000	-0.037004
1516.000000	-0.009671
1518.000000	-0.004384
1520.000000	-0.027732
1522.000000	-0.033763
1524.000000	-0.034996
1526.000000	-0.023245
1528.000000	0.005660
1530.000000	0.007404
1532.000000	0.003078
1534.000000	0.013053
1536.000000	0.022524
1538.000000	0.048722
1540.000000	0.063312
1542.000000	0.032921
1544.000000	0.024237
1546.000000	0.039881
1548.000000	0.051484
1550.000000	0.054933
1552.000000	0.066365
1554.000000	0.082993
1556.000000	0.081876
1558.000000	0.059089
1560.000000	0.052698
1562.000000	0.082990
1564.000000	0.098194
1566.000000	0.082523
1568.000000	0.068750
1570.000000	0.102898
1572.000000	0.149420
1574.000000	0.163655
1576.000000	0.151400
1578.000000	0.190523
1580.000000	0.229763
1582.000000	0.232875
1584.000000	0.245700
1586.000000	0.256379
1588.000000	0.226808
1590.000000	0.158257
1592.000000	0.141799
1594.000000	0.132411
1596.000000	0.095800
1598.000000	0.089922
1600.000000	0.094824
1602.000000	0.105856
1604.000000	0.122421
1606.000000	0.089733
1608.000000	0.053507
1610.000000	0.066010
1612.000000	0.100737
1614.000000	0.084948
1616.000000	0.040788
1618.000000	0.039178
1620.000000	0.050526
1622.000000	0.046757
1624.000000	0.043427
1626.000000	0.076379
1628.000000	0.060328
1630.000000	0.011226
1632.000000	0.011045
1634.000000	0.028148
1636.000000	0.045787
1638.000000	0.057454
1640.000000	0.053107
1642.000000	0.043357
1644.000000	0.058399
1646.000000	0.100959
1648.000000	0.100150
1650.000000	0.087818
1652.000000	0.088328
1654.000000	0.069452
1656.000000	0.073629
1658.000000	0.095850
1660.000000	0.101258
1662.000000	0.096921
1664.000000	0.091265
1666.000000	0.098869
1668.000000	0.127679
1670.000000	0.135130
1672.000000	0.122908
1674.000000	0.112191
1676.000000	0.095469
1678.000000	0.085027
1680.000000	0.072358
1682.000000	0.048009
1684.000000	0.075580
1686.000000	0.091648
1688.000000	0.049393
1690.000000	0.037152
1692.000000	0.044868
1694.000000	0.046002
1696.000000	0.035554
1698.000000	0.024585
1700.000000	0.035852
1702.000000	0.036800
1704.000000	0.037749
1706.000000	0.038697
1708.000000	0.039646
1710.000000	0.040594
1712.000000	0.041542
1714.000000	0.042491
1716.000000	0.008108
1718.000000	-0.008631
1720.000000	-0.004375
1722.000000	-0.004634
1724.000000	-0.028483
1726.000000	-0.027531
1728.000000	-0.012937
1730.000000	-0.009598
1732.000000	-0.013790
1734.000000	0.018921
1736.000000	0.034431
1738.000000	0.004209
1740.000000	-0.024196
1742.000000	-0.036541
1744.000000	-0.012034
1746.000000	0.028214
1748.000000	0.003057
1750.000000	-0.030210
1752.000000	-0.025174
1754.000000	-0.002108
1756.000000	-0.008782
1758.000000	-0.022939
1760.000000	-0.022447
1762.000000	-0.022400
1764.000000	-0.019732
1766.000000	-0.014134
1768.000000	-0.008603
1770.000000	-0.007135
1772.000000	-0.028053
1774.000000	-0.039100
1776.000000	-0.007140
1778.000000	0.000234
1780.000000	-0.013476
1782.000000	-0.013808
1784.000000	0.008041
1786.000000	0.011329
1788.000000	0.003222
1790.000000	-0.000007
1792.000000	-0.015098
1794.000000	-0.026051
1796.000000	-0.011220
1798.000000	0.016817
1800.000000	0.000120
1802.000000	-0.007998
1804.000000	0.003604
1806.000000	-0.011283
1808.000000	-0.012305
1810.000000	-0.004249
1812.000000	-0.004449
1814.000000	-0.007040
1816.000000	-0.011936
1818.000000	-0.009060
1820.000000	-0.000720
1822.000000	-0.010404
1824.000000	-0.002089
1826.000000	0.008268
1828.000000	-0.010148
1830.000000	-0.001370
1832.000000	0.027138
1834.000000	0.031706
1836.000000	-0.002836
1838.000000	-0.007809
1840.000000	-0.006289
1842.000000	-0.023689
1844.000000	-0.026329
1846.000000	-0.008467
1848.000000	0.004679
1850.000000	-0.001711
1852.000000	-0.005613
1854.000000	0.000000
1856.000000	0.008295
1858.000000	0.005566
1860.000000	-0.014073
1862.000000	-0.013242
1864.000000	0.004256
1866.000000	0.009717
1868.000000	0.026336
1870.000000	0.024775
1872.000000	0.001257
1874.000000	-0.006508
1876.000000	0.000340
1878.000000	0.009838
1880.000000	0.013437
1882.000000	0.008376
1884.000000	-0.007512
1886.000000	-0.005982
1888.000000	0.015682
1890.000000	0.012017
1892.000000	-0.002506
1894.000000	-0.012218
1896.000000	-0.011272
1898.000000	0.002248
1900.000000	0.009164
1902.000000	-0.006572
1904.000000	-0.027438
1906.000000	-0.001273
1908.000000	0.040208
1910.000000	0.032278
1912.000000	-0.017831
1914.000000	0.016410
1916.000000	0.019155
1918.000000	-0.017196
1920.000000	0.008067
1922.000000	-0.006980
1924.000000	-0.013073
1926.000000	0.017657
1928.000000	0.025733
1930.000000	0.010223
1932.000000	0.017507
1934.000000	0.030639
1936.000000	-0.005847
1938.000000	-0.002324
1940.000000	0.002579
1942.000000	-0.023880
1944.000000	-0.024603
1946.000000	-0.001133
1948.000000	0.017937
1950.000000	0.018672
1952.000000	0.013414
1954.000000	0.002837
1956.000000	-0.012211
1958.000000	-0.014865
1960.000000	0.009858
1962.000000	0.005766
1964.000000	-0.013493
1966.000000	-0.009849
1968.000000	0.006974
1970.000000	0.006942
1972.000000	0.001744
1974.000000	0.007434
1976.000000	0.007018
1978.000000	-0.000029
1980.000000	0.005189
1982.000000	0.019110
1984.000000	0.006745
1986.000000	-0.001317
1988.000000	-0.002305
1990.000000	-0.003927
1992.000000	0.006283
1994.000000	0.006896
1996.000000	0.013170
1998.000000	0.023466
2000.000000	-0.007180
2002.000000	-0.016084
2004.000000	0.000880
2006.000000	0.013361
2008.000000	0.021912
2010.000000	0.018158
2012.000000	0.000195
2014.000000	-0.013061
2016.000000	0.003284
2018.000000	0.017174
2020.000000	0.022949
2022.000000	0.025352
2024.000000	0.010691
2026.000000	-0.022579
2028.000000	-0.026908
2030.000000	0.008668
2032.000000	0.022733
2034.000000	0.005421
2036.000000	-0.012115
2038.000000	-0.007874
2040.000000	0.008146
2042.000000	0.026111
2044.000000	0.026717
2046.000000	0.010777
2048.000000	0.004306
2050.000000	0.014716
2052.000000	0.020641
2054.000000	0.008182
2056.000000	-0.000969
2058.000000	0.034177
2060.000000	0.039533
2062.000000	0.017803
2064.000000	0.036855
2066.000000	0.024338
2068.000000	-0.000052
2070.000000	0.005050
2072.000000	0.033567
2074.000000	0.038249
2076.000000	0.043718
2078.000000	0.032800
2080.000000	-0.003364
2082.000000	0.015679
2084.000000	0.021742
2086.000000	0.000937
2088.000000	-0.003426
2090.000000	0.015067
2092.000000	0.033824
2094.000000	0.026923
2096.000000	0.000405
2098.000000	-0.004401
2100.000000	0.021706
2102.000000	0.027466
2104.000000	0.003011
2106.000000	-0.000891
2108.000000	-0.005867
2110.000000	-0.001699
2112.000000	0.027648
2114.000000	0.056254
2116.000000	0.017662
2118.000000	-0.031760
2120.000000	-0.021269
2122.000000	0.026215
2124.000000	0.004750
2126.000000	0.001152
2128.000000	0.018607
2130.000000	0.013889
2132.000000	0.031717
2134.000000	0.035899
2136.000000	0.025716
2138.000000	0.018608
2140.000000	0.008553
2142.000000	-0.004174
2144.000000	-0.011014
2146.000000	0.001945
2148.000000	0.025889
2150.000000	0.008182
2152.000000	0.007456
2154.000000	0.022474
2156.000000	0.007050
2158.000000	0.007413
2160.000000	0.015550
2162.000000	0.022028
2164.000000	0.019471
2166.000000	0.002769
2168.000000	0.031037
2170.000000	0.045641
2172.000000	0.016153
2174.000000	0.011017
2176.000000	0.016765
2178.000000	0.023253
2180.000000	0.026533
2182.000000	0.019368
2184.000000	-0.000554
2186.000000	-0.001821
2188.000000	0.005583
2190.000000	0.002186
2192.000000	0.009270
2194.000000	0.020194
2196.000000	0.002028
2198.000000	-0.022484
2200.000000	0.005616
2202.000000	0.026942
2204.000000	-0.004175
2206.000000	-0.017886
2208.000000	0.036224
2210.000000	0.026066
2212.000000	0.001934
2214.000000	0.024620
2216.000000	0.050014
2218.000000	0.002084
2220.000000	0.009742
2222.000000	0.042822
2224.000000	0.047043
2226.000000	0.044734
2228.000000	0.040689
2230.000000	0.035071
2232.000000	0.034150
2234.000000	0.033040
2236.000000	0.012767
2238.000000	0.000814
2240.000000	0.012315
2242.000000	0.018138
2244.000000	-0.007766
2246.000000	-0.002817
2248.000000	0.024815
2250.000000	0.030903
2252.000000	0.014897
2254.000000	0.032943
2256.000000	0.046576
2258.000000	0.039322
2260.000000	0.028420
2262.000000	0.034116
2264.000000	0.059229
2266.000000	0.056740
2268.000000	0.037358
2270.000000	0.041827
2272.000000	0.047446
2274.000000	0.032979
2276.000000	0.023333
2278.000000	0.039201
2280.000000	0.050486
2282.000000	0.014366
2284.000000	0.027743
2286.000000	0.052720
2288.000000	0.024956
2290.000000	0.048971
2292.000000	0.053132
2294.000000	0.029769
2296.000000	0.021538
2298.000000	0.031413
2300.000000	0.016749
2302.000000	0.031462
2304.000000	0.040926
2306.000000	0.013395
2308.000000	0.026035
2310.000000	0.037812
2312.000000	0.026841
2314.000000	0.010917
2316.000000	0.012157
2318.000000	0.027470
2320.000000	0.053547
2322.000000	0.060743
2324.000000	0.042777
2326.000000	0.033895
2328.000000	0.031265
2330.000000	0.011592
2332.000000	0.015406
2334.000000	0.053044
2336.000000	0.029535
2338.000000	-0.006236
2340.000000	-0.006967
2342.000000	0.028177
2344.000000	0.060282
2346.000000	0.045888
2348.000000	0.033976
2350.000000	0.033777
2352.000000	0.023392
2354.000000	0.016316
2356.000000	0.050722
2358.000000	0.033653
2360.000000	0.003291
2362.000000	0.020847
2364.000000	0.000124
2366.000000	0.010443
2368.000000	0.035584
2370.000000	0.050198
2372.000000	0.055415
2374.000000	0.034561
2376.000000	0.052897
2378.000000	0.024760
2380.000000	-0.022708
2382.000000	0.030877
2384.000000	0.016867
2386.000000	0.013992
2388.000000	0.012864
2390.000000	-0.016725
2392.000000	-0.010449
2394.000000	-0.009256
2396.000000	-0.011881
2398.000000	0.012640
2400.000000	0.052306
2402.000000	0.050016
2404.000000	0.030547
2406.000000	0.020969
2408.000000	0.031779
2410.000000	0.043763
2412.000000	0.021001
2414.000000	-0.004166
2416.000000	0.005301
2418.000000	0.037407
2420.000000	0.037405
2422.000000	-0.017771
2424.000000	-0.030525
2426.000000	0.001718
2428.000000	0.040189
2430.000000	0.055351
2432.000000	0.013596
2434.000000	0.013176
2436.000000	0.038428
2438.000000	0.016407
2440.000000	-0.031033
2442.000000	0.006494
2444.000000	0.050878
2446.000000	0.057550
2448.000000	0.039970
2450.000000	0.022539
2452.000000	0.035451
2454.000000	0.019516
2456.000000	0.002645
2458.000000	0.018163
2460.000000	0.027313
2462.000000	0.021144
2464.000000	0.008840
2466.000000	0.008207
2468.000000	0.024355
2470.000000	0.031187
2472.000000	-0.000852
2474.000000	0.012487
2476.000000	0.020746
2478.000000	0.000428
2480.000000	0.022602
2482.000000	0.011102
2484.000000	0.032681
2486.000000	0.045919
2488.000000	0.018084
2490.000000	0.017510
2492.000000	0.030776
2494.000000	0.026643
2496.000000	0.020591
2498.000000	0.007706
2500.000000	-0.021259
2502.000000	0.006970
2504.000000	0.020532
2506.000000	0.027222
2508.000000	0.038870
2510.000000	0.021827
2512.000000	0.006547
2514.000000	0.021212
2516.000000	0.028014
2518.000000	0.030168
2520.000000	0.043781
2522.000000	0.004328
2524.000000	-0.014661
2526.000000	-0.007169
2528.000000	-0.006964
2530.000000	-0.009943
2532.000000	0.016364
2534.000000	0.044624
2536.000000	0.033957
2538.000000	0.058296
2540.000000	0.038673
2542.000000	0.019051
2544.000000	0.042008
2546.000000	0.036933
2548.000000	-0.005463
2550.000000	-0.002922
2552.000000	-0.007114
2554.000000	0.009684
2556.000000	0.036329
2558.000000	0.018905
2560.000000	-0.018141
2562.000000	0.001635
2564.000000	0.033641
2566.000000	0.034756
2568.000000	0.012667
2570.000000	-0.002033
2572.000000	0.005148
2574.000000	0.016234
2576.000000	0.001086
2578.000000	0.005994
2580.000000	0.018410
2582.000000	0.006677
2584.000000	0.011446
2586.000000	0.030194
2588.000000	0.018645
2590.000000	0.009696
2592.000000	0.026137
2594.000000	0.019608
2596.000000	-0.013713
2598.000000	-0.012530
2600.000000	0.023669
2602.000000	0.031606
2604.000000	0.001991
2606.000000	0.011401
2608.000000	0.007199
2610.000000	0.013712
2612.000000	0.016054
2614.000000	-0.008458
2616.000000	-0.007406
2618.000000	0.037016
2620.000000	0.007135
2622.000000	-0.021657
2624.000000	0.000911
2626.000000	0.005014
2628.000000	0.006023
2630.000000	-0.003187
2632.000000	-0.003675
2634.000000	0.003036
2636.000000	-0.006494
2638.000000	-0.025065
2640.000000	-0.000732
2642.000000	0.006939
2644.000000	0.014610
2646.000000	0.022280
2648.000000	0.022419
2650.000000	-0.027817
2652.000000	-0.016513
2654.000000	0.035527
2656.000000	0.049623
2658.000000	0.039178
2660.000000	0.045091
2662.000000	-0.016532
2664.000000	-0.029544
2666.000000	0.011286
2668.000000	0.051045
2670.000000	0.055197
2672.000000	0.014208
2674.000000	0.026093
2676.000000	0.031320
2678.000000	0.031555
2680.000000	0.037479
2682.000000	0.031068
2684.000000	0.060865
2686.000000	0.018406
2688.000000	0.005370
2690.000000	0.014954
2692.000000	-0.004291
2694.000000	0.022669
2696.000000	0.044850
2698.000000	0.023965
2700.000000	0.010760
2702.000000	0.037898
2704.000000	0.056500
2706.000000	0.020837
2708.000000	0.001591
2710.000000	0.034254
2712.000000	0.031548
2714.000000	-0.008912
2716.000000	0.006039
2718.000000	0.052307
2720.000000	0.065743
2722.000000	0.031407
2724.000000	0.007365
2726.000000	0.034954
2728.000000	0.084469
2730.000000	0.092527
2732.000000	0.004777
2734.000000	0.033028
2736.000000	0.073673
2738.000000	0.044166
2740.000000	0.081688
2742.000000	0.017601
2744.000000	-0.029568
2746.000000	-0.032719
2748.000000	-0.005058
2750.000000	0.037748
2752.000000	0.052311
2754.000000	0.035472
2756.000000	0.025985
2758.000000	0.006494
2760.000000	0.002590
2762.000000	0.008494
2764.000000	-0.017024
2766.000000	0.012807
2768.000000	0.014938
2770.000000	-0.003841
2772.000000	-0.011033
2774.000000	-0.001630
2776.000000	0.004612
2778.000000	-0.035398
2780.000000	-0.031664
2782.000000	0.014453
2784.000000	0.003003
2786.000000	-0.040707
2788.000000	-0.017039
2790.000000	-0.022628
2792.000000	0.012189
2794.000000	0.008172
2796.000000	-0.012518
2798.000000	-0.001735
2800.000000	-0.001860
2802.000000	0.001657
2804.000000	-0.013634
2806.000000	-0.027956
2808.000000	-0.029553
2810.000000	-0.026264
2812.000000	-0.011136
2814.000000	0.013937
2816.000000	-0.029203
2818.000000	-0.050143
2820.000000	-0.006910
2822.000000	0.015896
2824.000000	-0.009788
2826.000000	-0.006029
2828.000000	-0.043045
2830.000000	-0.015205
2832.000000	0.005920
2834.000000	0.003624
2836.000000	0.016768
2838.000000	0.003878
2840.000000	0.023305
2842.000000	0.071381
2844.000000	0.088973
2846.000000	0.097525
2848.000000	0.115970
2850.000000	0.124906
2852.000000	0.164483
2854.000000	0.209417
2856.000000	0.249386
2858.000000	0.263251
2860.000000	0.259909
2862.000000	0.267795
2864.000000	0.289267
2866.000000	0.330218
2868.000000	0.353457
2870.000000	0.391822
2872.000000	0.442790
2874.000000	0.486866
2876.000000	0.531820
2878.000000	0.546454
2880.000000	0.522913
2882.000000	0.506373
2884.000000	0.509080
2886.000000	0.513512
2888.000000	0.524713
2890.000000	0.545769
2892.000000	0.525290
2894.000000	0.525994
2896.000000	0.574603
2898.000000	0.580323
2900.000000	0.560617
2902.000000	0.601558
2904.000000	0.619327
2906.000000	0.665322
2908.000000	0.706634
2910.000000	0.721969
2912.000000	0.736567
2914.000000	0.742263
2916.000000	0.725292
2918.000000	0.764713
2920.000000	0.834820
2922.000000	0.900707
2924.000000	0.972392
2926.000000	0.980720
2928.000000	0.919122
2930.000000	0.938161
2932.000000	0.996742
2934.000000	0.994731
2936.000000	0.995610
2938.000000	1.000000
2940.000000	0.925190
2942.000000	0.829565
2944.000000	0.850977
2946.000000	0.831343
2948.000000	0.745895
2950.000000	0.731261
2952.000000	0.728974
2954.000000	0.665709
2956.000000	0.630073
2958.000000	0.660722
2960.000000	0.675349
2962.000000	0.611702
2964.000000	0.592758
2966.000000	0.617010
2968.000000	0.602785
2970.000000	0.547694
2972.000000	0.489483
2974.000000	0.494501
2976.000000	0.533331
2978.000000	0.504265
2980.000000	0.438103
2982.000000	0.401547
2984.000000	0.386411
2986.000000	0.372179
2988.000000	0.339388
2990.000000	0.319720
2992.000000	0.307009
2994.000000	0.277340
2996.000000	0.213491
2998.000000	0.157779
3000.000000	0.171099
3002.000000	0.187943
3004.000000	0.171288
3006.000000	0.082661
3008.000000	0.067355
3010.000000	0.102057
3012.000000	0.087656
3014.000000	0.071465
3016.000000	0.021495
3018.000000	0.052023
3020.000000	0.058703
3022.000000	0.026671
3024.000000	0.010868
3026.000000	0.009795
3028.000000	-0.005517
3030.000000	-0.021539
3032.000000	-0.021050
3034.000000	-0.050956
3036.000000	-0.029874
3038.000000	0.016862
3040.000000	0.019929
3042.000000	0.015266
3044.000000	0.033837
3046.000000	0.017440
3048.000000	0.034843
3050.000000	0.057617
3052.000000	0.004346
3054.000000	-0.001330
3056.000000	0.058065
3058.000000	0.055139
3060.000000	0.074959
3062.000000	0.088379
3064.000000	0.067592
3066.000000	0.048367
3068.000000	0.032639
3070.000000	0.045155
3072.000000	0.059494
3074.000000	0.022332
3076.000000	0.016222
3078.000000	0.002276
3080.000000	0.035832
3082.000000	0.007409
3084.000000	-0.021644
3086.000000	0.026117
3088.000000	0.059787
3090.000000	0.028747
3092.000000	0.012641
3094.000000	0.033889
3096.000000	-0.047813
3098.000000	-0.050898
3100.000000	0.000138
3102.000000	0.012389
3104.000000	0.010465
3106.000000	-0.018722
3108.000000	0.000960
3110.000000	0.012882
3112.000000	0.019106
3114.000000	0.010101
3116.000000	0.014725
3118.000000	0.010709
3120.000000	-0.009889
3122.000000	0.016117
3124.000000	0.017546
3126.000000	-0.018933
3128.000000	0.000942
3130.000000	-0.021774
3132.000000	-0.011802
3134.000000	0.033427
3136.000000	0.018516
3138.000000	0.008253
3140.000000	0.007943
3142.000000	-0.028262
3144.000000	-0.043472
3146.000000	-0.002899
3148.000000	0.038581
3150.000000	0.024788
3152.000000	0.028779
3154.000000	0.068406
3156.000000	0.025173
3158.000000	0.030968
3160.000000	-0.005813
3162.000000	0.015282
3164.000000	0.011962
3166.000000	0.009742
3168.000000	0.056452
3170.000000	0.064539
3172.000000	0.028518
3174.000000	0.012693
3176.000000	-0.002543
3178.000000	0.008569
3180.000000	-0.010114
3182.000000	-0.023798
3184.000000	0.007714
3186.000000	0.025623
3188.000000	0.000809
3190.000000	0.005203
3192.000000	0.042085
3194.000000	0.023454
3196.000000	-0.036113
3198.000000	0.017258
3200.000000	0.060434
3202.000000	0.027655
3204.000000	0.009964
3206.000000	0.016784
3208.000000	0.041069
3210.000000	0.033387
3212.000000	0.050995
3214.000000	0.021944
3216.000000	0.001883
3218.000000	0.036836
3220.000000	0.051186
3222.000000	0.004167
3224.000000	-0.025661
3226.000000	0.004993
3228.000000	0.030096
3230.000000	0.040412
3232.000000	0.034290
3234.000000	0.050525
3236.000000	0.049373
3238.000000	0.024368
3240.000000	0.024119
3242.000000	0.039006
3244.000000	0.014573
3246.000000	-0.045296
3248.000000	-0.015512
3250.000000	-0.003539
3252.000000	-0.004307
3254.000000	0.027524
3256.000000	0.041624
3258.000000	0.037364
3260.000000	0.039679
3262.000000	0.013594
3264.000000	0.021540
3266.000000	0.076444
3268.000000	0.086970
3270.000000	0.025088
3272.000000	0.014340
3274.000000	0.017774
3276.000000	0.046948
3278.000000	0.117833
3280.000000	0.119743
3282.000000	0.068846
3284.000000	0.043905
3286.000000	0.067505
3288.000000	0.062682
3290.000000	0.032189
3292.000000	0.048473
3294.000000	0.070168
3296.000000	0.090215
3298.000000	0.096428
3300.000000	0.045818
3302.000000	0.037206
3304.000000	0.071502
3306.000000	0.087816
3308.000000	0.072306
3310.000000	0.060971
3312.000000	0.085241
3314.000000	0.128787
3316.000000	0.122111
3318.000000	0.091184
3320.000000	0.101349
3322.000000	0.100172
3324.000000	0.088755
3326.000000	0.048103
3328.000000	0.034521
3330.000000	0.101933
3332.000000	0.144794
3334.000000	0.087861
3336.000000	0.055743
3338.000000	0.072039
3340.000000	0.058070
3342.000000	0.069065
3344.000000	0.090767
3346.000000	0.083879
3348.000000	0.067028
3350.000000	0.065680
3352.000000	0.116397
3354.000000	0.106150
3356.000000	0.077265
3358.000000	0.076872
3360.000000	0.078441
3362.000000	0.082662
3364.000000	0.062448
3366.000000	0.070803
3368.000000	0.119048
3370.000000	0.076483
3372.000000	0.059151
3374.000000	0.048261
3376.000000	0.075026
3378.000000	0.074058
3380.000000	0.077736
3382.000000	0.109637
3384.000000	0.080982
3386.000000	0.074198
3388.000000	0.105994
3390.000000	0.054722
3392.000000	0.067030
3394.000000	0.087779
3396.000000	0.037168
3398.000000	0.047900
3400.000000	0.097092
3402.000000	0.067942
3404.000000	0.045641
3406.000000	0.077862
3408.000000	0.039551
3410.000000	-0.010401
3412.000000	0.029623
3414.000000	0.030964
3416.000000	0.055206
3418.000000	-0.003397
3420.000000	0.011931
3422.000000	0.029175
3424.000000	0.013248
3426.000000	-0.010530
3428.000000	0.011436
3430.000000	0.061342
3432.000000	0.044658
3434.000000	0.057656
3436.000000	0.071029
3438.000000	0.060144
3440.000000	0.038577
3442.000000	0.036673
3444.000000	0.039163
3446.000000	0.018479
3448.000000	0.028523
3450.000000	0.037953
3452.000000	0.047248
3454.000000	0.039910
3456.000000	-0.022537
3458.000000	0.001047
3460.000000	0.057296
3462.000000	-0.001815
3464.000000	0.016225
3466.000000	0.014465
3468.000000	0.014822
3470.000000	0.014191
3472.000000	0.028425
3474.000000	0.022035
3476.000000	0.046716
3478.000000	0.047771
3480.000000	-0.008631
3482.000000	0.023756
3484.000000	0.071767
3486.000000	0.046423
3488.000000	0.029170
3490.000000	0.022488
3492.000000	0.036469
3494.000000	0.053247
3496.000000	0.016276
3498.000000	0.040000
3500.000000	0.010575
3502.000000	-0.021618
3504.000000	0.022092
3506.000000	0.042488
3508.000000	0.051398
3510.000000	0.058619
3512.000000	0.020916
3514.000000	0.034904
3516.000000	0.041929
3518.000000	0.023115
3520.000000	0.044851
3522.000000	0.042580
3524.000000	0.053144
3526.000000	-0.008102
3528.000000	0.033677
3530.000000	0.084252
3532.000000	0.033225
3534.000000	0.041712
3536.000000	0.072113
3538.000000	0.002923
3540.000000	-0.014306
3542.000000	0.058732
3544.000000	0.019447
3546.000000	0.062093
3548.000000	0.040795
3550.000000	-0.036396
3552.000000	0.052733
3554.000000	0.052284
3556.000000	0.014447
3558.000000	0.050757
3560.000000	0.054195
3562.000000	0.024222
3564.000000	0.002932
3566.000000	0.059312
3568.000000	0.119912
3570.000000	0.048768
3572.000000	0.048800
3574.000000	0.004459
3576.000000	0.045151
3578.000000	0.014217
3580.000000	0.023911
3582.000000	0.049620
3584.000000	0.019291
3586.000000	0.069268
3588.000000	0.051226
3590.000000	0.014811
3592.000000	0.058000
3594.000000	0.030796
3596.000000	-0.002751
3598.000000	0.034980
3600.000000	0.055621
