400.000000	0.002255
402.000000	0.004814
404.000000	0.019810
406.000000	0.024220
408.000000	0.002195
410.000000	-0.010738
412.000000	-0.003573
414.000000	0.004092
416.000000	0.010342
418.000000	0.012256
420.000000	-0.006149
422.000000	-0.028384
424.000000	-0.025635
426.000000	-0.016429
428.000000	-0.013953
430.000000	-0.008960
432.000000	0.000342
434.000000	0.010761
436.000000	0.017684
438.000000	0.009261
440.000000	-0.022556
442.000000	-0.029753
444.000000	0.005095
446.000000	0.016948
448.000000	0.002201
450.000000	-0.004630
452.000000	0.003540
454.000000	0.012711
456.000000	-0.002691
458.000000	-0.022890
460.000000	-0.025262
462.000000	-0.025101
464.000000	-0.027565
466.000000	-0.026118
468.000000	-0.017432
470.000000	-0.008948
472.000000	-0.018276
474.000000	-0.024346
476.000000	-0.005113
478.000000	0.007887
480.000000	0.003223
482.000000	-0.002787
484.000000	0.003631
486.000000	0.021180
488.000000	0.026479
490.000000	0.015012
492.000000	-0.002510
494.000000	-0.008759
496.000000	0.006173
498.000000	0.037144
500.000000	0.045215
502.000000	0.017854
504.000000	0.013305
506.000000	0.024449
508.000000	0.010929
510.000000	-0.004251
512.000000	-0.001187
514.000000	0.014365
516.000000	0.005999
518.000000	-0.033435
520.000000	-0.030059
522.000000	0.003114
524.000000	0.001013
526.000000	-0.023588
528.000000	-0.034428
530.000000	-0.000973
532.000000	0.027574
534.000000	0.011063
536.000000	0.003028
538.000000	0.006819
540.000000	-0.008882
542.000000	-0.023676
544.000000	-0.017948
546.000000	0.007220
548.000000	0.028488
550.000000	0.024170
552.000000	-0.001901
554.000000	-0.020739
556.000000	-0.004946
558.000000	0.004456
560.000000	-0.009488
562.000000	-0.016274
564.000000	-0.008261
566.000000	0.003760
568.000000	-0.003544
570.000000	-0.016487
572.000000	-0.007482
574.000000	0.002106
576.000000	-0.000275
578.000000	-0.005024
580.000000	-0.009758
582.000000	-0.015918
584.000000	-0.024461
586.000000	-0.020126
588.000000	0.004717
590.000000	0.001255
592.000000	-0.024558
594.000000	-0.013903
596.000000	0.001474
598.000000	-0.004617
600.000000	0.000347
602.000000	0.000530
604.000000	-0.023199
606.000000	-0.017721
608.000000	0.008218
610.000000	-0.002327
612.000000	-0.017820
614.000000	-0.013206
616.000000	-0.008933
618.000000	-0.016606
620.000000	-0.026500
622.000000	0.000548
624.000000	0.027907
626.000000	-0.006120
628.000000	-0.034511
630.000000	-0.024295
632.000000	-0.012964
634.000000	-0.015125
636.000000	-0.021251
638.000000	-0.001857
640.000000	0.020859
642.000000	0.012986
644.000000	-0.001613
646.000000	-0.005144
648.000000	-0.000519
650.000000	-0.015858
652.000000	-0.040285
654.000000	-0.014475
656.000000	0.010111
658.000000	-0.017799
660.000000	-0.041540
662.000000	-0.038542
664.000000	-0.017740
666.000000	0.015181
668.000000	0.036791
670.000000	0.018984
672.000000	0.006139
674.000000	0.023433
676.000000	0.034846
678.000000	0.038638
680.000000	0.039473
682.000000	0.015696
684.000000	-0.000342
686.000000	0.030195
688.000000	0.024121
690.000000	-0.017579
692.000000	-0.000988
694.000000	0.027316
696.000000	0.017728
698.000000	-0.006605
700.000000	-0.011365
702.000000	0.012206
704.000000	0.013201
706.000000	-0.000373
708.000000	0.009295
710.000000	0.016030
712.000000	0.007269
714.000000	-0.001866
716.000000	-0.000580
718.000000	0.007188
720.000000	0.002213
722.000000	-0.006169
724.000000	0.000329
726.000000	0.026238
728.000000	0.036985
730.000000	0.004223
732.000000	-0.008649
734.000000	0.016843
736.000000	0.044148
738.000000	0.052602
740.000000	0.059220
742.000000	0.110297
744.000000	0.169648
746.000000	0.200144
748.000000	0.183496
750.000000	0.166848
752.000000	0.150200
754.000000	0.133552
756.000000	0.116904
758.000000	0.046040
760.000000	0.012326
762.000000	0.022588
764.000000	0.023103
766.000000	0.018673
768.000000	0.025932
770.000000	0.045534
772.000000	0.040847
774.000000	0.002975
776.000000	-0.001645
778.000000	0.014526
780.000000	0.014736
782.000000	0.031022
784.000000	0.050014
786.000000	0.035165
788.000000	0.025752
790.000000	0.032943
792.000000	0.026692
794.000000	0.007053
796.000000	-0.015759
798.000000	-0.030385
800.000000	-0.020620
802.000000	0.011594
804.000000	0.029966
806.000000	0.020766
808.000000	-0.003137
810.000000	-0.003650
812.000000	0.011510
814.000000	0.011578
816.000000	0.004730
818.000000	0.005603
820.000000	0.023233
822.000000	0.047920
824.000000	0.051598
826.000000	0.008047
828.000000	-0.012772
830.000000	0.019492
832.000000	0.034431
834.000000	0.019884
836.000000	0.005626
838.000000	0.035024
840.000000	0.060790
842.000000	0.033615
844.000000	0.021108
846.000000	0.032594
848.000000	0.033034
850.000000	0.018935
852.000000	0.012391
854.000000	0.034580
856.000000	0.037582
858.000000	0.016781
860.000000	0.021201
862.000000	0.036780
864.000000	0.041673
866.000000	0.032945
868.000000	0.016842
870.000000	0.013799
872.000000	0.050219
874.000000	0.054069
876.000000	-0.015067
878.000000	-0.046646
880.000000	-0.029522
882.000000	-0.008637
884.000000	0.004514
886.000000	0.012680
888.000000	0.021325
890.000000	0.023645
892.000000	0.013246
894.000000	-0.003780
896.000000	0.013092
898.000000	0.038852
900.000000	0.008576
902.000000	0.006823
904.000000	0.045720
906.000000	0.027984
908.000000	0.009074
910.000000	0.019352
912.000000	-0.004333
914.000000	-0.009376
916.000000	0.034220
918.000000	0.049847
920.000000	0.052900
922.000000	0.072124
924.000000	0.073827
926.000000	0.070205
928.000000	0.078632
930.000000	0.066155
932.000000	0.039408
934.000000	0.029128
936.000000	0.048368
938.000000	0.065727
940.000000	0.047794
942.000000	0.043370
944.000000	0.065636
946.000000	0.088196
948.000000	0.094874
950.000000	0.077151
952.000000	0.043366
954.000000	0.046722
956.000000	0.081928
958.000000	0.087899
960.000000	0.080719
962.000000	0.082307
964.000000	0.090627
966.000000	0.083291
968.000000	0.070510
970.000000	0.097351
972.000000	0.121648
974.000000	0.108526
976.000000	0.081672
978.000000	0.077097
980.000000	0.093819
982.000000	0.079068
984.000000	0.059235
986.000000	0.074074
988.000000	0.118342
990.000000	0.149011
992.000000	0.137448
994.000000	0.113119
996.000000	0.118956
998.000000	0.162462
1000.000000	0.180656
1002.000000	0.187369
1004.000000	0.208216
1006.000000	0.196995
1008.000000	0.170673
1010.000000	0.159089
1012.000000	0.126312
1014.000000	0.093963
1016.000000	0.099268
1018.000000	0.113292
1020.000000	0.109488
1022.000000	0.084333
1024.000000	0.070230
1026.000000	0.075683
1028.000000	0.087971
1030.000000	0.095393
1032.000000	0.110886
1034.000000	0.144914
1036.000000	0.152438
1038.000000	0.124804
1040.000000	0.098706
1042.000000	0.133470
1044.000000	0.184004
1046.000000	0.169439
1048.000000	0.156121
1050.000000	0.162778
1052.000000	0.155536
1054.000000	0.129443
1056.000000	0.106348
1058.000000	0.113493
1060.000000	0.140389
1062.000000	0.162102
1064.000000	0.161195
1066.000000	0.161002
1068.000000	0.162641
1070.000000	0.151700
1072.000000	0.144712
1074.000000	0.140343
1076.000000	0.128257
1078.000000	0.133629
1080.000000	0.167480
1082.000000	0.207442
1084.000000	0.187320
1086.000000	0.131745
1088.000000	0.119877
1090.000000	0.142386
1092.000000	0.148237
1094.000000	0.103483
1096.000000	0.081629
1098.000000	0.097134
1100.000000	0.109838
1102.000000	0.107073
1104.000000	0.098338
1106.000000	0.099289
1108.000000	0.106829
1110.000000	0.125419
1112.000000	0.148462
1114.000000	0.123042
1116.000000	0.087847
1118.000000	0.105600
1120.000000	0.119469
1122.000000	0.137950
1124.000000	0.192777
1126.000000	0.233781
1128.000000	0.220333
1130.000000	0.206884
1132.000000	0.193436
1134.000000	0.179987
1136.000000	0.166538
1138.000000	0.127316
1140.000000	0.094086
1142.000000	0.078247
1144.000000	0.085101
1146.000000	0.093573
1148.000000	0.085006
1150.000000	0.070166
1152.000000	0.047790
1154.000000	0.028903
1156.000000	0.049743
1158.000000	0.067807
1160.000000	0.054876
1162.000000	0.058645
1164.000000	0.085812
1166.000000	0.109782
1168.000000	0.097686
1170.000000	0.096116
1172.000000	0.116156
1174.000000	0.097030
1176.000000	0.067791
1178.000000	0.050133
1180.000000	0.025904
1182.000000	0.016940
1184.000000	0.038819
1186.000000	0.071124
1188.000000	0.040847
1190.000000	-0.022815
1192.000000	-0.013850
1194.000000	0.034964
1196.000000	0.057649
1198.000000	0.025288
1200.000000	0.019961
1202.000000	0.029772
1204.000000	0.003976
1206.000000	0.025770
1208.000000	0.059970
1210.000000	0.036352
1212.000000	0.027845
1214.000000	0.058227
1216.000000	0.093437
1218.000000	0.079524
1220.000000	0.067079
1222.000000	0.101792
1224.000000	0.126383
1226.000000	0.118390
1228.000000	0.096870
1230.000000	0.101967
1232.000000	0.106021
1234.000000	0.096348
1236.000000	0.105817
1238.000000	0.123561
1240.000000	0.128703
1242.000000	0.111146
1244.000000	0.083402
1246.000000	0.074142
1248.000000	0.100479
1250.000000	0.109389
1252.000000	0.087811
1254.000000	0.060732
1256.000000	0.036906
1258.000000	0.043323
1260.000000	0.084631
1262.000000	0.090849
1264.000000	0.083775
1266.000000	0.091154
1268.000000	0.055948
1270.000000	0.015650
1272.000000	0.015923
1274.000000	0.039286
1276.000000	0.066727
1278.000000	0.071021
1280.000000	0.034152
1282.000000	0.038719
1284.000000	0.078068
1286.000000	0.059608
1288.000000	0.034297
1290.000000	0.050010
1292.000000	0.096943
1294.000000	0.099553
1296.000000	0.077791
1298.000000	0.095935
1300.000000	0.145998
1302.000000	0.185617
1304.000000	0.186264
1306.000000	0.172800
1308.000000	0.197487
1310.000000	0.248497
1312.000000	0.231718
1314.000000	0.182711
1316.000000	0.154827
1318.000000	0.155435
1320.000000	0.140983
1322.000000	0.114726
1324.000000	0.111893
1326.000000	0.102099
1328.000000	0.085078
1330.000000	0.090786
1332.000000	0.140495
1334.000000	0.189410
1336.000000	0.202425
1338.000000	0.215435
1340.000000	0.189672
1342.000000	0.135960
1344.000000	0.146626
1346.000000	0.138579
1348.000000	0.108790
1350.000000	0.143012
1352.000000	0.121067
1354.000000	0.078950
1356.000000	0.129852
1358.000000	0.149453
1360.000000	0.119278
1362.000000	0.098430
1364.000000	0.110917
1366.000000	0.130344
1368.000000	0.124316
1370.000000	0.090866
1372.000000	0.065425
1374.000000	0.056048
1376.000000	0.042008
1378.000000	0.059034
1380.000000	0.086095
1382.000000	0.078678
1384.000000	0.085221
1386.000000	0.074964
1388.000000	0.030515
1390.000000	0.054176
1392.000000	0.059762
1394.000000	0.013088
1396.000000	0.049853
1398.000000	0.101053
1400.000000	0.097952
1402.000000	0.057507
1404.000000	0.028525
1406.000000	0.027306
1408.000000	0.032891
1410.000000	0.013431
1412.000000	-0.000743
1414.000000	0.009902
1416.000000	-0.005252
1418.000000	-0.019577
1420.000000	-0.000895
1422.000000	0.036830
1424.000000	0.032744
1426.000000	0.000630
1428.000000	0.007215
1430.000000	0.042838
1432.000000	0.052714
1434.000000	0.018570
1436.000000	0.020639
1438.000000	0.043698
1440.000000	0.060407
1442.000000	0.087625
1444.000000	0.115478
1446.000000	0.120614
1448.000000	0.093656
1450.000000	0.079281
1452.000000	0.087002
1454.000000	0.092913
1456.000000	0.077880
1458.000000	0.091416
1460.000000	0.126830
1462.000000	0.089929
1464.000000	0.071730
1466.000000	0.094516
1468.000000	0.082646
1470.000000	0.053927
1472.000000	0.038634
1474.000000	0.042909
1476.000000	0.037273
1478.000000	0.022942
1480.000000	0.019075
1482.000000	0.040249
1484.000000	0.067142
1486.000000	0.063024
1488.000000	0.016993
1490.000000	0.006475
1492.000000	0.021444
1494.000000	0.022576
1496.000000	0.030914
1498.000000	0.009055
1500.000000	-0.032446
1502.000000	-0.022370
1504.000000	-0.023671
1506.000000	-0.037122
1508.000000	-0.018607
1510.000000	-0.014283
1512.000000	-0.019025
1514.000000	-0.017256
1516.000000	-0.027719
1518.000000	-0.025439
1520.000000	-0.019211
1522.000000	-0.039304
1524.000000	-0.014972
1526.000000	0.032836
1528.000000	0.049992
1530.000000	0.070962
1532.000000	0.067203
1534.000000	0.035941
1536.000000	0.034210
1538.000000	0.042212
1540.000000	0.056249
1542.000000	0.082062
1544.000000	0.073080
1546.000000	0.046764
1548.000000	0.042639
1550.000000	0.065457
1552.000000	0.084001
1554.000000	0.089004
1556.000000	0.098303
1558.000000	0.110231
1560.000000	0.112220
1562.000000	0.100617
1564.000000	0.092771
1566.000000	0.085135
1568.000000	0.093570
1570.000000	0.138720
1572.000000	0.149592
1574.000000	0.151476
1576.000000	0.197104
1578.000000	0.226739
1580.000000	0.224346
1582.000000	0.225854
1584.000000	0.267851
1586.000000	0.263239
1588.000000	0.217519
1590.000000	0.198389
1592.000000	0.192342
1594.000000	0.178026
1596.000000	0.147915
1598.000000	0.114785
1600.000000	0.106294
1602.000000	0.115156
1604.000000	0.116215
1606.000000	0.116633
1608.000000	0.110847
1610.000000	0.102669
1612.000000	0.109471
1614.000000	0.099165
1616.000000	0.096488
1618.000000	0.133368
1620.000000	0.125311
1622.000000	0.092903
1624.000000	0.085560
1626.000000	0.098394
1628.000000	0.095562
1630.000000	0.090002
1632.000000	0.102626
1634.000000	0.073949
1636.000000	0.051062
1638.000000	0.065265
1640.000000	0.065136
1642.000000	0.076138
1644.000000	0.106296
1646.000000	0.130107
1648.000000	0.125267
1650.000000	0.117766
1652.000000	0.119297
1654.000000	0.105442
1656.000000	0.094064
1658.000000	0.119242
1660.000000	0.161460
1662.000000	0.115805
1664.000000	0.097353
1666.000000	0.139810
1668.000000	0.128636
1670.000000	0.145685
1672.000000	0.137816
1674.000000	0.066402
1676.000000	0.095185
1678.000000	0.124532
1680.000000	0.096801
1682.000000	0.078730
1684.000000	0.058243
1686.000000	0.044335
1688.000000	0.052420
1690.000000	0.074597
1692.000000	0.103410
1694.000000	0.089613
1696.000000	0.018688
1698.000000	0.026284
1700.000000	0.041158
1702.000000	0.041942
1704.000000	0.042726
1706.000000	0.043510
1708.000000	0.044295
1710.000000	0.045079
1712.000000	0.045863
1714.000000	0.046647
1716.000000	0.008639
1718.000000	-0.021246
1720.000000	-0.015449
1722.000000	0.011186
1724.000000	0.019732
1726.000000	0.011759
1728.000000	-0.025555
1730.000000	-0.044623
1732.000000	-0.006891
1734.000000	-0.001827
1736.000000	0.006900
1738.000000	0.023623
1740.000000	-0.015143
1742.000000	-0.021508
1744.000000	-0.006074
1746.000000	-0.023781
1748.000000	-0.051676
1750.000000	-0.023716
1752.000000	0.016960
1754.000000	-0.010049
1756.000000	-0.023528
1758.000000	-0.022351
1760.000000	-0.022469
1762.000000	-0.008100
1764.000000	0.009760
1766.000000	0.007243
1768.000000	-0.014469
1770.000000	-0.014268
1772.000000	0.001011
1774.000000	0.012625
1776.000000	0.014819
1778.000000	0.019147
1780.000000	0.014586
1782.000000	0.003491
1784.000000	0.005828
1786.000000	0.007052
1788.000000	0.010645
1790.000000	0.010059
1792.000000	-0.021887
1794.000000	-0.031229
1796.000000	-0.013975
1798.000000	-0.003879
1800.000000	0.004707
1802.000000	-0.002866
1804.000000	-0.010538
1806.000000	0.006859
1808.000000	-0.003674
1810.000000	0.006025
1812.000000	0.027416
1814.000000	-0.032049
1816.000000	-0.025328
1818.000000	0.012681
1820.000000	-0.010117
1822.000000	-0.024895
1824.000000	-0.022872
1826.000000	-0.013615
1828.000000	-0.008406
1830.000000	-0.021658
1832.000000	-0.005592
1834.000000	-0.003285
1836.000000	-0.000978
1838.000000	0.005086
1840.000000	0.007728
1842.000000	-0.017900
1844.000000	-0.017933
1846.000000	0.000000
1848.000000	-0.000311
1850.000000	-0.022753
1852.000000	-0.020402
1854.000000	-0.004893
1856.000000	0.006031
1858.000000	0.003321
1860.000000	-0.014637
1862.000000	-0.008700
1864.000000	0.013287
1866.000000	0.012537
1868.000000	0.006032
1870.000000	0.004657
1872.000000	0.008740
1874.000000	0.008309
1876.000000	-0.014486
1878.000000	-0.017815
1880.000000	0.003325
1882.000000	-0.003934
1884.000000	-0.004010
1886.000000	0.016420
1888.000000	0.026105
1890.000000	-0.004401
1892.000000	0.005508
1894.000000	0.019128
1896.000000	-0.008640
1898.000000	0.002968
1900.000000	0.016475
1902.000000	0.011540
1904.000000	0.002788
1906.000000	-0.008408
1908.000000	-0.007120
1910.000000	-0.006333
1912.000000	-0.018176
1914.000000	-0.002703
1916.000000	0.008536
1918.000000	0.002630
1920.000000	0.001464
1922.000000	-0.002244
1924.000000	-0.006085
1926.000000	0.007128
1928.000000	0.037708
1930.000000	0.027629
1932.000000	0.002808
1934.000000	0.003638
1936.000000	0.021311
1938.000000	0.011265
1940.000000	-0.016782
1942.000000	-0.014101
1944.000000	0.037387
1946.000000	0.041851
1948.000000	0.028116
1950.000000	0.034322
1952.000000	0.017863
1954.000000	-0.011023
1956.000000	-0.023275
1958.000000	-0.013858
1960.000000	-0.005574
1962.000000	0.012761
1964.000000	0.017060
1966.000000	0.005233
1968.000000	0.021019
1970.000000	0.018570
1972.000000	-0.001038
1974.000000	-0.008576
1976.000000	-0.005015
1978.000000	-0.012000
1980.000000	-0.010610
1982.000000	0.011370
1984.000000	0.017013
1986.000000	-0.004010
1988.000000	-0.016529
1990.000000	-0.000233
1992.000000	0.010620
1994.000000	0.009857
1996.000000	0.022133
1998.000000	0.032790
2000.000000	-0.014744
2002.000000	-0.025762
2004.000000	-0.010482
2006.000000	-0.007807
2008.000000	0.015765
2010.000000	0.002194
2012.000000	-0.021657
2014.000000	-0.015819
2016.000000	-0.010632
2018.000000	0.008266
2020.000000	0.023860
2022.000000	0.013251
2024.000000	-0.014599
2026.000000	-0.040737
2028.000000	-0.017730
2030.000000	0.040910
2032.000000	0.045725
2034.000000	0.010560
2036.000000	-0.005790
2038.000000	0.006320
2040.000000	0.002117
2042.000000	0.007781
2044.000000	0.018314
2046.000000	0.008287
2048.000000	-0.013375
2050.000000	0.025741
2052.000000	0.029220
2054.000000	-0.003551
2056.000000	0.033773
2058.000000	0.023380
2060.000000	0.029894
2062.000000	0.056042
2064.000000	0.017116
2066.000000	-0.010420
2068.000000	-0.035714
2070.000000	-0.019268
2072.000000	0.060853
2074.000000	0.048729
2076.000000	0.004189
2078.000000	-0.013058
2080.000000	-0.007906
2082.000000	0.012260
2084.000000	-0.004175
2086.000000	-0.007692
2088.000000	0.034803
2090.000000	0.024274
2092.000000	-0.004865
2094.000000	-0.005254
2096.000000	0.020848
2098.000000	0.028768
2100.000000	0.000445
2102.000000	-0.002017
2104.000000	0.046701
2106.000000	0.071428
2108.000000	0.008183
2110.000000	-0.024146
2112.000000	0.023163
2114.000000	0.055911
2116.000000	0.042683
2118.000000	0.028304
2120.000000	0.024908
2122.000000	0.014671
2124.000000	0.018128
2126.000000	0.022885
2128.000000	0.026411
2130.000000	0.034369
2132.000000	0.038660
2134.000000	0.034272
2136.000000	0.039199
2138.000000	0.034488
2140.000000	-0.010456
2142.000000	0.028062
2144.000000	0.054029
2146.000000	0.031152
2148.000000	0.048409
2150.000000	0.012950
2152.000000	0.000490
2154.000000	0.026468
2156.000000	0.023343
2158.000000	0.013683
2160.000000	0.028656
2162.000000	0.041875
2164.000000	0.009262
2166.000000	-0.043644
2168.000000	0.005752
2170.000000	0.054087
2172.000000	0.032752
2174.000000	0.030391
2176.000000	-0.010621
2178.000000	0.001372
2180.000000	0.035330
2182.000000	-0.014753
2184.000000	-0.027474
2186.000000	-0.004129
2188.000000	-0.009694
2190.000000	-0.019535
2192.000000	0.064415
2194.000000	0.048947
2196.000000	-0.000158
2198.000000	0.027999
2200.000000	0.055877
2202.000000	0.000123
2204.000000	-0.020149
2206.000000	0.032376
2208.000000	0.060434
2210.000000	0.028115
2212.000000	0.004111
2214.000000	0.002097
2216.000000	-0.007444
2218.000000	-0.016872
2220.000000	0.018459
2222.000000	0.034561
2224.000000	0.032494
2226.000000	0.068530
2228.000000	0.046789
2230.000000	0.008458
2232.000000	0.002215
2234.000000	0.017720
2236.000000	0.021845
2238.000000	0.022971
2240.000000	0.050854
2242.000000	0.058674
2244.000000	-0.006921
2246.000000	0.001163
2248.000000	0.045216
2250.000000	0.050845
2252.000000	0.028303
2254.000000	0.038622
2256.000000	0.040000
2258.000000	0.025447
2260.000000	0.008191
2262.000000	0.000242
2264.000000	0.042045
2266.000000	0.036518
2268.000000	0.005508
2270.000000	0.023583
2272.000000	0.022739
2274.000000	0.047881
2276.000000	0.058414
2278.000000	0.032321
2280.000000	0.024023
2282.000000	0.014415
2284.000000	0.006981
2286.000000	0.002215
2288.000000	0.003709
2290.000000	0.024667
2292.000000	0.017734
2294.000000	0.021898
2296.000000	0.043211
2298.000000	0.033592
2300.000000	0.034835
2302.000000	0.004819
2304.000000	-0.016260
2306.000000	0.023602
2308.000000	0.056309
2310.000000	0.018419
2312.000000	0.018529
2314.000000	0.051542
2316.000000	0.028747
2318.000000	0.049392
2320.000000	0.056187
2322.000000	0.033128
2324.000000	0.023023
2326.000000	0.042552
2328.000000	0.047949
2330.000000	0.013007
2332.000000	-0.015247
2334.000000	0.000576
2336.000000	0.011112
2338.000000	0.020292
2340.000000	0.031228
2342.000000	0.040962
2344.000000	0.047643
2346.000000	0.053685
2348.000000	0.054402
2350.000000	0.055120
2352.000000	-0.015148
2354.000000	-0.003709
2356.000000	-0.002799
2358.000000	-0.004104
2360.000000	0.022249
2362.000000	0.034518
2364.000000	-0.017521
2366.000000	-0.000624
2368.000000	0.012521
2370.000000	-0.004038
2372.000000	0.018229
2374.000000	0.032071
2376.000000	0.027230
2378.000000	0.015975
2380.000000	0.006709
2382.000000	0.002179
2384.000000	0.006604
2386.000000	-0.012828
2388.000000	-0.021868
2390.000000	-0.004093
2392.000000	-0.004342
2394.000000	0.008414
2396.000000	-0.001303
2398.000000	-0.008403
2400.000000	0.011922
2402.000000	0.007238
2404.000000	0.011203
2406.000000	0.001629
2408.000000	0.008979
2410.000000	-0.002720
2412.000000	-0.014418
2414.000000	-0.016775
2416.000000	0.000347
2418.000000	-0.005583
2420.000000	-0.007236
2422.000000	-0.007165
2424.000000	0.012781
2426.000000	0.023040
2428.000000	0.033300
2430.000000	0.043559
2432.000000	0.017256
2434.000000	-0.016871
2436.000000	-0.016601
2438.000000	0.004636
2440.000000	-0.005563
2442.000000	0.035434
2444.000000	0.053609
2446.000000	0.038129
2448.000000	0.035446
2450.000000	0.050614
2452.000000	0.045533
2454.000000	0.037609
2456.000000	0.012228
2458.000000	-0.008320
2460.000000	0.027609
2462.000000	0.051029
2464.000000	0.044151
2466.000000	0.015319
2468.000000	-0.009979
2470.000000	0.002037
2472.000000	0.044627
2474.000000	0.039943
2476.000000	0.031050
2478.000000	0.027435
2480.000000	-0.016761
2482.000000	0.033521
2484.000000	0.065566
2486.000000	0.080035
2488.000000	0.083466
2490.000000	0.016945
2492.000000	-0.007912
2494.000000	0.018968
2496.000000	0.011324
2498.000000	-0.021263
2500.000000	0.008132
2502.000000	0.033951
2504.000000	0.030900
2506.000000	0.029332
2508.000000	0.042280
2510.000000	0.036663
2512.000000	0.004297
2514.000000	0.046964
2516.000000	0.074537
2518.000000	0.048607
2520.000000	0.058645
2522.000000	0.081138
2524.000000	0.026141
2526.000000	0.008503
2528.000000	0.011772
2530.000000	-0.037628
2532.000000	0.006450
2534.000000	0.079044
2536.000000	0.081921
2538.000000	0.054077
2540.000000	0.049924
2542.000000	0.020739
2544.000000	0.010160
2546.000000	-0.015356
2548.000000	-0.008931
2550.000000	0.045625
2552.000000	0.047169
2554.000000	0.008946
2556.000000	0.014189
2558.000000	0.002861
2560.000000	-0.012830
2562.000000	0.056557
2564.000000	0.069919
2566.000000	0.027084
2568.000000	0.016456
2570.000000	0.027645
2572.000000	0.020883
2574.000000	0.057679
2576.000000	0.032643
2578.000000	0.017031
2580.000000	0.041825
2582.000000	0.045661
2584.000000	0.021005
2586.000000	0.016810
2588.000000	0.025320
2590.000000	0.022583
2592.000000	-0.001227
2594.000000	-0.026156
2596.000000	-0.010457
2598.000000	0.007467
2600.000000	0.011920
2602.000000	0.015210
2604.000000	0.016010
2606.000000	0.005541
2608.000000	0.030299
2610.000000	0.050807
2612.000000	0.030399
2614.000000	0.005759
2616.000000	0.014035
2618.000000	-0.005296
2620.000000	0.026783
2622.000000	0.039567
2624.000000	-0.004311
2626.000000	-0.019855
2628.000000	-0.006208
2630.000000	-0.015342
2632.000000	-0.003908
2634.000000	0.014415
2636.000000	0.021340
2638.000000	0.054171
2640.000000	0.038650
2642.000000	0.002449
2644.000000	0.005827
2646.000000	0.013779
2648.000000	-0.021852
2650.000000	-0.026706
2652.000000	-0.014835
2654.000000	-0.001372
2656.000000	0.027933
2658.000000	0.055201
2660.000000	0.035084
2662.000000	0.008806
2664.000000	0.023180
2666.000000	0.018063
2668.000000	0.005667
2670.000000	0.021762
2672.000000	0.009248
2674.000000	0.069935
2676.000000	0.061469
2678.000000	0.012597
2680.000000	0.007048
2682.000000	0.011103
2684.000000	0.029793
2686.000000	0.004547
2688.000000	-0.014317
2690.000000	0.013614
2692.000000	0.044826
2694.000000	0.037726
2696.000000	0.033995
2698.000000	0.002036
2700.000000	-0.012908
2702.000000	0.008720
2704.000000	0.023449
2706.000000	0.024969
2708.000000	0.047157
2710.000000	0.058216
2712.000000	0.068791
2714.000000	0.056702
2716.000000	0.023733
2718.000000	0.068820
2720.000000	0.068827
2722.000000	0.074296
2724.000000	0.057626
2726.000000	0.023204
2728.000000	0.055695
2730.000000	0.078749
2732.000000	0.038444
2734.000000	0.020222
2736.000000	0.020765
2738.000000	0.027746
2740.000000	0.058052
2742.000000	0.009704
2744.000000	-0.002271
2746.000000	0.010380
2748.000000	0.010817
2750.000000	0.009738
2752.000000	0.019711
2754.000000	0.040214
2756.000000	0.040434
2758.000000	0.023498
2760.000000	0.025578
2762.000000	0.035020
2764.000000	0.013268
2766.000000	0.016941
2768.000000	0.038073
2770.000000	-0.028618
2772.000000	-0.052098
2774.000000	0.036688
2776.000000	0.041530
2778.000000	-0.014548
2780.000000	-0.012425
2782.000000	0.013648
2784.000000	0.007253
2786.000000	-0.020789
2788.000000	-0.027063
2790.000000	0.003974
2792.000000	-0.005820
2794.000000	-0.037668
2796.000000	-0.038606
2798.000000	-0.000966
2800.000000	0.029259
2802.000000	0.001161
2804.000000	-0.044665
2806.000000	-0.010976
2808.000000	0.012380
2810.000000	-0.011519
2812.000000	-0.000702
2814.000000	-0.005455
2816.000000	-0.023815
2818.000000	-0.025591
2820.000000	-0.017936
2822.000000	-0.029989
2824.000000	-0.023759
2826.000000	0.045236
2828.000000	0.032388
2830.000000	0.031137
2832.000000	0.019982
2834.000000	0.011737
2836.000000	0.042759
2838.000000	0.052856
2840.000000	0.053704
2842.000000	0.078223
2844.000000	0.117395
2846.000000	0.116139
2848.000000	0.117775
2850.000000	0.179778
2852.000000	0.197284
2854.000000	0.235257
2856.000000	0.251600
2858.000000	0.320550
2860.000000	0.375180
2862.000000	0.329301
2864.000000	0.336075
2866.000000	0.358012
2868.000000	0.397349
2870.000000	0.412486
2872.000000	0.437726
2874.000000	0.499276
2876.000000	0.528150
2878.000000	0.507745
2880.000000	0.499250
2882.000000	0.554180
2884.000000	0.561659
2886.000000	0.491003
2888.000000	0.496890
2890.000000	0.596856
2892.000000	0.531583
2894.000000	0.532865
2896.000000	0.621975
2898.000000	0.601312
2900.000000	0.543849
2902.000000	0.623279
2904.000000	0.649629
2906.000000	0.677358
2908.000000	0.724566
2910.000000	0.690870
2912.000000	0.711510
2914.000000	0.802273
2916.000000	0.751707
2918.000000	0.782562
2920.000000	0.889225
2922.000000	0.930516
2924.000000	0.966421
2926.000000	0.989984
2928.000000	0.935460
2930.000000	0.918994
2932.000000	0.976721
2934.000000	0.989905
2936.000000	1.000000
2938.000000	0.965679
2940.000000	0.899238
2942.000000	0.878098
2944.000000	0.837602
2946.000000	0.768785
2948.000000	0.731881
2950.000000	0.691488
2952.000000	0.691418
2954.000000	0.656111
2956.000000	0.564065
2958.000000	0.612179
2960.000000	0.547072
2962.000000	0.576756
2964.000000	0.645076
2966.000000	0.634606
2968.000000	0.555372
2970.000000	0.513627
2972.000000	0.540426
2974.000000	0.413842
2976.000000	0.478222
2978.000000	0.455593
2980.000000	0.377641
2982.000000	0.406525
2984.000000	0.413423
2986.000000	0.354766
2988.000000	0.267983
2990.000000	0.277127
2992.000000	0.305299
2994.000000	0.260638
2996.000000	0.202385
2998.000000	0.171103
3000.000000	0.128616
3002.000000	0.160670
3004.000000	0.129965
3006.000000	0.100692
3008.000000	0.119250
3010.000000	0.097427
3012.000000	0.058043
3014.000000	0.089840
3016.000000	0.061240
3018.000000	0.063881
3020.000000	0.062771
3022.000000	0.000211
3024.000000	-0.031817
3026.000000	-0.002636
3028.000000	0.013057
3030.000000	0.015400
3032.000000	-0.046471
3034.000000	0.037671
3036.000000	0.012079
3038.000000	-0.020083
3040.000000	0.026621
3042.000000	0.018631
3044.000000	0.021723
3046.000000	0.030848
3048.000000	0.004308
3050.000000	0.046568
3052.000000	0.059846
3054.000000	0.020299
3056.000000	0.000094
3058.000000	0.006163
3060.000000	0.035894
3062.000000	0.056004
3064.000000	0.083245
3066.000000	0.089301
3068.000000	0.004697
3070.000000	-0.008747
3072.000000	0.082216
3074.000000	0.053064
3076.000000	-0.008673
3078.000000	-0.045268
3080.000000	0.014698
3082.000000	0.038341
3084.000000	-0.019081
3086.000000	-0.024072
3088.000000	0.024349
3090.000000	-0.003590
3092.000000	-0.005349
3094.000000	0.032514
3096.000000	-0.014761
3098.000000	-0.028462
3100.000000	-0.032237
3102.000000	-0.016665
3104.000000	0.039640
3106.000000	0.003642
3108.000000	-0.009294
3110.000000	-0.007564
3112.000000	-0.027887
3114.000000	-0.004390
3116.000000	-0.012139
3118.000000	-0.044971
3120.000000	-0.023045
3122.000000	-0.003814
3124.000000	0.029799
3126.000000	0.042213
3128.000000	0.014189
3130.000000	-0.018550
3132.000000	-0.002785
3134.000000	0.018624
3136.000000	0.018669
3138.000000	0.022918
3140.000000	-0.009418
3142.000000	0.024298
3144.000000	-0.044210
3146.000000	-0.004662
3148.000000	0.049289
3150.000000	0.034400
3152.000000	0.048613
3154.000000	0.051505
3156.000000	-0.001777
3158.000000	-0.004046
3160.000000	-0.000333
3162.000000	-0.000665
3164.000000	0.001088
3166.000000	0.002840
3168.000000	-0.004529
3170.000000	0.025758
3172.000000	-0.002389
3174.000000	-0.002687
3176.000000	0.012231
3178.000000	0.004021
3180.000000	0.022309
3182.000000	0.007010
3184.000000	-0.006459
3186.000000	0.031486
3188.000000	0.037827
3190.000000	0.008479
3192.000000	-0.001023
3194.000000	-0.033802
3196.000000	-0.001199
3198.000000	-0.026846
3200.000000	-0.017687
3202.000000	0.011533
3204.000000	-0.014846
3206.000000	0.008386
3208.000000	0.031802
3210.000000	0.012342
3212.000000	-0.027130
3214.000000	0.004656
3216.000000	0.003695
3218.000000	-0.029346
3220.000000	-0.014567
3222.000000	0.013916
3224.000000	0.007856
3226.000000	-0.005948
3228.000000	-0.032293
3230.000000	0.012909
3232.000000	0.001785
3234.000000	0.012697
3236.000000	0.013411
3238.000000	-0.003179
3240.000000	0.017553
3242.000000	0.024518
3244.000000	0.009356
3246.000000	0.025698
3248.000000	0.012940
3250.000000	-0.008384
3252.000000	0.034482
3254.000000	0.024482
3256.000000	0.003595
3258.000000	0.033817
3260.000000	0.044087
3262.000000	0.037141
3264.000000	0.020592
3266.000000	0.032202
3268.000000	0.021420
3270.000000	0.049475
3272.000000	0.007826
3274.000000	-0.005843
3276.000000	0.049269
3278.000000	0.063272
3280.000000	0.035132
3282.000000	0.022676
3284.000000	0.066835
3286.000000	0.062238
3288.000000	0.067637
3290.000000	0.033239
3292.000000	0.057314
3294.000000	0.077510
3296.000000	0.047510
3298.000000	0.035810
3300.000000	0.043895
3302.000000	0.058100
3304.000000	0.035417
3306.000000	0.064625
3308.000000	0.083510
3310.000000	0.021065
3312.000000	0.058128
3314.000000	0.105970
3316.000000	0.100501
3318.000000	0.083382
3320.000000	0.057368
3322.000000	0.095228
3324.000000	0.072129
3326.000000	0.068667
3328.000000	0.045190
3330.000000	0.045578
3332.000000	0.098362
3334.000000	0.068200
3336.000000	0.057312
3338.000000	0.091516
3340.000000	0.063722
3342.000000	0.054127
3344.000000	0.031818
3346.000000	0.081016
3348.000000	0.057182
3350.000000	0.048395
3352.000000	0.030617
3354.000000	0.026426
3356.000000	0.045505
3358.000000	0.063225
3360.000000	0.068437
3362.000000	0.059429
3364.000000	0.050164
3366.000000	0.058667
3368.000000	0.084585
3370.000000	0.031425
3372.000000	0.029004
3374.000000	0.091771
3376.000000	0.068006
3378.000000	0.051399
3380.000000	0.070131
3382.000000	0.041561
3384.000000	0.025923
3386.000000	0.051602
3388.000000	0.061899
3390.000000	0.028737
3392.000000	0.034056
3394.000000	0.006537
3396.000000	0.041706
3398.000000	0.087176
3400.000000	0.059968
3402.000000	0.055622
3404.000000	0.060765
3406.000000	0.038237
3408.000000	0.067095
3410.000000	0.053396
3412.000000	0.003286
3414.000000	0.011657
3416.000000	-0.014688
3418.000000	-0.008752
3420.000000	-0.019589
3422.000000	0.063614
3424.000000	0.049591
3426.000000	0.028279
3428.000000	0.064101
3430.000000	0.016191
3432.000000	0.045855
3434.000000	0.095744
3436.000000	0.057775
3438.000000	0.028033
3440.000000	0.039803
3442.000000	-0.022572
3444.000000	-0.005827
3446.000000	0.037849
3448.000000	-0.013859
3450.000000	0.005610
3452.000000	0.063598
3454.000000	0.039082
3456.000000	0.009792
3458.000000	-0.006039
3460.000000	0.075836
3462.000000	0.041027
3464.000000	0.004693
3466.000000	0.005512
3468.000000	0.007197
3470.000000	0.062015
3472.000000	0.052579
3474.000000	-0.033526
3476.000000	0.006699
3478.000000	0.051133
3480.000000	0.019815
3482.000000	0.060979
3484.000000	0.045332
3486.000000	0.042530
3488.000000	0.024575
3490.000000	0.017269
3492.000000	-0.000303
3494.000000	0.041683
3496.000000	-0.000344
3498.000000	0.007407
3500.000000	0.015615
3502.000000	0.006261
3504.000000	0.030797
3506.000000	0.020934
3508.000000	0.000045
3510.000000	0.008103
3512.000000	0.004816
3514.000000	0.029642
3516.000000	-0.036442
3518.000000	0.050891
3520.000000	0.031083
3522.000000	-0.013192
3524.000000	0.014366
3526.000000	0.031155
3528.000000	0.019920
3530.000000	-0.005199
3532.000000	-0.004500
3534.000000	0.002581
3536.000000	0.040886
3538.000000	0.083282
3540.000000	0.015814
3542.000000	0.007795
3544.000000	-0.045309
3546.000000	-0.003966
3548.000000	-0.005893
3550.000000	0.011452
3552.000000	-0.004177
3554.000000	-0.009468
3556.000000	0.014590
3558.000000	0.040688
3560.000000	0.000403
3562.000000	0.002723
3564.000000	0.019700
3566.000000	-0.005926
3568.000000	0.033560
3570.000000	0.039148
3572.000000	0.008892
3574.000000	0.014044
3576.000000	0.021044
3578.000000	-0.020804
3580.000000	-0.011969
3582.000000	-0.017005
3584.000000	-0.011855
3586.000000	0.002943
3588.000000	0.018333
3590.000000	-0.040796
3592.000000	-0.031617
3594.000000	0.005522
3596.000000	-0.042416
3598.000000	-0.026454
3600.000000	0.038087
