400.000000	0.002469
402.000000	0.005796
404.000000	-0.005376
406.000000	-0.008842
408.000000	0.013376
410.000000	0.011643
412.000000	-0.015129
414.000000	-0.018314
416.000000	-0.013366
418.000000	-0.018720
420.000000	-0.013458
422.000000	-0.002320
424.000000	-0.002796
426.000000	0.002688
428.000000	0.012631
430.000000	-0.004972
432.000000	-0.019832
434.000000	-0.000299
436.000000	0.005072
438.000000	-0.017368
440.000000	-0.037418
442.000000	-0.035348
444.000000	-0.010171
446.000000	0.012924
448.000000	0.009086
450.000000	-0.025503
452.000000	-0.030636
454.000000	-0.001995
456.000000	-0.006802
458.000000	-0.024424
460.000000	-0.019420
462.000000	-0.012685
464.000000	-0.017044
466.000000	-0.028379
468.000000	-0.024973
470.000000	-0.007755
472.000000	-0.011982
474.000000	-0.018757
476.000000	-0.000244
478.000000	0.013513
480.000000	0.002072
482.000000	-0.028554
484.000000	-0.031843
486.000000	-0.000953
488.000000	-0.011301
490.000000	-0.043335
492.000000	-0.039015
494.000000	-0.021099
496.000000	-0.011250
498.000000	-0.010274
500.000000	-0.007208
502.000000	0.001757
504.000000	0.000117
506.000000	-0.008755
508.000000	-0.010645
510.000000	-0.007698
512.000000	-0.002899
514.000000	0.002685
516.000000	-0.002718
518.000000	-0.016879
520.000000	-0.002440
522.000000	0.022837
524.000000	0.016298
526.000000	0.009060
528.000000	0.018418
530.000000	0.023581
532.000000	0.020289
534.000000	0.009519
536.000000	-0.013023
538.000000	-0.027213
540.000000	-0.008733
542.000000	0.008509
544.000000	0.003299
546.000000	-0.010172
548.000000	-0.014392
550.000000	-0.003715
552.000000	0.001747
554.000000	-0.003385
556.000000	-0.012909
558.000000	-0.028289
560.000000	-0.035379
562.000000	-0.007282
564.000000	0.019555
566.000000	0.011550
568.000000	-0.002506
570.000000	-0.007925
572.000000	-0.008059
574.000000	-0.014238
576.000000	-0.027248
578.000000	-0.034405
580.000000	-0.028119
582.000000	-0.013582
584.000000	-0.013376
586.000000	-0.016879
588.000000	-0.004537
590.000000	-0.000920
592.000000	-0.007803
594.000000	-0.001074
596.000000	0.002606
598.000000	-0.008808
600.000000	-0.015464
602.000000	-0.000506
604.000000	0.033150
606.000000	0.040124
608.000000	0.017449
610.000000	-0.002063
612.000000	-0.027874
614.000000	-0.053470
616.000000	-0.040261
618.000000	-0.016740
620.000000	-0.017091
622.000000	-0.014777
624.000000	-0.007650
626.000000	-0.009695
628.000000	-0.003891
630.000000	0.006669
632.000000	-0.004925
634.000000	-0.016445
636.000000	-0.008532
638.000000	0.000294
640.000000	0.010668
642.000000	0.008548
644.000000	0.006428
646.000000	-0.023711
648.000000	-0.015324
650.000000	-0.005256
652.000000	-0.015738
654.000000	-0.018487
656.000000	-0.024383
658.000000	-0.040354
660.000000	-0.028263
662.000000	-0.002090
664.000000	0.001970
666.000000	0.006450
668.000000	0.024849
670.000000	0.044438
672.000000	0.030884
674.000000	-0.008175
676.000000	-0.002463
678.000000	0.023978
680.000000	0.024495
682.000000	0.013956
684.000000	0.006734
686.000000	0.005553
688.000000	-0.003367
690.000000	-0.019996
692.000000	-0.026109
694.000000	-0.006625
696.000000	0.021990
698.000000	0.007622
700.000000	-0.005731
702.000000	0.022195
704.000000	0.015743
706.000000	-0.018535
708.000000	-0.024911
710.000000	-0.023312
712.000000	-0.014621
714.000000	0.020427
716.000000	0.018224
718.000000	-0.028775
720.000000	-0.022217
722.000000	0.013814
724.000000	0.029055
726.000000	0.044819
728.000000	0.052316
730.000000	0.031097
732.000000	0.004485
734.000000	-0.002647
736.000000	0.022564
738.000000	0.067801
740.000000	0.108924
742.000000	0.125005
744.000000	0.156458
746.000000	0.224707
748.000000	0.277162
750.000000	0.266323
752.000000	0.255485
754.000000	0.244647
756.000000	0.168084
758.000000	0.072876
760.000000	0.020641
762.000000	0.020380
764.000000	0.021150
766.000000	0.002003
768.000000	-0.024515
770.000000	-0.020731
772.000000	-0.002141
774.000000	0.006099
776.000000	0.007191
778.000000	0.009981
780.000000	0.018488
782.000000	0.021647
784.000000	0.026059
786.000000	0.040313
788.000000	0.025626
790.000000	-0.003500
792.000000	0.011890
794.000000	0.022274
796.000000	-0.000641
798.000000	-0.014301
800.000000	-0.010085
802.000000	-0.003760
804.000000	-0.019361
806.000000	-0.027388
808.000000	-0.004539
810.000000	-0.006866
812.000000	-0.017086
814.000000	0.009026
816.000000	0.012434
818.000000	-0.009500
820.000000	-0.005613
822.000000	0.005406
824.000000	0.002974
826.000000	-0.007646
828.000000	0.010282
830.000000	0.047068
832.000000	0.024990
834.000000	-0.013525
836.000000	-0.013290
838.000000	-0.001089
840.000000	0.002825
842.000000	-0.001476
844.000000	0.010175
846.000000	0.025094
848.000000	0.016912
850.000000	0.005424
852.000000	0.001543
854.000000	0.003826
856.000000	0.023481
858.000000	0.014248
860.000000	0.005015
862.000000	-0.016918
864.000000	-0.003033
866.000000	-0.006302
868.000000	-0.007030
870.000000	0.008781
872.000000	0.003647
874.000000	0.009760
876.000000	0.046867
878.000000	0.044555
880.000000	0.013546
882.000000	-0.004657
884.000000	-0.024925
886.000000	-0.029956
888.000000	0.001867
890.000000	0.020073
892.000000	0.017974
894.000000	0.025313
896.000000	0.025217
898.000000	0.010899
900.000000	-0.001917
902.000000	0.005791
904.000000	0.017893
906.000000	-0.005481
908.000000	-0.002311
910.000000	0.040740
912.000000	0.038909
914.000000	0.030111
916.000000	0.053907
918.000000	0.068925
920.000000	0.056423
922.000000	0.029230
924.000000	0.027936
926.000000	0.045505
928.000000	0.051854
930.000000	0.032002
932.000000	0.013385
934.000000	0.023773
936.000000	0.027850
938.000000	0.023490
940.000000	0.028467
942.000000	0.026770
944.000000	0.025334
946.000000	0.042893
948.000000	0.055305
950.000000	0.044881
952.000000	0.016400
954.000000	0.003413
956.000000	0.013462
958.000000	0.026458
960.000000	0.056379
962.000000	0.082850
964.000000	0.056745
966.000000	0.044989
968.000000	0.073446
970.000000	0.075968
972.000000	0.045993
974.000000	0.017721
976.000000	0.035770
978.000000	0.055656
980.000000	0.049508
982.000000	0.063148
984.000000	0.080233
986.000000	0.080513
988.000000	0.085998
990.000000	0.096831
992.000000	0.109010
994.000000	0.130360
996.000000	0.136098
998.000000	0.115848
1000.000000	0.118161
1002.000000	0.139053
1004.000000	0.144817
1006.000000	0.115697
1008.000000	0.093001
1010.000000	0.102806
1012.000000	0.065886
1014.000000	0.034953
1016.000000	0.076542
1018.000000	0.072154
1020.000000	0.032529
1022.000000	0.029646
1024.000000	0.023724
1026.000000	0.030048
1028.000000	0.074165
1030.000000	0.078402
1032.000000	0.047218
1034.000000	0.039804
1036.000000	0.059255
1038.000000	0.070415
1040.000000	0.047420
1042.000000	0.049731
1044.000000	0.062763
1046.000000	0.038879
1048.000000	0.040687
1050.000000	0.065424
1052.000000	0.068362
1054.000000	0.088043
1056.000000	0.102796
1058.000000	0.069705
1060.000000	0.072546
1062.000000	0.098530
1064.000000	0.073149
1066.000000	0.048480
1068.000000	0.064387
1070.000000	0.108698
1072.000000	0.110591
1074.000000	0.091106
1076.000000	0.117739
1078.000000	0.132254
1080.000000	0.129005
1082.000000	0.145680
1084.000000	0.150469
1086.000000	0.124524
1088.000000	0.081709
1090.000000	0.065714
1092.000000	0.085427
1094.000000	0.109983
1096.000000	0.092802
1098.000000	0.070882
1100.000000	0.107212
1102.000000	0.139912
1104.000000	0.132728
1106.000000	0.102342
1108.000000	0.102948
1110.000000	0.115528
1112.000000	0.098207
1114.000000	0.106010
1116.000000	0.137089
1118.000000	0.149540
1120.000000	0.139419
1122.000000	0.152640
1124.000000	0.220620
1126.000000	0.270312
1128.000000	0.259230
1130.000000	0.248148
1132.000000	0.237067
1134.000000	0.225985
1136.000000	0.135574
1138.000000	0.108554
1140.000000	0.097876
1142.000000	0.059766
1144.000000	0.087989
1146.000000	0.108947
1148.000000	0.055440
1150.000000	0.044997
1152.000000	0.053888
1154.000000	0.036968
1156.000000	0.043941
1158.000000	0.050570
1160.000000	0.039018
1162.000000	0.055559
1164.000000	0.089593
1166.000000	0.080311
1168.000000	0.071028
1170.000000	0.083224
1172.000000	0.144139
1174.000000	0.126406
1176.000000	0.086362
1178.000000	0.066458
1180.000000	0.029116
1182.000000	0.016039
1184.000000	0.033423
1186.000000	0.030770
1188.000000	0.002857
1190.000000	-0.015495
1192.000000	0.008381
1194.000000	0.007391
1196.000000	-0.021719
1198.000000	-0.024118
1200.000000	-0.004764
1202.000000	0.021658
1204.000000	0.038178
1206.000000	0.021205
1208.000000	-0.002262
1210.000000	0.000904
1212.000000	-0.002489
1214.000000	0.005951
1216.000000	0.050290
1218.000000	0.092223
1220.000000	0.097975
1222.000000	0.078690
1224.000000	0.098895
1226.000000	0.114366
1228.000000	0.095167
1230.000000	0.097413
1232.000000	0.094404
1234.000000	0.077378
1236.000000	0.091196
1238.000000	0.106957
1240.000000	0.089156
1242.000000	0.042213
1244.000000	0.046971
1246.000000	0.083043
1248.000000	0.063470
1250.000000	0.061875
1252.000000	0.080569
1254.000000	0.069055
1256.000000	0.065831
1258.000000	0.064437
1260.000000	0.042465
1262.000000	0.033115
1264.000000	0.046808
1266.000000	0.060075
1268.000000	0.028882
1270.000000	-0.010056
1272.000000	-0.013329
1274.000000	0.009242
1276.000000	0.026889
1278.000000	0.024756
1280.000000	0.021038
1282.000000	0.049374
1284.000000	0.085788
1286.000000	0.069154
1288.000000	0.038763
1290.000000	0.024245
1292.000000	0.028770
1294.000000	0.060062
1296.000000	0.092575
1298.000000	0.108399
1300.000000	0.152743
1302.000000	0.188070
1304.000000	0.184249
1306.000000	0.205975
1308.000000	0.238620
1310.000000	0.243010
1312.000000	0.211471
1314.000000	0.189994
1316.000000	0.189788
1318.000000	0.174793
1320.000000	0.159560
1322.000000	0.138301
1324.000000	0.097822
1326.000000	0.092877
1328.000000	0.112132
1330.000000	0.120753
1332.000000	0.155920
1334.000000	0.196699
1336.000000	0.214883
1338.000000	0.212168
1340.000000	0.209452
1342.000000	0.206736
1344.000000	0.170284
1346.000000	0.133142
1348.000000	0.116089
1350.000000	0.134331
1352.000000	0.126525
1354.000000	0.095299
1356.000000	0.091205
1358.000000	0.111390
1360.000000	0.139350
1362.000000	0.152484
1364.000000	0.127067
1366.000000	0.083437
1368.000000	0.060525
1370.000000	0.078394
1372.000000	0.074490
1374.000000	0.040878
1376.000000	0.039222
1378.000000	0.042683
1380.000000	0.043094
1382.000000	0.057876
1384.000000	0.076766
1386.000000	0.068435
1388.000000	0.035254
1390.000000	0.048964
1392.000000	0.052621
1394.000000	0.020289
1396.000000	0.038638
1398.000000	0.075224
1400.000000	0.085145
1402.000000	0.067151
1404.000000	0.060066
1406.000000	0.044565
1408.000000	0.000138
1410.000000	0.017280
1412.000000	0.047644
1414.000000	0.022100
1416.000000	-0.011901
1418.000000	-0.006948
1420.000000	0.022468
1422.000000	0.012489
1424.000000	-0.005452
1426.000000	0.004012
1428.000000	0.040109
1430.000000	0.062091
1432.000000	0.063600
1434.000000	0.059373
1436.000000	0.055003
1438.000000	0.068687
1440.000000	0.095115
1442.000000	0.099062
1444.000000	0.098262
1446.000000	0.112833
1448.000000	0.133089
1450.000000	0.107636
1452.000000	0.079120
1454.000000	0.107329
1456.000000	0.143668
1458.000000	0.153425
1460.000000	0.135378
1462.000000	0.116955
1464.000000	0.120344
1466.000000	0.120659
1468.000000	0.081637
1470.000000	0.065536
1472.000000	0.075038
1474.000000	0.071208
1476.000000	0.045498
1478.000000	0.023264
1480.000000	0.018912
1482.000000	0.018738
1484.000000	0.036030
1486.000000	0.056100
1488.000000	0.045907
1490.000000	0.020604
1492.000000	0.005639
1494.000000	0.006629
1496.000000	-0.003506
1498.000000	-0.010509
1500.000000	-0.015589
1502.000000	-0.041377
1504.000000	-0.028078
1506.000000	-0.004668
1508.000000	-0.035848
1510.000000	-0.047164
1512.000000	-0.035791
1514.000000	-0.029468
1516.000000	-0.022741
1518.000000	-0.018447
1520.000000	-0.017005
1522.000000	-0.015652
1524.000000	-0.021356
1526.000000	-0.007355
1528.000000	0.029763
1530.000000	0.009521
1532.000000	-0.028787
1534.000000	-0.018679
1536.000000	0.041404
1538.000000	0.056712
1540.000000	0.027724
1542.000000	0.020557
1544.000000	0.009764
1546.000000	-0.000835
1548.000000	0.012190
1550.000000	0.050485
1552.000000	0.048482
1554.000000	0.030782
1556.000000	0.080214
1558.000000	0.116554
1560.000000	0.104250
1562.000000	0.072988
1564.000000	0.070238
1566.000000	0.071556
1568.000000	0.081876
1570.000000	0.135265
1572.000000	0.141056
1574.000000	0.126842
1576.000000	0.162186
1578.000000	0.191222
1580.000000	0.211233
1582.000000	0.231311
1584.000000	0.239033
1586.000000	0.230847
1588.000000	0.207063
1590.000000	0.170650
1592.000000	0.130987
1594.000000	0.116583
1596.000000	0.118012
1598.000000	0.089836
1600.000000	0.098194
1602.000000	0.134155
1604.000000	0.132072
1606.000000	0.104312
1608.000000	0.084663
1610.000000	0.075969
1612.000000	0.051618
1614.000000	0.070704
1616.000000	0.102539
1618.000000	0.075294
1620.000000	0.049613
1622.000000	0.052556
1624.000000	0.064169
1626.000000	0.051478
1628.000000	0.046016
1630.000000	0.062861
1632.000000	0.078287
1634.000000	0.056623
1636.000000	0.046741
1638.000000	0.058219
1640.000000	0.025608
1642.000000	0.031473
1644.000000	0.072806
1646.000000	0.079266
1648.000000	0.063747
1650.000000	0.070850
1652.000000	0.098684
1654.000000	0.093873
1656.000000	0.080514
1658.000000	0.083303
1660.000000	0.091220
1662.000000	0.065133
1664.000000	0.068442
1666.000000	0.112482
1668.000000	0.123331
1670.000000	0.121327
1672.000000	0.110154
1674.000000	0.084748
1676.000000	0.069615
1678.000000	0.077702
1680.000000	0.098423
1682.000000	0.105645
1684.000000	0.085929
1686.000000	0.059927
1688.000000	0.055167
1690.000000	0.069418
1692.000000	0.049139
1694.000000	0.022156
1696.000000	0.044223
1698.000000	0.043236
1700.000000	0.039730
1702.000000	0.040750
1704.000000	0.041771
1706.000000	0.042792
1708.000000	0.043813
1710.000000	0.044833
1712.000000	0.045854
1714.000000	0.046875
1716.000000	-0.001784
1718.000000	-0.038542
1720.000000	-0.044642
1722.000000	-0.019436
1724.000000	-0.004181
1726.000000	-0.024887
1728.000000	-0.034337
1730.000000	-0.017996
1732.000000	-0.000613
1734.000000	0.006649
1736.000000	-0.004923
1738.000000	-0.016426
1740.000000	-0.002970
1742.000000	-0.022414
1744.000000	-0.038204
1746.000000	-0.012023
1748.000000	-0.009669
1750.000000	-0.024883
1752.000000	-0.025892
1754.000000	-0.010497
1756.000000	-0.030849
1758.000000	-0.034838
1760.000000	-0.009803
1762.000000	-0.021661
1764.000000	-0.020783
1766.000000	-0.006825
1768.000000	-0.011521
1770.000000	-0.029278
1772.000000	-0.018434
1774.000000	0.000684
1776.000000	-0.014147
1778.000000	-0.015137
1780.000000	-0.007726
1782.000000	-0.002909
1784.000000	0.002638
1786.000000	-0.025172
1788.000000	-0.038998
1790.000000	-0.011235
1792.000000	-0.010800
1794.000000	-0.025754
1796.000000	-0.024726
1798.000000	-0.004096
1800.000000	0.001687
1802.000000	0.011014
1804.000000	0.018070
1806.000000	-0.004045
1808.000000	-0.012758
1810.000000	-0.010022
1812.000000	-0.012278
1814.000000	-0.018741
1816.000000	-0.034348
1818.000000	-0.023169
1820.000000	0.017819
1822.000000	0.012902
1824.000000	0.006876
1826.000000	0.014537
1828.000000	0.006801
1830.000000	-0.010030
1832.000000	-0.009672
1834.000000	0.001932
1836.000000	-0.006352
1838.000000	-0.023769
1840.000000	-0.028283
1842.000000	-0.019024
1844.000000	-0.012848
1846.000000	0.008945
1848.000000	0.008233
1850.000000	-0.024641
1852.000000	-0.014665
1854.000000	0.006617
1856.000000	-0.001851
1858.000000	-0.027266
1860.000000	-0.006285
1862.000000	0.020510
1864.000000	0.015713
1866.000000	-0.002611
1868.000000	0.011583
1870.000000	0.020564
1872.000000	0.006968
1874.000000	0.005063
1876.000000	0.018187
1878.000000	0.029910
1880.000000	0.027850
1882.000000	0.016136
1884.000000	0.007016
1886.000000	0.005953
1888.000000	0.013960
1890.000000	0.028563
1892.000000	0.032145
1894.000000	0.020632
1896.000000	0.004274
1898.000000	-0.006019
1900.000000	-0.015366
1902.000000	-0.024924
1904.000000	-0.027227
1906.000000	-0.013741
1908.000000	0.010404
1910.000000	0.029838
1912.000000	0.022830
1914.000000	-0.020529
1916.000000	-0.021801
1918.000000	0.018332
1920.000000	0.020401
1922.000000	-0.013105
1924.000000	-0.021791
1926.000000	0.005543
1928.000000	0.016170
1930.000000	-0.009413
1932.000000	-0.024447
1934.000000	-0.013682
1936.000000	-0.011613
1938.000000	0.000000
1940.000000	-0.000485
1942.000000	-0.014965
1944.000000	-0.006360
1946.000000	0.004713
1948.000000	-0.008920
1950.000000	-0.023488
1952.000000	0.007546
1954.000000	0.004519
1956.000000	-0.002748
1958.000000	0.011926
1960.000000	-0.008978
1962.000000	-0.008702
1964.000000	-0.000884
1966.000000	-0.000907
1968.000000	0.033515
1970.000000	0.027875
1972.000000	0.022235
1974.000000	0.001226
1976.000000	0.011714
1978.000000	0.008486
1980.000000	-0.000576
1982.000000	0.002306
1984.000000	-0.009505
1986.000000	-0.018587
1988.000000	-0.011127
1990.000000	0.006092
1992.000000	0.011315
1994.000000	-0.008958
1996.000000	0.003261
1998.000000	-0.002970
2000.000000	-0.009201
2002.000000	-0.000942
2004.000000	0.024815
2006.000000	-0.006346
2008.000000	-0.006860
2010.000000	-0.007145
2012.000000	-0.009619
2014.000000	-0.000349
2016.000000	0.003997
2018.000000	-0.002288
2020.000000	-0.007051
2022.000000	-0.009427
2024.000000	-0.026766
2026.000000	-0.039126
2028.000000	-0.031842
2030.000000	-0.013277
2032.000000	-0.005814
2034.000000	-0.009121
2036.000000	-0.005093
2038.000000	0.010430
2040.000000	0.019974
2042.000000	0.023398
2044.000000	0.027612
2046.000000	0.022747
2048.000000	0.000101
2050.000000	0.007968
2052.000000	0.017991
2054.000000	0.011761
2056.000000	0.012221
2058.000000	0.005661
2060.000000	0.019769
2062.000000	0.051632
2064.000000	0.050422
2066.000000	-0.005875
2068.000000	-0.031792
2070.000000	0.008083
2072.000000	0.048747
2074.000000	0.022189
2076.000000	0.030929
2078.000000	0.033297
2080.000000	-0.033153
2082.000000	-0.007278
2084.000000	0.027719
2086.000000	0.011715
2088.000000	-0.015175
2090.000000	-0.000524
2092.000000	0.010079
2094.000000	0.004974
2096.000000	-0.005447
2098.000000	-0.019640
2100.000000	0.004194
2102.000000	0.018963
2104.000000	0.003350
2106.000000	0.004070
2108.000000	-0.012793
2110.000000	-0.019631
2112.000000	-0.001108
2114.000000	0.007699
2116.000000	-0.014089
2118.000000	-0.021574
2120.000000	-0.007587
2122.000000	-0.002030
2124.000000	0.000525
2126.000000	-0.007887
2128.000000	-0.007811
2130.000000	0.010986
2132.000000	0.011975
2134.000000	0.001046
2136.000000	0.012296
2138.000000	0.023738
2140.000000	-0.019126
2142.000000	-0.008014
2144.000000	0.006927
2146.000000	0.006193
2148.000000	0.045065
2150.000000	0.032362
2152.000000	0.024317
2154.000000	0.019690
2156.000000	-0.020110
2158.000000	-0.009750
2160.000000	-0.002093
2162.000000	-0.011793
2164.000000	-0.005014
2166.000000	0.016845
2168.000000	0.013036
2170.000000	0.025158
2172.000000	0.045221
2174.000000	0.008682
2176.000000	0.018559
2178.000000	0.019596
2180.000000	0.000665
2182.000000	0.014750
2184.000000	0.006190
2186.000000	-0.002818
2188.000000	-0.000661
2190.000000	0.000949
2192.000000	-0.000808
2194.000000	-0.015015
2196.000000	-0.000362
2198.000000	0.034716
2200.000000	0.022113
2202.000000	-0.004421
2204.000000	0.004870
2206.000000	0.033669
2208.000000	0.033512
2210.000000	0.014143
2212.000000	-0.000132
2214.000000	-0.004610
2216.000000	-0.001783
2218.000000	0.014329
2220.000000	0.036332
2222.000000	0.027302
2224.000000	0.017332
2226.000000	0.049268
2228.000000	0.021932
2230.000000	-0.027354
2232.000000	-0.032846
2234.000000	0.000768
2236.000000	0.012124
2238.000000	0.020418
2240.000000	0.026532
2242.000000	0.016036
2244.000000	-0.002430
2246.000000	0.008314
2248.000000	0.026679
2250.000000	0.029669
2252.000000	0.022006
2254.000000	0.015093
2256.000000	-0.004969
2258.000000	-0.004409
2260.000000	0.022229
2262.000000	0.033164
2264.000000	0.049388
2266.000000	0.044451
2268.000000	0.030389
2270.000000	0.044417
2272.000000	0.062501
2274.000000	0.027054
2276.000000	0.015451
2278.000000	0.045768
2280.000000	0.029787
2282.000000	0.038063
2284.000000	0.078597
2286.000000	0.063176
2288.000000	-0.003366
2290.000000	0.044454
2292.000000	0.076981
2294.000000	0.033195
2296.000000	-0.003083
2298.000000	0.034464
2300.000000	0.029776
2302.000000	0.030601
2304.000000	0.033568
2306.000000	0.010764
2308.000000	0.010595
2310.000000	0.017066
2312.000000	0.033479
2314.000000	0.037236
2316.000000	0.008432
2318.000000	0.005962
2320.000000	0.028510
2322.000000	0.031666
2324.000000	0.016386
2326.000000	0.043466
2328.000000	0.104947
2330.000000	0.067224
2332.000000	0.003177
2334.000000	0.027002
2336.000000	0.016723
2338.000000	-0.002424
2340.000000	-0.018438
2342.000000	-0.009999
2344.000000	0.029965
2346.000000	0.028929
2348.000000	0.055404
2350.000000	0.060950
2352.000000	0.030591
2354.000000	0.050872
2356.000000	0.021062
2358.000000	0.004989
2360.000000	0.012015
2362.000000	-0.002453
2364.000000	-0.009851
2366.000000	-0.011131
2368.000000	-0.000521
2370.000000	0.014752
2372.000000	0.020690
2374.000000	0.025017
2376.000000	0.024070
2378.000000	0.002101
2380.000000	-0.011703
2382.000000	0.009473
2384.000000	-0.007796
2386.000000	0.020518
2388.000000	0.027726
2390.000000	-0.024864
2392.000000	-0.015406
2394.000000	0.008679
2396.000000	-0.016701
2398.000000	-0.026347
2400.000000	0.012783
2402.000000	0.003022
2404.000000	0.022089
2406.000000	0.029808
2408.000000	0.011813
2410.000000	0.012515
2412.000000	0.028826
2414.000000	0.034415
2416.000000	0.010962
2418.000000	-0.006801
2420.000000	0.000930
2422.000000	-0.026131
2424.000000	-0.025936
2426.000000	-0.009432
2428.000000	0.006595
2430.000000	0.034565
2432.000000	0.042295
2434.000000	0.033214
2436.000000	0.025052
2438.000000	0.007043
2440.000000	-0.020710
2442.000000	0.011029
2444.000000	0.045734
2446.000000	0.049443
2448.000000	0.032816
2450.000000	0.017630
2452.000000	0.028897
2454.000000	0.049717
2456.000000	0.019347
2458.000000	-0.016341
2460.000000	0.021942
2462.000000	-0.015163
2464.000000	-0.024601
2466.000000	0.008742
2468.000000	0.018727
2470.000000	0.003894
2472.000000	0.001692
2474.000000	0.016536
2476.000000	0.030302
2478.000000	0.013981
2480.000000	-0.017727
2482.000000	0.023040
2484.000000	0.027554
2486.000000	0.017470
2488.000000	0.024773
2490.000000	-0.001807
2492.000000	0.000716
2494.000000	0.026157
2496.000000	0.025073
2498.000000	-0.004210
2500.000000	-0.019223
2502.000000	-0.023212
2504.000000	-0.006942
2506.000000	0.021906
2508.000000	0.022707
2510.000000	-0.003410
2512.000000	0.026616
2514.000000	0.017960
2516.000000	0.030995
2518.000000	0.062726
2520.000000	0.027673
2522.000000	0.002128
2524.000000	-0.010904
2526.000000	-0.016746
2528.000000	-0.010936
2530.000000	0.006410
2532.000000	0.021321
2534.000000	0.017496
2536.000000	0.012325
2538.000000	0.025329
2540.000000	0.035966
2542.000000	0.009249
2544.000000	-0.010423
2546.000000	-0.024782
2548.000000	-0.018380
2550.000000	0.020663
2552.000000	0.053192
2554.000000	0.040012
2556.000000	0.013604
2558.000000	0.016789
2560.000000	0.027823
2562.000000	0.008840
2564.000000	0.012643
2566.000000	0.037833
2568.000000	0.051948
2570.000000	0.010484
2572.000000	-0.040995
2574.000000	0.017102
2576.000000	0.016623
2578.000000	0.028532
2580.000000	0.046602
2582.000000	0.002074
2584.000000	-0.021777
2586.000000	0.000546
2588.000000	-0.005989
2590.000000	0.003530
2592.000000	0.030753
2594.000000	-0.002004
2596.000000	0.002975
2598.000000	0.014969
2600.000000	0.020254
2602.000000	-0.001686
2604.000000	-0.025217
2606.000000	0.033065
2608.000000	0.013703
2610.000000	0.001338
2612.000000	0.021230
2614.000000	0.012226
2616.000000	-0.004437
2618.000000	0.001607
2620.000000	0.002748
2622.000000	0.017919
2624.000000	0.015768
2626.000000	-0.025222
2628.000000	0.000390
2630.000000	0.001322
2632.000000	0.020489
2634.000000	0.047113
2636.000000	0.023724
2638.000000	-0.008698
2640.000000	0.009598
2642.000000	0.053417
2644.000000	0.047255
2646.000000	0.007708
2648.000000	-0.005246
2650.000000	-0.024183
2652.000000	-0.000303
2654.000000	0.043329
2656.000000	0.025709
2658.000000	-0.009510
2660.000000	0.033534
2662.000000	0.005439
2664.000000	0.007768
2666.000000	0.017589
2668.000000	0.017238
2670.000000	0.030877
2672.000000	0.017138
2674.000000	0.050977
2676.000000	0.019556
2678.000000	-0.020503
2680.000000	0.004280
2682.000000	0.021093
2684.000000	0.015390
2686.000000	0.001350
2688.000000	-0.010509
2690.000000	-0.017490
2692.000000	-0.006877
2694.000000	0.022590
2696.000000	0.021691
2698.000000	0.022250
2700.000000	0.047830
2702.000000	0.039121
2704.000000	0.010213
2706.000000	0.063604
2708.000000	0.025549
2710.000000	-0.005804
2712.000000	0.009349
2714.000000	0.026299
2716.000000	0.041607
2718.000000	0.063719
2720.000000	0.039331
2722.000000	0.018448
2724.000000	0.032038
2726.000000	0.050309
2728.000000	0.036354
2730.000000	0.004100
2732.000000	0.035923
2734.000000	0.060469
2736.000000	0.049401
2738.000000	0.040640
2740.000000	0.046348
2742.000000	0.057478
2744.000000	0.030980
2746.000000	-0.012243
2748.000000	-0.014869
2750.000000	0.007181
2752.000000	0.011588
2754.000000	0.061832
2756.000000	0.051904
2758.000000	-0.018651
2760.000000	-0.034598
2762.000000	0.021806
2764.000000	0.037180
2766.000000	0.006474
2768.000000	-0.001839
2770.000000	0.014109
2772.000000	0.015115
2774.000000	-0.005475
2776.000000	-0.019219
2778.000000	-0.023332
2780.000000	-0.025443
2782.000000	0.004216
2784.000000	0.023374
2786.000000	-0.014098
2788.000000	-0.053975
2790.000000	-0.038097
2792.000000	-0.028176
2794.000000	0.006388
2796.000000	-0.017385
2798.000000	-0.073342
2800.000000	-0.032915
2802.000000	-0.030702
2804.000000	-0.019612
2806.000000	0.026271
2808.000000	0.022380
2810.000000	-0.018123
2812.000000	-0.011636
2814.000000	-0.014138
2816.000000	-0.007992
2818.000000	-0.007008
2820.000000	-0.022004
2822.000000	-0.028340
2824.000000	-0.006217
2826.000000	0.008153
2828.000000	-0.016732
2830.000000	0.037591
2832.000000	0.035848
2834.000000	0.000386
2836.000000	0.026361
2838.000000	0.026638
2840.000000	0.066604
2842.000000	0.107653
2844.000000	0.100860
2846.000000	0.112966
2848.000000	0.160703
2850.000000	0.186844
2852.000000	0.224892
2854.000000	0.215330
2856.000000	0.275023
2858.000000	0.322789
2860.000000	0.309004
2862.000000	0.306497
2864.000000	0.306828
2866.000000	0.323015
2868.000000	0.340126
2870.000000	0.393866
2872.000000	0.452159
2874.000000	0.484467
2876.000000	0.504599
2878.000000	0.484463
2880.000000	0.522050
2882.000000	0.526997
2884.000000	0.555912
2886.000000	0.569299
2888.000000	0.527002
2890.000000	0.573580
2892.000000	0.565035
2894.000000	0.591788
2896.000000	0.595645
2898.000000	0.568923
2900.000000	0.590012
2902.000000	0.625775
2904.000000	0.600317
2906.000000	0.670903
2908.000000	0.692457
2910.000000	0.731062
2912.000000	0.775586
2914.000000	0.766108
2916.000000	0.775562
2918.000000	0.764962
2920.000000	0.841865
2922.000000	0.886437
2924.000000	0.951649
2926.000000	0.947120
2928.000000	0.874972
2930.000000	0.982234
2932.000000	0.954883
2934.000000	1.000000
2936.000000	0.957051
2938.000000	0.930957
2940.000000	0.950576
2942.000000	0.870757
2944.000000	0.836860
2946.000000	0.823733
2948.000000	0.783294
2950.000000	0.718510
2952.000000	0.677189
2954.000000	0.642582
2956.000000	0.571793
2958.000000	0.550400
2960.000000	0.651522
2962.000000	0.614722
2964.000000	0.612279
2966.000000	0.590198
2968.000000	0.501300
2970.000000	0.475124
2972.000000	0.417185
2974.000000	0.387690
2976.000000	0.431824
2978.000000	0.459514
2980.000000	0.413878
2982.000000	0.359525
2984.000000	0.354716
2986.000000	0.342529
2988.000000	0.281800
2990.000000	0.248652
2992.000000	0.260351
2994.000000	0.236535
2996.000000	0.180185
2998.000000	0.147860
3000.000000	0.118035
3002.000000	0.106950
3004.000000	0.125791
3006.000000	0.103525
3008.000000	0.064773
3010.000000	0.024584
3012.000000	0.025370
3014.000000	0.078127
3016.000000	0.013048
3018.000000	0.019121
3020.000000	0.038786
3022.000000	0.002126
3024.000000	-0.042667
3026.000000	-0.018187
3028.000000	0.021955
3030.000000	-0.037640
3032.000000	-0.054573
3034.000000	-0.045618
3036.000000	-0.034304
3038.000000	-0.015830
3040.000000	0.023288
3042.000000	0.055750
3044.000000	0.034252
3046.000000	0.001068
3048.000000	0.001456
3050.000000	0.031159
3052.000000	0.016066
3054.000000	0.016432
3056.000000	0.044390
3058.000000	0.047054
3060.000000	0.083381
3062.000000	0.033920
3064.000000	0.035455
3066.000000	0.043599
3068.000000	0.029581
3070.000000	0.003792
3072.000000	0.011347
3074.000000	0.059173
3076.000000	0.024707
3078.000000	0.015441
3080.000000	0.029987
3082.000000	0.019726
3084.000000	0.011219
3086.000000	0.011177
3088.000000	-0.007858
3090.000000	-0.020979
3092.000000	-0.013421
3094.000000	-0.034759
3096.000000	-0.064670
3098.000000	-0.003504
3100.000000	0.004810
3102.000000	-0.029523
3104.000000	-0.000543
3106.000000	-0.019933
3108.000000	0.007599
3110.000000	0.033510
3112.000000	-0.015307
3114.000000	-0.027882
3116.000000	0.004348
3118.000000	0.000973
3120.000000	-0.016324
3122.000000	0.008087
3124.000000	0.027619
3126.000000	0.016331
3128.000000	-0.005217
3130.000000	0.002017
3132.000000	0.017067
3134.000000	0.037640
3136.000000	0.015933
3138.000000	-0.042274
3140.000000	0.041920
3142.000000	0.042494
3144.000000	-0.028766
3146.000000	-0.022804
3148.000000	0.009014
3150.000000	0.006182
3152.000000	0.022593
3154.000000	0.036797
3156.000000	-0.009040
3158.000000	0.020495
3160.000000	0.035738
3162.000000	0.018316
3164.000000	-0.009462
3166.000000	-0.014708
3168.000000	0.021856
3170.000000	0.033232
3172.000000	-0.030872
3174.000000	-0.041582
3176.000000	0.011814
3178.000000	-0.009094
3180.000000	0.034537
3182.000000	0.077763
3184.000000	0.042930
3186.000000	-0.007139
3188.000000	-0.013048
3190.000000	0.028635
3192.000000	0.018656
3194.000000	0.011111
3196.000000	-0.001109
3198.000000	-0.002500
3200.000000	0.000522
3202.000000	-0.030311
3204.000000	-0.040327
3206.000000	0.007215
3208.000000	0.000600
3210.000000	-0.003107
3212.000000	0.034138
3214.000000	0.018286
3216.000000	-0.006789
3218.000000	-0.003921
3220.000000	-0.016294
3222.000000	-0.016045
3224.000000	0.004728
3226.000000	-0.021650
3228.000000	0.033430
3230.000000	-0.019768
3232.000000	-0.031726
3234.000000	-0.010041
3236.000000	-0.006304
3238.000000	-0.006575
3240.000000	-0.005020
3242.000000	-0.011435
3244.000000	-0.011026
3246.000000	0.014778
3248.000000	0.002735
3250.000000	0.012127
3252.000000	0.007918
3254.000000	-0.005175
3256.000000	0.031248
3258.000000	0.014330
3260.000000	-0.002588
3262.000000	-0.016089
3264.000000	0.030204
3266.000000	0.013884
3268.000000	-0.002051
3270.000000	0.027413
3272.000000	-0.007120
3274.000000	-0.018506
3276.000000	0.048786
3278.000000	0.080317
3280.000000	0.050150
3282.000000	0.034788
3284.000000	0.042547
3286.000000	0.044136
3288.000000	0.039845
3290.000000	0.043547
3292.000000	0.043003
3294.000000	0.013237
3296.000000	0.010479
3298.000000	0.021338
3300.000000	0.007525
3302.000000	0.052860
3304.000000	0.055579
3306.000000	0.047827
3308.000000	0.037156
3310.000000	0.055573
3312.000000	0.083355
3314.000000	0.101252
3316.000000	0.055544
3318.000000	0.010388
3320.000000	0.046408
3322.000000	0.050142
3324.000000	0.059681
3326.000000	0.061011
3328.000000	0.016188
3330.000000	0.058964
3332.000000	0.080156
3334.000000	0.059075
3336.000000	0.060814
3338.000000	0.059811
3340.000000	0.049642
3342.000000	0.046787
3344.000000	0.019677
3346.000000	0.035218
3348.000000	0.019928
3350.000000	0.059183
3352.000000	0.073463
3354.000000	0.038758
3356.000000	0.011578
3358.000000	0.026654
3360.000000	0.085768
3362.000000	0.072803
3364.000000	0.059838
3366.000000	0.030517
3368.000000	0.022881
3370.000000	0.030758
3372.000000	-0.006881
3374.000000	0.043215
3376.000000	0.034003
3378.000000	0.018633
3380.000000	0.056191
3382.000000	0.062847
3384.000000	0.051197
3386.000000	0.039277
3388.000000	0.040958
3390.000000	0.035597
3392.000000	0.040953
3394.000000	0.044423
3396.000000	0.038982
3398.000000	0.014202
3400.000000	0.009166
3402.000000	-0.000650
3404.000000	-0.002083
3406.000000	0.030396
3408.000000	0.017973
3410.000000	-0.000727
3412.000000	0.017224
3414.000000	0.035175
3416.000000	-0.003697
3418.000000	0.002900
3420.000000	0.005902
3422.000000	0.002813
3424.000000	-0.011151
3426.000000	0.011390
3428.000000	0.038049
3430.000000	0.005462
3432.000000	0.010812
3434.000000	0.055851
3436.000000	0.027315
3438.000000	0.013424
3440.000000	0.028506
3442.000000	-0.003138
3444.000000	0.035166
3446.000000	0.050557
3448.000000	0.012961
3450.000000	0.034377
3452.000000	0.029604
3454.000000	-0.001236
3456.000000	0.003992
3458.000000	-0.040000
3460.000000	0.038306
3462.000000	0.031520
3464.000000	0.053649
3466.000000	0.039122
3468.000000	-0.024507
3470.000000	0.018567
3472.000000	0.030775
3474.000000	0.030961
3476.000000	0.036539
3478.000000	0.012123
3480.000000	0.009008
3482.000000	0.035831
3484.000000	0.047354
3486.000000	0.003469
3488.000000	0.033089
3490.000000	0.009279
3492.000000	0.007201
3494.000000	0.016669
3496.000000	0.032983
3498.000000	0.088816
3500.000000	0.021768
3502.000000	-0.008139
3504.000000	0.049970
3506.000000	0.026088
3508.000000	0.008680
3510.000000	0.044713
3512.000000	0.039457
3514.000000	0.032450
3516.000000	0.018774
3518.000000	-0.022478
3520.000000	0.012620
3522.000000	0.018769
3524.000000	0.032999
3526.000000	-0.029674
3528.000000	-0.004977
3530.000000	0.030942
3532.000000	0.023949
3534.000000	0.013567
3536.000000	0.002822
3538.000000	0.027621
3540.000000	-0.012912
3542.000000	0.010919
3544.000000	0.091643
3546.000000	0.003235
3548.000000	0.034223
3550.000000	0.058554
3552.000000	0.055713
3554.000000	0.040862
3556.000000	0.029168
3558.000000	0.042569
3560.000000	0.013916
3562.000000	-0.032563
3564.000000	0.019389
3566.000000	0.051952
3568.000000	-0.000279
3570.000000	0.023747
3572.000000	0.030394
3574.000000	0.021440
3576.000000	0.052656
3578.000000	0.052480
3580.000000	0.022842
3582.000000	0.019618
3584.000000	0.020601
3586.000000	0.017166
3588.000000	0.013648
3590.000000	0.002308
3592.000000	0.015300
3594.000000	0.045516
3596.000000	0.036499
3598.000000	0.034072
3600.000000	0.069585
