400.000000	0.002352
402.000000	0.005931
404.000000	0.016806
406.000000	0.013677
408.000000	-0.009413
410.000000	-0.002975
412.000000	0.023590
414.000000	0.008915
416.000000	-0.009092
418.000000	0.003891
420.000000	0.006125
422.000000	-0.004118
424.000000	-0.001952
426.000000	0.003848
428.000000	0.006028
430.000000	0.009412
432.000000	0.005511
434.000000	-0.007790
436.000000	0.000907
438.000000	0.019984
440.000000	0.006078
442.000000	-0.006634
444.000000	0.009339
446.000000	0.022915
448.000000	0.011231
450.000000	-0.022980
452.000000	-0.022563
454.000000	0.007735
456.000000	-0.008339
458.000000	-0.024310
460.000000	0.006574
462.000000	0.012159
464.000000	-0.011961
466.000000	-0.016721
468.000000	-0.017775
470.000000	-0.025058
472.000000	-0.016663
474.000000	-0.001666
476.000000	0.003354
478.000000	0.009938
480.000000	0.017779
482.000000	0.014319
484.000000	0.007108
486.000000	0.003759
488.000000	0.000638
490.000000	-0.000172
492.000000	0.004045
494.000000	0.004738
496.000000	0.000286
498.000000	-0.001544
500.000000	0.002607
502.000000	0.009915
504.000000	0.010265
506.000000	0.006924
508.000000	0.008939
510.000000	0.010851
512.000000	0.010385
514.000000	0.012058
516.000000	0.013437
518.000000	0.011308
520.000000	0.007392
522.000000	0.004002
524.000000	0.004166
526.000000	0.013409
528.000000	0.025512
530.000000	0.022733
532.000000	0.017023
534.000000	0.021429
536.000000	0.023257
538.000000	0.028911
540.000000	0.048304
542.000000	0.038752
544.000000	0.001981
546.000000	0.001752
548.000000	0.017233
550.000000	0.011293
552.000000	-0.002659
554.000000	-0.008695
556.000000	-0.000697
558.000000	0.002359
560.000000	-0.003571
562.000000	0.000215
564.000000	0.008676
566.000000	0.008901
568.000000	-0.004037
570.000000	-0.008988
572.000000	0.014411
574.000000	0.006089
576.000000	-0.002233
578.000000	-0.013596
580.000000	-0.010271
582.000000	-0.003407
584.000000	-0.001228
586.000000	-0.005031
588.000000	-0.008668
590.000000	0.002956
592.000000	0.017086
594.000000	0.001107
596.000000	-0.015826
598.000000	-0.011363
600.000000	-0.008518
602.000000	-0.005467
604.000000	0.005381
606.000000	0.002813
608.000000	-0.012607
610.000000	-0.019998
612.000000	-0.016794
614.000000	-0.008135
616.000000	-0.003011
618.000000	-0.015418
620.000000	-0.036981
622.000000	-0.010517
624.000000	0.028714
626.000000	0.007153
628.000000	-0.013400
630.000000	0.001408
632.000000	0.016563
634.000000	-0.005313
636.000000	-0.048284
638.000000	-0.016595
640.000000	0.035594
642.000000	0.017952
644.000000	0.005755
646.000000	0.023779
648.000000	0.029799
650.000000	0.010542
652.000000	-0.016666
654.000000	-0.013623
656.000000	-0.007895
658.000000	-0.023254
660.000000	-0.015511
662.000000	0.003212
664.000000	-0.004716
666.000000	-0.013090
668.000000	-0.004611
670.000000	0.012129
672.000000	0.013624
674.000000	-0.000001
676.000000	0.007988
678.000000	0.022944
680.000000	0.018657
682.000000	0.004676
684.000000	-0.005529
686.000000	-0.005309
688.000000	-0.008242
690.000000	-0.011037
692.000000	0.004272
694.000000	0.011982
696.000000	0.004556
698.000000	0.018392
700.000000	0.011164
702.000000	0.003935
704.000000	-0.007402
706.000000	-0.004848
708.000000	-0.013414
710.000000	-0.021118
712.000000	-0.017390
714.000000	-0.003105
716.000000	0.011446
718.000000	0.015244
720.000000	0.003432
722.000000	-0.005648
724.000000	0.003174
726.000000	0.016241
728.000000	0.020963
730.000000	0.013591
732.000000	0.007105
734.000000	0.005452
736.000000	0.005158
738.000000	0.019422
740.000000	0.037047
742.000000	0.021155
744.000000	0.011118
746.000000	0.035699
748.000000	0.053745
750.000000	0.071532
752.000000	0.082624
754.000000	0.093716
756.000000	0.061247
758.000000	0.047008
760.000000	0.027064
762.000000	0.002374
764.000000	0.006057
766.000000	0.021498
768.000000	0.023099
770.000000	0.001488
772.000000	-0.009846
774.000000	0.009802
776.000000	0.024106
778.000000	0.020673
780.000000	0.011019
782.000000	0.020052
784.000000	0.044469
786.000000	0.060853
788.000000	0.060058
790.000000	0.042150
792.000000	0.017018
794.000000	0.011980
796.000000	0.026731
798.000000	0.024056
800.000000	0.020781
802.000000	0.023008
804.000000	-0.014152
806.000000	-0.035632
808.000000	0.008081
810.000000	0.024611
812.000000	0.015178
814.000000	0.030834
816.000000	0.024689
818.000000	0.001697
820.000000	0.014584
822.000000	0.041578
824.000000	0.049755
826.000000	0.027329
828.000000	0.020588
830.000000	0.047106
832.000000	0.057725
834.000000	0.041997
836.000000	0.016521
838.000000	0.007654
840.000000	0.004160
842.000000	-0.008469
844.000000	-0.002304
846.000000	0.014136
848.000000	0.015547
850.000000	0.018162
852.000000	0.032105
854.000000	0.049352
856.000000	0.041989
858.000000	0.026101
860.000000	0.048771
862.000000	0.046387
864.000000	0.003553
866.000000	0.001360
868.000000	0.019634
870.000000	0.025557
872.000000	0.032991
874.000000	0.032859
876.000000	0.021189
878.000000	0.026275
880.000000	0.027276
882.000000	-0.001178
884.000000	-0.019874
886.000000	-0.012016
888.000000	0.012692
890.000000	0.034288
892.000000	0.039098
894.000000	0.027069
896.000000	0.021590
898.000000	0.019616
900.000000	-0.001006
902.000000	-0.004931
904.000000	0.011041
906.000000	0.003913
908.000000	-0.002851
910.000000	0.008666
912.000000	0.018509
914.000000	0.028711
916.000000	0.043808
918.000000	0.054809
920.000000	0.043540
922.000000	0.015278
924.000000	0.020245
926.000000	0.041808
928.000000	0.040880
930.000000	0.019899
932.000000	0.012506
934.000000	0.037161
936.000000	0.035957
938.000000	0.014916
940.000000	0.014532
942.000000	0.013595
944.000000	0.017112
946.000000	0.044030
948.000000	0.043128
950.000000	0.042226
952.000000	0.033653
954.000000	0.019327
956.000000	0.005071
958.000000	0.013220
960.000000	0.022393
962.000000	0.023273
964.000000	0.028068
966.000000	0.014149
968.000000	-0.010971
970.000000	0.001643
972.000000	0.028209
974.000000	0.037206
976.000000	0.027998
978.000000	0.015492
980.000000	0.014265
982.000000	0.028321
984.000000	0.048749
986.000000	0.060121
988.000000	0.049320
990.000000	0.038250
992.000000	0.047853
994.000000	0.064870
996.000000	0.064728
998.000000	0.047572
1000.000000	0.064543
1002.000000	0.104287
1004.000000	0.103164
1006.000000	0.102042
1008.000000	0.100920
1010.000000	0.088000
1012.000000	0.068764
1014.000000	0.051475
1016.000000	0.052752
1018.000000	0.067976
1020.000000	0.076407
1022.000000	0.063734
1024.000000	0.053937
1026.000000	0.061666
1028.000000	0.084176
1030.000000	0.101794
1032.000000	0.102244
1034.000000	0.091943
1036.000000	0.105578
1038.000000	0.127773
1040.000000	0.125712
1042.000000	0.136358
1044.000000	0.156969
1046.000000	0.158918
1048.000000	0.160085
1050.000000	0.162452
1052.000000	0.154897
1054.000000	0.146957
1056.000000	0.127865
1058.000000	0.086929
1060.000000	0.073853
1062.000000	0.081610
1064.000000	0.072011
1066.000000	0.086790
1068.000000	0.109006
1070.000000	0.090251
1072.000000	0.080272
1074.000000	0.084001
1076.000000	0.073571
1078.000000	0.087524
1080.000000	0.111392
1082.000000	0.101312
1084.000000	0.095143
1086.000000	0.103928
1088.000000	0.108508
1090.000000	0.107718
1092.000000	0.103996
1094.000000	0.095877
1096.000000	0.072167
1098.000000	0.050287
1100.000000	0.060066
1102.000000	0.093475
1104.000000	0.099909
1106.000000	0.049439
1108.000000	0.042496
1110.000000	0.073812
1112.000000	0.076203
1114.000000	0.075924
1116.000000	0.073379
1118.000000	0.053041
1120.000000	0.037453
1122.000000	0.048098
1124.000000	0.082619
1126.000000	0.096619
1128.000000	0.101207
1130.000000	0.117922
1132.000000	0.102352
1134.000000	0.058866
1136.000000	0.023590
1138.000000	0.018998
1140.000000	0.023547
1142.000000	0.010303
1144.000000	-0.007943
1146.000000	-0.010881
1148.000000	0.002343
1150.000000	-0.002020
1152.000000	-0.016685
1154.000000	-0.020421
1156.000000	-0.009009
1158.000000	0.000544
1160.000000	0.003441
1162.000000	0.021625
1164.000000	0.024180
1166.000000	0.002531
1168.000000	0.004587
1170.000000	0.012991
1172.000000	0.015941
1174.000000	0.034107
1176.000000	0.032236
1178.000000	0.006579
1180.000000	0.002615
1182.000000	0.002591
1184.000000	-0.000905
1186.000000	0.007651
1188.000000	0.000536
1190.000000	-0.018378
1192.000000	-0.017531
1194.000000	-0.018684
1196.000000	-0.021052
1198.000000	-0.007706
1200.000000	-0.006372
1202.000000	-0.005062
1204.000000	0.023511
1206.000000	0.045204
1208.000000	0.051853
1210.000000	0.053307
1212.000000	0.044607
1214.000000	0.044730
1216.000000	0.063363
1218.000000	0.064473
1220.000000	0.063465
1222.000000	0.079575
1224.000000	0.088129
1226.000000	0.080545
1228.000000	0.070013
1230.000000	0.082477
1232.000000	0.104984
1234.000000	0.116186
1236.000000	0.108005
1238.000000	0.094305
1240.000000	0.087177
1242.000000	0.087514
1244.000000	0.089256
1246.000000	0.087979
1248.000000	0.083913
1250.000000	0.081805
1252.000000	0.077693
1254.000000	0.068743
1256.000000	0.074908
1258.000000	0.091461
1260.000000	0.101513
1262.000000	0.103593
1264.000000	0.084810
1266.000000	0.058627
1268.000000	0.086148
1270.000000	0.104917
1272.000000	0.085854
1274.000000	0.118151
1276.000000	0.137090
1278.000000	0.110949
1280.000000	0.107593
1282.000000	0.096540
1284.000000	0.075752
1286.000000	0.083259
1288.000000	0.076568
1290.000000	0.069342
1292.000000	0.109071
1294.000000	0.153241
1296.000000	0.154168
1298.000000	0.114572
1300.000000	0.122924
1302.000000	0.160064
1304.000000	0.168579
1306.000000	0.149566
1308.000000	0.155327
1310.000000	0.188336
1312.000000	0.174355
1314.000000	0.164887
1316.000000	0.172776
1318.000000	0.143678
1320.000000	0.137302
1322.000000	0.158058
1324.000000	0.154252
1326.000000	0.142376
1328.000000	0.141972
1330.000000	0.152858
1332.000000	0.150932
1334.000000	0.152234
1336.000000	0.174553
1338.000000	0.194632
1340.000000	0.185876
1342.000000	0.153927
1344.000000	0.138489
1346.000000	0.129204
1348.000000	0.117478
1350.000000	0.109021
1352.000000	0.091097
1354.000000	0.081016
1356.000000	0.100012
1358.000000	0.106782
1360.000000	0.096897
1362.000000	0.091245
1364.000000	0.098774
1366.000000	0.105035
1368.000000	0.096391
1370.000000	0.079628
1372.000000	0.080992
1374.000000	0.094629
1376.000000	0.084251
1378.000000	0.063156
1380.000000	0.063932
1382.000000	0.093805
1384.000000	0.084074
1386.000000	0.065405
1388.000000	0.078279
1390.000000	0.056221
1392.000000	0.032404
1394.000000	0.045657
1396.000000	0.069192
1398.000000	0.089791
1400.000000	0.093494
1402.000000	0.074294
1404.000000	0.075495
1406.000000	0.081004
1408.000000	0.055390
1410.000000	0.046077
1412.000000	0.054383
1414.000000	0.056189
1416.000000	0.047005
1418.000000	0.059032
1420.000000	0.080144
1422.000000	0.055571
1424.000000	0.055144
1426.000000	0.077641
1428.000000	0.063081
1430.000000	0.054185
1432.000000	0.066692
1434.000000	0.083388
1436.000000	0.086523
1438.000000	0.101072
1440.000000	0.124212
1442.000000	0.108807
1444.000000	0.104447
1446.000000	0.135291
1448.000000	0.163792
1450.000000	0.138781
1452.000000	0.122237
1454.000000	0.168362
1456.000000	0.168147
1458.000000	0.149711
1460.000000	0.149346
1462.000000	0.126737
1464.000000	0.126170
1466.000000	0.130694
1468.000000	0.085110
1470.000000	0.082863
1472.000000	0.101539
1474.000000	0.076435
1476.000000	0.056418
1478.000000	0.057680
1480.000000	0.063093
1482.000000	0.051862
1484.000000	0.059320
1486.000000	0.074968
1488.000000	0.053342
1490.000000	0.020208
1492.000000	0.011578
1494.000000	0.023807
1496.000000	-0.001948
1498.000000	-0.018664
1500.000000	-0.002328
1502.000000	-0.003731
1504.000000	-0.022598
1506.000000	-0.030297
1508.000000	-0.010556
1510.000000	-0.004301
1512.000000	-0.017318
1514.000000	-0.024347
1516.000000	-0.003369
1518.000000	-0.005050
1520.000000	-0.027388
1522.000000	-0.014860
1524.000000	-0.009709
1526.000000	-0.021145
1528.000000	-0.024184
1530.000000	-0.007946
1532.000000	-0.003532
1534.000000	-0.015377
1536.000000	-0.003839
1538.000000	0.005991
1540.000000	0.004769
1542.000000	0.002692
1544.000000	-0.010956
1546.000000	-0.010758
1548.000000	0.012740
1550.000000	0.019752
1552.000000	0.024170
1554.000000	0.043575
1556.000000	0.066983
1558.000000	0.051382
1560.000000	0.030533
1562.000000	0.044480
1564.000000	0.053609
1566.000000	0.056552
1568.000000	0.054620
1570.000000	0.045823
1572.000000	0.074294
1574.000000	0.104254
1576.000000	0.092874
1578.000000	0.105636
1580.000000	0.119864
1582.000000	0.110165
1584.000000	0.098768
1586.000000	0.085337
1588.000000	0.081637
1590.000000	0.088702
1592.000000	0.062162
1594.000000	0.050579
1596.000000	0.070743
1598.000000	0.055088
1600.000000	0.034888
1602.000000	0.051295
1604.000000	0.090522
1606.000000	0.065203
1608.000000	0.052809
1610.000000	0.086980
1612.000000	0.061694
1614.000000	0.064125
1616.000000	0.094102
1618.000000	0.079169
1620.000000	0.064597
1622.000000	0.050009
1624.000000	0.038853
1626.000000	0.063789
1628.000000	0.066333
1630.000000	0.043735
1632.000000	0.037633
1634.000000	0.034658
1636.000000	0.048140
1638.000000	0.073864
1640.000000	0.076208
1642.000000	0.085303
1644.000000	0.095562
1646.000000	0.086199
1648.000000	0.094167
1650.000000	0.109530
1652.000000	0.116487
1654.000000	0.121891
1656.000000	0.123459
1658.000000	0.129486
1660.000000	0.143940
1662.000000	0.146474
1664.000000	0.150405
1666.000000	0.160867
1668.000000	0.157425
1670.000000	0.130231
1672.000000	0.109765
1674.000000	0.116738
1676.000000	0.115768
1678.000000	0.118575
1680.000000	0.135541
1682.000000	0.144946
1684.000000	0.104430
1686.000000	0.071043
1688.000000	0.085750
1690.000000	0.083938
1692.000000	0.070592
1694.000000	0.061357
1696.000000	0.054691
1698.000000	0.040263
1700.000000	0.034297
1702.000000	0.034957
1704.000000	0.035617
1706.000000	0.036277
1708.000000	0.036938
1710.000000	0.037598
1712.000000	0.038258
1714.000000	0.038918
1716.000000	-0.007205
1718.000000	-0.011960
1720.000000	-0.013236
1722.000000	-0.019240
1724.000000	-0.020649
1726.000000	0.010128
1728.000000	0.011618
1730.000000	0.001776
1732.000000	0.030059
1734.000000	0.025857
1736.000000	0.007307
1738.000000	0.004478
1740.000000	0.006412
1742.000000	0.006224
1744.000000	-0.003833
1746.000000	-0.012593
1748.000000	0.008265
1750.000000	0.003211
1752.000000	-0.020612
1754.000000	-0.013349
1756.000000	-0.010382
1758.000000	0.000260
1760.000000	0.008021
1762.000000	-0.026033
1764.000000	-0.029041
1766.000000	-0.005361
1768.000000	0.000917
1770.000000	-0.006848
1772.000000	-0.013160
1774.000000	-0.011183
1776.000000	-0.002676
1778.000000	0.010568
1780.000000	0.008516
1782.000000	0.001701
1784.000000	0.017825
1786.000000	0.001682
1788.000000	-0.015365
1790.000000	-0.003324
1792.000000	-0.012929
1794.000000	-0.011234
1796.000000	-0.001281
1798.000000	-0.004707
1800.000000	0.008807
1802.000000	-0.001203
1804.000000	-0.031982
1806.000000	-0.029765
1808.000000	-0.010282
1810.000000	-0.002415
1812.000000	-0.007847
1814.000000	-0.003949
1816.000000	-0.010442
1818.000000	-0.014765
1820.000000	-0.007804
1822.000000	-0.020404
1824.000000	-0.018738
1826.000000	-0.005851
1828.000000	-0.006499
1830.000000	0.006358
1832.000000	0.016689
1834.000000	0.006725
1836.000000	-0.012966
1838.000000	-0.011050
1840.000000	0.009857
1842.000000	0.022397
1844.000000	0.008764
1846.000000	0.005537
1848.000000	0.000000
1850.000000	-0.014401
1852.000000	0.007465
1854.000000	0.029865
1856.000000	0.017087
1858.000000	-0.017561
1860.000000	-0.014971
1862.000000	0.013728
1864.000000	0.031110
1866.000000	0.021605
1868.000000	0.013891
1870.000000	-0.002000
1872.000000	-0.019074
1874.000000	-0.011247
1876.000000	-0.004787
1878.000000	-0.008120
1880.000000	-0.006865
1882.000000	0.008211
1884.000000	-0.001052
1886.000000	-0.003423
1888.000000	0.013582
1890.000000	-0.004879
1892.000000	-0.006655
1894.000000	-0.001635
1896.000000	-0.016070
1898.000000	-0.010298
1900.000000	0.007639
1902.000000	0.016995
1904.000000	0.011479
1906.000000	0.004941
1908.000000	-0.001394
1910.000000	-0.007146
1912.000000	-0.001125
1914.000000	0.030003
1916.000000	0.023705
1918.000000	-0.010353
1920.000000	-0.004564
1922.000000	0.011066
1924.000000	0.008966
1926.000000	0.005212
1928.000000	0.019571
1930.000000	-0.005102
1932.000000	-0.009951
1934.000000	0.019278
1936.000000	0.008655
1938.000000	-0.014997
1940.000000	-0.025611
1942.000000	-0.013541
1944.000000	0.014511
1946.000000	0.024529
1948.000000	0.011596
1950.000000	0.003657
1952.000000	0.020957
1954.000000	0.005309
1956.000000	-0.004508
1958.000000	0.018668
1960.000000	0.017849
1962.000000	0.022385
1964.000000	0.018462
1966.000000	-0.002127
1968.000000	-0.000466
1970.000000	-0.004226
1972.000000	-0.003081
1974.000000	0.015669
1976.000000	0.022081
1978.000000	0.013157
1980.000000	0.021386
1982.000000	0.034703
1984.000000	-0.010513
1986.000000	-0.015245
1988.000000	0.000003
1990.000000	-0.007356
1992.000000	0.017230
1994.000000	0.008232
1996.000000	0.001574
1998.000000	0.025194
2000.000000	0.000426
2002.000000	0.001857
2004.000000	0.013587
2006.000000	0.002209
2008.000000	0.015597
2010.000000	0.019597
2012.000000	0.004930
2014.000000	-0.001086
2016.000000	0.016429
2018.000000	-0.000956
2020.000000	-0.015026
2022.000000	0.005182
2024.000000	0.003015
2026.000000	-0.000030
2028.000000	-0.007200
2030.000000	-0.012782
2032.000000	0.006392
2034.000000	-0.014880
2036.000000	-0.022496
2038.000000	0.010215
2040.000000	0.007420
2042.000000	-0.006466
2044.000000	0.001327
2046.000000	0.018683
2048.000000	0.010454
2050.000000	0.004327
2052.000000	0.013673
2054.000000	0.019182
2056.000000	0.001884
2058.000000	-0.001411
2060.000000	0.021092
2062.000000	0.029667
2064.000000	-0.000305
2066.000000	0.008499
2068.000000	0.006343
2070.000000	-0.001516
2072.000000	0.028307
2074.000000	0.022663
2076.000000	0.011272
2078.000000	0.000225
2080.000000	-0.018550
2082.000000	-0.000401
2084.000000	0.003167
2086.000000	-0.002545
2088.000000	0.014650
2090.000000	0.029097
2092.000000	0.031586
2094.000000	0.017242
2096.000000	0.006577
2098.000000	0.026718
2100.000000	0.010694
2102.000000	0.004098
2104.000000	0.027784
2106.000000	0.020029
2108.000000	0.025369
2110.000000	0.030882
2112.000000	0.017109
2114.000000	0.003991
2116.000000	0.017385
2118.000000	0.014299
2120.000000	-0.006555
2122.000000	0.002152
2124.000000	0.041379
2126.000000	0.024124
2128.000000	-0.010522
2130.000000	0.010348
2132.000000	0.032368
2134.000000	0.032029
2136.000000	0.010846
2138.000000	-0.007799
2140.000000	0.002797
2142.000000	0.022315
2144.000000	0.031545
2146.000000	0.039305
2148.000000	0.049846
2150.000000	0.011059
2152.000000	-0.017047
2154.000000	-0.000767
2156.000000	0.020152
2158.000000	0.010252
2160.000000	0.004717
2162.000000	-0.001488
2164.000000	-0.016313
2166.000000	0.001678
2168.000000	0.029439
2170.000000	0.011160
2172.000000	-0.020642
2174.000000	0.014910
2176.000000	0.017564
2178.000000	0.015689
2180.000000	0.026675
2182.000000	0.021996
2184.000000	0.030011
2186.000000	0.013889
2188.000000	0.001247
2190.000000	0.019161
2192.000000	0.010771
2194.000000	0.003193
2196.000000	0.010358
2198.000000	0.020796
2200.000000	0.022622
2202.000000	0.020436
2204.000000	0.021539
2206.000000	0.017491
2208.000000	0.009474
2210.000000	0.025322
2212.000000	0.004509
2214.000000	-0.010944
2216.000000	0.007303
2218.000000	-0.011370
2220.000000	0.013980
2222.000000	0.027894
2224.000000	0.015082
2226.000000	0.042773
2228.000000	0.061301
2230.000000	0.044682
2232.000000	0.017089
2234.000000	0.011112
2236.000000	0.020937
2238.000000	0.019028
2240.000000	0.011248
2242.000000	0.006822
2244.000000	-0.005630
2246.000000	-0.026537
2248.000000	-0.002516
2250.000000	0.029309
2252.000000	0.019230
2254.000000	0.031606
2256.000000	0.024375
2258.000000	0.006423
2260.000000	0.000737
2262.000000	-0.002078
2264.000000	0.012150
2266.000000	0.043611
2268.000000	0.050941
2270.000000	0.022240
2272.000000	0.022246
2274.000000	0.013032
2276.000000	0.013699
2278.000000	0.029506
2280.000000	0.018078
2282.000000	0.010096
2284.000000	0.013626
2286.000000	0.010617
2288.000000	-0.003922
2290.000000	-0.001250
2292.000000	0.022430
2294.000000	0.032605
2296.000000	0.021326
2298.000000	0.015150
2300.000000	0.009154
2302.000000	0.014045
2304.000000	0.033255
2306.000000	0.044678
2308.000000	0.025442
2310.000000	0.017929
2312.000000	0.024748
2314.000000	0.025850
2316.000000	0.016216
2318.000000	0.010663
2320.000000	0.008298
2322.000000	0.028003
2324.000000	0.043114
2326.000000	0.007749
2328.000000	0.016832
2330.000000	0.026299
2332.000000	0.022646
2334.000000	0.036247
2336.000000	0.034892
2338.000000	-0.011189
2340.000000	-0.021565
2342.000000	0.006011
2344.000000	-0.003670
2346.000000	-0.000015
2348.000000	0.030956
2350.000000	0.038830
2352.000000	0.008664
2354.000000	0.000294
2356.000000	0.027384
2358.000000	0.018935
2360.000000	-0.004077
2362.000000	0.006129
2364.000000	0.007439
2366.000000	0.022901
2368.000000	0.011526
2370.000000	-0.004132
2372.000000	0.023042
2374.000000	0.024316
2376.000000	0.030844
2378.000000	0.020082
2380.000000	-0.011358
2382.000000	-0.013286
2384.000000	0.002979
2386.000000	-0.002347
2388.000000	0.008500
2390.000000	0.041920
2392.000000	0.026726
2394.000000	-0.003026
2396.000000	-0.006918
2398.000000	0.015074
2400.000000	0.029675
2402.000000	0.016983
2404.000000	0.016101
2406.000000	0.001877
2408.000000	-0.004761
2410.000000	0.010759
2412.000000	-0.017504
2414.000000	-0.001245
2416.000000	0.017842
2418.000000	0.008313
2420.000000	-0.000974
2422.000000	-0.020507
2424.000000	-0.004440
2426.000000	0.010688
2428.000000	0.016412
2430.000000	0.035188
2432.000000	0.008754
2434.000000	0.003840
2436.000000	0.010191
2438.000000	0.000750
2440.000000	0.001134
2442.000000	0.017927
2444.000000	0.016185
2446.000000	0.010551
2448.000000	0.020863
2450.000000	0.023728
2452.000000	0.002375
2454.000000	0.016773
2456.000000	0.028250
2458.000000	0.013547
2460.000000	0.024034
2462.000000	0.023055
2464.000000	-0.000457
2466.000000	-0.007319
2468.000000	0.014312
2470.000000	0.023810
2472.000000	0.014863
2474.000000	0.017988
2476.000000	0.017383
2478.000000	0.005484
2480.000000	0.005381
2482.000000	-0.005794
2484.000000	0.003132
2486.000000	0.022332
2488.000000	0.027493
2490.000000	0.019219
2492.000000	-0.000768
2494.000000	0.013856
2496.000000	0.021079
2498.000000	0.011118
2500.000000	0.021645
2502.000000	-0.011405
2504.000000	-0.006234
2506.000000	0.018021
2508.000000	0.022826
2510.000000	0.024640
2512.000000	0.012090
2514.000000	0.014162
2516.000000	0.041226
2518.000000	0.036774
2520.000000	-0.011781
2522.000000	0.004234
2524.000000	-0.005782
2526.000000	-0.013586
2528.000000	0.002923
2530.000000	0.005966
2532.000000	0.005147
2534.000000	0.018698
2536.000000	0.023448
2538.000000	0.025216
2540.000000	0.025847
2542.000000	-0.006136
2544.000000	-0.015433
2546.000000	-0.005864
2548.000000	0.009988
2550.000000	0.019673
2552.000000	0.007119
2554.000000	-0.004155
2556.000000	-0.004355
2558.000000	-0.001155
2560.000000	0.005553
2562.000000	0.013930
2564.000000	0.000327
2566.000000	0.008080
2568.000000	0.009345
2570.000000	0.003039
2572.000000	0.019725
2574.000000	0.024784
2576.000000	0.018140
2578.000000	-0.002525
2580.000000	-0.022972
2582.000000	-0.024215
2584.000000	-0.005456
2586.000000	0.025569
2588.000000	0.009953
2590.000000	-0.007578
2592.000000	0.015941
2594.000000	0.024067
2596.000000	-0.009306
2598.000000	-0.001234
2600.000000	0.012150
2602.000000	0.009346
2604.000000	0.012254
2606.000000	-0.011779
2608.000000	-0.013033
2610.000000	0.006048
2612.000000	0.016105
2614.000000	0.013886
2616.000000	0.016931
2618.000000	0.012937
2620.000000	-0.014512
2622.000000	-0.023457
2624.000000	-0.009314
2626.000000	-0.010775
2628.000000	-0.008099
2630.000000	0.012857
2632.000000	0.014502
2634.000000	0.016198
2636.000000	0.025721
2638.000000	-0.002438
2640.000000	-0.004872
2642.000000	0.003520
2644.000000	0.005449
2646.000000	0.008344
2648.000000	0.004128
2650.000000	-0.023244
2652.000000	0.003390
2654.000000	0.011615
2656.000000	-0.001682
2658.000000	-0.001680
2660.000000	-0.014074
2662.000000	-0.002299
2664.000000	0.013483
2666.000000	0.035115
2668.000000	0.044712
2670.000000	0.014236
2672.000000	-0.022541
2674.000000	-0.010818
2676.000000	0.012202
2678.000000	0.007510
2680.000000	-0.011271
2682.000000	-0.005312
2684.000000	0.020570
2686.000000	-0.005799
2688.000000	0.010785
2690.000000	0.030320
2692.000000	-0.000064
2694.000000	0.014651
2696.000000	0.017907
2698.000000	0.019781
2700.000000	0.021818
2702.000000	0.013205
2704.000000	0.002529
2706.000000	0.006612
2708.000000	0.008497
2710.000000	-0.002901
2712.000000	-0.000018
2714.000000	0.021570
2716.000000	0.025430
2718.000000	0.009931
2720.000000	0.031027
2722.000000	0.012533
2724.000000	0.006363
2726.000000	0.043860
2728.000000	0.037969
2730.000000	0.010324
2732.000000	0.026138
2734.000000	0.032691
2736.000000	0.030879
2738.000000	0.034967
2740.000000	0.012304
2742.000000	-0.006538
2744.000000	-0.006051
2746.000000	-0.007864
2748.000000	0.000284
2750.000000	0.005884
2752.000000	-0.011880
2754.000000	0.027013
2756.000000	0.022736
2758.000000	-0.009836
2760.000000	-0.009022
2762.000000	0.004567
2764.000000	-0.011171
2766.000000	0.005152
2768.000000	0.039595
2770.000000	0.002935
2772.000000	-0.025807
2774.000000	0.008088
2776.000000	0.006225
2778.000000	0.004000
2780.000000	-0.025659
2782.000000	-0.019985
2784.000000	-0.000490
2786.000000	-0.002888
2788.000000	0.011636
2790.000000	0.009952
2792.000000	-0.024652
2794.000000	-0.035002
2796.000000	-0.021741
2798.000000	-0.019057
2800.000000	-0.016819
2802.000000	-0.003308
2804.000000	-0.015335
2806.000000	-0.007548
2808.000000	-0.009178
2810.000000	-0.032671
2812.000000	-0.027065
2814.000000	-0.004005
2816.000000	0.014855
2818.000000	-0.006732
2820.000000	-0.009408
2822.000000	0.009322
2824.000000	0.005551
2826.000000	0.000745
2828.000000	-0.047290
2830.000000	-0.024874
2832.000000	0.019755
2834.000000	0.016699
2836.000000	0.006000
2838.000000	0.040549
2840.000000	0.089793
2842.000000	0.087543
2844.000000	0.065305
2846.000000	0.068108
2848.000000	0.112905
2850.000000	0.170760
2852.000000	0.177264
2854.000000	0.187271
2856.000000	0.229853
2858.000000	0.260704
2860.000000	0.251749
2862.000000	0.252115
2864.000000	0.295323
2866.000000	0.301070
2868.000000	0.335736
2870.000000	0.348088
2872.000000	0.368623
2874.000000	0.419788
2876.000000	0.433620
2878.000000	0.453191
2880.000000	0.453123
2882.000000	0.453475
2884.000000	0.482178
2886.000000	0.489004
2888.000000	0.460806
2890.000000	0.478713
2892.000000	0.489739
2894.000000	0.478971
2896.000000	0.485783
2898.000000	0.513609
2900.000000	0.552140
2902.000000	0.580242
2904.000000	0.563951
2906.000000	0.600890
2908.000000	0.632269
2910.000000	0.657709
2912.000000	0.675926
2914.000000	0.693218
2916.000000	0.736656
2918.000000	0.754825
2920.000000	0.817482
2922.000000	0.826779
2924.000000	0.865439
2926.000000	0.903315
2928.000000	0.857346
2930.000000	0.869038
2932.000000	0.921117
2934.000000	0.969959
2936.000000	1.000000
2938.000000	0.958564
2940.000000	0.882517
2942.000000	0.846160
2944.000000	0.817150
2946.000000	0.812896
2948.000000	0.781523
2950.000000	0.718250
2952.000000	0.662144
2954.000000	0.642102
2956.000000	0.647472
2958.000000	0.633255
2960.000000	0.578817
2962.000000	0.579455
2964.000000	0.572276
2966.000000	0.538366
2968.000000	0.497540
2970.000000	0.474214
2972.000000	0.498576
2974.000000	0.441495
2976.000000	0.435600
2978.000000	0.431120
2980.000000	0.369897
2982.000000	0.344483
2984.000000	0.376522
2986.000000	0.349733
2988.000000	0.340365
2990.000000	0.298001
2992.000000	0.251686
2994.000000	0.212752
2996.000000	0.162472
2998.000000	0.135275
3000.000000	0.160291
3002.000000	0.153967
3004.000000	0.124267
3006.000000	0.098585
3008.000000	0.086498
3010.000000	0.068492
3012.000000	0.057364
3014.000000	0.075286
3016.000000	0.067165
3018.000000	0.062716
3020.000000	0.044212
3022.000000	0.010341
3024.000000	0.010283
3026.000000	0.031048
3028.000000	0.016859
3030.000000	0.000377
3032.000000	-0.002982
3034.000000	-0.014379
3036.000000	-0.028135
3038.000000	-0.024118
3040.000000	0.006440
3042.000000	0.027321
3044.000000	0.002153
3046.000000	-0.015105
3048.000000	-0.012532
3050.000000	-0.000048
3052.000000	0.006557
3054.000000	-0.004454
3056.000000	0.011246
3058.000000	0.053233
3060.000000	0.037708
3062.000000	0.055499
3064.000000	0.065591
3066.000000	0.052681
3068.000000	0.038218
3070.000000	0.039005
3072.000000	0.040157
3074.000000	0.020283
3076.000000	-0.000532
3078.000000	-0.008356
3080.000000	-0.014371
3082.000000	-0.008203
3084.000000	0.012678
3086.000000	0.005184
3088.000000	-0.034665
3090.000000	-0.036844
3092.000000	0.001277
3094.000000	0.013426
3096.000000	-0.015491
3098.000000	-0.020404
3100.000000	0.002572
3102.000000	-0.013538
3104.000000	-0.034296
3106.000000	0.013336
3108.000000	0.009801
3110.000000	-0.009996
3112.000000	0.020455
3114.000000	0.017169
3116.000000	-0.021411
3118.000000	-0.013213
3120.000000	0.017949
3122.000000	0.003798
3124.000000	-0.001772
3126.000000	-0.012972
3128.000000	-0.022759
3130.000000	-0.012255
3132.000000	0.017348
3134.000000	-0.001871
3136.000000	-0.032640
3138.000000	0.007535
3140.000000	-0.005793
3142.000000	-0.005395
3144.000000	-0.023948
3146.000000	-0.008447
3148.000000	-0.001468
3150.000000	-0.008925
3152.000000	0.011831
3154.000000	0.017073
3156.000000	-0.012572
3158.000000	0.003211
3160.000000	0.003327
3162.000000	-0.014904
3164.000000	-0.016608
3166.000000	-0.013487
3168.000000	-0.007769
3170.000000	0.005745
3172.000000	-0.009186
3174.000000	-0.031381
3176.000000	0.012854
3178.000000	0.001846
3180.000000	-0.015989
3182.000000	-0.002555
3184.000000	-0.001177
3186.000000	-0.020665
3188.000000	-0.008956
3190.000000	0.034952
3192.000000	0.024749
3194.000000	-0.001459
3196.000000	-0.013325
3198.000000	-0.007879
3200.000000	0.000518
3202.000000	0.011187
3204.000000	0.017819
3206.000000	0.015475
3208.000000	0.030180
3210.000000	0.032041
3212.000000	-0.013677
3214.000000	0.019528
3216.000000	0.043588
3218.000000	0.006015
3220.000000	0.008681
3222.000000	0.030145
3224.000000	-0.010932
3226.000000	-0.017994
3228.000000	-0.020586
3230.000000	-0.016314
3232.000000	0.026852
3234.000000	0.003216
3236.000000	-0.007725
3238.000000	0.022885
3240.000000	0.018291
3242.000000	-0.004585
3244.000000	-0.010324
3246.000000	0.015146
3248.000000	0.024408
3250.000000	0.029598
3252.000000	0.028608
3254.000000	0.015164
3256.000000	0.020997
3258.000000	0.015246
3260.000000	-0.014896
3262.000000	0.001337
3264.000000	0.018336
3266.000000	0.021169
3268.000000	0.045897
3270.000000	0.045466
3272.000000	0.020387
3274.000000	0.041089
3276.000000	0.036672
3278.000000	0.015211
3280.000000	0.056066
3282.000000	0.055762
3284.000000	0.067097
3286.000000	0.048338
3288.000000	0.050553
3290.000000	0.075761
3292.000000	0.059197
3294.000000	0.043909
3296.000000	0.063502
3298.000000	0.077129
3300.000000	0.067311
3302.000000	0.051146
3304.000000	0.063645
3306.000000	0.059362
3308.000000	0.055190
3310.000000	0.056531
3312.000000	0.047045
3314.000000	0.071103
3316.000000	0.072432
3318.000000	0.045401
3320.000000	0.060754
3322.000000	0.067738
3324.000000	0.095815
3326.000000	0.039105
3328.000000	0.066146
3330.000000	0.060899
3332.000000	0.066229
3334.000000	0.075665
3336.000000	0.063092
3338.000000	0.051328
3340.000000	0.049741
3342.000000	0.046584
3344.000000	0.017848
3346.000000	0.041454
3348.000000	0.062862
3350.000000	0.066253
3352.000000	0.067208
3354.000000	0.064619
3356.000000	0.044328
3358.000000	0.042322
3360.000000	0.050700
3362.000000	0.038752
3364.000000	0.040883
3366.000000	0.041862
3368.000000	0.038163
3370.000000	0.034463
3372.000000	0.059588
3374.000000	0.038439
3376.000000	0.050857
3378.000000	0.048892
3380.000000	0.040649
3382.000000	0.054785
3384.000000	0.042652
3386.000000	0.046012
3388.000000	0.002042
3390.000000	0.039139
3392.000000	0.030310
3394.000000	0.014669
3396.000000	0.041582
3398.000000	0.058069
3400.000000	0.029369
3402.000000	0.027072
3404.000000	0.053444
3406.000000	0.037656
3408.000000	0.008891
3410.000000	0.023766
3412.000000	0.049948
3414.000000	0.019614
3416.000000	0.021314
3418.000000	-0.001191
3420.000000	0.034683
3422.000000	0.058094
3424.000000	0.021552
3426.000000	0.013186
3428.000000	0.029868
3430.000000	0.008328
3432.000000	-0.005551
3434.000000	0.023360
3436.000000	0.045827
3438.000000	0.035198
3440.000000	-0.004613
3442.000000	0.013574
3444.000000	0.001270
3446.000000	0.011360
3448.000000	0.009673
3450.000000	0.012053
3452.000000	0.033289
3454.000000	0.029161
3456.000000	0.013358
3458.000000	0.007530
3460.000000	0.035091
3462.000000	-0.001985
3464.000000	0.004807
3466.000000	-0.004989
3468.000000	0.006751
3470.000000	0.013690
3472.000000	0.012213
3474.000000	0.021964
3476.000000	0.014813
3478.000000	-0.020344
3480.000000	-0.024129
3482.000000	-0.009181
3484.000000	-0.021169
3486.000000	0.009306
3488.000000	-0.001658
3490.000000	0.007452
3492.000000	0.009453
3494.000000	-0.000266
3496.000000	0.009691
3498.000000	0.041124
3500.000000	0.036727
3502.000000	0.017166
3504.000000	0.021959
3506.000000	0.020828
3508.000000	0.028484
3510.000000	0.028028
3512.000000	-0.017636
3514.000000	0.026320
3516.000000	0.010904
3518.000000	0.000864
3520.000000	0.035677
3522.000000	0.020691
3524.000000	0.021664
3526.000000	0.028250
3528.000000	0.006059
3530.000000	0.019062
3532.000000	0.010476
3534.000000	-0.011849
3536.000000	0.019767
3538.000000	0.020007
3540.000000	-0.001501
3542.000000	0.010262
3544.000000	0.028522
3546.000000	0.003179
3548.000000	0.032769
3550.000000	0.004477
3552.000000	-0.021705
3554.000000	-0.017165
3556.000000	0.001241
3558.000000	0.012259
3560.000000	-0.014330
3562.000000	-0.024784
3564.000000	0.007420
3566.000000	0.011084
3568.000000	0.000434
3570.000000	0.039606
3572.000000	0.046141
3574.000000	-0.014845
3576.000000	0.014914
3578.000000	0.009225
3580.000000	-0.020179
3582.000000	-0.018909
3584.000000	0.023538
3586.000000	0.019442
3588.000000	-0.011262
3590.000000	-0.008720
3592.000000	0.027284
3594.000000	0.013253
3596.000000	-0.031102
3598.000000	-0.011792
3600.000000	0.005130
