400.000000	-0.009139
402.000000	-0.007939
404.000000	0.007081
406.000000	0.022524
408.000000	0.028802
410.000000	0.044234
412.000000	0.053363
414.000000	0.016636
416.000000	-0.025481
418.000000	-0.038116
420.000000	-0.049823
422.000000	-0.055614
424.000000	-0.031659
426.000000	0.006972
428.000000	0.025858
430.000000	-0.009600
432.000000	-0.031837
434.000000	0.012823
436.000000	0.017636
438.000000	-0.011084
440.000000	0.026952
442.000000	0.044539
444.000000	-0.013434
446.000000	-0.044117
448.000000	-0.040573
450.000000	-0.046172
452.000000	-0.033050
454.000000	-0.001780
456.000000	0.002299
458.000000	-0.014340
460.000000	-0.030540
462.000000	-0.043379
464.000000	-0.041674
466.000000	-0.015447
468.000000	0.002741
470.000000	-0.003468
472.000000	-0.012156
474.000000	-0.017295
476.000000	-0.024011
478.000000	-0.040118
480.000000	-0.059077
482.000000	-0.062142
484.000000	-0.040843
486.000000	-0.004576
488.000000	0.014958
490.000000	0.010807
492.000000	-0.003471
494.000000	-0.002349
496.000000	0.018636
498.000000	0.039412
500.000000	0.043491
502.000000	0.019590
504.000000	-0.033055
506.000000	-0.064750
508.000000	-0.027002
510.000000	0.010186
512.000000	0.009344
514.000000	0.000235
516.000000	-0.005863
518.000000	-0.008435
520.000000	-0.009519
522.000000	-0.003179
524.000000	0.018584
526.000000	0.048629
528.000000	0.069797
530.000000	0.062095
532.000000	0.041650
534.000000	0.032825
536.000000	0.042027
538.000000	0.047811
540.000000	0.027708
542.000000	0.027336
544.000000	0.049105
546.000000	0.032182
548.000000	-0.000983
550.000000	-0.009830
552.000000	0.002708
554.000000	0.017075
556.000000	0.014171
558.000000	0.007057
560.000000	0.009475
562.000000	0.023107
564.000000	0.025490
566.000000	0.009147
568.000000	0.013100
570.000000	0.026670
572.000000	0.017288
574.000000	0.011081
576.000000	0.016735
578.000000	0.010266
580.000000	-0.018546
582.000000	-0.047247
584.000000	-0.013821
586.000000	0.037123
588.000000	0.021824
590.000000	-0.040591
592.000000	-0.078311
594.000000	-0.017188
596.000000	0.053392
598.000000	0.053833
600.000000	0.014866
602.000000	-0.012744
604.000000	-0.003206
606.000000	-0.009338
608.000000	-0.034226
610.000000	-0.035647
612.000000	-0.018625
614.000000	-0.009290
616.000000	-0.034922
618.000000	-0.054024
620.000000	-0.031928
622.000000	-0.016054
624.000000	-0.011382
626.000000	0.001977
628.000000	-0.007463
630.000000	-0.025429
632.000000	0.007809
634.000000	0.032941
636.000000	0.006255
638.000000	-0.013309
640.000000	-0.004749
642.000000	0.016363
644.000000	0.013778
646.000000	-0.012782
648.000000	-0.032675
650.000000	-0.035021
652.000000	-0.022121
654.000000	-0.005523
656.000000	0.006225
658.000000	0.009684
660.000000	0.007623
662.000000	-0.003362
664.000000	-0.016788
666.000000	0.016884
668.000000	0.069950
670.000000	0.052627
672.000000	-0.002531
674.000000	-0.037250
676.000000	-0.022671
678.000000	0.001767
680.000000	0.003055
682.000000	0.028765
684.000000	0.050685
686.000000	0.011395
688.000000	-0.034599
690.000000	-0.045187
692.000000	-0.022041
694.000000	0.005103
696.000000	0.013856
698.000000	0.010044
700.000000	0.026208
702.000000	0.062672
704.000000	0.031371
706.000000	-0.032227
708.000000	-0.035738
710.000000	-0.016061
712.000000	0.001435
714.000000	0.023565
716.000000	0.026159
718.000000	0.003838
720.000000	-0.009055
722.000000	0.008217
724.000000	0.039338
726.000000	0.017732
728.000000	-0.010674
730.000000	0.024870
732.000000	0.044611
734.000000	0.030164
736.000000	0.030925
738.000000	0.039239
740.000000	0.044623
742.000000	0.052608
744.000000	0.064029
746.000000	0.085885
748.000000	0.131931
750.000000	0.142985
752.000000	0.079790
754.000000	0.042101
756.000000	0.028012
758.000000	-0.020235
760.000000	-0.037170
762.000000	0.000970
764.000000	0.045048
766.000000	0.031813
768.000000	-0.022533
770.000000	-0.009482
772.000000	0.029920
774.000000	0.024671
776.000000	-0.023770
778.000000	-0.067221
780.000000	-0.063159
782.000000	-0.037170
784.000000	-0.004711
786.000000	0.025112
788.000000	0.012817
790.000000	-0.033071
792.000000	-0.057658
794.000000	-0.050470
796.000000	-0.022215
798.000000	0.006003
800.000000	0.009619
802.000000	-0.013830
804.000000	-0.028213
806.000000	-0.010072
808.000000	0.029173
810.000000	0.026144
812.000000	0.010245
814.000000	0.039644
816.000000	0.051722
818.000000	0.048053
820.000000	0.083538
822.000000	0.113376
824.000000	0.108618
826.000000	0.091264
828.000000	0.100064
830.000000	0.135344
832.000000	0.121580
834.000000	0.107815
836.000000	0.055237
838.000000	0.019891
840.000000	0.019213
842.000000	0.040485
844.000000	0.032146
846.000000	0.005804
848.000000	-0.000839
850.000000	-0.013162
852.000000	-0.029196
854.000000	-0.021277
856.000000	0.008582
858.000000	0.046007
860.000000	0.068989
862.000000	0.044159
864.000000	0.000274
866.000000	0.026306
868.000000	0.056098
870.000000	0.031086
872.000000	0.000139
874.000000	-0.005906
876.000000	0.011583
878.000000	0.016304
880.000000	-0.006145
882.000000	-0.032548
884.000000	0.003258
886.000000	0.028927
888.000000	-0.041883
890.000000	-0.052400
892.000000	0.006849
894.000000	0.028021
896.000000	0.050397
898.000000	0.073768
900.000000	0.044585
902.000000	-0.007562
904.000000	-0.028950
906.000000	0.009932
908.000000	0.009898
910.000000	-0.040692
912.000000	-0.007519
914.000000	0.052377
916.000000	0.063017
918.000000	0.043518
920.000000	0.003805
922.000000	-0.028969
924.000000	0.007632
926.000000	0.067621
928.000000	0.074579
930.000000	0.023274
932.000000	-0.017299
934.000000	0.014124
936.000000	0.058727
938.000000	0.059473
940.000000	0.014434
942.000000	0.030181
944.000000	0.075665
946.000000	0.043543
948.000000	-0.006841
950.000000	-0.020382
952.000000	0.005836
954.000000	0.015296
956.000000	-0.002358
958.000000	-0.006530
960.000000	-0.000670
962.000000	-0.004439
964.000000	-0.031334
966.000000	-0.045993
968.000000	-0.031192
970.000000	-0.007136
972.000000	0.026543
974.000000	0.044799
976.000000	-0.004299
978.000000	-0.052354
980.000000	-0.034608
982.000000	0.027530
984.000000	0.048763
986.000000	-0.000322
988.000000	-0.027887
990.000000	-0.028254
992.000000	-0.012420
994.000000	0.048676
996.000000	0.083049
998.000000	0.054599
1000.000000	0.083844
1002.000000	0.147109
1004.000000	0.162901
1006.000000	0.121190
1008.000000	0.090792
1010.000000	0.127516
1012.000000	0.172969
1014.000000	0.224233
1016.000000	0.224276
1018.000000	0.224318
1020.000000	0.224361
1022.000000	0.131139
1024.000000	0.057206
1026.000000	0.038067
1028.000000	0.067523
1030.000000	0.058856
1032.000000	0.031888
1034.000000	0.042763
1036.000000	0.019712
1038.000000	-0.017201
1040.000000	-0.008120
1042.000000	-0.015282
1044.000000	-0.026129
1046.000000	0.009532
1048.000000	0.037175
1050.000000	0.026035
1052.000000	-0.007197
1054.000000	-0.009952
1056.000000	-0.008360
1058.000000	-0.054068
1060.000000	-0.073344
1062.000000	-0.046790
1064.000000	-0.015696
1066.000000	-0.011485
1068.000000	-0.021878
1070.000000	-0.014015
1072.000000	0.001303
1074.000000	-0.005328
1076.000000	-0.045203
1078.000000	-0.052538
1080.000000	-0.024148
1082.000000	-0.006130
1084.000000	-0.003728
1086.000000	-0.002484
1088.000000	0.007141
1090.000000	-0.004430
1092.000000	-0.022104
1094.000000	-0.010357
1096.000000	0.005711
1098.000000	0.007064
1100.000000	0.002381
1102.000000	0.035743
1104.000000	0.068834
1106.000000	0.043642
1108.000000	0.027161
1110.000000	0.032977
1112.000000	0.035127
1114.000000	0.045999
1116.000000	0.062258
1118.000000	0.068183
1120.000000	0.057626
1122.000000	0.045178
1124.000000	0.047487
1126.000000	0.056811
1128.000000	0.079283
1130.000000	0.100003
1132.000000	0.046474
1134.000000	0.003556
1136.000000	0.051863
1138.000000	0.066213
1140.000000	0.041889
1142.000000	0.029010
1144.000000	0.022269
1146.000000	0.005575
1148.000000	-0.023842
1150.000000	-0.040625
1152.000000	-0.023489
1154.000000	0.019323
1156.000000	0.038076
1158.000000	0.013281
1160.000000	-0.022219
1162.000000	0.003297
1164.000000	0.035512
1166.000000	0.032407
1168.000000	0.035588
1170.000000	0.038031
1172.000000	0.022761
1174.000000	-0.008074
1176.000000	-0.023303
1178.000000	-0.031368
1180.000000	-0.072047
1182.000000	-0.067592
1184.000000	-0.003897
1186.000000	0.036901
1188.000000	0.011926
1190.000000	-0.031085
1192.000000	-0.014747
1194.000000	-0.018220
1196.000000	-0.030812
1198.000000	0.012683
1200.000000	0.024949
1202.000000	-0.002217
1204.000000	-0.010024
1206.000000	0.015296
1208.000000	0.037053
1210.000000	0.023421
1212.000000	0.014854
1214.000000	0.011527
1216.000000	0.002321
1218.000000	0.009158
1220.000000	0.029977
1222.000000	0.038943
1224.000000	0.005332
1226.000000	-0.020015
1228.000000	-0.002062
1230.000000	0.020324
1232.000000	0.021802
1234.000000	0.030324
1236.000000	0.096538
1238.000000	0.102994
1240.000000	0.031912
1242.000000	-0.006746
1244.000000	-0.044356
1246.000000	-0.050152
1248.000000	0.035092
1250.000000	0.072383
1252.000000	0.050959
1254.000000	0.045442
1256.000000	0.011222
1258.000000	-0.016061
1260.000000	0.016838
1262.000000	0.057748
1264.000000	0.072186
1266.000000	0.059156
1268.000000	0.041157
1270.000000	-0.000973
1272.000000	-0.035964
1274.000000	0.031511
1276.000000	0.065494
1278.000000	-0.007134
1280.000000	-0.078314
1282.000000	-0.055411
1284.000000	0.027347
1286.000000	0.047973
1288.000000	0.009012
1290.000000	-0.019140
1292.000000	0.016352
1294.000000	0.034877
1296.000000	0.019891
1298.000000	0.007082
1300.000000	0.016942
1302.000000	0.051441
1304.000000	0.107329
1306.000000	0.176397
1308.000000	0.187188
1310.000000	0.128228
1312.000000	0.098879
1314.000000	0.143815
1316.000000	0.200316
1318.000000	0.157408
1320.000000	0.091083
1322.000000	0.073583
1324.000000	0.103031
1326.000000	0.098283
1328.000000	0.068409
1330.000000	0.066595
1332.000000	0.081825
1334.000000	0.097008
1336.000000	0.092671
1338.000000	0.053918
1340.000000	0.040166
1342.000000	0.074630
1344.000000	0.105607
1346.000000	0.158047
1348.000000	0.185071
1350.000000	0.102340
1352.000000	0.040376
1354.000000	0.058385
1356.000000	0.101844
1358.000000	0.089620
1360.000000	0.097027
1362.000000	0.176824
1364.000000	0.177368
1366.000000	0.134526
1368.000000	0.117467
1370.000000	0.113727
1372.000000	0.150615
1374.000000	0.202286
1376.000000	0.185639
1378.000000	0.089210
1380.000000	0.035662
1382.000000	0.124838
1384.000000	0.161185
1386.000000	0.142416
1388.000000	0.151247
1390.000000	0.159392
1392.000000	0.180107
1394.000000	0.211352
1396.000000	0.209952
1398.000000	0.199956
1400.000000	0.195056
1402.000000	0.179288
1404.000000	0.149726
1406.000000	0.112624
1408.000000	0.071110
1410.000000	0.013642
1412.000000	-0.038562
1414.000000	-0.048485
1416.000000	0.002334
1418.000000	0.039159
1420.000000	0.029294
1422.000000	0.025807
1424.000000	0.043208
1426.000000	0.072524
1428.000000	0.087137
1430.000000	0.051674
1432.000000	0.050116
1434.000000	0.131405
1436.000000	0.159004
1438.000000	0.161918
1440.000000	0.169271
1442.000000	0.140851
1444.000000	0.199812
1446.000000	0.272836
1448.000000	0.188371
1450.000000	0.156471
1452.000000	0.186599
1454.000000	0.176433
1456.000000	0.162907
1458.000000	0.180139
1460.000000	0.189877
1462.000000	0.115377
1464.000000	0.101051
1466.000000	0.137697
1468.000000	0.094697
1470.000000	0.098189
1472.000000	0.116480
1474.000000	0.071714
1476.000000	0.048096
1478.000000	0.002484
1480.000000	-0.053899
1482.000000	-0.006067
1484.000000	0.018864
1486.000000	-0.019605
1488.000000	-0.036673
1490.000000	-0.009438
1492.000000	0.015556
1494.000000	0.005880
1496.000000	0.010671
1498.000000	0.012613
1500.000000	-0.021946
1502.000000	-0.085590
1504.000000	-0.084502
1506.000000	-0.041313
1508.000000	-0.037098
1510.000000	-0.028363
1512.000000	-0.022388
1514.000000	-0.036529
1516.000000	-0.044683
1518.000000	-0.021084
1520.000000	0.004130
1522.000000	-0.016364
1524.000000	-0.007889
1526.000000	0.031401
1528.000000	0.046196
1530.000000	0.012734
1532.000000	-0.007746
1534.000000	0.017207
1536.000000	0.037931
1538.000000	0.011914
1540.000000	-0.000477
1542.000000	0.053818
1544.000000	0.035217
1546.000000	0.023893
1548.000000	0.095014
1550.000000	0.134527
1552.000000	0.136102
1554.000000	0.143333
1556.000000	0.181514
1558.000000	0.198631
1560.000000	0.206396
1562.000000	0.234100
1564.000000	0.259951
1566.000000	0.281680
1568.000000	0.307077
1570.000000	0.332350
1572.000000	0.318694
1574.000000	0.314327
1576.000000	0.369372
1578.000000	0.411117
1580.000000	0.403800
1582.000000	0.372984
1584.000000	0.369177
1586.000000	0.356071
1588.000000	0.322996
1590.000000	0.286866
1592.000000	0.250548
1594.000000	0.246000
1596.000000	0.270034
1598.000000	0.270326
1600.000000	0.259596
1602.000000	0.259197
1604.000000	0.263590
1606.000000	0.230948
1608.000000	0.185106
1610.000000	0.171507
1612.000000	0.198499
1614.000000	0.192738
1616.000000	0.139338
1618.000000	0.100810
1620.000000	0.145180
1622.000000	0.166909
1624.000000	0.112394
1626.000000	0.086370
1628.000000	0.079795
1630.000000	0.125464
1632.000000	0.216397
1634.000000	0.155508
1636.000000	0.071834
1638.000000	0.064382
1640.000000	0.023095
1642.000000	0.039471
1644.000000	0.078041
1646.000000	0.055129
1648.000000	0.073999
1650.000000	0.093825
1652.000000	0.078971
1654.000000	0.085820
1656.000000	0.131429
1658.000000	0.129095
1660.000000	0.048621
1662.000000	0.067924
1664.000000	0.115749
1666.000000	0.115965
1668.000000	0.100361
1670.000000	0.062289
1672.000000	0.028523
1674.000000	0.025120
1676.000000	0.029276
1678.000000	0.027979
1680.000000	0.021741
1682.000000	0.019252
1684.000000	0.027956
1686.000000	0.044857
1688.000000	0.048301
1690.000000	0.015759
1692.000000	0.007763
1694.000000	0.013432
1696.000000	-0.011724
1698.000000	-0.013134
1700.000000	-0.052203
1702.000000	-0.049287
1704.000000	-0.046538
1706.000000	-0.043928
1708.000000	-0.041431
1710.000000	-0.039022
1712.000000	-0.036677
1714.000000	-0.034371
1716.000000	0.015206
1718.000000	0.000395
1720.000000	-0.038054
1722.000000	-0.046201
1724.000000	-0.027543
1726.000000	-0.030398
1728.000000	-0.044933
1730.000000	-0.050995
1732.000000	-0.032148
1734.000000	0.020597
1736.000000	0.031495
1738.000000	-0.017009
1740.000000	-0.048969
1742.000000	-0.043222
1744.000000	-0.017803
1746.000000	-0.014973
1748.000000	-0.060062
1750.000000	-0.042885
1752.000000	0.022001
1754.000000	0.019379
1756.000000	-0.042311
1758.000000	-0.013921
1760.000000	0.060858
1762.000000	-0.024003
1764.000000	-0.046928
1766.000000	-0.014519
1768.000000	-0.021627
1770.000000	-0.004004
1772.000000	-0.022878
1774.000000	-0.074589
1776.000000	-0.086015
1778.000000	-0.046111
1780.000000	-0.021723
1782.000000	-0.026841
1784.000000	-0.008750
1786.000000	0.002070
1788.000000	0.010507
1790.000000	0.013415
1792.000000	-0.024751
1794.000000	-0.029526
1796.000000	0.025203
1798.000000	0.068016
1800.000000	-0.003131
1802.000000	-0.050988
1804.000000	-0.021199
1806.000000	-0.007150
1808.000000	-0.025753
1810.000000	-0.050798
1812.000000	-0.048653
1814.000000	-0.009087
1816.000000	0.025572
1818.000000	0.016712
1820.000000	-0.021320
1822.000000	-0.021735
1824.000000	-0.002838
1826.000000	0.001631
1828.000000	-0.017354
1830.000000	-0.034546
1832.000000	-0.011873
1834.000000	0.013806
1836.000000	-0.019781
1838.000000	-0.037720
1840.000000	-0.012636
1842.000000	0.019247
1844.000000	0.009816
1846.000000	-0.009026
1848.000000	-0.015829
1850.000000	-0.014112
1852.000000	-0.010692
1854.000000	0.020025
1856.000000	0.036883
1858.000000	-0.001843
1860.000000	-0.038554
1862.000000	-0.035099
1864.000000	0.007316
1866.000000	0.046267
1868.000000	0.024236
1870.000000	0.008293
1872.000000	0.020734
1874.000000	0.008872
1876.000000	-0.009484
1878.000000	-0.018088
1880.000000	-0.002140
1882.000000	0.032614
1884.000000	0.010028
1886.000000	0.004593
1888.000000	0.049862
1890.000000	0.036323
1892.000000	0.034237
1894.000000	0.021749
1896.000000	-0.020108
1898.000000	0.002349
1900.000000	0.000793
1902.000000	-0.021754
1904.000000	-0.015415
1906.000000	-0.031588
1908.000000	-0.033870
1910.000000	-0.015597
1912.000000	0.000905
1914.000000	0.035771
1916.000000	0.062697
1918.000000	0.052433
1920.000000	0.023335
1922.000000	0.044487
1924.000000	0.029891
1926.000000	-0.037335
1928.000000	-0.057057
1930.000000	-0.008730
1932.000000	0.026915
1934.000000	0.032681
1936.000000	0.052041
1938.000000	-0.010372
1940.000000	-0.067602
1942.000000	-0.039605
1944.000000	0.012104
1946.000000	0.013659
1948.000000	-0.011956
1950.000000	0.015334
1952.000000	0.103391
1954.000000	0.039639
1956.000000	-0.039775
1958.000000	-0.002153
1960.000000	0.011672
1962.000000	-0.007635
1964.000000	-0.036309
1966.000000	-0.036407
1968.000000	0.016617
1970.000000	0.031403
1972.000000	0.020692
1974.000000	0.027759
1976.000000	0.024690
1978.000000	0.000000
1980.000000	0.013329
1982.000000	0.060299
1984.000000	0.025151
1986.000000	-0.030691
1988.000000	-0.022433
1990.000000	0.039616
1992.000000	0.049563
1994.000000	0.005957
1996.000000	-0.022121
1998.000000	-0.016476
2000.000000	-0.039737
2002.000000	-0.025265
2004.000000	-0.013832
2006.000000	-0.029784
2008.000000	0.007261
2010.000000	-0.001587
2012.000000	0.016509
2014.000000	0.080530
2016.000000	0.029945
2018.000000	0.021060
2020.000000	0.030232
2022.000000	0.002515
2024.000000	0.015571
2026.000000	0.017743
2028.000000	0.022134
2030.000000	0.034581
2032.000000	0.006924
2034.000000	-0.013273
2036.000000	0.026279
2038.000000	0.046884
2040.000000	-0.058409
2042.000000	-0.054025
2044.000000	-0.008925
2046.000000	-0.008001
2048.000000	0.012890
2050.000000	-0.014257
2052.000000	-0.001418
2054.000000	0.045961
2056.000000	0.011637
2058.000000	-0.011525
2060.000000	0.032866
2062.000000	0.022987
2064.000000	0.013108
2066.000000	-0.014212
2068.000000	-0.015842
2070.000000	-0.016795
2072.000000	-0.007487
2074.000000	0.018336
2076.000000	0.027082
2078.000000	0.020950
2080.000000	0.015502
2082.000000	-0.005882
2084.000000	0.007717
2086.000000	0.010504
2088.000000	-0.030975
2090.000000	-0.022493
2092.000000	0.015997
2094.000000	0.035212
2096.000000	0.025638
2098.000000	0.022634
2100.000000	0.032688
2102.000000	0.038679
2104.000000	0.016579
2106.000000	-0.023371
2108.000000	-0.001662
2110.000000	0.014029
2112.000000	0.000632
2114.000000	0.014547
2116.000000	0.016008
2118.000000	-0.001579
2120.000000	-0.022172
2122.000000	-0.015261
2124.000000	0.044155
2126.000000	0.060842
2128.000000	0.047143
2130.000000	0.051226
2132.000000	0.023993
2134.000000	-0.006567
2136.000000	0.012337
2138.000000	0.038595
2140.000000	-0.018665
2142.000000	-0.020219
2144.000000	0.011285
2146.000000	0.019281
2148.000000	0.014417
2150.000000	-0.013332
2152.000000	-0.053950
2154.000000	-0.042248
2156.000000	0.039527
2158.000000	0.066191
2160.000000	0.053607
2162.000000	0.033808
2164.000000	0.022897
2166.000000	0.032440
2168.000000	0.021403
2170.000000	-0.012686
2172.000000	-0.012841
2174.000000	0.045682
2176.000000	0.029597
2178.000000	0.021448
2180.000000	0.052368
2182.000000	0.046097
2184.000000	0.011854
2186.000000	-0.039543
2188.000000	-0.038737
2190.000000	0.020756
2192.000000	0.025443
2194.000000	0.040524
2196.000000	0.069727
2198.000000	0.042133
2200.000000	-0.059336
2202.000000	-0.078792
2204.000000	0.020895
2206.000000	0.083758
2208.000000	0.026382
2210.000000	0.060501
2212.000000	0.045989
2214.000000	-0.000971
2216.000000	0.013290
2218.000000	0.026731
2220.000000	-0.011775
2222.000000	-0.012095
2224.000000	0.016801
2226.000000	-0.018204
2228.000000	-0.018908
2230.000000	0.016416
2232.000000	0.050949
2234.000000	0.055902
2236.000000	0.030458
2238.000000	0.041563
2240.000000	0.042419
2242.000000	-0.003716
2244.000000	-0.034667
2246.000000	-0.005204
2248.000000	-0.019802
2250.000000	-0.042709
2252.000000	0.011528
2254.000000	0.042941
2256.000000	0.003042
2258.000000	-0.039450
2260.000000	0.002678
2262.000000	0.095095
2264.000000	0.057330
2266.000000	-0.004361
2268.000000	-0.008919
2270.000000	0.009858
2272.000000	0.037516
2274.000000	0.065930
2276.000000	0.089132
2278.000000	0.078014
2280.000000	0.015868
2282.000000	-0.020145
2284.000000	-0.010858
2286.000000	0.016105
2288.000000	0.014810
2290.000000	-0.033914
2292.000000	-0.043219
2294.000000	-0.008874
2296.000000	0.011284
2298.000000	-0.003395
2300.000000	0.007518
2302.000000	0.021782
2304.000000	0.020510
2306.000000	0.012814
2308.000000	0.017543
2310.000000	0.060022
2312.000000	0.029088
2314.000000	-0.021874
2316.000000	0.041682
2318.000000	0.086767
2320.000000	0.091114
2322.000000	0.039270
2324.000000	-0.005527
2326.000000	0.038827
2328.000000	0.003513
2330.000000	-0.001524
2332.000000	0.057516
2334.000000	0.089215
2336.000000	0.070773
2338.000000	-0.007701
2340.000000	-0.021546
2342.000000	0.007709
2344.000000	-0.018699
2346.000000	0.043722
2348.000000	0.058747
2350.000000	0.025047
2352.000000	0.007514
2354.000000	-0.007359
2356.000000	0.026158
2358.000000	0.056776
2360.000000	0.030159
2362.000000	-0.024706
2364.000000	-0.024460
2366.000000	0.014542
2368.000000	0.032397
2370.000000	0.041484
2372.000000	0.065332
2374.000000	0.038254
2376.000000	0.041334
2378.000000	0.038396
2380.000000	0.007552
2382.000000	-0.006745
2384.000000	-0.047059
2386.000000	-0.003402
2388.000000	0.043996
2390.000000	0.032206
2392.000000	0.052754
2394.000000	0.005941
2396.000000	-0.013196
2398.000000	0.013265
2400.000000	0.027657
2402.000000	0.033995
2404.000000	0.001952
2406.000000	0.025090
2408.000000	0.061111
2410.000000	0.035857
2412.000000	0.052184
2414.000000	0.032898
2416.000000	-0.018748
2418.000000	-0.036306
2420.000000	0.001498
2422.000000	0.041028
2424.000000	0.069942
2426.000000	0.085526
2428.000000	0.071770
2430.000000	0.020851
2432.000000	-0.034790
2434.000000	-0.068009
2436.000000	-0.064220
2438.000000	-0.018921
2440.000000	0.020336
2442.000000	-0.035344
2444.000000	-0.015220
2446.000000	0.036293
2448.000000	0.037750
2450.000000	0.041101
2452.000000	0.035700
2454.000000	0.091859
2456.000000	0.080029
2458.000000	-0.001879
2460.000000	0.026827
2462.000000	0.021640
2464.000000	-0.031619
2466.000000	0.011530
2468.000000	0.097612
2470.000000	0.029170
2472.000000	0.000136
2474.000000	0.034461
2476.000000	0.041881
2478.000000	0.006545
2480.000000	-0.012486
2482.000000	-0.038307
2484.000000	0.026551
2486.000000	0.130671
2488.000000	0.108434
2490.000000	-0.019905
2492.000000	0.044228
2494.000000	0.042462
2496.000000	-0.035536
2498.000000	-0.052592
2500.000000	-0.006083
2502.000000	0.079063
2504.000000	0.031860
2506.000000	-0.030308
2508.000000	-0.012354
2510.000000	0.009196
2512.000000	0.055850
2514.000000	0.026903
2516.000000	-0.012914
2518.000000	0.003774
2520.000000	0.036363
2522.000000	0.045710
2524.000000	-0.000959
2526.000000	-0.032561
2528.000000	-0.016121
2530.000000	-0.002377
2532.000000	-0.008427
2534.000000	0.040615
2536.000000	0.037999
2538.000000	0.044760
2540.000000	0.019622
2542.000000	-0.005517
2544.000000	-0.028099
2546.000000	0.046925
2548.000000	0.064408
2550.000000	-0.005878
2552.000000	-0.018389
2554.000000	0.019463
2556.000000	0.037777
2558.000000	-0.019121
2560.000000	-0.045032
2562.000000	0.057664
2564.000000	0.073500
2566.000000	0.048796
2568.000000	0.047905
2570.000000	0.059604
2572.000000	0.055476
2574.000000	0.047860
2576.000000	0.052683
2578.000000	0.050954
2580.000000	0.025988
2582.000000	-0.016235
2584.000000	-0.037052
2586.000000	0.025859
2588.000000	0.059800
2590.000000	0.045460
2592.000000	0.001374
2594.000000	-0.053349
2596.000000	0.009592
2598.000000	0.025836
2600.000000	0.049049
2602.000000	0.088902
2604.000000	0.041536
2606.000000	-0.024437
2608.000000	-0.005347
2610.000000	0.075148
2612.000000	0.118249
2614.000000	0.073269
2616.000000	-0.001128
2618.000000	-0.007950
2620.000000	0.045214
2622.000000	0.034795
2624.000000	-0.029525
2626.000000	-0.024466
2628.000000	0.020762
2630.000000	0.053118
2632.000000	0.065744
2634.000000	-0.003106
2636.000000	-0.070448
2638.000000	0.029549
2640.000000	0.026910
2642.000000	0.042656
2644.000000	0.070070
2646.000000	0.058933
2648.000000	0.049133
2650.000000	0.033513
2652.000000	0.057513
2654.000000	-0.003146
2656.000000	-0.046503
2658.000000	0.011044
2660.000000	0.016655
2662.000000	0.038739
2664.000000	0.082138
2666.000000	0.084406
2668.000000	0.059698
2670.000000	0.054662
2672.000000	0.037743
2674.000000	0.030689
2676.000000	-0.003982
2678.000000	-0.041226
2680.000000	-0.018406
2682.000000	0.045660
2684.000000	0.047222
2686.000000	-0.000811
2688.000000	0.018712
2690.000000	0.055508
2692.000000	0.051715
2694.000000	0.066133
2696.000000	-0.007655
2698.000000	-0.020381
2700.000000	0.002190
2702.000000	0.022963
2704.000000	0.042878
2706.000000	-0.003010
2708.000000	-0.010559
2710.000000	0.040984
2712.000000	0.080742
2714.000000	0.039621
2716.000000	-0.031874
2718.000000	0.001633
2720.000000	0.062376
2722.000000	0.063551
2724.000000	0.010224
2726.000000	-0.002938
2728.000000	0.046060
2730.000000	0.021126
2732.000000	0.014341
2734.000000	0.039221
2736.000000	0.054609
2738.000000	0.047779
2740.000000	0.024084
2742.000000	-0.020121
2744.000000	-0.027978
2746.000000	-0.017456
2748.000000	-0.030897
2750.000000	-0.028605
2752.000000	0.021341
2754.000000	-0.007401
2756.000000	-0.027497
2758.000000	0.050252
2760.000000	0.096834
2762.000000	0.002395
2764.000000	-0.088538
2766.000000	-0.030957
2768.000000	0.051447
2770.000000	0.041795
2772.000000	-0.015013
2774.000000	-0.025452
2776.000000	0.004346
2778.000000	0.023263
2780.000000	0.066391
2782.000000	-0.028085
2784.000000	-0.106232
2786.000000	-0.037870
2788.000000	-0.027923
2790.000000	-0.055313
2792.000000	-0.047299
2794.000000	-0.027072
2796.000000	-0.016287
2798.000000	-0.007256
2800.000000	-0.007113
2802.000000	-0.027435
2804.000000	-0.032184
2806.000000	-0.030592
2808.000000	-0.063585
2810.000000	-0.096028
2812.000000	-0.072252
2814.000000	-0.045097
2816.000000	-0.019935
2818.000000	-0.008717
2820.000000	0.001662
2822.000000	0.004842
2824.000000	-0.022564
2826.000000	-0.053797
2828.000000	-0.039068
2830.000000	-0.027469
2832.000000	-0.031271
2834.000000	-0.039935
2836.000000	-0.016033
2838.000000	0.033313
2840.000000	-0.040514
2842.000000	-0.082193
2844.000000	-0.040926
2846.000000	0.001424
2848.000000	0.041827
2850.000000	0.100960
2852.000000	0.077806
2854.000000	0.112416
2856.000000	0.143843
2858.000000	0.173323
2860.000000	0.168137
2862.000000	0.135627
2864.000000	0.202800
2866.000000	0.209907
2868.000000	0.234343
2870.000000	0.239712
2872.000000	0.263277
2874.000000	0.329741
2876.000000	0.353889
2878.000000	0.372730
2880.000000	0.385039
2882.000000	0.459375
2884.000000	0.431329
2886.000000	0.361156
2888.000000	0.386112
2890.000000	0.336208
2892.000000	0.359319
2894.000000	0.414700
2896.000000	0.425794
2898.000000	0.379754
2900.000000	0.396641
2902.000000	0.496953
2904.000000	0.468639
2906.000000	0.497718
2908.000000	0.519774
2910.000000	0.566233
2912.000000	0.608665
2914.000000	0.581245
2916.000000	0.558933
2918.000000	0.598476
2920.000000	0.723567
2922.000000	0.759894
2924.000000	0.809013
2926.000000	0.878371
2928.000000	0.858022
2930.000000	0.844382
2932.000000	0.820374
2934.000000	0.881037
2936.000000	0.971708
2938.000000	1.000000
2940.000000	0.913616
2942.000000	0.777275
2944.000000	0.723953
2946.000000	0.668988
2948.000000	0.638423
2950.000000	0.612593
2952.000000	0.602106
2954.000000	0.606623
2956.000000	0.550015
2958.000000	0.428104
2960.000000	0.405479
2962.000000	0.394454
2964.000000	0.415873
2966.000000	0.445205
2968.000000	0.447059
2970.000000	0.432097
2972.000000	0.376087
2974.000000	0.333225
2976.000000	0.268353
2978.000000	0.265228
2980.000000	0.311448
2982.000000	0.282695
2984.000000	0.197418
2986.000000	0.189892
2988.000000	0.184047
2990.000000	0.264604
2992.000000	0.239362
2994.000000	0.135074
2996.000000	0.071220
2998.000000	0.070700
3000.000000	0.117672
3002.000000	0.044717
3004.000000	-0.012592
3006.000000	-0.007454
3008.000000	-0.037673
3010.000000	-0.043808
3012.000000	0.022594
3014.000000	0.031355
3016.000000	0.010966
3018.000000	-0.012154
3020.000000	-0.007190
3022.000000	-0.005970
3024.000000	-0.022647
3026.000000	-0.021629
3028.000000	-0.029121
3030.000000	-0.104335
3032.000000	-0.115549
3034.000000	-0.110422
3036.000000	-0.061859
3038.000000	-0.008546
3040.000000	-0.007042
3042.000000	-0.004870
3044.000000	0.027480
3046.000000	-0.013342
3048.000000	-0.039992
3050.000000	0.021540
3052.000000	0.055825
3054.000000	0.046495
3056.000000	0.033890
3058.000000	0.028616
3060.000000	0.094880
3062.000000	0.127035
3064.000000	0.121311
3066.000000	0.112688
3068.000000	0.060785
3070.000000	0.042402
3072.000000	0.063533
3074.000000	0.042564
3076.000000	0.124827
3078.000000	0.101196
3080.000000	0.060921
3082.000000	0.052400
3084.000000	0.092392
3086.000000	0.125325
3088.000000	0.032989
3090.000000	-0.076336
3092.000000	0.045035
3094.000000	0.039396
3096.000000	-0.005846
3098.000000	-0.056545
3100.000000	0.007786
3102.000000	0.093814
3104.000000	0.039699
3106.000000	-0.000410
3108.000000	-0.049105
3110.000000	-0.020148
3112.000000	-0.029605
3114.000000	-0.010006
3116.000000	-0.023726
3118.000000	-0.054128
3120.000000	-0.022294
3122.000000	-0.004305
3124.000000	0.062468
3126.000000	-0.020743
3128.000000	-0.069089
3130.000000	-0.041886
3132.000000	0.013765
3134.000000	0.042646
3136.000000	0.006368
3138.000000	-0.015102
3140.000000	0.026094
3142.000000	-0.054917
3144.000000	-0.010376
3146.000000	0.022441
3148.000000	-0.010723
3150.000000	-0.019069
3152.000000	0.029724
3154.000000	0.056671
3156.000000	-0.027303
3158.000000	-0.043957
3160.000000	0.023609
3162.000000	0.048321
3164.000000	0.027754
3166.000000	-0.001411
3168.000000	-0.034937
3170.000000	-0.028877
3172.000000	0.015199
3174.000000	-0.008458
3176.000000	0.028408
3178.000000	0.021160
3180.000000	-0.009566
3182.000000	-0.030033
3184.000000	-0.047120
3186.000000	-0.006461
3188.000000	0.065469
3190.000000	0.049279
3192.000000	0.067897
3194.000000	0.013814
3196.000000	-0.046256
3198.000000	-0.077266
3200.000000	-0.056536
3202.000000	0.040215
3204.000000	0.068686
3206.000000	-0.012028
3208.000000	0.019914
3210.000000	-0.025553
3212.000000	0.002285
3214.000000	-0.003533
3216.000000	0.014681
3218.000000	0.070210
3220.000000	0.043867
3222.000000	-0.012970
3224.000000	0.009694
3226.000000	-0.009427
3228.000000	-0.048968
3230.000000	-0.016799
3232.000000	0.025824
3234.000000	-0.015888
3236.000000	-0.012354
3238.000000	0.054107
3240.000000	0.034441
3242.000000	-0.009385
3244.000000	0.044175
3246.000000	-0.002695
3248.000000	-0.074545
3250.000000	0.003008
3252.000000	0.063317
3254.000000	0.052886
3256.000000	0.015785
3258.000000	0.007618
3260.000000	0.023866
3262.000000	-0.017448
3264.000000	-0.033768
3266.000000	0.006987
3268.000000	0.005379
3270.000000	0.006467
3272.000000	0.013850
3274.000000	0.020521
3276.000000	0.029025
3278.000000	0.030916
3280.000000	0.028518
3282.000000	0.020824
3284.000000	0.012804
3286.000000	0.053246
3288.000000	0.030610
3290.000000	0.008067
3292.000000	0.013931
3294.000000	0.022844
3296.000000	0.017734
3298.000000	0.046493
3300.000000	0.059521
3302.000000	-0.021226
3304.000000	0.070767
3306.000000	0.055013
3308.000000	-0.014457
3310.000000	0.002811
3312.000000	0.019651
3314.000000	0.021132
3316.000000	0.031944
3318.000000	0.024352
3320.000000	0.010141
3322.000000	0.010202
3324.000000	0.007336
3326.000000	-0.035306
3328.000000	0.039134
3330.000000	0.102096
3332.000000	0.069039
3334.000000	0.015375
3336.000000	0.025542
3338.000000	0.058766
3340.000000	0.038024
3342.000000	0.024725
3344.000000	0.059667
3346.000000	0.020464
3348.000000	0.080785
3350.000000	0.035523
3352.000000	0.013441
3354.000000	0.035153
3356.000000	0.028523
3358.000000	0.016125
3360.000000	0.004816
3362.000000	-0.011015
3364.000000	-0.009604
3366.000000	-0.017407
3368.000000	0.029904
3370.000000	0.052085
3372.000000	0.056790
3374.000000	0.062857
3376.000000	0.038683
3378.000000	-0.026958
3380.000000	-0.015478
3382.000000	0.002257
3384.000000	-0.043435
3386.000000	0.017538
3388.000000	0.018565
3390.000000	-0.024928
3392.000000	-0.009958
3394.000000	0.025692
3396.000000	0.035753
3398.000000	0.063870
3400.000000	0.082866
3402.000000	0.051636
3404.000000	-0.036626
3406.000000	-0.041443
3408.000000	0.079260
3410.000000	0.051630
3412.000000	-0.008594
3414.000000	0.020662
3416.000000	0.006337
3418.000000	-0.008689
3420.000000	-0.024764
3422.000000	-0.000141
3424.000000	-0.000934
3426.000000	-0.029399
3428.000000	-0.024672
3430.000000	0.009376
3432.000000	0.069692
3434.000000	0.075346
3436.000000	-0.011103
3438.000000	0.003610
3440.000000	-0.005244
3442.000000	0.059783
3444.000000	0.006703
3446.000000	-0.033623
3448.000000	0.059374
3450.000000	0.088384
3452.000000	0.039790
3454.000000	0.017382
3456.000000	0.032459
3458.000000	0.086933
3460.000000	0.010196
3462.000000	-0.003282
3464.000000	-0.020897
3466.000000	-0.039440
3468.000000	-0.010978
3470.000000	0.034635
3472.000000	0.021101
3474.000000	0.002565
3476.000000	-0.006073
3478.000000	-0.010855
3480.000000	-0.031828
3482.000000	-0.040265
3484.000000	0.069290
3486.000000	0.077887
3488.000000	-0.060059
3490.000000	-0.020822
3492.000000	-0.004676
3494.000000	0.038585
3496.000000	0.038644
3498.000000	-0.015404
3500.000000	-0.005475
3502.000000	-0.045456
3504.000000	-0.028659
3506.000000	0.077845
3508.000000	0.040589
3510.000000	-0.010326
3512.000000	0.017020
3514.000000	0.001204
3516.000000	0.022075
3518.000000	0.080461
3520.000000	0.037086
3522.000000	-0.030058
3524.000000	0.002877
3526.000000	-0.026061
3528.000000	-0.046137
3530.000000	-0.032254
3532.000000	-0.041879
3534.000000	-0.020906
3536.000000	0.007102
3538.000000	0.006370
3540.000000	0.028061
3542.000000	0.028736
3544.000000	0.013818
3546.000000	-0.026274
3548.000000	0.007149
3550.000000	-0.037034
3552.000000	-0.024785
3554.000000	-0.037779
3556.000000	-0.005601
3558.000000	0.077080
3560.000000	0.061962
3562.000000	0.012550
3564.000000	0.018289
3566.000000	0.055632
3568.000000	0.028913
3570.000000	-0.046529
3572.000000	0.021694
3574.000000	-0.030177
3576.000000	-0.069945
3578.000000	-0.004977
3580.000000	0.035059
3582.000000	0.034496
3584.000000	-0.079333
3586.000000	-0.045957
3588.000000	0.015624
3590.000000	-0.005237
3592.000000	0.013140
3594.000000	0.016689
3596.000000	-0.022975
3598.000000	-0.039943
3600.000000	-0.065258
