400.000000	0.036817
402.000000	0.041752
404.000000	0.050488
406.000000	0.053081
408.000000	0.043578
410.000000	0.042325
412.000000	0.042513
414.000000	0.017438
416.000000	0.005328
418.000000	0.026328
420.000000	0.025835
422.000000	0.008325
424.000000	0.012767
426.000000	0.026781
428.000000	0.031812
430.000000	0.020898
432.000000	0.010865
434.000000	0.015321
436.000000	0.011494
438.000000	0.000780
440.000000	0.005427
442.000000	0.009922
444.000000	0.000515
446.000000	-0.011679
448.000000	-0.021261
450.000000	-0.027715
452.000000	-0.029050
454.000000	-0.024979
456.000000	-0.018142
458.000000	-0.014768
460.000000	-0.017251
462.000000	-0.017031
464.000000	-0.016578
466.000000	-0.022669
468.000000	-0.018153
470.000000	-0.001530
472.000000	0.000534
474.000000	-0.003973
476.000000	0.000758
478.000000	0.000467
480.000000	-0.009742
482.000000	-0.021012
484.000000	-0.023744
486.000000	-0.015232
488.000000	-0.004173
490.000000	0.003585
492.000000	0.006640
494.000000	0.009536
496.000000	0.011078
498.000000	0.005389
500.000000	0.003036
502.000000	0.008373
504.000000	0.003865
506.000000	-0.004743
508.000000	-0.000488
510.000000	0.011523
512.000000	0.022099
514.000000	0.025501
516.000000	0.032352
518.000000	0.046441
520.000000	0.046098
522.000000	0.041813
524.000000	0.055608
526.000000	0.057212
528.000000	0.043213
530.000000	0.051251
532.000000	0.064405
534.000000	0.058626
536.000000	0.047054
538.000000	0.036245
540.000000	0.026450
542.000000	0.026190
544.000000	0.032487
546.000000	0.028196
548.000000	0.016240
550.000000	0.007354
552.000000	0.008216
554.000000	0.007929
556.000000	-0.005017
558.000000	0.001875
560.000000	0.030524
562.000000	0.038925
564.000000	0.026904
566.000000	0.011966
568.000000	0.008188
570.000000	0.010262
572.000000	0.006712
574.000000	0.010573
576.000000	0.022645
578.000000	0.025272
580.000000	0.011635
582.000000	-0.008795
584.000000	-0.007966
586.000000	0.005377
588.000000	0.006490
590.000000	-0.001407
592.000000	-0.005724
594.000000	0.004721
596.000000	0.012562
598.000000	0.005961
600.000000	-0.003264
602.000000	-0.014961
604.000000	-0.029518
606.000000	-0.029194
608.000000	-0.014638
610.000000	-0.003617
612.000000	-0.005299
614.000000	-0.017648
616.000000	-0.026912
618.000000	-0.020369
620.000000	0.004302
622.000000	0.027884
624.000000	0.029090
626.000000	0.002140
628.000000	-0.006786
630.000000	0.008393
632.000000	0.003234
634.000000	-0.016817
636.000000	-0.028322
638.000000	-0.014124
640.000000	0.008875
642.000000	0.013161
644.000000	-0.002020
646.000000	-0.015785
648.000000	-0.004299
650.000000	0.002505
652.000000	-0.001324
654.000000	0.023329
656.000000	0.059449
658.000000	0.076418
660.000000	0.070405
662.000000	0.045645
664.000000	0.015314
666.000000	0.009333
668.000000	0.022360
670.000000	0.019144
672.000000	0.009196
674.000000	0.001498
676.000000	-0.013934
678.000000	-0.018364
680.000000	-0.000558
682.000000	0.004139
684.000000	-0.006156
686.000000	-0.010768
688.000000	-0.010045
690.000000	-0.010944
692.000000	-0.019028
694.000000	-0.021778
696.000000	-0.009247
698.000000	0.012979
700.000000	0.017256
702.000000	-0.007616
704.000000	-0.016932
706.000000	-0.004845
708.000000	0.005611
710.000000	0.005484
712.000000	-0.000274
714.000000	-0.000611
716.000000	-0.008250
718.000000	-0.021060
720.000000	-0.010983
722.000000	0.004897
724.000000	0.004068
726.000000	-0.003191
728.000000	-0.010074
730.000000	-0.012917
732.000000	-0.003853
734.000000	0.006981
736.000000	0.001282
738.000000	-0.001615
740.000000	0.014020
742.000000	0.042666
744.000000	0.055314
746.000000	0.042134
748.000000	0.038116
750.000000	0.045479
752.000000	0.047155
754.000000	0.030822
756.000000	0.010376
758.000000	0.008715
760.000000	0.013855
762.000000	0.012782
764.000000	0.001581
766.000000	-0.011979
768.000000	-0.014306
770.000000	0.005061
772.000000	0.013450
774.000000	-0.007121
776.000000	-0.016856
778.000000	-0.009899
780.000000	-0.000280
782.000000	0.006484
784.000000	0.004343
786.000000	-0.009220
788.000000	-0.019771
790.000000	-0.020085
792.000000	-0.014161
794.000000	-0.007073
796.000000	-0.006432
798.000000	-0.018152
800.000000	-0.017680
802.000000	0.004516
804.000000	0.014171
806.000000	0.012461
808.000000	0.016277
810.000000	0.028902
812.000000	0.046482
814.000000	0.063060
816.000000	0.077709
818.000000	0.097217
820.000000	0.127935
822.000000	0.150381
824.000000	0.150580
826.000000	0.131426
828.000000	0.112063
830.000000	0.103842
832.000000	0.097743
834.000000	0.073284
836.000000	0.030039
838.000000	0.007917
840.000000	0.006128
842.000000	0.007126
844.000000	0.012339
846.000000	0.020088
848.000000	0.025421
850.000000	0.026008
852.000000	0.023577
854.000000	0.022939
856.000000	0.028519
858.000000	0.033426
860.000000	0.023413
862.000000	0.006373
864.000000	-0.007136
866.000000	-0.009944
868.000000	0.016961
870.000000	0.051866
872.000000	0.018897
874.000000	-0.016081
876.000000	0.007150
878.000000	0.011045
880.000000	0.004629
882.000000	0.020734
884.000000	0.012435
886.000000	-0.007065
888.000000	0.002028
890.000000	0.011982
892.000000	0.014604
894.000000	0.021978
896.000000	0.024402
898.000000	0.021978
900.000000	0.024651
902.000000	0.022072
904.000000	0.014308
906.000000	0.015070
908.000000	0.012024
910.000000	0.006630
912.000000	0.022821
914.000000	0.032123
916.000000	0.019424
918.000000	0.018288
920.000000	0.014104
922.000000	-0.002743
924.000000	0.005501
926.000000	0.013657
928.000000	-0.002756
930.000000	0.006206
932.000000	0.024961
934.000000	0.018430
936.000000	0.017724
938.000000	0.030867
940.000000	0.042808
942.000000	0.041445
944.000000	0.031199
946.000000	0.025311
948.000000	0.023377
950.000000	0.016625
952.000000	0.001094
954.000000	0.008058
956.000000	0.027032
958.000000	0.012537
960.000000	-0.010949
962.000000	-0.017374
964.000000	-0.007981
966.000000	-0.014912
968.000000	-0.032567
970.000000	-0.010972
972.000000	0.018818
974.000000	0.018473
976.000000	-0.012143
978.000000	-0.029288
980.000000	-0.008233
982.000000	0.022688
984.000000	0.030155
986.000000	0.009327
988.000000	-0.003166
990.000000	-0.014510
992.000000	-0.023602
994.000000	0.015421
996.000000	0.064467
998.000000	0.080641
1000.000000	0.097567
1002.000000	0.134955
1004.000000	0.179917
1006.000000	0.185531
1008.000000	0.185879
1010.000000	0.232424
1012.000000	0.304243
1014.000000	0.373822
1016.000000	0.407208
1018.000000	0.357095
1020.000000	0.256468
1022.000000	0.168519
1024.000000	0.098171
1026.000000	0.053951
1028.000000	0.044965
1030.000000	0.057678
1032.000000	0.063800
1034.000000	0.044372
1036.000000	0.026394
1038.000000	0.020562
1040.000000	0.019524
1042.000000	0.015893
1044.000000	0.007935
1046.000000	0.000916
1048.000000	0.006869
1050.000000	0.018258
1052.000000	0.016655
1054.000000	0.000674
1056.000000	-0.014896
1058.000000	-0.011964
1060.000000	0.005047
1062.000000	0.009915
1064.000000	-0.012216
1066.000000	-0.002493
1068.000000	0.028268
1070.000000	0.022711
1072.000000	-0.008216
1074.000000	-0.023984
1076.000000	0.002423
1078.000000	0.019912
1080.000000	0.012718
1082.000000	0.002200
1084.000000	-0.002323
1086.000000	0.002374
1088.000000	0.015100
1090.000000	0.029457
1092.000000	0.033126
1094.000000	0.022419
1096.000000	0.027585
1098.000000	0.034609
1100.000000	0.016574
1102.000000	0.017304
1104.000000	0.028696
1106.000000	0.019944
1108.000000	0.027747
1110.000000	0.037988
1112.000000	0.021083
1114.000000	0.023173
1116.000000	0.044397
1118.000000	0.045647
1120.000000	0.046897
1122.000000	0.045632
1124.000000	0.063707
1126.000000	0.064115
1128.000000	0.049315
1130.000000	0.037233
1132.000000	0.016375
1134.000000	0.003396
1136.000000	0.009271
1138.000000	-0.002040
1140.000000	-0.009512
1142.000000	0.006938
1144.000000	0.002158
1146.000000	-0.009091
1148.000000	-0.004260
1150.000000	-0.007273
1152.000000	-0.008574
1154.000000	0.000443
1156.000000	-0.001034
1158.000000	-0.006996
1160.000000	-0.012161
1162.000000	-0.027129
1164.000000	-0.025910
1166.000000	-0.001863
1168.000000	0.007986
1170.000000	0.002824
1172.000000	-0.007198
1174.000000	-0.016287
1176.000000	-0.018041
1178.000000	-0.015661
1180.000000	-0.017739
1182.000000	-0.005353
1184.000000	0.015520
1186.000000	0.012183
1188.000000	-0.012781
1190.000000	-0.032077
1192.000000	-0.020368
1194.000000	-0.007395
1196.000000	0.012128
1198.000000	0.051804
1200.000000	0.034659
1202.000000	-0.007453
1204.000000	0.007260
1206.000000	0.038941
1208.000000	0.038739
1210.000000	0.001895
1212.000000	-0.001758
1214.000000	0.006185
1216.000000	-0.008952
1218.000000	0.001719
1220.000000	0.019558
1222.000000	0.012513
1224.000000	-0.006677
1226.000000	-0.017108
1228.000000	-0.006636
1230.000000	0.019200
1232.000000	0.038226
1234.000000	0.045580
1236.000000	0.056944
1238.000000	0.049701
1240.000000	0.029324
1242.000000	0.029040
1244.000000	0.020891
1246.000000	0.006619
1248.000000	0.012615
1250.000000	0.010588
1252.000000	-0.000118
1254.000000	-0.001023
1256.000000	-0.002659
1258.000000	0.009973
1260.000000	0.046114
1262.000000	0.062527
1264.000000	0.051558
1266.000000	0.034823
1268.000000	0.038954
1270.000000	0.047144
1272.000000	0.039252
1274.000000	0.022894
1276.000000	0.024001
1278.000000	0.034990
1280.000000	0.017813
1282.000000	0.014248
1284.000000	0.031081
1286.000000	0.031206
1288.000000	0.031607
1290.000000	0.051500
1292.000000	0.085950
1294.000000	0.090952
1296.000000	0.075489
1298.000000	0.075541
1300.000000	0.094423
1302.000000	0.098973
1304.000000	0.084433
1306.000000	0.111349
1308.000000	0.142238
1310.000000	0.141192
1312.000000	0.131482
1314.000000	0.112780
1316.000000	0.098828
1318.000000	0.116883
1320.000000	0.145733
1322.000000	0.152426
1324.000000	0.128690
1326.000000	0.131332
1328.000000	0.135452
1330.000000	0.106399
1332.000000	0.120761
1334.000000	0.139000
1336.000000	0.118957
1338.000000	0.122059
1340.000000	0.116425
1342.000000	0.088161
1344.000000	0.091061
1346.000000	0.114232
1348.000000	0.125684
1350.000000	0.107529
1352.000000	0.090346
1354.000000	0.098461
1356.000000	0.129997
1358.000000	0.152796
1360.000000	0.161772
1362.000000	0.166595
1364.000000	0.166969
1366.000000	0.153470
1368.000000	0.136503
1370.000000	0.148159
1372.000000	0.158610
1374.000000	0.165591
1376.000000	0.196884
1378.000000	0.200622
1380.000000	0.195125
1382.000000	0.230534
1384.000000	0.252718
1386.000000	0.250343
1388.000000	0.254361
1390.000000	0.295898
1392.000000	0.329683
1394.000000	0.317308
1396.000000	0.280196
1398.000000	0.253720
1400.000000	0.241887
1402.000000	0.225170
1404.000000	0.221346
1406.000000	0.212527
1408.000000	0.172327
1410.000000	0.131433
1412.000000	0.108538
1414.000000	0.100888
1416.000000	0.093500
1418.000000	0.101964
1420.000000	0.118007
1422.000000	0.111256
1424.000000	0.134983
1426.000000	0.171570
1428.000000	0.163476
1430.000000	0.164768
1432.000000	0.207787
1434.000000	0.266975
1436.000000	0.272263
1438.000000	0.269709
1440.000000	0.300442
1442.000000	0.333959
1444.000000	0.361384
1446.000000	0.370891
1448.000000	0.353055
1450.000000	0.333520
1452.000000	0.310280
1454.000000	0.280536
1456.000000	0.278294
1458.000000	0.284375
1460.000000	0.265357
1462.000000	0.217545
1464.000000	0.196794
1466.000000	0.202903
1468.000000	0.181359
1470.000000	0.129066
1472.000000	0.089642
1474.000000	0.098197
1476.000000	0.122233
1478.000000	0.108011
1480.000000	0.055781
1482.000000	0.030380
1484.000000	0.027117
1486.000000	0.027698
1488.000000	0.024470
1490.000000	0.019747
1492.000000	0.008526
1494.000000	-0.002621
1496.000000	0.011167
1498.000000	-0.001079
1500.000000	-0.034380
1502.000000	-0.016412
1504.000000	-0.017129
1506.000000	-0.026278
1508.000000	0.006426
1510.000000	0.006221
1512.000000	-0.015883
1514.000000	-0.020780
1516.000000	-0.015481
1518.000000	-0.015763
1520.000000	-0.019638
1522.000000	-0.013065
1524.000000	-0.006932
1526.000000	-0.005057
1528.000000	-0.002245
1530.000000	0.006219
1532.000000	0.012349
1534.000000	0.017609
1536.000000	0.032722
1538.000000	0.032332
1540.000000	0.029038
1542.000000	0.046172
1544.000000	0.043444
1546.000000	0.038527
1548.000000	0.053863
1550.000000	0.069978
1552.000000	0.093927
1554.000000	0.124105
1556.000000	0.148025
1558.000000	0.172547
1560.000000	0.192613
1562.000000	0.207472
1564.000000	0.237313
1566.000000	0.278548
1568.000000	0.302297
1570.000000	0.290940
1572.000000	0.316962
1574.000000	0.368361
1576.000000	0.392689
1578.000000	0.398110
1580.000000	0.370667
1582.000000	0.330177
1584.000000	0.328759
1586.000000	0.326745
1588.000000	0.305250
1590.000000	0.273936
1592.000000	0.235419
1594.000000	0.214666
1596.000000	0.209510
1598.000000	0.185771
1600.000000	0.179532
1602.000000	0.193927
1604.000000	0.199305
1606.000000	0.189447
1608.000000	0.180545
1610.000000	0.183259
1612.000000	0.184681
1614.000000	0.159538
1616.000000	0.132819
1618.000000	0.139329
1620.000000	0.140254
1622.000000	0.140227
1624.000000	0.144047
1626.000000	0.128880
1628.000000	0.107127
1630.000000	0.112761
1632.000000	0.147818
1634.000000	0.135462
1636.000000	0.120976
1638.000000	0.139386
1640.000000	0.142424
1642.000000	0.138052
1644.000000	0.142673
1646.000000	0.154194
1648.000000	0.149285
1650.000000	0.147959
1652.000000	0.162540
1654.000000	0.180520
1656.000000	0.221852
1658.000000	0.227632
1660.000000	0.165024
1662.000000	0.156371
1664.000000	0.179287
1666.000000	0.183445
1668.000000	0.170537
1670.000000	0.166291
1672.000000	0.147772
1674.000000	0.107819
1676.000000	0.111305
1678.000000	0.128388
1680.000000	0.120564
1682.000000	0.098156
1684.000000	0.119157
1686.000000	0.124525
1688.000000	0.080323
1690.000000	0.072137
1692.000000	0.065420
1694.000000	0.047632
1696.000000	0.045534
1698.000000	0.053482
1700.000000	0.047488
1702.000000	0.048523
1704.000000	0.049557
1706.000000	0.050592
1708.000000	0.051627
1710.000000	0.052661
1712.000000	0.053696
1714.000000	0.054731
1716.000000	0.001075
1718.000000	0.005000
1720.000000	-0.012602
1722.000000	-0.026239
1724.000000	-0.014505
1726.000000	0.002412
1728.000000	-0.000342
1730.000000	-0.014745
1732.000000	-0.016581
1734.000000	-0.008220
1736.000000	-0.009684
1738.000000	-0.021645
1740.000000	-0.020825
1742.000000	-0.005303
1744.000000	-0.010782
1746.000000	-0.039444
1748.000000	-0.026924
1750.000000	-0.010889
1752.000000	-0.011276
1754.000000	-0.013750
1756.000000	-0.023838
1758.000000	-0.016125
1760.000000	0.010052
1762.000000	0.015990
1764.000000	-0.004514
1766.000000	-0.027495
1768.000000	-0.028428
1770.000000	-0.011341
1772.000000	-0.009292
1774.000000	-0.024807
1776.000000	-0.031923
1778.000000	-0.019120
1780.000000	-0.003845
1782.000000	0.003930
1784.000000	0.010618
1786.000000	0.006566
1788.000000	-0.007792
1790.000000	-0.022244
1792.000000	-0.024032
1794.000000	-0.003749
1796.000000	0.013886
1798.000000	0.006839
1800.000000	0.002756
1802.000000	-0.012067
1804.000000	-0.028461
1806.000000	-0.016077
1808.000000	0.004500
1810.000000	0.019444
1812.000000	0.025482
1814.000000	0.025007
1816.000000	0.025557
1818.000000	0.005466
1820.000000	-0.027209
1822.000000	-0.010484
1824.000000	-0.002939
1826.000000	-0.001566
1828.000000	0.027146
1830.000000	0.023146
1832.000000	0.001010
1834.000000	-0.006605
1836.000000	0.002450
1838.000000	-0.002253
1840.000000	-0.004890
1842.000000	0.000600
1844.000000	-0.009865
1846.000000	-0.015596
1848.000000	-0.010028
1850.000000	-0.003088
1852.000000	-0.004527
1854.000000	-0.011344
1856.000000	-0.009239
1858.000000	0.005911
1860.000000	0.011465
1862.000000	0.001177
1864.000000	-0.000765
1866.000000	0.005658
1868.000000	0.012081
1870.000000	0.018504
1872.000000	-0.003712
1874.000000	-0.005628
1876.000000	-0.009919
1878.000000	-0.005250
1880.000000	0.016829
1882.000000	0.032013
1884.000000	0.010908
1886.000000	-0.009738
1888.000000	0.003408
1890.000000	0.020048
1892.000000	0.000000
1894.000000	-0.019487
1896.000000	-0.007775
1898.000000	-0.009742
1900.000000	0.013456
1902.000000	0.004317
1904.000000	-0.004822
1906.000000	-0.016894
1908.000000	-0.013841
1910.000000	-0.012889
1912.000000	-0.008423
1914.000000	0.011969
1916.000000	0.010414
1918.000000	-0.007847
1920.000000	-0.003875
1922.000000	0.004333
1924.000000	0.010732
1926.000000	0.018116
1928.000000	0.020739
1930.000000	-0.002126
1932.000000	-0.015049
1934.000000	0.002279
1936.000000	0.018461
1938.000000	-0.000818
1940.000000	-0.019046
1942.000000	-0.010937
1944.000000	-0.006184
1946.000000	-0.022150
1948.000000	-0.012268
1950.000000	0.025559
1952.000000	0.024782
1954.000000	0.019187
1956.000000	0.016582
1958.000000	0.008097
1960.000000	0.000868
1962.000000	0.003562
1964.000000	-0.000982
1966.000000	-0.011149
1968.000000	0.004604
1970.000000	0.014079
1972.000000	0.025449
1974.000000	0.029961
1976.000000	-0.014743
1978.000000	-0.007854
1980.000000	0.010932
1982.000000	-0.015717
1984.000000	-0.021594
1986.000000	-0.003664
1988.000000	0.015504
1990.000000	0.022869
1992.000000	0.019470
1994.000000	-0.014784
1996.000000	-0.016099
1998.000000	0.028576
2000.000000	0.014950
2002.000000	0.003863
2004.000000	0.011360
2006.000000	0.014008
2008.000000	0.013545
2010.000000	0.014940
2012.000000	0.021083
2014.000000	0.029659
2016.000000	0.031423
2018.000000	0.015347
2020.000000	0.007496
2022.000000	0.013878
2024.000000	0.003275
2026.000000	0.014172
2028.000000	0.026986
2030.000000	0.017265
2032.000000	0.006553
2034.000000	0.001733
2036.000000	0.006412
2038.000000	0.015161
2040.000000	0.011255
2042.000000	-0.014207
2044.000000	-0.017348
2046.000000	0.000127
2048.000000	-0.009520
2050.000000	0.003846
2052.000000	0.027197
2054.000000	0.034030
2056.000000	0.025750
2058.000000	0.007271
2060.000000	-0.009062
2062.000000	-0.010564
2064.000000	0.000435
2066.000000	0.000745
2068.000000	0.010914
2070.000000	0.021569
2072.000000	0.011691
2074.000000	0.016178
2076.000000	0.021238
2078.000000	0.021614
2080.000000	0.023898
2082.000000	0.018664
2084.000000	0.011405
2086.000000	0.005818
2088.000000	0.003522
2090.000000	0.010030
2092.000000	0.025977
2094.000000	0.025515
2096.000000	0.002942
2098.000000	-0.002708
2100.000000	0.022141
2102.000000	0.034033
2104.000000	0.013061
2106.000000	-0.001524
2108.000000	0.011598
2110.000000	0.002021
2112.000000	-0.006127
2114.000000	0.033955
2116.000000	-0.000963
2118.000000	-0.024161
2120.000000	-0.004269
2122.000000	-0.003405
2124.000000	-0.010882
2126.000000	0.000216
2128.000000	0.009660
2130.000000	0.006304
2132.000000	0.030148
2134.000000	0.036102
2136.000000	0.014814
2138.000000	0.005833
2140.000000	0.033840
2142.000000	0.032524
2144.000000	0.012127
2146.000000	0.007398
2148.000000	0.020689
2150.000000	0.030859
2152.000000	-0.005359
2154.000000	-0.024981
2156.000000	0.027692
2158.000000	0.030361
2160.000000	0.013091
2162.000000	-0.001419
2164.000000	-0.010394
2166.000000	0.005490
2168.000000	0.002202
2170.000000	0.003900
2172.000000	0.014458
2174.000000	-0.007171
2176.000000	-0.010227
2178.000000	0.003985
2180.000000	0.006977
2182.000000	-0.007218
2184.000000	-0.010503
2186.000000	-0.009138
2188.000000	0.005226
2190.000000	0.026292
2192.000000	0.015493
2194.000000	0.012420
2196.000000	0.020219
2198.000000	0.014537
2200.000000	-0.006757
2202.000000	-0.005743
2204.000000	0.009699
2206.000000	0.019052
2208.000000	0.014878
2210.000000	0.002711
2212.000000	0.001954
2214.000000	-0.006056
2216.000000	-0.015732
2218.000000	0.013561
2220.000000	0.007714
2222.000000	0.007720
2224.000000	0.021436
2226.000000	-0.000224
2228.000000	-0.002874
2230.000000	-0.000392
2232.000000	0.008700
2234.000000	0.027160
2236.000000	0.021135
2238.000000	0.017694
2240.000000	0.020208
2242.000000	0.015925
2244.000000	0.007923
2246.000000	0.015461
2248.000000	0.015945
2250.000000	-0.000849
2252.000000	-0.007857
2254.000000	0.020169
2256.000000	0.021098
2258.000000	0.002049
2260.000000	0.002512
2262.000000	0.015606
2264.000000	-0.005476
2266.000000	-0.021563
2268.000000	-0.009804
2270.000000	0.009845
2272.000000	0.023598
2274.000000	0.030562
2276.000000	0.019766
2278.000000	0.000396
2280.000000	0.003299
2282.000000	0.023517
2284.000000	0.019525
2286.000000	-0.002386
2288.000000	-0.002225
2290.000000	0.017564
2292.000000	-0.000130
2294.000000	-0.010101
2296.000000	0.009775
2298.000000	0.015504
2300.000000	0.022891
2302.000000	0.012753
2304.000000	0.009022
2306.000000	0.023060
2308.000000	0.007004
2310.000000	-0.007797
2312.000000	0.004070
2314.000000	0.018337
2316.000000	0.006954
2318.000000	0.000247
2320.000000	-0.011182
2322.000000	-0.005832
2324.000000	0.023909
2326.000000	0.036513
2328.000000	0.014903
2330.000000	0.007929
2332.000000	0.017549
2334.000000	0.018252
2336.000000	0.022912
2338.000000	0.008240
2340.000000	0.017684
2342.000000	0.030015
2344.000000	-0.004556
2346.000000	0.002487
2348.000000	0.012393
2350.000000	0.004710
2352.000000	-0.000465
2354.000000	0.006540
2356.000000	0.011673
2358.000000	0.020598
2360.000000	0.028892
2362.000000	0.018391
2364.000000	-0.009360
2366.000000	-0.004697
2368.000000	0.013603
2370.000000	0.009036
2372.000000	-0.010739
2374.000000	-0.008204
2376.000000	-0.013280
2378.000000	0.004724
2380.000000	0.027845
2382.000000	-0.004963
2384.000000	-0.018353
2386.000000	0.017714
2388.000000	0.040932
2390.000000	0.017097
2392.000000	-0.000029
2394.000000	0.005960
2396.000000	0.016965
2398.000000	0.010068
2400.000000	-0.005419
2402.000000	0.003470
2404.000000	0.015260
2406.000000	0.023944
2408.000000	0.019857
2410.000000	0.011552
2412.000000	0.032569
2414.000000	0.025521
2416.000000	0.006258
2418.000000	0.006891
2420.000000	0.017414
2422.000000	0.011356
2424.000000	-0.006752
2426.000000	-0.016955
2428.000000	-0.010826
2430.000000	-0.002751
2432.000000	-0.006820
2434.000000	0.016348
2436.000000	0.024677
2438.000000	0.011668
2440.000000	0.013644
2442.000000	-0.023947
2444.000000	0.006263
2446.000000	0.034221
2448.000000	0.003629
2450.000000	-0.005060
2452.000000	-0.010121
2454.000000	-0.001815
2456.000000	0.010064
2458.000000	0.014590
2460.000000	0.017802
2462.000000	0.010860
2464.000000	-0.000096
2466.000000	0.008526
2468.000000	0.029399
2470.000000	0.024831
2472.000000	0.000942
2474.000000	-0.017728
2476.000000	0.003138
2478.000000	0.023194
2480.000000	-0.014548
2482.000000	-0.006246
2484.000000	0.020739
2486.000000	0.024049
2488.000000	0.001163
2490.000000	-0.017162
2492.000000	0.008331
2494.000000	0.023131
2496.000000	0.013046
2498.000000	0.005058
2500.000000	0.017118
2502.000000	0.039806
2504.000000	0.016571
2506.000000	-0.006460
2508.000000	-0.005589
2510.000000	-0.006186
2512.000000	0.031885
2514.000000	0.016961
2516.000000	-0.006141
2518.000000	0.007980
2520.000000	0.017037
2522.000000	0.007375
2524.000000	0.006733
2526.000000	0.013704
2528.000000	0.032117
2530.000000	0.051275
2532.000000	0.025046
2534.000000	-0.002381
2536.000000	-0.015383
2538.000000	-0.021398
2540.000000	-0.009594
2542.000000	0.029039
2544.000000	0.031242
2546.000000	0.041019
2548.000000	0.035173
2550.000000	-0.005723
2552.000000	-0.012243
2554.000000	0.005357
2556.000000	0.008845
2558.000000	0.009667
2560.000000	0.025101
2562.000000	0.028424
2564.000000	-0.003946
2566.000000	0.000743
2568.000000	0.007951
2570.000000	0.031731
2572.000000	0.022650
2574.000000	0.013569
2576.000000	0.003671
2578.000000	0.011890
2580.000000	0.006720
2582.000000	0.007030
2584.000000	-0.014958
2586.000000	-0.012581
2588.000000	0.013570
2590.000000	0.023435
2592.000000	0.007281
2594.000000	-0.001472
2596.000000	0.005806
2598.000000	0.003859
2600.000000	-0.000231
2602.000000	0.006276
2604.000000	0.011054
2606.000000	0.005577
2608.000000	0.029822
2610.000000	0.029918
2612.000000	0.012234
2614.000000	0.006233
2616.000000	-0.009002
2618.000000	0.000284
2620.000000	0.011033
2622.000000	0.011792
2624.000000	0.008454
2626.000000	0.001666
2628.000000	-0.001561
2630.000000	0.030969
2632.000000	0.021687
2634.000000	-0.015864
2636.000000	-0.020242
2638.000000	-0.008261
2640.000000	0.025092
2642.000000	0.014235
2644.000000	-0.009732
2646.000000	-0.003293
2648.000000	0.006417
2650.000000	0.002136
2652.000000	0.030336
2654.000000	0.013984
2656.000000	-0.015974
2658.000000	-0.008842
2660.000000	-0.018634
2662.000000	-0.008978
2664.000000	0.030267
2666.000000	0.025653
2668.000000	0.014891
2670.000000	0.010955
2672.000000	0.007018
2674.000000	-0.021303
2676.000000	-0.015205
2678.000000	0.013315
2680.000000	0.025382
2682.000000	-0.003910
2684.000000	-0.018998
2686.000000	-0.003848
2688.000000	-0.002677
2690.000000	-0.014229
2692.000000	-0.003396
2694.000000	0.029133
2696.000000	0.054832
2698.000000	0.017590
2700.000000	-0.010495
2702.000000	0.013218
2704.000000	0.037363
2706.000000	0.027651
2708.000000	0.000618
2710.000000	0.016922
2712.000000	0.031454
2714.000000	0.019616
2716.000000	0.010338
2718.000000	-0.016208
2720.000000	0.000048
2722.000000	0.012985
2724.000000	0.005002
2726.000000	0.021353
2728.000000	0.059428
2730.000000	0.040620
2732.000000	0.022242
2734.000000	0.027213
2736.000000	0.017961
2738.000000	0.004451
2740.000000	0.026867
2742.000000	0.028175
2744.000000	0.029665
2746.000000	0.016164
2748.000000	0.000260
2750.000000	-0.012888
2752.000000	-0.029962
2754.000000	0.013672
2756.000000	0.026121
2758.000000	0.040699
2760.000000	0.031970
2762.000000	-0.018233
2764.000000	-0.027431
2766.000000	-0.021466
2768.000000	0.009766
2770.000000	0.018643
2772.000000	0.000113
2774.000000	-0.014250
2776.000000	-0.012784
2778.000000	0.014747
2780.000000	-0.003973
2782.000000	0.001433
2784.000000	0.007973
2786.000000	-0.016008
2788.000000	-0.007695
2790.000000	-0.020720
2792.000000	-0.060386
2794.000000	-0.027710
2796.000000	0.013619
2798.000000	-0.006104
2800.000000	-0.017283
2802.000000	-0.015104
2804.000000	-0.012131
2806.000000	-0.012436
2808.000000	-0.007002
2810.000000	-0.008197
2812.000000	-0.021859
2814.000000	-0.004250
2816.000000	-0.006531
2818.000000	-0.008721
2820.000000	-0.021144
2822.000000	0.013676
2824.000000	0.003609
2826.000000	-0.024334
2828.000000	0.008474
2830.000000	-0.000572
2832.000000	-0.001483
2834.000000	0.042487
2836.000000	0.063911
2838.000000	0.048971
2840.000000	0.065941
2842.000000	0.088541
2844.000000	0.095797
2846.000000	0.109712
2848.000000	0.147069
2850.000000	0.179920
2852.000000	0.185003
2854.000000	0.221566
2856.000000	0.245172
2858.000000	0.214953
2860.000000	0.206393
2862.000000	0.281170
2864.000000	0.347788
2866.000000	0.349588
2868.000000	0.383256
2870.000000	0.416375
2872.000000	0.418616
2874.000000	0.449816
2876.000000	0.511956
2878.000000	0.503283
2880.000000	0.519102
2882.000000	0.541786
2884.000000	0.512566
2886.000000	0.477432
2888.000000	0.479215
2890.000000	0.467309
2892.000000	0.491087
2894.000000	0.521645
2896.000000	0.550169
2898.000000	0.571142
2900.000000	0.582102
2902.000000	0.593746
2904.000000	0.607302
2906.000000	0.625948
2908.000000	0.635725
2910.000000	0.651067
2912.000000	0.682920
2914.000000	0.722844
2916.000000	0.765368
2918.000000	0.801294
2920.000000	0.807980
2922.000000	0.876721
2924.000000	0.939154
2926.000000	0.932038
2928.000000	0.939054
2930.000000	0.989653
2932.000000	0.977913
2934.000000	1.000000
2936.000000	0.986033
2938.000000	0.942489
2940.000000	0.926863
2942.000000	0.921912
2944.000000	0.893742
2946.000000	0.815696
2948.000000	0.742749
2950.000000	0.674838
2952.000000	0.658773
2954.000000	0.651781
2956.000000	0.598119
2958.000000	0.603136
2960.000000	0.585325
2962.000000	0.556549
2964.000000	0.523906
2966.000000	0.510622
2968.000000	0.522216
2970.000000	0.511347
2972.000000	0.468148
2974.000000	0.462044
2976.000000	0.405197
2978.000000	0.368616
2980.000000	0.387247
2982.000000	0.392513
2984.000000	0.365155
2986.000000	0.339258
2988.000000	0.282257
2990.000000	0.305210
2992.000000	0.285994
2994.000000	0.225177
2996.000000	0.201582
2998.000000	0.203159
3000.000000	0.191996
3002.000000	0.140058
3004.000000	0.117450
3006.000000	0.123096
3008.000000	0.100603
3010.000000	0.063223
3012.000000	0.065959
3014.000000	0.087325
3016.000000	0.063773
3018.000000	0.030734
3020.000000	0.038145
3022.000000	0.011481
3024.000000	-0.013064
3026.000000	-0.000784
3028.000000	-0.010889
3030.000000	-0.013839
3032.000000	-0.018568
3034.000000	0.013562
3036.000000	0.022204
3038.000000	0.006823
3040.000000	-0.009171
3042.000000	0.003806
3044.000000	0.049935
3046.000000	0.004948
3048.000000	0.013744
3050.000000	0.018509
3052.000000	0.037439
3054.000000	0.071266
3056.000000	0.088485
3058.000000	0.098717
3060.000000	0.099425
3062.000000	0.121969
3064.000000	0.120227
3066.000000	0.086061
3068.000000	0.091507
3070.000000	0.110679
3072.000000	0.092591
3074.000000	0.092998
3076.000000	0.117349
3078.000000	0.117888
3080.000000	0.102442
3082.000000	0.139683
3084.000000	0.139822
3086.000000	0.096604
3088.000000	0.097034
3090.000000	0.093766
3092.000000	0.069275
3094.000000	0.018879
3096.000000	-0.029762
3098.000000	-0.019937
3100.000000	0.022221
3102.000000	0.035428
3104.000000	0.029633
3106.000000	0.028716
3108.000000	-0.007291
3110.000000	-0.023658
3112.000000	0.010522
3114.000000	0.003311
3116.000000	-0.006970
3118.000000	0.005659
3120.000000	-0.001576
3122.000000	-0.002161
3124.000000	-0.018430
3126.000000	-0.016582
3128.000000	0.003404
3130.000000	-0.010605
3132.000000	-0.030270
3134.000000	-0.020419
3136.000000	-0.006285
3138.000000	0.001988
3140.000000	0.007241
3142.000000	-0.025778
3144.000000	0.014403
3146.000000	0.029708
3148.000000	0.009413
3150.000000	0.006058
3152.000000	0.016341
3154.000000	0.002825
3156.000000	-0.036079
3158.000000	0.008274
3160.000000	0.018041
3162.000000	0.007962
3164.000000	-0.002049
3166.000000	-0.006061
3168.000000	0.006786
3170.000000	0.012290
3172.000000	-0.001929
3174.000000	0.007703
3176.000000	-0.006218
3178.000000	0.002990
3180.000000	0.004771
3182.000000	-0.017311
3184.000000	-0.047405
3186.000000	-0.026643
3188.000000	0.032732
3190.000000	0.024678
3192.000000	0.035107
3194.000000	0.000187
3196.000000	-0.017845
3198.000000	-0.011253
3200.000000	0.005717
3202.000000	0.012904
3204.000000	-0.007530
3206.000000	-0.009386
3208.000000	0.027262
3210.000000	-0.003350
3212.000000	0.009847
3214.000000	0.015548
3216.000000	0.008195
3218.000000	0.001241
3220.000000	0.004657
3222.000000	0.011391
3224.000000	0.009680
3226.000000	0.015170
3228.000000	-0.016163
3230.000000	0.000747
3232.000000	0.050954
3234.000000	0.024561
3236.000000	-0.000287
3238.000000	0.020287
3240.000000	0.025353
3242.000000	0.000041
3244.000000	-0.033022
3246.000000	-0.002268
3248.000000	0.017775
3250.000000	0.013990
3252.000000	0.017801
3254.000000	0.027667
3256.000000	0.036933
3258.000000	0.036318
3260.000000	0.036189
3262.000000	0.043146
3264.000000	0.010948
3266.000000	0.011352
3268.000000	0.027517
3270.000000	0.034388
3272.000000	0.030817
3274.000000	0.063090
3276.000000	0.061385
3278.000000	0.023514
3280.000000	0.037757
3282.000000	0.035432
3284.000000	0.041027
3286.000000	0.022440
3288.000000	0.042160
3290.000000	0.041042
3292.000000	0.068983
3294.000000	0.077141
3296.000000	0.054098
3298.000000	0.057041
3300.000000	0.049257
3302.000000	0.039502
3304.000000	0.061075
3306.000000	0.076565
3308.000000	0.036494
3310.000000	0.062756
3312.000000	0.089703
3314.000000	0.060126
3316.000000	0.056310
3318.000000	0.061654
3320.000000	0.040108
3322.000000	0.069131
3324.000000	0.058229
3326.000000	0.051371
3328.000000	0.051438
3330.000000	0.057972
3332.000000	0.044370
3334.000000	0.029500
3336.000000	0.027299
3338.000000	0.043854
3340.000000	0.070359
3342.000000	0.068988
3344.000000	0.059685
3346.000000	0.055040
3348.000000	0.052926
3350.000000	0.055379
3352.000000	0.065283
3354.000000	0.065583
3356.000000	0.052187
3358.000000	0.035133
3360.000000	0.024628
3362.000000	0.033814
3364.000000	0.052718
3366.000000	0.050816
3368.000000	0.053366
3370.000000	0.059406
3372.000000	0.062797
3374.000000	0.041090
3376.000000	0.025715
3378.000000	0.057827
3380.000000	0.054686
3382.000000	0.022202
3384.000000	0.033916
3386.000000	0.026728
3388.000000	0.037077
3390.000000	0.047120
3392.000000	0.037816
3394.000000	0.038268
3396.000000	0.027912
3398.000000	0.027221
3400.000000	0.030846
3402.000000	0.033642
3404.000000	0.028520
3406.000000	0.016714
3408.000000	0.033959
3410.000000	0.059094
3412.000000	0.046070
3414.000000	0.031686
3416.000000	0.031049
3418.000000	0.013991
3420.000000	-0.010530
3422.000000	0.019665
3424.000000	0.036976
3426.000000	0.032910
3428.000000	0.025588
3430.000000	0.006998
3432.000000	0.024932
3434.000000	0.030952
3436.000000	0.000949
3438.000000	-0.010418
3440.000000	0.001197
3442.000000	0.033554
3444.000000	0.031953
3446.000000	-0.012733
3448.000000	-0.013282
3450.000000	0.009437
3452.000000	0.022351
3454.000000	0.021872
3456.000000	-0.002820
3458.000000	-0.004993
3460.000000	-0.013273
3462.000000	0.000431
3464.000000	0.001055
3466.000000	0.005702
3468.000000	-0.002476
3470.000000	0.008051
3472.000000	0.015379
3474.000000	0.019296
3476.000000	-0.004069
3478.000000	-0.012362
3480.000000	0.018135
3482.000000	-0.002268
3484.000000	-0.007828
3486.000000	0.000308
3488.000000	0.008444
3490.000000	-0.001265
3492.000000	0.007740
3494.000000	-0.005743
3496.000000	-0.002818
3498.000000	0.002660
3500.000000	-0.004132
3502.000000	-0.006094
3504.000000	-0.009930
3506.000000	-0.002516
3508.000000	0.013736
3510.000000	-0.000385
3512.000000	-0.003704
3514.000000	0.005959
3516.000000	-0.018361
3518.000000	-0.006143
3520.000000	0.022141
3522.000000	-0.007713
3524.000000	-0.007041
3526.000000	0.014885
3528.000000	-0.004926
3530.000000	-0.012231
3532.000000	-0.006961
3534.000000	-0.000213
3536.000000	0.006085
3538.000000	-0.016066
3540.000000	-0.005133
3542.000000	0.005917
3544.000000	-0.022315
3546.000000	-0.013995
3548.000000	-0.000919
3550.000000	-0.005265
3552.000000	-0.017383
3554.000000	-0.023563
3556.000000	-0.032649
3558.000000	0.013842
3560.000000	0.021248
3562.000000	0.017836
3564.000000	0.010545
3566.000000	-0.018325
3568.000000	-0.002369
3570.000000	-0.014301
3572.000000	-0.018180
3574.000000	-0.033792
3576.000000	-0.002316
3578.000000	0.003836
3580.000000	-0.019665
3582.000000	-0.021458
3584.000000	-0.017515
3586.000000	0.002386
3588.000000	-0.020386
3590.000000	-0.015197
3592.000000	-0.011501
3594.000000	-0.015492
3596.000000	-0.000943
3598.000000	0.006246
3600.000000	-0.011257
