400.000000	0.008420
402.000000	0.010317
404.000000	-0.005061
406.000000	-0.018939
408.000000	-0.005406
410.000000	0.038350
412.000000	0.064626
414.000000	0.006392
416.000000	-0.050232
418.000000	-0.042770
420.000000	-0.050923
422.000000	-0.053922
424.000000	0.009422
426.000000	0.004076
428.000000	-0.001270
430.000000	-0.022615
432.000000	-0.021319
434.000000	-0.027349
436.000000	-0.035198
438.000000	-0.023848
440.000000	0.021180
442.000000	0.032218
444.000000	-0.020362
446.000000	-0.058171
448.000000	-0.066615
450.000000	-0.067184
452.000000	-0.042472
454.000000	-0.012720
456.000000	-0.037553
458.000000	-0.067860
460.000000	-0.054693
462.000000	-0.049647
464.000000	-0.055737
466.000000	-0.038303
468.000000	-0.012756
470.000000	0.001268
472.000000	-0.001175
474.000000	-0.019527
476.000000	-0.046720
478.000000	-0.065222
480.000000	-0.075418
482.000000	-0.086875
484.000000	-0.062327
486.000000	-0.003964
488.000000	0.002431
490.000000	-0.025026
492.000000	-0.023747
494.000000	-0.005533
496.000000	0.013694
498.000000	0.029411
500.000000	0.036674
502.000000	0.021495
504.000000	-0.039691
506.000000	-0.084540
508.000000	-0.041322
510.000000	-0.007278
512.000000	-0.018473
514.000000	-0.007578
516.000000	0.001233
518.000000	-0.013900
520.000000	0.006796
522.000000	0.041102
524.000000	0.028885
526.000000	0.018497
528.000000	0.038435
530.000000	0.061770
532.000000	0.071463
534.000000	0.058731
536.000000	0.022672
538.000000	-0.000276
540.000000	0.027586
542.000000	0.045613
544.000000	0.028985
546.000000	0.020068
548.000000	0.006242
550.000000	-0.019699
552.000000	-0.004618
554.000000	0.019928
556.000000	-0.009362
558.000000	-0.020015
560.000000	0.013934
562.000000	0.029911
564.000000	0.018257
566.000000	-0.001470
568.000000	-0.003231
570.000000	-0.003655
572.000000	-0.028862
574.000000	-0.032917
576.000000	-0.009182
578.000000	-0.006970
580.000000	-0.028017
582.000000	-0.045922
584.000000	-0.024581
586.000000	-0.001981
588.000000	-0.029951
590.000000	-0.054684
592.000000	-0.045686
594.000000	-0.017361
596.000000	0.016934
598.000000	0.009936
600.000000	0.002938
602.000000	-0.004060
604.000000	-0.020804
606.000000	-0.039491
608.000000	-0.056276
610.000000	-0.051403
612.000000	-0.034100
614.000000	-0.027770
616.000000	-0.055303
618.000000	-0.074779
620.000000	-0.054266
622.000000	-0.045617
624.000000	-0.041734
626.000000	-0.012288
628.000000	-0.026743
630.000000	-0.070157
632.000000	-0.036096
634.000000	0.004107
636.000000	-0.015657
638.000000	-0.035507
640.000000	-0.026968
642.000000	-0.001050
644.000000	-0.003350
646.000000	-0.028749
648.000000	-0.036163
650.000000	-0.048980
652.000000	-0.062995
654.000000	-0.025887
656.000000	0.014136
658.000000	0.008500
660.000000	0.000046
662.000000	-0.006251
664.000000	-0.021525
666.000000	-0.004463
668.000000	0.037753
670.000000	0.046875
672.000000	0.007751
674.000000	-0.040851
676.000000	-0.019329
678.000000	0.007210
680.000000	-0.029358
682.000000	-0.048841
684.000000	-0.029879
686.000000	-0.009627
688.000000	-0.027941
690.000000	-0.056480
692.000000	-0.021975
694.000000	0.009978
696.000000	-0.010429
698.000000	-0.039245
700.000000	-0.038411
702.000000	-0.005279
704.000000	0.003588
706.000000	-0.015399
708.000000	-0.027924
710.000000	-0.018440
712.000000	0.003878
714.000000	0.010597
716.000000	-0.017742
718.000000	-0.056485
720.000000	-0.036382
722.000000	0.006571
724.000000	0.011376
726.000000	-0.026315
728.000000	-0.049608
730.000000	-0.007933
732.000000	0.029006
734.000000	0.027157
736.000000	0.009676
738.000000	0.018275
740.000000	0.046954
742.000000	0.040346
744.000000	0.044147
746.000000	0.086349
748.000000	0.100164
750.000000	0.082588
752.000000	0.058475
754.000000	0.023280
756.000000	-0.017016
758.000000	-0.046489
760.000000	-0.054028
762.000000	-0.033341
764.000000	0.006916
766.000000	0.004326
768.000000	-0.041052
770.000000	-0.038197
772.000000	-0.016574
774.000000	-0.028277
776.000000	-0.062899
778.000000	-0.074692
780.000000	-0.039864
782.000000	-0.026660
784.000000	-0.036342
786.000000	-0.024472
788.000000	-0.007739
790.000000	-0.013571
792.000000	-0.053077
794.000000	-0.074773
796.000000	-0.057444
798.000000	-0.040732
800.000000	-0.040500
802.000000	-0.050263
804.000000	-0.045865
806.000000	-0.017586
808.000000	0.021145
810.000000	0.028430
812.000000	0.016490
814.000000	0.015403
816.000000	-0.009218
818.000000	-0.013647
820.000000	0.074314
822.000000	0.118484
824.000000	0.067034
826.000000	0.017727
828.000000	0.026637
830.000000	0.077303
832.000000	0.085344
834.000000	0.056189
836.000000	0.022175
838.000000	-0.009875
840.000000	-0.021602
842.000000	-0.005105
844.000000	0.006857
846.000000	0.009298
848.000000	0.013665
850.000000	0.011066
852.000000	-0.000403
854.000000	-0.013938
856.000000	-0.024829
858.000000	-0.014336
860.000000	-0.011602
862.000000	-0.008869
864.000000	-0.006135
866.000000	-0.029528
868.000000	-0.024850
870.000000	-0.018924
872.000000	-0.031221
874.000000	-0.047499
876.000000	-0.044331
878.000000	-0.016165
880.000000	-0.019433
882.000000	-0.075395
884.000000	-0.053666
886.000000	0.000897
888.000000	-0.027046
890.000000	-0.058377
892.000000	-0.045799
894.000000	-0.006813
896.000000	0.011773
898.000000	-0.000601
900.000000	-0.015653
902.000000	-0.018407
904.000000	-0.013087
906.000000	-0.016186
908.000000	-0.016700
910.000000	-0.006712
912.000000	0.004310
914.000000	0.003996
916.000000	-0.006792
918.000000	-0.009185
920.000000	-0.015072
922.000000	-0.025280
924.000000	0.000098
926.000000	0.032586
928.000000	0.028637
930.000000	-0.001427
932.000000	-0.026222
934.000000	-0.024736
936.000000	-0.021627
938.000000	-0.005454
940.000000	0.037844
942.000000	0.046440
944.000000	0.025518
946.000000	0.020672
948.000000	-0.002757
950.000000	-0.045622
952.000000	-0.067948
954.000000	-0.052449
956.000000	-0.016970
958.000000	0.000181
960.000000	0.003696
962.000000	0.000042
964.000000	-0.014572
966.000000	-0.036243
968.000000	-0.042059
970.000000	-0.003762
972.000000	0.024529
974.000000	0.000069
976.000000	-0.056188
978.000000	-0.074548
980.000000	-0.036224
982.000000	-0.013750
984.000000	-0.002796
986.000000	0.007312
988.000000	-0.013968
990.000000	-0.031796
992.000000	-0.008635
994.000000	0.036369
996.000000	0.060717
998.000000	0.049240
1000.000000	0.053547
1002.000000	0.092185
1004.000000	0.139362
1006.000000	0.132651
1008.000000	0.105818
1010.000000	0.118973
1012.000000	0.160550
1014.000000	0.221270
1016.000000	0.222280
1018.000000	0.223289
1020.000000	0.224299
1022.000000	0.147026
1024.000000	0.066634
1026.000000	0.014915
1028.000000	0.011860
1030.000000	0.017109
1032.000000	0.026113
1034.000000	0.047768
1036.000000	0.042029
1038.000000	0.020094
1040.000000	0.014007
1042.000000	-0.008260
1044.000000	-0.045510
1046.000000	-0.066602
1048.000000	-0.055400
1050.000000	-0.030874
1052.000000	-0.022822
1054.000000	-0.018669
1056.000000	-0.013374
1058.000000	-0.014935
1060.000000	-0.031353
1062.000000	-0.051929
1064.000000	-0.055895
1066.000000	-0.037462
1068.000000	-0.015420
1070.000000	-0.016772
1072.000000	-0.037898
1074.000000	-0.068568
1076.000000	-0.090158
1078.000000	-0.062279
1080.000000	-0.015297
1082.000000	-0.014843
1084.000000	-0.045078
1086.000000	-0.047111
1088.000000	0.009619
1090.000000	0.012985
1092.000000	-0.035210
1094.000000	-0.046277
1096.000000	-0.007033
1098.000000	0.031137
1100.000000	0.018428
1102.000000	0.015896
1104.000000	0.027986
1106.000000	0.019372
1108.000000	0.004732
1110.000000	0.017571
1112.000000	0.056721
1114.000000	0.022688
1116.000000	-0.019713
1118.000000	0.032223
1120.000000	0.066230
1122.000000	0.054112
1124.000000	0.045406
1126.000000	0.080300
1128.000000	0.115809
1130.000000	0.090348
1132.000000	0.023187
1134.000000	0.000059
1136.000000	0.054854
1138.000000	0.055431
1140.000000	0.004530
1142.000000	-0.027937
1144.000000	-0.018029
1146.000000	0.001900
1148.000000	-0.011639
1150.000000	-0.063762
1152.000000	-0.072714
1154.000000	-0.011212
1156.000000	0.005455
1158.000000	-0.009634
1160.000000	-0.014243
1162.000000	-0.017068
1164.000000	-0.013564
1166.000000	-0.000155
1168.000000	0.014445
1170.000000	0.018176
1172.000000	0.013466
1174.000000	0.013378
1176.000000	-0.016044
1178.000000	-0.071614
1180.000000	-0.094856
1182.000000	-0.060786
1184.000000	-0.005659
1186.000000	0.000014
1188.000000	-0.031136
1190.000000	-0.061287
1192.000000	-0.059140
1194.000000	-0.026790
1196.000000	0.006598
1198.000000	0.010568
1200.000000	0.001338
1202.000000	-0.017287
1204.000000	-0.038348
1206.000000	-0.011284
1208.000000	0.018146
1210.000000	-0.003600
1212.000000	0.000464
1214.000000	0.014414
1216.000000	-0.002167
1218.000000	-0.011961
1220.000000	0.003125
1222.000000	0.024636
1224.000000	0.006521
1226.000000	-0.024058
1228.000000	-0.025802
1230.000000	0.004929
1232.000000	0.014007
1234.000000	0.000342
1236.000000	0.031185
1238.000000	0.057905
1240.000000	0.035048
1242.000000	-0.025867
1244.000000	-0.060752
1246.000000	-0.034893
1248.000000	0.031745
1250.000000	0.067428
1252.000000	0.036167
1254.000000	-0.032235
1256.000000	-0.037743
1258.000000	-0.003554
1260.000000	0.009063
1262.000000	0.040989
1264.000000	0.058896
1266.000000	0.033340
1268.000000	0.018777
1270.000000	-0.003667
1272.000000	-0.025915
1274.000000	0.024500
1276.000000	0.043212
1278.000000	-0.027448
1280.000000	-0.101262
1282.000000	-0.074586
1284.000000	0.012927
1286.000000	0.021592
1288.000000	-0.013968
1290.000000	-0.027641
1292.000000	0.000966
1294.000000	-0.006717
1296.000000	-0.025454
1298.000000	-0.002027
1300.000000	0.007022
1302.000000	0.015023
1304.000000	0.064476
1306.000000	0.154837
1308.000000	0.187113
1310.000000	0.130982
1312.000000	0.094270
1314.000000	0.114655
1316.000000	0.151263
1318.000000	0.135718
1320.000000	0.117112
1322.000000	0.125108
1324.000000	0.132584
1326.000000	0.080168
1328.000000	0.009521
1330.000000	-0.001941
1332.000000	0.035297
1334.000000	0.084981
1336.000000	0.100102
1338.000000	0.043856
1340.000000	-0.002851
1342.000000	0.009057
1344.000000	0.034735
1346.000000	0.091340
1348.000000	0.136815
1350.000000	0.090489
1352.000000	0.029440
1354.000000	0.018236
1356.000000	0.053851
1358.000000	0.063674
1360.000000	0.068892
1362.000000	0.105881
1364.000000	0.123995
1366.000000	0.107285
1368.000000	0.077599
1370.000000	0.073993
1372.000000	0.092628
1374.000000	0.117889
1376.000000	0.131586
1378.000000	0.099973
1380.000000	0.074687
1382.000000	0.115805
1384.000000	0.123115
1386.000000	0.090050
1388.000000	0.078194
1390.000000	0.125202
1392.000000	0.164228
1394.000000	0.153644
1396.000000	0.145807
1398.000000	0.170884
1400.000000	0.195488
1402.000000	0.161455
1404.000000	0.114225
1406.000000	0.072381
1408.000000	0.026534
1410.000000	-0.011915
1412.000000	-0.043972
1414.000000	-0.058376
1416.000000	-0.022883
1418.000000	0.001835
1420.000000	-0.011291
1422.000000	-0.012229
1424.000000	0.009279
1426.000000	0.026431
1428.000000	0.013453
1430.000000	0.006883
1432.000000	0.042262
1434.000000	0.110439
1436.000000	0.140730
1438.000000	0.129838
1440.000000	0.116328
1442.000000	0.143855
1444.000000	0.215897
1446.000000	0.256802
1448.000000	0.198151
1450.000000	0.173414
1452.000000	0.199854
1454.000000	0.207572
1456.000000	0.172798
1458.000000	0.186015
1460.000000	0.225497
1462.000000	0.123308
1464.000000	0.063163
1466.000000	0.096710
1468.000000	0.093358
1470.000000	0.067260
1472.000000	0.037266
1474.000000	0.014310
1476.000000	0.016774
1478.000000	0.000474
1480.000000	-0.030397
1482.000000	-0.005240
1484.000000	-0.009820
1486.000000	-0.046867
1488.000000	-0.040490
1490.000000	-0.022108
1492.000000	-0.012456
1494.000000	-0.011406
1496.000000	-0.015256
1498.000000	-0.030707
1500.000000	-0.058731
1502.000000	-0.088071
1504.000000	-0.105690
1506.000000	-0.114264
1508.000000	-0.110997
1510.000000	-0.059240
1512.000000	-0.022560
1514.000000	-0.040405
1516.000000	-0.040748
1518.000000	-0.032023
1520.000000	-0.022169
1522.000000	-0.006951
1524.000000	-0.036886
1526.000000	-0.046525
1528.000000	0.012878
1530.000000	0.010700
1532.000000	-0.013872
1534.000000	-0.008242
1536.000000	0.000347
1538.000000	0.020754
1540.000000	0.035603
1542.000000	0.023247
1544.000000	0.022209
1546.000000	0.052289
1548.000000	0.094567
1550.000000	0.115014
1552.000000	0.166297
1554.000000	0.210747
1556.000000	0.169443
1558.000000	0.169543
1560.000000	0.211464
1562.000000	0.230962
1564.000000	0.237402
1566.000000	0.279061
1568.000000	0.336291
1570.000000	0.346042
1572.000000	0.388839
1574.000000	0.424768
1576.000000	0.397135
1578.000000	0.408340
1580.000000	0.427490
1582.000000	0.408123
1584.000000	0.369596
1586.000000	0.348480
1588.000000	0.330097
1590.000000	0.287985
1592.000000	0.258414
1594.000000	0.262581
1596.000000	0.284559
1598.000000	0.286013
1600.000000	0.278035
1602.000000	0.269736
1604.000000	0.249370
1606.000000	0.194138
1608.000000	0.148012
1610.000000	0.147920
1612.000000	0.170662
1614.000000	0.170539
1616.000000	0.140206
1618.000000	0.116262
1620.000000	0.141007
1622.000000	0.147131
1624.000000	0.108649
1626.000000	0.101921
1628.000000	0.093045
1630.000000	0.098550
1632.000000	0.140767
1634.000000	0.119992
1636.000000	0.076131
1638.000000	0.052683
1640.000000	0.018799
1642.000000	0.019241
1644.000000	0.053696
1646.000000	0.083247
1648.000000	0.098150
1650.000000	0.093164
1652.000000	0.083083
1654.000000	0.101522
1656.000000	0.154009
1658.000000	0.161045
1660.000000	0.080403
1662.000000	0.041724
1664.000000	0.074250
1666.000000	0.119092
1668.000000	0.108128
1670.000000	0.084077
1672.000000	0.037649
1674.000000	-0.029381
1676.000000	-0.029598
1678.000000	0.006545
1680.000000	0.032781
1682.000000	0.042157
1684.000000	0.051937
1686.000000	0.044178
1688.000000	0.008336
1690.000000	-0.023413
1692.000000	-0.030789
1694.000000	-0.021238
1696.000000	-0.018408
1698.000000	-0.035838
1700.000000	-0.069915
1702.000000	-0.066485
1704.000000	-0.063239
1706.000000	-0.060144
1708.000000	-0.057168
1710.000000	-0.054283
1712.000000	-0.051458
1714.000000	-0.048665
1716.000000	-0.016165
1718.000000	-0.046803
1720.000000	-0.051964
1722.000000	-0.051334
1724.000000	-0.074443
1726.000000	-0.073885
1728.000000	-0.080957
1730.000000	-0.080012
1732.000000	-0.032478
1734.000000	0.020965
1736.000000	0.030924
1738.000000	-0.011585
1740.000000	-0.060725
1742.000000	-0.050745
1744.000000	-0.022674
1746.000000	-0.035263
1748.000000	-0.062303
1750.000000	-0.069866
1752.000000	-0.024620
1754.000000	0.036272
1756.000000	-0.037686
1758.000000	-0.041905
1760.000000	0.045079
1762.000000	-0.039242
1764.000000	-0.113495
1766.000000	-0.074176
1768.000000	0.008995
1770.000000	0.002630
1772.000000	-0.032427
1774.000000	-0.043502
1776.000000	-0.046223
1778.000000	-0.064000
1780.000000	-0.043623
1782.000000	-0.013017
1784.000000	-0.059343
1786.000000	-0.059080
1788.000000	-0.021396
1790.000000	-0.021454
1792.000000	-0.057966
1794.000000	-0.045095
1796.000000	0.005822
1798.000000	0.019196
1800.000000	-0.016166
1802.000000	-0.060540
1804.000000	-0.069845
1806.000000	-0.027323
1808.000000	0.035594
1810.000000	0.031999
1812.000000	-0.025960
1814.000000	-0.011790
1816.000000	0.040992
1818.000000	0.025876
1820.000000	-0.047959
1822.000000	-0.007902
1824.000000	0.028416
1826.000000	0.004411
1828.000000	-0.021796
1830.000000	-0.019710
1832.000000	-0.000469
1834.000000	0.001706
1836.000000	-0.026667
1838.000000	-0.032204
1840.000000	-0.044941
1842.000000	-0.061339
1844.000000	-0.019987
1846.000000	0.005549
1848.000000	0.000805
1850.000000	-0.013934
1852.000000	-0.035636
1854.000000	-0.013660
1856.000000	0.017871
1858.000000	-0.002317
1860.000000	-0.042745
1862.000000	-0.029208
1864.000000	0.007782
1866.000000	-0.006959
1868.000000	-0.021430
1870.000000	0.004302
1872.000000	0.033901
1874.000000	0.001105
1876.000000	-0.054571
1878.000000	-0.043751
1880.000000	0.012268
1882.000000	-0.004382
1884.000000	-0.026497
1886.000000	-0.000883
1888.000000	0.043492
1890.000000	0.035305
1892.000000	0.015191
1894.000000	-0.017107
1896.000000	-0.051297
1898.000000	-0.016309
1900.000000	0.021791
1902.000000	0.010802
1904.000000	-0.035969
1906.000000	-0.066906
1908.000000	-0.064538
1910.000000	-0.039963
1912.000000	-0.010386
1914.000000	0.023978
1916.000000	0.069044
1918.000000	0.075682
1920.000000	0.011245
1922.000000	-0.011938
1924.000000	-0.003387
1926.000000	-0.021818
1928.000000	-0.057815
1930.000000	0.010121
1932.000000	0.048842
1934.000000	0.016865
1936.000000	0.034515
1938.000000	-0.000680
1940.000000	-0.069111
1942.000000	-0.073227
1944.000000	0.019456
1946.000000	0.070323
1948.000000	0.057402
1950.000000	0.041930
1952.000000	0.050367
1954.000000	0.001471
1956.000000	-0.023287
1958.000000	0.023833
1960.000000	0.027753
1962.000000	-0.023865
1964.000000	-0.042957
1966.000000	0.001064
1968.000000	0.017571
1970.000000	0.005990
1972.000000	0.015923
1974.000000	0.046511
1976.000000	0.028969
1978.000000	0.005007
1980.000000	0.000000
1982.000000	0.006590
1984.000000	0.007840
1986.000000	-0.018366
1988.000000	-0.032844
1990.000000	-0.006368
1992.000000	0.016964
1994.000000	0.007634
1996.000000	0.005620
1998.000000	0.026401
2000.000000	0.007370
2002.000000	-0.034289
2004.000000	-0.056270
2006.000000	-0.043991
2008.000000	-0.025854
2010.000000	-0.022969
2012.000000	0.003969
2014.000000	0.049672
2016.000000	0.029178
2018.000000	-0.012866
2020.000000	-0.045306
2022.000000	-0.058734
2024.000000	-0.044545
2026.000000	-0.019832
2028.000000	0.024681
2030.000000	0.053555
2032.000000	0.004345
2034.000000	-0.009386
2036.000000	0.031011
2038.000000	0.037321
2040.000000	-0.043414
2042.000000	-0.047648
2044.000000	-0.001325
2046.000000	0.010584
2048.000000	-0.009245
2050.000000	-0.012738
2052.000000	0.000118
2054.000000	0.012268
2056.000000	0.015361
2058.000000	0.005009
2060.000000	0.018782
2062.000000	0.033407
2064.000000	-0.000590
2066.000000	-0.018506
2068.000000	0.004918
2070.000000	0.016557
2072.000000	-0.017794
2074.000000	-0.013298
2076.000000	-0.015456
2078.000000	-0.009219
2080.000000	0.028188
2082.000000	0.001795
2084.000000	-0.039652
2086.000000	-0.056808
2088.000000	-0.053976
2090.000000	-0.039088
2092.000000	-0.016224
2094.000000	0.008501
2096.000000	0.030777
2098.000000	0.049169
2100.000000	0.056788
2102.000000	0.057197
2104.000000	0.031754
2106.000000	-0.038334
2108.000000	-0.077543
2110.000000	-0.036737
2112.000000	0.012429
2114.000000	-0.013218
2116.000000	-0.001405
2118.000000	-0.005185
2120.000000	-0.044758
2122.000000	-0.047045
2124.000000	0.025868
2126.000000	0.064742
2128.000000	0.032950
2130.000000	-0.001265
2132.000000	0.023509
2134.000000	0.031097
2136.000000	-0.022332
2138.000000	-0.045075
2140.000000	0.059552
2142.000000	0.046516
2144.000000	-0.041458
2146.000000	-0.067947
2148.000000	-0.034775
2150.000000	-0.036850
2152.000000	-0.044250
2154.000000	-0.036372
2156.000000	-0.020155
2158.000000	0.034926
2160.000000	0.070956
2162.000000	0.047929
2164.000000	-0.013448
2166.000000	-0.045511
2168.000000	0.012392
2170.000000	0.008970
2172.000000	-0.040027
2174.000000	0.048660
2176.000000	0.023258
2178.000000	-0.031926
2180.000000	-0.021394
2182.000000	0.006789
2184.000000	0.031802
2186.000000	0.007762
2188.000000	-0.011581
2190.000000	0.009085
2192.000000	-0.000471
2194.000000	0.050923
2196.000000	0.061936
2198.000000	-0.020173
2200.000000	-0.069640
2202.000000	-0.058777
2204.000000	0.025986
2206.000000	0.087419
2208.000000	0.042242
2210.000000	0.011016
2212.000000	0.008614
2214.000000	-0.015341
2216.000000	-0.041219
2218.000000	0.009648
2220.000000	0.014531
2222.000000	-0.038001
2224.000000	-0.053704
2226.000000	0.008294
2228.000000	0.023456
2230.000000	0.002243
2232.000000	0.009122
2234.000000	0.049188
2236.000000	0.057232
2238.000000	0.050218
2240.000000	0.001948
2242.000000	-0.066940
2244.000000	-0.074286
2246.000000	-0.033990
2248.000000	-0.015687
2250.000000	-0.009350
2252.000000	0.022532
2254.000000	0.027546
2256.000000	-0.029967
2258.000000	-0.037321
2260.000000	0.050872
2262.000000	0.093123
2264.000000	-0.009392
2266.000000	-0.029361
2268.000000	0.000077
2270.000000	-0.051157
2272.000000	0.013006
2274.000000	0.090590
2276.000000	0.077203
2278.000000	0.003316
2280.000000	-0.033449
2282.000000	-0.030350
2284.000000	-0.008133
2286.000000	-0.006517
2288.000000	-0.019139
2290.000000	0.010839
2292.000000	-0.018007
2294.000000	-0.052643
2296.000000	-0.042364
2298.000000	-0.034223
2300.000000	-0.018689
2302.000000	0.038126
2304.000000	0.052948
2306.000000	0.002639
2308.000000	0.021891
2310.000000	0.030603
2312.000000	0.006017
2314.000000	-0.003335
2316.000000	0.032394
2318.000000	0.070499
2320.000000	0.091932
2322.000000	0.062279
2324.000000	-0.000535
2326.000000	-0.019451
2328.000000	0.002095
2330.000000	0.031099
2332.000000	0.040399
2334.000000	0.039501
2336.000000	0.053027
2338.000000	0.014461
2340.000000	-0.033011
2342.000000	-0.064032
2344.000000	-0.078597
2346.000000	-0.000478
2348.000000	-0.002145
2350.000000	-0.036050
2352.000000	-0.021611
2354.000000	-0.032901
2356.000000	-0.014177
2358.000000	0.021149
2360.000000	0.006362
2362.000000	-0.044245
2364.000000	-0.024663
2366.000000	-0.010974
2368.000000	-0.007744
2370.000000	0.009322
2372.000000	0.040907
2374.000000	0.071578
2376.000000	0.029880
2378.000000	-0.022415
2380.000000	-0.012020
2382.000000	0.009018
2384.000000	-0.048158
2386.000000	-0.002653
2388.000000	0.049122
2390.000000	0.004278
2392.000000	-0.006092
2394.000000	-0.045461
2396.000000	-0.048355
2398.000000	-0.003404
2400.000000	0.014341
2402.000000	-0.019235
2404.000000	-0.010081
2406.000000	0.006096
2408.000000	0.003797
2410.000000	0.000927
2412.000000	-0.010609
2414.000000	0.001260
2416.000000	-0.009091
2418.000000	-0.035529
2420.000000	-0.013036
2422.000000	0.034972
2424.000000	0.002343
2426.000000	-0.013022
2428.000000	-0.002345
2430.000000	-0.049502
2432.000000	-0.030715
2434.000000	-0.028901
2436.000000	-0.053124
2438.000000	-0.053593
2440.000000	-0.021324
2442.000000	0.013742
2444.000000	0.006620
2446.000000	0.004766
2448.000000	-0.001061
2450.000000	-0.054432
2452.000000	-0.011149
2454.000000	0.063661
2456.000000	0.070753
2458.000000	0.024968
2460.000000	-0.002787
2462.000000	-0.041853
2464.000000	-0.043091
2466.000000	-0.044924
2468.000000	-0.037372
2470.000000	0.027316
2472.000000	-0.019602
2474.000000	-0.057004
2476.000000	-0.028477
2478.000000	-0.002344
2480.000000	-0.025844
2482.000000	-0.046431
2484.000000	0.023493
2486.000000	0.031199
2488.000000	0.038905
2490.000000	-0.068101
2492.000000	-0.025995
2494.000000	-0.002030
2496.000000	-0.032097
2498.000000	-0.044124
2500.000000	-0.026790
2502.000000	0.009251
2504.000000	0.009314
2506.000000	-0.042368
2508.000000	-0.068943
2510.000000	-0.027107
2512.000000	-0.036385
2514.000000	-0.035211
2516.000000	0.010345
2518.000000	0.047943
2520.000000	0.021123
2522.000000	-0.037601
2524.000000	-0.041024
2526.000000	-0.020171
2528.000000	-0.006534
2530.000000	0.008768
2532.000000	0.002258
2534.000000	-0.037545
2536.000000	-0.049021
2538.000000	-0.033628
2540.000000	-0.031500
2542.000000	-0.018541
2544.000000	0.029085
2546.000000	0.065481
2548.000000	0.042949
2550.000000	-0.012201
2552.000000	-0.024385
2554.000000	0.006183
2556.000000	0.016132
2558.000000	-0.036141
2560.000000	-0.061945
2562.000000	0.011822
2564.000000	0.010991
2566.000000	-0.037874
2568.000000	-0.002141
2570.000000	0.045018
2572.000000	-0.017217
2574.000000	-0.034217
2576.000000	0.007198
2578.000000	0.056401
2580.000000	0.050219
2582.000000	-0.016915
2584.000000	-0.064732
2586.000000	-0.029705
2588.000000	0.068094
2590.000000	0.066753
2592.000000	-0.044395
2594.000000	-0.077747
2596.000000	-0.029316
2598.000000	0.035601
2600.000000	0.070048
2602.000000	0.045238
2604.000000	-0.001540
2606.000000	0.014257
2608.000000	-0.005061
2610.000000	0.020279
2612.000000	0.056433
2614.000000	0.022500
2616.000000	-0.030866
2618.000000	-0.078126
2620.000000	-0.011013
2622.000000	0.049814
2624.000000	0.007107
2626.000000	-0.034735
2628.000000	0.010391
2630.000000	0.060425
2632.000000	0.026803
2634.000000	-0.051268
2636.000000	-0.077957
2638.000000	-0.034746
2640.000000	0.024867
2642.000000	0.052747
2644.000000	0.033393
2646.000000	0.003622
2648.000000	0.003253
2650.000000	0.005628
2652.000000	-0.015190
2654.000000	-0.026139
2656.000000	-0.049939
2658.000000	-0.057006
2660.000000	0.021268
2662.000000	0.033839
2664.000000	0.031738
2666.000000	0.027064
2668.000000	0.022569
2670.000000	0.029114
2672.000000	0.007769
2674.000000	-0.022733
2676.000000	-0.015045
2678.000000	-0.000225
2680.000000	-0.005338
2682.000000	-0.004674
2684.000000	-0.008008
2686.000000	-0.019647
2688.000000	-0.023807
2690.000000	-0.023228
2692.000000	0.004739
2694.000000	-0.001488
2696.000000	-0.007715
2698.000000	-0.013942
2700.000000	-0.038015
2702.000000	-0.014198
2704.000000	0.004889
2706.000000	-0.020147
2708.000000	-0.031534
2710.000000	0.010259
2712.000000	0.053317
2714.000000	0.044811
2716.000000	-0.001118
2718.000000	-0.034787
2720.000000	-0.010735
2722.000000	0.004429
2724.000000	0.030635
2726.000000	0.052428
2728.000000	0.014096
2730.000000	0.018287
2732.000000	0.019974
2734.000000	0.022230
2736.000000	0.048032
2738.000000	0.045337
2740.000000	-0.028901
2742.000000	-0.066125
2744.000000	-0.062978
2746.000000	-0.019767
2748.000000	-0.043846
2750.000000	-0.082717
2752.000000	0.007452
2754.000000	-0.027456
2756.000000	-0.008029
2758.000000	0.070439
2760.000000	0.050202
2762.000000	-0.050113
2764.000000	-0.067948
2766.000000	-0.056176
2768.000000	0.008074
2770.000000	-0.003996
2772.000000	-0.054985
2774.000000	-0.024894
2776.000000	0.020061
2778.000000	-0.009481
2780.000000	-0.021743
2782.000000	-0.043609
2784.000000	-0.045829
2786.000000	-0.013719
2788.000000	-0.031471
2790.000000	-0.064907
2792.000000	-0.041737
2794.000000	-0.019484
2796.000000	-0.035314
2798.000000	-0.044755
2800.000000	-0.029592
2802.000000	-0.050882
2804.000000	-0.082326
2806.000000	-0.092675
2808.000000	-0.048082
2810.000000	-0.027759
2812.000000	-0.088470
2814.000000	-0.086261
2816.000000	-0.083539
2818.000000	-0.038151
2820.000000	-0.024918
2822.000000	-0.052005
2824.000000	-0.058100
2826.000000	-0.083471
2828.000000	-0.055854
2830.000000	-0.058174
2832.000000	-0.100450
2834.000000	-0.079722
2836.000000	-0.008107
2838.000000	-0.012542
2840.000000	-0.020326
2842.000000	-0.035847
2844.000000	-0.030432
2846.000000	-0.004622
2848.000000	0.029129
2850.000000	0.077115
2852.000000	0.097911
2854.000000	0.054301
2856.000000	0.164781
2858.000000	0.220283
2860.000000	0.146365
2862.000000	0.172198
2864.000000	0.245207
2866.000000	0.208756
2868.000000	0.249735
2870.000000	0.259621
2872.000000	0.277850
2874.000000	0.341451
2876.000000	0.360524
2878.000000	0.489370
2880.000000	0.432526
2882.000000	0.446996
2884.000000	0.435060
2886.000000	0.339629
2888.000000	0.319787
2890.000000	0.321941
2892.000000	0.409258
2894.000000	0.455743
2896.000000	0.461548
2898.000000	0.461205
2900.000000	0.458787
2902.000000	0.504091
2904.000000	0.599633
2906.000000	0.516368
2908.000000	0.512920
2910.000000	0.551976
2912.000000	0.556813
2914.000000	0.550400
2916.000000	0.544077
2918.000000	0.664514
2920.000000	0.691469
2922.000000	0.710804
2924.000000	0.869765
2926.000000	0.920902
2928.000000	0.818431
2930.000000	0.927263
2932.000000	0.898635
2934.000000	0.933782
2936.000000	1.000000
2938.000000	0.978995
2940.000000	0.912886
2942.000000	0.855428
2944.000000	0.785110
2946.000000	0.789744
2948.000000	0.707242
2950.000000	0.641471
2952.000000	0.631208
2954.000000	0.587292
2956.000000	0.524996
2958.000000	0.508487
2960.000000	0.451181
2962.000000	0.424765
2964.000000	0.436443
2966.000000	0.447911
2968.000000	0.450224
2970.000000	0.450441
2972.000000	0.443732
2974.000000	0.413339
2976.000000	0.296087
2978.000000	0.239739
2980.000000	0.268391
2982.000000	0.259937
2984.000000	0.208562
2986.000000	0.211171
2988.000000	0.229181
2990.000000	0.274806
2992.000000	0.219618
2994.000000	0.107345
2996.000000	0.060735
2998.000000	0.088388
3000.000000	0.110544
3002.000000	0.041778
3004.000000	0.048489
3006.000000	-0.017186
3008.000000	-0.075555
3010.000000	-0.036843
3012.000000	0.040328
3014.000000	0.082197
3016.000000	-0.002896
3018.000000	0.004629
3020.000000	-0.034966
3022.000000	-0.071403
3024.000000	-0.068737
3026.000000	-0.067810
3028.000000	-0.086985
3030.000000	-0.138397
3032.000000	-0.065692
3034.000000	-0.119801
3036.000000	-0.064175
3038.000000	-0.001060
3040.000000	-0.040426
3042.000000	-0.026706
3044.000000	0.002064
3046.000000	-0.012585
3048.000000	-0.029704
3050.000000	-0.041511
3052.000000	0.013915
3054.000000	0.029395
3056.000000	0.001268
3058.000000	0.057750
3060.000000	0.074243
3062.000000	0.057121
3064.000000	0.063994
3066.000000	0.067786
3068.000000	0.088173
3070.000000	0.101171
3072.000000	0.078290
3074.000000	0.056735
3076.000000	0.016172
3078.000000	-0.003807
3080.000000	0.043208
3082.000000	0.104383
3084.000000	0.077760
3086.000000	0.038244
3088.000000	0.019320
3090.000000	-0.036500
3092.000000	0.062712
3094.000000	0.017756
3096.000000	-0.055977
3098.000000	-0.062968
3100.000000	-0.007024
3102.000000	0.037516
3104.000000	0.006790
3106.000000	-0.026357
3108.000000	-0.009423
3110.000000	-0.062867
3112.000000	-0.046789
3114.000000	-0.030027
3116.000000	-0.047704
3118.000000	-0.041365
3120.000000	-0.020756
3122.000000	-0.003898
3124.000000	0.029021
3126.000000	-0.006058
3128.000000	-0.078647
3130.000000	-0.063893
3132.000000	-0.033201
3134.000000	-0.008295
3136.000000	0.029263
3138.000000	0.010483
3140.000000	0.002256
3142.000000	-0.058546
3144.000000	-0.020560
3146.000000	0.011344
3148.000000	-0.006568
3150.000000	-0.021863
3152.000000	0.003089
3154.000000	0.003483
3156.000000	-0.090507
3158.000000	-0.036575
3160.000000	0.008366
3162.000000	0.028032
3164.000000	0.008893
3166.000000	-0.017361
3168.000000	-0.022286
3170.000000	-0.019915
3172.000000	-0.005301
3174.000000	0.001885
3176.000000	0.024417
3178.000000	0.003756
3180.000000	-0.005288
3182.000000	-0.045973
3184.000000	-0.064529
3186.000000	0.011781
3188.000000	0.056062
3190.000000	0.007681
3192.000000	0.007400
3194.000000	-0.026811
3196.000000	-0.066977
3198.000000	-0.047105
3200.000000	0.009741
3202.000000	0.053972
3204.000000	0.047708
3206.000000	0.004136
3208.000000	-0.021067
3210.000000	-0.071861
3212.000000	-0.009531
3214.000000	0.021238
3216.000000	0.032613
3218.000000	0.034396
3220.000000	0.004914
3222.000000	-0.001464
3224.000000	0.028203
3226.000000	0.007240
3228.000000	-0.051236
3230.000000	-0.012496
3232.000000	0.007266
3234.000000	-0.012676
3236.000000	0.014725
3238.000000	0.033272
3240.000000	-0.025117
3242.000000	-0.075628
3244.000000	-0.067905
3246.000000	-0.039967
3248.000000	-0.015352
3250.000000	-0.022881
3252.000000	0.036129
3254.000000	0.024370
3256.000000	-0.011063
3258.000000	0.035069
3260.000000	0.051286
3262.000000	-0.012811
3264.000000	-0.073450
3266.000000	-0.006308
3268.000000	-0.000048
3270.000000	0.015528
3272.000000	0.031568
3274.000000	0.008361
3276.000000	0.011752
3278.000000	0.020931
3280.000000	0.014294
3282.000000	0.068910
3284.000000	0.049241
3286.000000	0.089540
3288.000000	0.037710
3290.000000	0.042441
3292.000000	0.056201
3294.000000	0.057522
3296.000000	0.064194
3298.000000	0.080507
3300.000000	0.054688
3302.000000	-0.059163
3304.000000	0.051043
3306.000000	0.086042
3308.000000	0.058674
3310.000000	0.036271
3312.000000	0.072809
3314.000000	0.063733
3316.000000	0.072831
3318.000000	0.104242
3320.000000	0.026831
3322.000000	0.015193
3324.000000	0.056703
3326.000000	0.039726
3328.000000	0.012300
3330.000000	0.100526
3332.000000	0.095801
3334.000000	0.063108
3336.000000	0.047034
3338.000000	0.033690
3340.000000	0.041629
3342.000000	0.020010
3344.000000	0.064549
3346.000000	0.028469
3348.000000	0.048947
3350.000000	0.028880
3352.000000	0.072981
3354.000000	0.078699
3356.000000	0.026316
3358.000000	0.047734
3360.000000	0.076662
3362.000000	0.019482
3364.000000	-0.024796
3366.000000	-0.030043
3368.000000	0.056295
3370.000000	0.058730
3372.000000	0.042126
3374.000000	0.087040
3376.000000	0.121657
3378.000000	0.019709
3380.000000	-0.046115
3382.000000	-0.001287
3384.000000	0.015990
3386.000000	0.056519
3388.000000	0.032153
3390.000000	-0.038842
3392.000000	-0.000243
3394.000000	0.028114
3396.000000	0.014347
3398.000000	0.074187
3400.000000	0.112041
3402.000000	0.030883
3404.000000	-0.046336
3406.000000	-0.010340
3408.000000	0.062332
3410.000000	0.064794
3412.000000	0.016868
3414.000000	-0.004344
3416.000000	0.014936
3418.000000	0.031685
3420.000000	0.042800
3422.000000	0.034499
3424.000000	-0.045977
3426.000000	-0.075023
3428.000000	-0.013749
3430.000000	0.027261
3432.000000	0.055108
3434.000000	0.035289
3436.000000	-0.035300
3438.000000	-0.063092
3440.000000	-0.025324
3442.000000	0.031311
3444.000000	0.052504
3446.000000	0.018559
3448.000000	-0.011742
3450.000000	0.005327
3452.000000	0.002560
3454.000000	0.025683
3456.000000	0.075072
3458.000000	0.013068
3460.000000	0.031023
3462.000000	0.031412
3464.000000	0.008509
3466.000000	0.030883
3468.000000	-0.014298
3470.000000	-0.021939
3472.000000	0.015677
3474.000000	0.021658
3476.000000	0.006160
3478.000000	-0.032067
3480.000000	-0.064730
3482.000000	-0.041481
3484.000000	0.016250
3486.000000	0.077525
3488.000000	-0.019698
3490.000000	-0.045313
3492.000000	0.000493
3494.000000	-0.002513
3496.000000	0.011405
3498.000000	0.014460
3500.000000	-0.008575
3502.000000	-0.049370
3504.000000	-0.037140
3506.000000	0.018340
3508.000000	0.014278
3510.000000	-0.048471
3512.000000	-0.062719
3514.000000	0.045250
3516.000000	-0.018030
3518.000000	0.036581
3520.000000	0.031962
3522.000000	-0.036707
3524.000000	-0.024771
3526.000000	-0.019281
3528.000000	0.002629
3530.000000	-0.023081
3532.000000	-0.076900
3534.000000	-0.056941
3536.000000	-0.002249
3538.000000	0.024333
3540.000000	0.013317
3542.000000	0.024631
3544.000000	0.015119
3546.000000	0.006316
3548.000000	0.037083
3550.000000	-0.060657
3552.000000	-0.075839
3554.000000	-0.014986
3556.000000	-0.020587
3558.000000	0.047713
3560.000000	0.043738
3562.000000	-0.052404
3564.000000	-0.053249
3566.000000	0.000267
3568.000000	-0.007576
3570.000000	-0.049839
3572.000000	-0.021623
3574.000000	-0.045297
3576.000000	-0.042552
3578.000000	-0.011934
3580.000000	0.029412
3582.000000	-0.060336
3584.000000	-0.060975
3586.000000	-0.027445
3588.000000	-0.048342
3590.000000	-0.024821
3592.000000	0.019445
3594.000000	0.003115
3596.000000	-0.013967
3598.000000	-0.030246
3600.000000	-0.059092
