400.000000	-0.031543
402.000000	-0.015546
404.000000	-0.000215
406.000000	0.017851
408.000000	0.044741
410.000000	0.032610
412.000000	-0.006590
414.000000	-0.007431
416.000000	0.011156
418.000000	0.010945
420.000000	-0.020175
422.000000	-0.046353
424.000000	-0.025060
426.000000	-0.010166
428.000000	-0.027679
430.000000	-0.038400
432.000000	-0.031122
434.000000	-0.009692
436.000000	0.023501
438.000000	0.042184
440.000000	0.012579
442.000000	-0.019929
444.000000	-0.021054
446.000000	-0.020824
448.000000	-0.038624
450.000000	-0.071868
452.000000	-0.081787
454.000000	-0.058805
456.000000	-0.032838
458.000000	-0.007241
460.000000	0.013256
462.000000	-0.002866
464.000000	-0.034415
466.000000	-0.032898
468.000000	-0.024894
470.000000	-0.033797
472.000000	-0.047590
474.000000	-0.043817
476.000000	-0.017913
478.000000	-0.020204
480.000000	-0.037103
482.000000	-0.007471
484.000000	-0.005194
486.000000	-0.002916
488.000000	-0.000638
490.000000	0.001640
492.000000	-0.020081
494.000000	-0.039179
496.000000	-0.042236
498.000000	-0.038873
500.000000	-0.043937
502.000000	-0.056833
504.000000	-0.049276
506.000000	-0.049235
508.000000	-0.083485
510.000000	-0.037579
512.000000	0.068528
514.000000	0.055131
516.000000	-0.012782
518.000000	-0.023196
520.000000	0.013486
522.000000	0.041483
524.000000	0.014599
526.000000	0.003402
528.000000	0.030694
530.000000	0.036049
532.000000	0.031903
534.000000	0.040211
536.000000	0.033273
538.000000	0.015961
540.000000	0.014945
542.000000	0.027628
544.000000	0.017818
546.000000	-0.058911
548.000000	-0.071588
550.000000	0.042395
552.000000	0.054337
554.000000	-0.031994
556.000000	-0.053603
558.000000	-0.001482
560.000000	0.058420
562.000000	0.036784
564.000000	-0.003734
566.000000	0.001712
568.000000	-0.003619
570.000000	-0.019489
572.000000	-0.009914
574.000000	0.009631
576.000000	0.017013
578.000000	-0.002452
580.000000	-0.051496
582.000000	-0.086236
584.000000	-0.003372
586.000000	0.088605
588.000000	0.040373
590.000000	0.008351
592.000000	0.027670
594.000000	-0.015092
596.000000	-0.029949
598.000000	0.032101
600.000000	0.048668
602.000000	0.017745
604.000000	-0.005039
606.000000	-0.014791
608.000000	-0.025558
610.000000	-0.048477
612.000000	-0.041437
614.000000	-0.014016
616.000000	-0.046740
618.000000	-0.053756
620.000000	0.023978
622.000000	0.023058
624.000000	-0.042028
626.000000	-0.044367
628.000000	-0.004348
630.000000	0.021854
632.000000	-0.006153
634.000000	-0.023638
636.000000	0.008683
638.000000	0.022301
640.000000	-0.002307
642.000000	-0.039151
644.000000	-0.037061
646.000000	-0.007797
648.000000	-0.010003
650.000000	-0.042770
652.000000	-0.067021
654.000000	-0.030559
656.000000	0.010420
658.000000	0.004809
660.000000	0.007683
662.000000	0.020830
664.000000	0.016853
666.000000	0.017819
668.000000	0.031922
670.000000	0.042932
672.000000	0.032995
674.000000	-0.007045
676.000000	-0.065237
678.000000	-0.066262
680.000000	0.008212
682.000000	-0.000703
684.000000	-0.038042
686.000000	0.032921
688.000000	0.051209
690.000000	-0.007258
692.000000	0.004254
694.000000	0.025561
696.000000	0.005237
698.000000	0.004371
700.000000	0.018765
702.000000	0.027025
704.000000	0.048246
706.000000	0.065885
708.000000	0.046727
710.000000	0.000526
712.000000	-0.026147
714.000000	0.013245
716.000000	0.027572
718.000000	-0.005298
720.000000	0.026921
722.000000	0.041896
724.000000	-0.031717
726.000000	-0.061990
728.000000	-0.034762
730.000000	-0.011269
732.000000	-0.001211
734.000000	0.004488
736.000000	0.014955
738.000000	0.005848
740.000000	-0.002222
742.000000	0.056087
744.000000	0.101407
746.000000	0.079134
748.000000	0.071401
750.000000	0.071761
752.000000	0.072121
754.000000	0.072481
756.000000	0.072841
758.000000	0.009063
760.000000	0.000982
762.000000	0.029867
764.000000	0.008509
766.000000	-0.022011
768.000000	-0.025079
770.000000	-0.020953
772.000000	0.002877
774.000000	0.036048
776.000000	0.009008
778.000000	-0.023719
780.000000	-0.000668
782.000000	-0.024157
784.000000	-0.062065
786.000000	-0.017744
788.000000	0.005250
790.000000	-0.023874
792.000000	-0.034639
794.000000	-0.040531
796.000000	-0.045037
798.000000	-0.015506
800.000000	0.000947
802.000000	-0.024475
804.000000	-0.035557
806.000000	-0.020992
808.000000	0.002312
810.000000	0.018079
812.000000	0.002788
814.000000	-0.040923
816.000000	-0.021121
818.000000	0.049323
820.000000	0.079779
822.000000	0.102506
824.000000	0.111895
826.000000	0.050660
828.000000	0.010128
830.000000	0.038209
832.000000	0.057276
834.000000	0.067239
836.000000	0.069038
838.000000	0.008374
840.000000	-0.048602
842.000000	-0.022263
844.000000	0.033834
846.000000	0.053463
848.000000	0.006151
850.000000	-0.047171
852.000000	-0.067436
854.000000	-0.052975
856.000000	-0.014754
858.000000	0.035294
860.000000	0.079341
862.000000	0.062317
864.000000	-0.008313
866.000000	-0.041087
868.000000	-0.021760
870.000000	0.010340
872.000000	-0.004784
874.000000	-0.022735
876.000000	-0.004093
878.000000	-0.010088
880.000000	-0.030154
882.000000	-0.028755
884.000000	-0.024153
886.000000	-0.013337
888.000000	0.010607
890.000000	0.009871
892.000000	-0.001845
894.000000	0.016155
896.000000	0.025117
898.000000	0.007033
900.000000	-0.016160
902.000000	-0.016630
904.000000	-0.002099
906.000000	-0.009662
908.000000	-0.007480
910.000000	0.023182
912.000000	0.051229
914.000000	0.044858
916.000000	0.009759
918.000000	-0.001822
920.000000	-0.022982
922.000000	-0.055725
924.000000	0.009449
926.000000	0.074917
928.000000	0.035711
930.000000	0.013856
932.000000	0.007622
934.000000	-0.018557
936.000000	0.038866
938.000000	0.095263
940.000000	0.021076
942.000000	-0.021740
944.000000	0.000044
946.000000	0.005424
948.000000	0.019112
950.000000	0.030839
952.000000	0.005868
954.000000	0.012436
956.000000	0.024353
958.000000	-0.048664
960.000000	-0.052122
962.000000	0.037604
964.000000	0.051979
966.000000	-0.010602
968.000000	-0.065611
970.000000	-0.025497
972.000000	0.001837
974.000000	-0.024552
976.000000	0.010222
978.000000	0.025901
980.000000	-0.027967
982.000000	-0.048880
984.000000	-0.030099
986.000000	-0.006419
988.000000	0.000608
990.000000	0.008186
992.000000	0.042303
994.000000	0.102969
996.000000	0.103856
998.000000	0.034308
1000.000000	0.082159
1002.000000	0.154272
1004.000000	0.111843
1006.000000	0.060134
1008.000000	0.048459
1010.000000	0.064540
1012.000000	0.077786
1014.000000	0.124599
1016.000000	0.131792
1018.000000	0.138985
1020.000000	0.146178
1022.000000	0.084617
1024.000000	0.056497
1026.000000	0.049457
1028.000000	0.039662
1030.000000	0.014348
1032.000000	-0.000616
1034.000000	0.017734
1036.000000	0.017459
1038.000000	0.015863
1040.000000	0.044851
1042.000000	0.013914
1044.000000	-0.037980
1046.000000	-0.018308
1048.000000	-0.011634
1050.000000	-0.025226
1052.000000	-0.007580
1054.000000	0.010623
1056.000000	-0.007668
1058.000000	-0.053795
1060.000000	-0.014278
1062.000000	0.041663
1064.000000	-0.016572
1066.000000	-0.017171
1068.000000	0.024800
1070.000000	-0.026302
1072.000000	-0.064110
1074.000000	-0.033429
1076.000000	0.026468
1078.000000	0.038377
1080.000000	0.031717
1082.000000	0.073109
1084.000000	0.070934
1086.000000	0.052649
1088.000000	0.090954
1090.000000	0.046538
1092.000000	-0.021520
1094.000000	0.029834
1096.000000	0.047250
1098.000000	0.027672
1100.000000	0.061688
1102.000000	0.060050
1104.000000	0.016920
1106.000000	-0.001952
1108.000000	0.023470
1110.000000	0.073465
1112.000000	0.106978
1114.000000	0.092070
1116.000000	0.067142
1118.000000	0.070442
1120.000000	0.031053
1122.000000	0.024382
1124.000000	0.118591
1126.000000	0.123836
1128.000000	0.081755
1130.000000	0.105335
1132.000000	0.094364
1134.000000	0.063293
1136.000000	0.057561
1138.000000	0.017243
1140.000000	-0.004584
1142.000000	0.030958
1144.000000	0.014945
1146.000000	0.019631
1148.000000	0.090291
1150.000000	0.061557
1152.000000	0.003379
1154.000000	0.015616
1156.000000	0.039302
1158.000000	0.029100
1160.000000	-0.016563
1162.000000	-0.053024
1164.000000	-0.049821
1166.000000	-0.011102
1168.000000	0.021936
1170.000000	0.021900
1172.000000	0.009457
1174.000000	0.037061
1176.000000	0.040452
1178.000000	0.000313
1180.000000	-0.023316
1182.000000	-0.057971
1184.000000	-0.081823
1186.000000	-0.036289
1188.000000	-0.033378
1190.000000	-0.066275
1192.000000	-0.031164
1194.000000	-0.026645
1196.000000	-0.044486
1198.000000	0.003231
1200.000000	0.049079
1202.000000	0.034410
1204.000000	-0.029594
1206.000000	-0.034001
1208.000000	0.024765
1210.000000	0.067984
1212.000000	0.028257
1214.000000	-0.024266
1216.000000	-0.009781
1218.000000	0.018190
1220.000000	0.040029
1222.000000	0.049865
1224.000000	0.031323
1226.000000	0.029395
1228.000000	0.069486
1230.000000	0.105838
1232.000000	0.080522
1234.000000	0.011979
1236.000000	-0.005695
1238.000000	0.005227
1240.000000	0.007513
1242.000000	-0.003394
1244.000000	0.001562
1246.000000	0.033849
1248.000000	0.069169
1250.000000	0.050113
1252.000000	0.013855
1254.000000	0.035024
1256.000000	0.075837
1258.000000	0.081601
1260.000000	0.041258
1262.000000	0.028297
1264.000000	0.039060
1266.000000	0.026637
1268.000000	-0.029927
1270.000000	-0.029268
1272.000000	0.041796
1274.000000	0.027157
1276.000000	0.011102
1278.000000	0.037801
1280.000000	0.020833
1282.000000	0.016044
1284.000000	0.033229
1286.000000	0.019628
1288.000000	0.019164
1290.000000	0.038668
1292.000000	0.046304
1294.000000	0.042532
1296.000000	0.060095
1298.000000	0.108111
1300.000000	0.113159
1302.000000	0.079410
1304.000000	0.065686
1306.000000	0.125216
1308.000000	0.188260
1310.000000	0.190978
1312.000000	0.151521
1314.000000	0.097788
1316.000000	0.088923
1318.000000	0.165913
1320.000000	0.177614
1322.000000	0.128047
1324.000000	0.136237
1326.000000	0.136491
1328.000000	0.093438
1330.000000	0.041300
1332.000000	0.057438
1334.000000	0.117521
1336.000000	0.141043
1338.000000	0.076448
1340.000000	0.042951
1342.000000	0.107938
1344.000000	0.174886
1346.000000	0.141609
1348.000000	0.059294
1350.000000	0.068033
1352.000000	0.074269
1354.000000	0.050929
1356.000000	0.055420
1358.000000	0.109580
1360.000000	0.156403
1362.000000	0.144999
1364.000000	0.118818
1366.000000	0.106731
1368.000000	0.113664
1370.000000	0.127698
1372.000000	0.142693
1374.000000	0.150941
1376.000000	0.139712
1378.000000	0.097868
1380.000000	0.085685
1382.000000	0.153534
1384.000000	0.182480
1386.000000	0.152387
1388.000000	0.124116
1390.000000	0.150332
1392.000000	0.170624
1394.000000	0.162353
1396.000000	0.192666
1398.000000	0.175954
1400.000000	0.133409
1402.000000	0.178402
1404.000000	0.195038
1406.000000	0.133499
1408.000000	0.052583
1410.000000	0.043238
1412.000000	0.041089
1414.000000	0.006200
1416.000000	0.051875
1418.000000	0.082318
1420.000000	0.050398
1422.000000	0.043744
1424.000000	0.042389
1426.000000	0.042598
1428.000000	0.062954
1430.000000	0.076029
1432.000000	0.099602
1434.000000	0.138977
1436.000000	0.128621
1438.000000	0.113930
1440.000000	0.146652
1442.000000	0.205647
1444.000000	0.216542
1446.000000	0.195367
1448.000000	0.203462
1450.000000	0.157202
1452.000000	0.137736
1454.000000	0.207278
1456.000000	0.171457
1458.000000	0.112489
1460.000000	0.121659
1462.000000	0.125289
1464.000000	0.120650
1466.000000	0.122310
1468.000000	0.119445
1470.000000	0.058275
1472.000000	0.020718
1474.000000	0.073097
1476.000000	0.079393
1478.000000	0.021329
1480.000000	-0.048777
1482.000000	-0.076178
1484.000000	-0.046168
1486.000000	-0.003323
1488.000000	-0.005232
1490.000000	-0.020776
1492.000000	-0.019869
1494.000000	-0.002647
1496.000000	-0.000901
1498.000000	-0.016784
1500.000000	-0.031936
1502.000000	-0.025174
1504.000000	-0.001883
1506.000000	0.005718
1508.000000	-0.023761
1510.000000	-0.047684
1512.000000	-0.050694
1514.000000	-0.037620
1516.000000	-0.017639
1518.000000	-0.019481
1520.000000	-0.022494
1522.000000	0.011088
1524.000000	-0.002257
1526.000000	-0.046061
1528.000000	-0.059987
1530.000000	-0.062600
1532.000000	-0.053733
1534.000000	-0.038887
1536.000000	-0.031957
1538.000000	0.007216
1540.000000	0.036309
1542.000000	0.001422
1544.000000	0.002467
1546.000000	0.026168
1548.000000	0.042496
1550.000000	0.088262
1552.000000	0.112323
1554.000000	0.082157
1556.000000	0.038199
1558.000000	0.080151
1560.000000	0.140703
1562.000000	0.124467
1564.000000	0.088631
1566.000000	0.132315
1568.000000	0.218483
1570.000000	0.220004
1572.000000	0.245322
1574.000000	0.287239
1576.000000	0.270320
1578.000000	0.224612
1580.000000	0.229016
1582.000000	0.267159
1584.000000	0.237466
1586.000000	0.224365
1588.000000	0.236765
1590.000000	0.214622
1592.000000	0.158636
1594.000000	0.131450
1596.000000	0.161891
1598.000000	0.191569
1600.000000	0.130826
1602.000000	0.068417
1604.000000	0.123315
1606.000000	0.154751
1608.000000	0.122091
1610.000000	0.082767
1612.000000	0.102474
1614.000000	0.103052
1616.000000	0.085594
1618.000000	0.100448
1620.000000	0.095076
1622.000000	0.091090
1624.000000	0.117657
1626.000000	0.148412
1628.000000	0.133750
1630.000000	0.094730
1632.000000	0.094371
1634.000000	0.141257
1636.000000	0.173705
1638.000000	0.155943
1640.000000	0.126665
1642.000000	0.124074
1644.000000	0.112388
1646.000000	0.064540
1648.000000	0.077886
1650.000000	0.123307
1652.000000	0.141248
1654.000000	0.129565
1656.000000	0.139383
1658.000000	0.151037
1660.000000	0.116288
1662.000000	0.056117
1664.000000	0.035141
1666.000000	0.079167
1668.000000	0.133655
1670.000000	0.092729
1672.000000	0.023778
1674.000000	0.036097
1676.000000	0.093238
1678.000000	0.110245
1680.000000	0.078443
1682.000000	0.067432
1684.000000	0.107212
1686.000000	0.115932
1688.000000	0.039100
1690.000000	-0.041537
1692.000000	-0.030278
1694.000000	-0.001512
1696.000000	-0.047420
1698.000000	0.009267
1700.000000	0.091643
1702.000000	0.093176
1704.000000	0.094708
1706.000000	0.096241
1708.000000	0.097773
1710.000000	0.099306
1712.000000	0.100838
1714.000000	0.102370
1716.000000	0.016685
1718.000000	-0.059990
1720.000000	-0.031604
1722.000000	0.002923
1724.000000	-0.048667
1726.000000	-0.055867
1728.000000	-0.026030
1730.000000	0.002744
1732.000000	0.002937
1734.000000	-0.039075
1736.000000	-0.031177
1738.000000	0.016266
1740.000000	-0.008889
1742.000000	-0.006744
1744.000000	-0.005705
1746.000000	-0.052653
1748.000000	-0.063999
1750.000000	-0.036137
1752.000000	-0.009795
1754.000000	-0.026335
1756.000000	-0.081745
1758.000000	-0.069159
1760.000000	-0.012102
1762.000000	-0.052238
1764.000000	-0.045299
1766.000000	-0.011449
1768.000000	-0.024152
1770.000000	-0.021755
1772.000000	-0.000786
1774.000000	-0.011646
1776.000000	-0.057614
1778.000000	-0.012090
1780.000000	0.000183
1782.000000	-0.042831
1784.000000	-0.001344
1786.000000	0.003158
1788.000000	-0.029500
1790.000000	-0.028052
1792.000000	0.001470
1794.000000	-0.062271
1796.000000	-0.125180
1798.000000	-0.051781
1800.000000	0.014892
1802.000000	0.025845
1804.000000	-0.011171
1806.000000	-0.051808
1808.000000	-0.000441
1810.000000	0.035069
1812.000000	0.008403
1814.000000	0.030603
1816.000000	0.016278
1818.000000	-0.024558
1820.000000	-0.031538
1822.000000	-0.012826
1824.000000	0.020261
1826.000000	0.032446
1828.000000	0.011378
1830.000000	0.017637
1832.000000	0.007759
1834.000000	-0.020699
1836.000000	-0.022007
1838.000000	-0.041732
1840.000000	-0.046642
1842.000000	-0.030302
1844.000000	-0.047512
1846.000000	-0.050517
1848.000000	0.010311
1850.000000	0.071431
1852.000000	-0.005490
1854.000000	-0.037065
1856.000000	0.037797
1858.000000	0.093032
1860.000000	0.008135
1862.000000	-0.020238
1864.000000	0.040407
1866.000000	0.049051
1868.000000	0.019133
1870.000000	0.000349
1872.000000	0.005374
1874.000000	-0.002525
1876.000000	-0.055894
1878.000000	-0.055469
1880.000000	-0.015886
1882.000000	-0.060463
1884.000000	0.002621
1886.000000	0.030421
1888.000000	-0.052119
1890.000000	-0.005673
1892.000000	0.008997
1894.000000	0.007621
1896.000000	0.042887
1898.000000	-0.007669
1900.000000	0.020276
1902.000000	0.075289
1904.000000	0.030011
1906.000000	0.010334
1908.000000	-0.010890
1910.000000	-0.029416
1912.000000	-0.007330
1914.000000	0.006757
1916.000000	-0.000600
1918.000000	-0.004370
1920.000000	0.016590
1922.000000	0.027272
1924.000000	-0.009022
1926.000000	-0.052270
1928.000000	-0.037349
1930.000000	-0.023800
1932.000000	-0.004755
1934.000000	0.025141
1936.000000	0.026503
1938.000000	-0.020198
1940.000000	-0.030779
1942.000000	-0.000564
1944.000000	-0.021223
1946.000000	-0.009283
1948.000000	0.016031
1950.000000	0.006947
1952.000000	-0.015482
1954.000000	-0.007357
1956.000000	0.000000
1958.000000	-0.030437
1960.000000	-0.060042
1962.000000	0.004969
1964.000000	0.040643
1966.000000	-0.009962
1968.000000	0.018873
1970.000000	0.054194
1972.000000	0.043166
1974.000000	0.015710
1976.000000	0.024527
1978.000000	0.029634
1980.000000	0.019822
1982.000000	0.002726
1984.000000	-0.022369
1986.000000	-0.014214
1988.000000	0.010951
1990.000000	0.012121
1992.000000	-0.013104
1994.000000	-0.029419
1996.000000	-0.025693
1998.000000	-0.010270
2000.000000	0.003800
2002.000000	-0.015191
2004.000000	-0.014382
2006.000000	0.023196
2008.000000	0.015406
2010.000000	0.015177
2012.000000	0.027549
2014.000000	0.040643
2016.000000	0.067442
2018.000000	0.042394
2020.000000	0.009928
2022.000000	0.006630
2024.000000	-0.027331
2026.000000	-0.071121
2028.000000	-0.069876
2030.000000	-0.025414
2032.000000	0.005063
2034.000000	0.055105
2036.000000	0.066693
2038.000000	0.029748
2040.000000	0.026892
2042.000000	0.014909
2044.000000	0.010711
2046.000000	0.007747
2048.000000	-0.036964
2050.000000	-0.050981
2052.000000	0.004037
2054.000000	0.048601
2056.000000	0.007627
2058.000000	0.032676
2060.000000	0.017475
2062.000000	-0.018420
2064.000000	0.055296
2066.000000	0.073560
2068.000000	0.046359
2070.000000	0.027894
2072.000000	0.023776
2074.000000	0.019450
2076.000000	0.023901
2078.000000	0.001282
2080.000000	-0.025970
2082.000000	0.063955
2084.000000	0.022299
2086.000000	-0.045490
2088.000000	0.025932
2090.000000	0.025207
2092.000000	0.006936
2094.000000	0.028703
2096.000000	0.041599
2098.000000	-0.020515
2100.000000	-0.019284
2102.000000	0.019911
2104.000000	0.022250
2106.000000	-0.008159
2108.000000	-0.051105
2110.000000	-0.011130
2112.000000	0.043076
2114.000000	-0.014925
2116.000000	-0.008225
2118.000000	-0.024385
2120.000000	-0.063211
2122.000000	-0.011396
2124.000000	0.080923
2126.000000	0.049697
2128.000000	-0.034453
2130.000000	-0.037777
2132.000000	-0.031286
2134.000000	-0.040233
2136.000000	-0.016780
2138.000000	0.040094
2140.000000	0.043473
2142.000000	-0.013873
2144.000000	-0.011746
2146.000000	0.018570
2148.000000	-0.035212
2150.000000	0.017321
2152.000000	0.042944
2154.000000	-0.000047
2156.000000	-0.007365
2158.000000	-0.003956
2160.000000	-0.015648
2162.000000	-0.052142
2164.000000	-0.079275
2166.000000	-0.037279
2168.000000	0.028711
2170.000000	0.066752
2172.000000	0.050589
2174.000000	0.006546
2176.000000	0.025837
2178.000000	0.013562
2180.000000	-0.016702
2182.000000	0.023265
2184.000000	0.027850
2186.000000	0.048125
2188.000000	0.051885
2190.000000	0.005225
2192.000000	-0.000446
2194.000000	-0.006791
2196.000000	-0.029613
2198.000000	-0.042585
2200.000000	-0.020396
2202.000000	0.026192
2204.000000	0.048302
2206.000000	0.051989
2208.000000	0.055990
2210.000000	0.012552
2212.000000	0.000044
2214.000000	0.005315
2216.000000	-0.008747
2218.000000	-0.005974
2220.000000	-0.008099
2222.000000	0.019128
2224.000000	0.042827
2226.000000	0.000572
2228.000000	-0.011812
2230.000000	0.003699
2232.000000	0.040585
2234.000000	0.075654
2236.000000	0.052636
2238.000000	0.056928
2240.000000	0.077665
2242.000000	0.026815
2244.000000	-0.079358
2246.000000	-0.022604
2248.000000	-0.000702
2250.000000	-0.022160
2252.000000	0.024834
2254.000000	0.003849
2256.000000	0.019580
2258.000000	0.060100
2260.000000	0.065666
2262.000000	0.050122
2264.000000	0.026909
2266.000000	-0.000108
2268.000000	-0.007476
2270.000000	0.003132
2272.000000	-0.014400
2274.000000	0.010392
2276.000000	0.002609
2278.000000	-0.035763
2280.000000	0.009139
2282.000000	0.019265
2284.000000	0.031870
2286.000000	0.042038
2288.000000	0.003474
2290.000000	-0.028363
2292.000000	0.029609
2294.000000	0.086044
2296.000000	0.087834
2298.000000	0.083573
2300.000000	0.034133
2302.000000	0.025794
2304.000000	0.032387
2306.000000	0.006221
2308.000000	0.008603
2310.000000	-0.003075
2312.000000	0.047997
2314.000000	0.084726
2316.000000	0.008072
2318.000000	0.035791
2320.000000	0.043381
2322.000000	0.003106
2324.000000	-0.008751
2326.000000	0.025360
2328.000000	0.066361
2330.000000	0.079202
2332.000000	0.050423
2334.000000	0.019166
2336.000000	0.043206
2338.000000	0.030176
2340.000000	-0.006111
2342.000000	-0.041732
2344.000000	-0.070186
2346.000000	-0.028136
2348.000000	-0.030784
2350.000000	0.011163
2352.000000	0.076084
2354.000000	-0.027783
2356.000000	-0.037216
2358.000000	0.004958
2360.000000	0.048898
2362.000000	0.074223
2364.000000	0.006345
2366.000000	0.003216
2368.000000	0.010585
2370.000000	0.028945
2372.000000	0.087893
2374.000000	0.028171
2376.000000	0.017638
2378.000000	0.015205
2380.000000	-0.006701
2382.000000	0.031070
2384.000000	0.014181
2386.000000	0.037352
2388.000000	0.019861
2390.000000	-0.051214
2392.000000	-0.007111
2394.000000	-0.004973
2396.000000	-0.058349
2398.000000	-0.057853
2400.000000	0.011798
2402.000000	0.026883
2404.000000	0.028583
2406.000000	0.022973
2408.000000	0.016383
2410.000000	0.016404
2412.000000	-0.004320
2414.000000	-0.035332
2416.000000	-0.024801
2418.000000	-0.003838
2420.000000	-0.025623
2422.000000	-0.031086
2424.000000	-0.042602
2426.000000	0.018999
2428.000000	0.041500
2430.000000	-0.071186
2432.000000	0.013511
2434.000000	0.000409
2436.000000	-0.035145
2438.000000	0.029703
2440.000000	0.038595
2442.000000	-0.038180
2444.000000	-0.022474
2446.000000	-0.003009
2448.000000	-0.028295
2450.000000	0.006628
2452.000000	-0.031819
2454.000000	-0.033715
2456.000000	0.007766
2458.000000	-0.002917
2460.000000	-0.048636
2462.000000	0.029162
2464.000000	0.072362
2466.000000	0.030536
2468.000000	-0.019676
2470.000000	-0.034900
2472.000000	-0.014614
2474.000000	0.013141
2476.000000	0.033589
2478.000000	0.038203
2480.000000	0.012977
2482.000000	-0.029890
2484.000000	-0.001698
2486.000000	0.032723
2488.000000	0.026963
2490.000000	0.041930
2492.000000	0.030020
2494.000000	-0.018027
2496.000000	-0.056714
2498.000000	-0.042503
2500.000000	-0.002670
2502.000000	-0.025655
2504.000000	-0.056154
2506.000000	0.006404
2508.000000	0.096809
2510.000000	0.079871
2512.000000	0.032339
2514.000000	-0.027091
2516.000000	-0.017191
2518.000000	0.010238
2520.000000	-0.031362
2522.000000	-0.003983
2524.000000	0.029646
2526.000000	0.046376
2528.000000	0.026361
2530.000000	-0.027760
2532.000000	-0.032488
2534.000000	-0.002617
2536.000000	0.026818
2538.000000	0.022545
2540.000000	0.005241
2542.000000	0.033430
2544.000000	0.043336
2546.000000	0.014745
2548.000000	0.002245
2550.000000	-0.001224
2552.000000	-0.036873
2554.000000	0.029149
2556.000000	0.017550
2558.000000	-0.033419
2560.000000	-0.017796
2562.000000	0.010393
2564.000000	0.020604
2566.000000	0.018027
2568.000000	0.002528
2570.000000	-0.019479
2572.000000	-0.031442
2574.000000	-0.025136
2576.000000	-0.004512
2578.000000	-0.016766
2580.000000	-0.034201
2582.000000	-0.044540
2584.000000	-0.081510
2586.000000	0.004209
2588.000000	0.028316
2590.000000	0.001961
2592.000000	0.013270
2594.000000	-0.001846
2596.000000	-0.036131
2598.000000	-0.011656
2600.000000	-0.001852
2602.000000	-0.031698
2604.000000	-0.041431
2606.000000	-0.045833
2608.000000	-0.022601
2610.000000	0.006612
2612.000000	0.014310
2614.000000	-0.006898
2616.000000	-0.039923
2618.000000	-0.033842
2620.000000	0.036213
2622.000000	0.053085
2624.000000	-0.016124
2626.000000	-0.057592
2628.000000	-0.032353
2630.000000	-0.001194
2632.000000	-0.000092
2634.000000	-0.005670
2636.000000	0.014259
2638.000000	0.036382
2640.000000	0.003873
2642.000000	-0.013612
2644.000000	-0.044779
2646.000000	-0.070365
2648.000000	-0.031823
2650.000000	-0.019434
2652.000000	-0.014791
2654.000000	0.007157
2656.000000	-0.011743
2658.000000	-0.055926
2660.000000	-0.020080
2662.000000	0.003129
2664.000000	-0.053801
2666.000000	-0.010722
2668.000000	0.078777
2670.000000	0.045987
2672.000000	0.025578
2674.000000	-0.041828
2676.000000	-0.033180
2678.000000	0.037556
2680.000000	0.022823
2682.000000	-0.070898
2684.000000	-0.047798
2686.000000	-0.007141
2688.000000	0.004498
2690.000000	0.008657
2692.000000	0.007641
2694.000000	-0.007289
2696.000000	0.002482
2698.000000	0.029834
2700.000000	0.004224
2702.000000	-0.014523
2704.000000	0.011428
2706.000000	-0.023739
2708.000000	0.050654
2710.000000	0.088201
2712.000000	0.075511
2714.000000	0.059879
2716.000000	0.036338
2718.000000	0.059770
2720.000000	0.067307
2722.000000	0.016588
2724.000000	0.012929
2726.000000	0.047089
2728.000000	0.023357
2730.000000	0.054036
2732.000000	-0.000630
2734.000000	-0.043653
2736.000000	0.008399
2738.000000	0.094169
2740.000000	0.090837
2742.000000	-0.038815
2744.000000	0.015978
2746.000000	-0.036043
2748.000000	-0.086785
2750.000000	0.035933
2752.000000	0.036479
2754.000000	-0.008555
2756.000000	0.008306
2758.000000	0.004760
2760.000000	-0.004875
2762.000000	-0.011754
2764.000000	-0.065091
2766.000000	0.008035
2768.000000	0.043255
2770.000000	0.004370
2772.000000	-0.014311
2774.000000	-0.002624
2776.000000	-0.004980
2778.000000	0.034307
2780.000000	-0.059878
2782.000000	-0.076762
2784.000000	-0.021911
2786.000000	-0.029797
2788.000000	-0.030299
2790.000000	-0.030312
2792.000000	0.010119
2794.000000	0.025794
2796.000000	-0.011282
2798.000000	-0.046029
2800.000000	-0.033142
2802.000000	0.005139
2804.000000	0.018175
2806.000000	-0.056740
2808.000000	-0.082428
2810.000000	-0.024566
2812.000000	0.010166
2814.000000	0.059580
2816.000000	0.004289
2818.000000	0.025681
2820.000000	0.071248
2822.000000	0.057055
2824.000000	0.037297
2826.000000	0.019462
2828.000000	0.031221
2830.000000	-0.055244
2832.000000	-0.106462
2834.000000	-0.016148
2836.000000	0.083398
2838.000000	0.065198
2840.000000	0.044971
2842.000000	0.089332
2844.000000	0.089261
2846.000000	0.093708
2848.000000	0.125782
2850.000000	0.119415
2852.000000	0.189983
2854.000000	0.228008
2856.000000	0.223716
2858.000000	0.233150
2860.000000	0.261087
2862.000000	0.277896
2864.000000	0.290342
2866.000000	0.320382
2868.000000	0.400158
2870.000000	0.462834
2872.000000	0.398360
2874.000000	0.370283
2876.000000	0.524196
2878.000000	0.498138
2880.000000	0.492194
2882.000000	0.487676
2884.000000	0.468025
2886.000000	0.461736
2888.000000	0.445234
2890.000000	0.436594
2892.000000	0.521712
2894.000000	0.484859
2896.000000	0.492555
2898.000000	0.554922
2900.000000	0.569223
2902.000000	0.583050
2904.000000	0.586371
2906.000000	0.610157
2908.000000	0.630080
2910.000000	0.640231
2912.000000	0.673681
2914.000000	0.724114
2916.000000	0.730663
2918.000000	0.712930
2920.000000	0.792039
2922.000000	0.810228
2924.000000	0.873160
2926.000000	0.965626
2928.000000	0.885815
2930.000000	0.800211
2932.000000	0.985603
2934.000000	1.000000
2936.000000	0.970540
2938.000000	0.949317
2940.000000	0.888222
2942.000000	0.858056
2944.000000	0.828347
2946.000000	0.771137
2948.000000	0.733211
2950.000000	0.604551
2952.000000	0.595057
2954.000000	0.646286
2956.000000	0.572943
2958.000000	0.677863
2960.000000	0.631576
2962.000000	0.561203
2964.000000	0.555466
2966.000000	0.539378
2968.000000	0.517502
2970.000000	0.475725
2972.000000	0.327360
2974.000000	0.357389
2976.000000	0.387551
2978.000000	0.406155
2980.000000	0.409309
2982.000000	0.351024
2984.000000	0.271441
2986.000000	0.262516
2988.000000	0.353876
2990.000000	0.327350
2992.000000	0.218138
2994.000000	0.131083
2996.000000	0.122150
2998.000000	0.139889
3000.000000	0.094078
3002.000000	0.108100
3004.000000	0.143269
3006.000000	0.091094
3008.000000	0.045660
3010.000000	0.072739
3012.000000	0.073502
3014.000000	0.006231
3016.000000	-0.010918
3018.000000	0.034977
3020.000000	0.024683
3022.000000	-0.006012
3024.000000	-0.039187
3026.000000	-0.065916
3028.000000	-0.043593
3030.000000	-0.031161
3032.000000	-0.054041
3034.000000	-0.071599
3036.000000	-0.003889
3038.000000	0.037303
3040.000000	0.020625
3042.000000	0.005474
3044.000000	-0.037291
3046.000000	0.001077
3048.000000	0.087672
3050.000000	0.024045
3052.000000	-0.028217
3054.000000	0.045573
3056.000000	0.040631
3058.000000	-0.003486
3060.000000	0.172031
3062.000000	0.053088
3064.000000	0.040816
3066.000000	0.030272
3068.000000	0.059533
3070.000000	0.079249
3072.000000	0.021492
3074.000000	0.038048
3076.000000	-0.019101
3078.000000	-0.056407
3080.000000	0.081260
3082.000000	0.044434
3084.000000	-0.004792
3086.000000	0.036353
3088.000000	-0.011614
3090.000000	-0.007356
3092.000000	0.032453
3094.000000	-0.007739
3096.000000	-0.021976
3098.000000	0.037619
3100.000000	0.009071
3102.000000	-0.069318
3104.000000	-0.051379
3106.000000	-0.025581
3108.000000	-0.001963
3110.000000	-0.034226
3112.000000	0.003574
3114.000000	0.023021
3116.000000	-0.041412
3118.000000	-0.087668
3120.000000	-0.011813
3122.000000	0.070191
3124.000000	-0.049778
3126.000000	-0.061708
3128.000000	-0.068590
3130.000000	-0.030383
3132.000000	-0.012517
3134.000000	-0.036601
3136.000000	-0.037508
3138.000000	-0.022289
3140.000000	0.038165
3142.000000	-0.026319
3144.000000	-0.001172
3146.000000	-0.036943
3148.000000	0.004281
3150.000000	0.044768
3152.000000	0.002384
3154.000000	0.035977
3156.000000	-0.006871
3158.000000	0.031166
3160.000000	0.047073
3162.000000	-0.010729
3164.000000	-0.051210
3166.000000	-0.024760
3168.000000	-0.020214
3170.000000	-0.044900
3172.000000	-0.000272
3174.000000	0.015228
3176.000000	0.005896
3178.000000	0.012578
3180.000000	-0.000918
3182.000000	-0.022295
3184.000000	-0.034019
3186.000000	-0.035953
3188.000000	-0.045313
3190.000000	-0.067102
3192.000000	-0.000151
3194.000000	0.028029
3196.000000	-0.073129
3198.000000	-0.020488
3200.000000	0.012805
3202.000000	0.002111
3204.000000	0.043974
3206.000000	-0.025987
3208.000000	-0.036136
3210.000000	0.037187
3212.000000	-0.036894
3214.000000	0.054396
3216.000000	0.023591
3218.000000	-0.001836
3220.000000	0.049285
3222.000000	0.002000
3224.000000	0.008468
3226.000000	0.034963
3228.000000	-0.071558
3230.000000	-0.031006
3232.000000	0.004990
3234.000000	-0.003700
3236.000000	0.013720
3238.000000	0.028397
3240.000000	0.036013
3242.000000	0.053429
3244.000000	0.013647
3246.000000	-0.021037
3248.000000	-0.025443
3250.000000	0.020322
3252.000000	0.015365
3254.000000	-0.053183
3256.000000	-0.024735
3258.000000	0.065801
3260.000000	0.040525
3262.000000	-0.022946
3264.000000	-0.021842
3266.000000	-0.035325
3268.000000	0.027242
3270.000000	0.064272
3272.000000	0.066282
3274.000000	0.038508
3276.000000	0.004822
3278.000000	-0.000064
3280.000000	-0.008759
3282.000000	-0.006269
3284.000000	0.047773
3286.000000	-0.003827
3288.000000	0.067436
3290.000000	0.059673
3292.000000	0.031877
3294.000000	0.030802
3296.000000	0.037128
3298.000000	0.039462
3300.000000	0.012235
3302.000000	0.029280
3304.000000	0.025987
3306.000000	0.034070
3308.000000	0.023951
3310.000000	0.035081
3312.000000	0.064755
3314.000000	0.026198
3316.000000	0.038538
3318.000000	0.020399
3320.000000	-0.062170
3322.000000	0.082908
3324.000000	0.027854
3326.000000	0.094559
3328.000000	0.073702
3330.000000	0.040243
3332.000000	0.019544
3334.000000	0.020400
3336.000000	0.027561
3338.000000	0.035093
3340.000000	0.062157
3342.000000	0.057827
3344.000000	0.022736
3346.000000	0.041191
3348.000000	0.091201
3350.000000	0.008247
3352.000000	0.065350
3354.000000	0.099325
3356.000000	0.041066
3358.000000	0.033214
3360.000000	0.010522
3362.000000	-0.024615
3364.000000	0.038289
3366.000000	0.029934
3368.000000	0.061687
3370.000000	0.122908
3372.000000	0.156843
3374.000000	0.076179
3376.000000	-0.013823
3378.000000	0.027506
3380.000000	0.068768
3382.000000	0.060868
3384.000000	0.047853
3386.000000	-0.014719
3388.000000	0.044618
3390.000000	0.023564
3392.000000	0.031925
3394.000000	-0.001984
3396.000000	-0.011732
3398.000000	0.088713
3400.000000	0.083802
3402.000000	-0.021130
3404.000000	-0.053258
3406.000000	-0.009573
3408.000000	0.045103
3410.000000	0.004671
3412.000000	-0.056110
3414.000000	0.059322
3416.000000	0.039967
3418.000000	0.054630
3420.000000	0.006357
3422.000000	-0.031507
3424.000000	0.032629
3426.000000	0.033541
3428.000000	-0.038228
3430.000000	-0.008503
3432.000000	0.031813
3434.000000	-0.016831
3436.000000	0.026351
3438.000000	0.019953
3440.000000	-0.018719
3442.000000	-0.050424
3444.000000	0.043811
3446.000000	-0.028674
3448.000000	-0.036833
3450.000000	0.025092
3452.000000	-0.011063
3454.000000	0.006467
3456.000000	0.028203
3458.000000	-0.037550
3460.000000	-0.017519
3462.000000	0.055860
3464.000000	-0.007378
3466.000000	-0.046938
3468.000000	0.032901
3470.000000	0.023815
3472.000000	0.005094
3474.000000	0.024624
3476.000000	0.026051
3478.000000	-0.011709
3480.000000	-0.043400
3482.000000	-0.017254
3484.000000	-0.003798
3486.000000	-0.032302
3488.000000	-0.037350
3490.000000	0.038915
3492.000000	-0.013399
3494.000000	0.018035
3496.000000	-0.006324
3498.000000	0.034916
3500.000000	0.005162
3502.000000	-0.030042
3504.000000	0.008509
3506.000000	-0.006772
3508.000000	-0.034237
3510.000000	-0.026453
3512.000000	0.010439
3514.000000	0.033001
3516.000000	-0.066243
3518.000000	-0.022046
3520.000000	-0.011010
3522.000000	-0.052265
3524.000000	0.025655
3526.000000	0.035359
3528.000000	0.020968
3530.000000	0.022710
3532.000000	-0.015838
3534.000000	-0.017771
3536.000000	0.020923
3538.000000	0.029503
3540.000000	0.047709
3542.000000	0.026329
3544.000000	-0.037181
3546.000000	0.059492
3548.000000	-0.040675
3550.000000	-0.033899
3552.000000	-0.029075
3554.000000	-0.026088
3556.000000	-0.026026
3558.000000	0.070097
3560.000000	0.020505
3562.000000	-0.029087
3564.000000	-0.069388
3566.000000	-0.035822
3568.000000	-0.035435
3570.000000	0.010932
3572.000000	-0.015132
3574.000000	-0.010681
3576.000000	-0.072850
3578.000000	0.069933
3580.000000	-0.043540
3582.000000	0.030368
3584.000000	0.006414
3586.000000	-0.110749
3588.000000	-0.054971
3590.000000	-0.014150
3592.000000	-0.073382
3594.000000	-0.048312
3596.000000	0.000881
3598.000000	-0.009017
3600.000000	0.000726
