400.000000	0.004613
402.000000	0.019479
404.000000	0.005627
406.000000	-0.005549
408.000000	0.014264
410.000000	0.012052
412.000000	-0.011836
414.000000	-0.004997
416.000000	0.002790
418.000000	-0.020111
420.000000	-0.050648
422.000000	-0.057590
424.000000	-0.023377
426.000000	0.011579
428.000000	0.011848
430.000000	-0.026266
432.000000	-0.056535
434.000000	-0.038899
436.000000	-0.009117
438.000000	-0.015619
440.000000	-0.022121
442.000000	-0.028623
444.000000	-0.042988
446.000000	-0.054991
448.000000	-0.059835
450.000000	-0.052771
452.000000	-0.050605
454.000000	-0.057161
456.000000	-0.057240
458.000000	-0.047966
460.000000	-0.035473
462.000000	-0.032130
464.000000	-0.032124
466.000000	-0.024030
468.000000	-0.036685
470.000000	-0.064951
472.000000	-0.049353
474.000000	-0.019041
476.000000	-0.023655
478.000000	-0.037667
480.000000	-0.043509
482.000000	-0.042795
484.000000	-0.036222
486.000000	-0.028058
488.000000	-0.027660
490.000000	-0.025392
492.000000	-0.013882
494.000000	-0.027945
496.000000	-0.051374
498.000000	-0.022743
500.000000	0.007687
502.000000	-0.007997
504.000000	-0.032546
506.000000	-0.042506
508.000000	-0.034714
510.000000	-0.021357
512.000000	-0.007539
514.000000	0.009933
516.000000	0.008293
518.000000	-0.017925
520.000000	-0.020203
522.000000	-0.006106
524.000000	-0.008971
526.000000	0.011156
528.000000	0.050018
530.000000	0.042363
532.000000	0.032780
534.000000	0.059158
536.000000	0.045757
538.000000	0.001454
540.000000	-0.010386
542.000000	-0.002673
544.000000	0.005316
546.000000	0.009006
548.000000	-0.002900
550.000000	-0.030314
552.000000	-0.043628
554.000000	-0.038180
556.000000	-0.027834
558.000000	-0.016170
560.000000	-0.010657
562.000000	-0.020994
564.000000	-0.019036
566.000000	0.008047
568.000000	0.013368
570.000000	-0.002314
572.000000	-0.006876
574.000000	0.005773
576.000000	0.014490
578.000000	-0.014874
580.000000	-0.046368
582.000000	-0.037760
584.000000	0.009153
586.000000	0.035804
588.000000	-0.006623
590.000000	-0.034905
592.000000	-0.013952
594.000000	0.016473
596.000000	0.023599
598.000000	0.002097
600.000000	-0.015888
602.000000	-0.014685
604.000000	-0.006572
606.000000	-0.043589
608.000000	-0.082994
610.000000	-0.033865
612.000000	0.010555
614.000000	-0.013257
616.000000	-0.052190
618.000000	-0.045833
620.000000	0.011082
622.000000	0.011766
624.000000	-0.034701
626.000000	-0.048064
628.000000	-0.039033
630.000000	-0.023251
632.000000	-0.002871
634.000000	-0.007776
636.000000	-0.038931
638.000000	-0.035763
640.000000	-0.015873
642.000000	-0.018314
644.000000	-0.007283
646.000000	0.007926
648.000000	-0.016280
650.000000	-0.044956
652.000000	-0.036278
654.000000	0.018720
656.000000	0.043361
658.000000	-0.002706
660.000000	-0.016896
662.000000	0.012403
664.000000	0.033318
666.000000	0.026918
668.000000	0.002424
670.000000	-0.013048
672.000000	-0.010399
674.000000	-0.002581
676.000000	-0.019302
678.000000	-0.032934
680.000000	-0.017551
682.000000	-0.012732
684.000000	-0.036684
686.000000	-0.067424
688.000000	-0.025692
690.000000	0.054916
692.000000	0.045777
694.000000	0.008827
696.000000	0.000800
698.000000	-0.019364
700.000000	-0.032502
702.000000	-0.020976
704.000000	-0.038394
706.000000	-0.052540
708.000000	-0.007081
710.000000	0.014188
712.000000	-0.007768
714.000000	-0.013431
716.000000	-0.025709
718.000000	-0.049982
720.000000	-0.037310
722.000000	-0.007593
724.000000	0.000917
726.000000	-0.016061
728.000000	-0.026589
730.000000	0.002272
732.000000	0.044287
734.000000	0.054804
736.000000	0.009410
738.000000	-0.002599
740.000000	0.034785
742.000000	0.028557
744.000000	0.020751
746.000000	0.054157
748.000000	0.080325
750.000000	0.088531
752.000000	0.084546
754.000000	0.053874
756.000000	0.014254
758.000000	-0.001463
760.000000	-0.000070
762.000000	0.003531
764.000000	-0.002906
766.000000	-0.021143
768.000000	-0.034533
770.000000	-0.015268
772.000000	-0.002833
774.000000	-0.025551
776.000000	-0.040331
778.000000	-0.035594
780.000000	-0.023738
782.000000	-0.019284
784.000000	-0.029156
786.000000	-0.047117
788.000000	-0.044163
790.000000	-0.029184
792.000000	-0.041215
794.000000	-0.055720
796.000000	-0.058709
798.000000	-0.068603
800.000000	-0.056864
802.000000	-0.017179
804.000000	-0.009234
806.000000	-0.020244
808.000000	-0.012926
810.000000	0.007694
812.000000	0.024041
814.000000	0.023591
816.000000	0.023215
818.000000	0.045879
820.000000	0.098026
822.000000	0.119568
824.000000	0.097902
826.000000	0.085288
828.000000	0.088541
830.000000	0.098676
832.000000	0.106760
834.000000	0.097250
836.000000	0.064523
838.000000	0.027015
840.000000	0.008801
842.000000	0.011874
844.000000	-0.010754
846.000000	-0.024948
848.000000	0.014222
850.000000	0.007900
852.000000	-0.029929
854.000000	-0.005799
856.000000	0.017813
858.000000	0.013043
860.000000	0.016147
862.000000	-0.000644
864.000000	-0.024348
866.000000	0.013306
868.000000	0.029259
870.000000	-0.017184
872.000000	-0.020125
874.000000	0.000666
876.000000	-0.006495
878.000000	-0.026737
880.000000	-0.041327
882.000000	-0.037388
884.000000	-0.012674
886.000000	0.009167
888.000000	0.006369
890.000000	0.008611
892.000000	-0.000154
894.000000	-0.046620
896.000000	-0.037139
898.000000	0.024055
900.000000	0.036758
902.000000	0.020466
904.000000	0.006828
906.000000	-0.000789
908.000000	-0.014489
910.000000	-0.033718
912.000000	-0.035983
914.000000	-0.008859
916.000000	0.032045
918.000000	0.039442
920.000000	0.005871
922.000000	-0.031356
924.000000	-0.002830
926.000000	0.030713
928.000000	0.003085
930.000000	-0.014347
932.000000	-0.010091
934.000000	-0.008052
936.000000	0.000065
938.000000	0.019108
940.000000	0.036989
942.000000	0.014556
944.000000	-0.020189
946.000000	-0.008118
948.000000	0.020645
950.000000	0.034319
952.000000	0.020966
954.000000	-0.015070
956.000000	-0.050210
958.000000	-0.050947
960.000000	-0.010532
962.000000	0.024440
964.000000	-0.013553
966.000000	-0.040332
968.000000	-0.010833
970.000000	0.018429
972.000000	0.032768
974.000000	0.024026
976.000000	-0.018654
978.000000	-0.035689
980.000000	-0.010386
982.000000	-0.017264
984.000000	-0.021983
986.000000	0.005535
988.000000	0.012669
990.000000	-0.002434
992.000000	-0.011504
994.000000	0.011570
996.000000	0.032305
998.000000	0.031425
1000.000000	0.069073
1002.000000	0.119533
1004.000000	0.134672
1006.000000	0.129500
1008.000000	0.139256
1010.000000	0.184864
1012.000000	0.240159
1014.000000	0.285600
1016.000000	0.305532
1018.000000	0.277369
1020.000000	0.213253
1022.000000	0.145478
1024.000000	0.097186
1026.000000	0.076115
1028.000000	0.070030
1030.000000	0.043364
1032.000000	0.015447
1034.000000	0.022301
1036.000000	0.032272
1038.000000	0.032108
1040.000000	0.027972
1042.000000	0.018369
1044.000000	0.010086
1046.000000	0.008996
1048.000000	-0.002277
1050.000000	-0.023088
1052.000000	-0.039129
1054.000000	-0.046964
1056.000000	-0.037678
1058.000000	-0.009414
1060.000000	-0.000002
1062.000000	-0.024227
1064.000000	-0.059012
1066.000000	-0.044740
1068.000000	0.010910
1070.000000	0.047825
1072.000000	0.034005
1074.000000	-0.014143
1076.000000	-0.049851
1078.000000	-0.041710
1080.000000	0.000904
1082.000000	0.035287
1084.000000	0.015842
1086.000000	-0.014378
1088.000000	0.009541
1090.000000	0.009205
1092.000000	-0.016126
1094.000000	-0.004846
1096.000000	0.040624
1098.000000	0.056024
1100.000000	0.002573
1102.000000	0.012201
1104.000000	0.053912
1106.000000	0.016631
1108.000000	-0.032868
1110.000000	-0.045752
1112.000000	-0.017590
1114.000000	0.032972
1116.000000	0.074814
1118.000000	0.089759
1120.000000	0.104013
1122.000000	0.097820
1124.000000	0.055253
1126.000000	0.047630
1128.000000	0.072866
1130.000000	0.083722
1132.000000	0.059817
1134.000000	0.040051
1136.000000	0.045276
1138.000000	0.002064
1140.000000	-0.027494
1142.000000	0.010879
1144.000000	0.005131
1146.000000	-0.043766
1148.000000	-0.067476
1150.000000	-0.016852
1152.000000	0.033208
1154.000000	0.023829
1156.000000	0.015085
1158.000000	0.002600
1160.000000	-0.016768
1162.000000	-0.004515
1164.000000	-0.004635
1166.000000	-0.019535
1168.000000	0.029996
1170.000000	0.064156
1172.000000	0.024931
1174.000000	-0.037076
1176.000000	-0.064466
1178.000000	-0.043799
1180.000000	-0.013588
1182.000000	-0.015309
1184.000000	-0.032783
1186.000000	-0.014590
1188.000000	-0.012517
1190.000000	-0.034797
1192.000000	-0.036015
1194.000000	-0.019993
1196.000000	-0.017225
1198.000000	-0.038718
1200.000000	-0.004727
1202.000000	0.050289
1204.000000	0.045111
1206.000000	0.034254
1208.000000	0.028864
1210.000000	0.012878
1212.000000	0.007804
1214.000000	0.023570
1216.000000	0.047581
1218.000000	0.046352
1220.000000	0.022473
1222.000000	-0.004278
1224.000000	-0.016873
1226.000000	0.007678
1228.000000	0.053746
1230.000000	0.060950
1232.000000	0.055487
1234.000000	0.062494
1236.000000	0.063518
1238.000000	0.039160
1240.000000	0.011082
1242.000000	0.022485
1244.000000	0.029769
1246.000000	0.021966
1248.000000	0.026972
1250.000000	0.036231
1252.000000	0.069006
1254.000000	0.123825
1256.000000	0.085413
1258.000000	0.030355
1260.000000	0.067540
1262.000000	0.083154
1264.000000	0.058816
1266.000000	0.048796
1268.000000	0.098708
1270.000000	0.135557
1272.000000	0.107761
1274.000000	0.070398
1276.000000	0.054940
1278.000000	0.060668
1280.000000	0.062578
1282.000000	0.041297
1284.000000	0.007793
1286.000000	-0.008859
1288.000000	-0.014685
1290.000000	0.013639
1292.000000	0.089829
1294.000000	0.122251
1296.000000	0.118899
1298.000000	0.131197
1300.000000	0.133764
1302.000000	0.118093
1304.000000	0.106890
1306.000000	0.143722
1308.000000	0.215815
1310.000000	0.254317
1312.000000	0.186964
1314.000000	0.145740
1316.000000	0.176085
1318.000000	0.182253
1320.000000	0.180930
1322.000000	0.166242
1324.000000	0.122583
1326.000000	0.133175
1328.000000	0.170658
1330.000000	0.167435
1332.000000	0.163621
1334.000000	0.173032
1336.000000	0.174897
1338.000000	0.142769
1340.000000	0.150843
1342.000000	0.199478
1344.000000	0.175804
1346.000000	0.161263
1348.000000	0.176568
1350.000000	0.152242
1352.000000	0.145653
1354.000000	0.183978
1356.000000	0.227452
1358.000000	0.200371
1360.000000	0.180244
1362.000000	0.234893
1364.000000	0.245997
1366.000000	0.221806
1368.000000	0.222126
1370.000000	0.264793
1372.000000	0.267496
1374.000000	0.206991
1376.000000	0.152174
1378.000000	0.144686
1380.000000	0.198332
1382.000000	0.277886
1384.000000	0.278187
1386.000000	0.258655
1388.000000	0.283219
1390.000000	0.250084
1392.000000	0.262152
1394.000000	0.340350
1396.000000	0.312150
1398.000000	0.291611
1400.000000	0.318496
1402.000000	0.298061
1404.000000	0.265337
1406.000000	0.226593
1408.000000	0.164133
1410.000000	0.107254
1412.000000	0.082764
1414.000000	0.092778
1416.000000	0.112109
1418.000000	0.148616
1420.000000	0.181244
1422.000000	0.158500
1424.000000	0.115692
1426.000000	0.103019
1428.000000	0.133501
1430.000000	0.146266
1432.000000	0.175664
1434.000000	0.250579
1436.000000	0.277918
1438.000000	0.275517
1440.000000	0.290960
1442.000000	0.326220
1444.000000	0.326551
1446.000000	0.315257
1448.000000	0.356916
1450.000000	0.378900
1452.000000	0.349034
1454.000000	0.289709
1456.000000	0.242140
1458.000000	0.231575
1460.000000	0.242400
1462.000000	0.224049
1464.000000	0.175809
1466.000000	0.140879
1468.000000	0.160087
1470.000000	0.186519
1472.000000	0.181852
1474.000000	0.143432
1476.000000	0.102754
1478.000000	0.066975
1480.000000	0.048139
1482.000000	0.060389
1484.000000	0.028598
1486.000000	-0.028866
1488.000000	-0.032222
1490.000000	-0.029252
1492.000000	-0.014379
1494.000000	0.019149
1496.000000	0.009030
1498.000000	-0.010218
1500.000000	-0.013929
1502.000000	-0.022999
1504.000000	0.006236
1506.000000	0.030765
1508.000000	-0.006038
1510.000000	-0.003236
1512.000000	0.015216
1514.000000	0.003923
1516.000000	-0.002878
1518.000000	-0.032298
1520.000000	-0.065488
1522.000000	-0.042169
1524.000000	0.004057
1526.000000	0.037904
1528.000000	0.055295
1530.000000	0.080748
1532.000000	0.080190
1534.000000	0.065106
1536.000000	0.099875
1538.000000	0.095108
1540.000000	0.077076
1542.000000	0.107194
1544.000000	0.044014
1546.000000	-0.001077
1548.000000	0.086961
1550.000000	0.202021
1552.000000	0.259596
1554.000000	0.232566
1556.000000	0.166652
1558.000000	0.178584
1560.000000	0.219852
1562.000000	0.225366
1564.000000	0.275479
1566.000000	0.331787
1568.000000	0.357112
1570.000000	0.371585
1572.000000	0.392207
1574.000000	0.401634
1576.000000	0.393474
1578.000000	0.415600
1580.000000	0.424466
1582.000000	0.413475
1584.000000	0.436943
1586.000000	0.419993
1588.000000	0.362040
1590.000000	0.327295
1592.000000	0.330888
1594.000000	0.291728
1596.000000	0.239622
1598.000000	0.317922
1600.000000	0.331081
1602.000000	0.268696
1604.000000	0.250922
1606.000000	0.206044
1608.000000	0.199513
1610.000000	0.246993
1612.000000	0.228847
1614.000000	0.196094
1616.000000	0.195936
1618.000000	0.210774
1620.000000	0.185177
1622.000000	0.161002
1624.000000	0.165110
1626.000000	0.145132
1628.000000	0.093277
1630.000000	0.102297
1632.000000	0.205698
1634.000000	0.181168
1636.000000	0.132601
1638.000000	0.153841
1640.000000	0.135567
1642.000000	0.119556
1644.000000	0.153986
1646.000000	0.215307
1648.000000	0.203784
1650.000000	0.151448
1652.000000	0.131763
1654.000000	0.163111
1656.000000	0.167139
1658.000000	0.158394
1660.000000	0.177637
1662.000000	0.163504
1664.000000	0.130357
1666.000000	0.112708
1668.000000	0.119715
1670.000000	0.132561
1672.000000	0.102375
1674.000000	0.058478
1676.000000	0.137237
1678.000000	0.151979
1680.000000	0.070407
1682.000000	0.062323
1684.000000	0.090294
1686.000000	0.053256
1688.000000	-0.020089
1690.000000	0.043224
1692.000000	0.076900
1694.000000	0.048559
1696.000000	0.055380
1698.000000	0.018516
1700.000000	-0.018348
1702.000000	-0.016217
1704.000000	-0.014086
1706.000000	-0.011954
1708.000000	-0.009823
1710.000000	-0.007692
1712.000000	-0.005561
1714.000000	-0.003429
1716.000000	0.003317
1718.000000	-0.043834
1720.000000	-0.046446
1722.000000	-0.034840
1724.000000	-0.069245
1726.000000	-0.087290
1728.000000	-0.048719
1730.000000	-0.003105
1732.000000	-0.006748
1734.000000	0.000763
1736.000000	-0.018009
1738.000000	-0.050834
1740.000000	-0.027163
1742.000000	-0.044655
1744.000000	-0.051907
1746.000000	-0.000466
1748.000000	-0.001600
1750.000000	-0.010146
1752.000000	-0.021808
1754.000000	-0.061689
1756.000000	-0.049177
1758.000000	-0.021600
1760.000000	-0.009797
1762.000000	0.005429
1764.000000	-0.042766
1766.000000	-0.071633
1768.000000	-0.023442
1770.000000	-0.021083
1772.000000	-0.031461
1774.000000	-0.040595
1776.000000	-0.061379
1778.000000	-0.042197
1780.000000	-0.028528
1782.000000	-0.031037
1784.000000	-0.000348
1786.000000	0.014640
1788.000000	-0.008370
1790.000000	-0.032768
1792.000000	-0.009307
1794.000000	-0.029526
1796.000000	-0.047058
1798.000000	0.004362
1800.000000	-0.013498
1802.000000	-0.062738
1804.000000	-0.079567
1806.000000	-0.057118
1808.000000	-0.009376
1810.000000	0.020756
1812.000000	0.033049
1814.000000	0.066302
1816.000000	0.052571
1818.000000	0.012741
1820.000000	-0.011210
1822.000000	-0.048776
1824.000000	-0.065094
1826.000000	-0.054047
1828.000000	-0.036018
1830.000000	-0.008268
1832.000000	-0.003128
1834.000000	-0.004268
1836.000000	0.027131
1838.000000	0.029257
1840.000000	0.022772
1842.000000	0.024751
1844.000000	-0.002096
1846.000000	-0.050369
1848.000000	-0.047275
1850.000000	0.012560
1852.000000	0.015979
1854.000000	-0.000076
1856.000000	-0.003870
1858.000000	0.003217
1860.000000	0.017932
1862.000000	0.000747
1864.000000	-0.016678
1866.000000	0.013024
1868.000000	0.017336
1870.000000	-0.008462
1872.000000	-0.016662
1874.000000	0.014470
1876.000000	0.001313
1878.000000	-0.029913
1880.000000	-0.031200
1882.000000	-0.008958
1884.000000	0.016189
1886.000000	0.022375
1888.000000	0.017529
1890.000000	0.024098
1892.000000	-0.024872
1894.000000	-0.048055
1896.000000	0.017167
1898.000000	0.041653
1900.000000	0.005528
1902.000000	-0.000216
1904.000000	0.046538
1906.000000	-0.008190
1908.000000	-0.039041
1910.000000	-0.002079
1912.000000	0.023512
1914.000000	0.024430
1916.000000	0.003553
1918.000000	-0.007979
1920.000000	0.012325
1922.000000	0.017573
1924.000000	0.009120
1926.000000	-0.010838
1928.000000	-0.039514
1930.000000	-0.023002
1932.000000	-0.009793
1934.000000	-0.022241
1936.000000	-0.012781
1938.000000	0.012571
1940.000000	0.008773
1942.000000	-0.034667
1944.000000	-0.066083
1946.000000	-0.036862
1948.000000	0.000000
1950.000000	0.018489
1952.000000	0.055744
1954.000000	0.025075
1956.000000	-0.015080
1958.000000	-0.007943
1960.000000	-0.009115
1962.000000	0.002378
1964.000000	-0.006300
1966.000000	-0.023941
1968.000000	0.030582
1970.000000	0.049599
1972.000000	0.015325
1974.000000	0.000982
1976.000000	0.042773
1978.000000	0.015515
1980.000000	-0.024053
1982.000000	0.000285
1984.000000	0.007590
1986.000000	0.000941
1988.000000	0.007747
1990.000000	0.032517
1992.000000	0.039974
1994.000000	-0.013361
1996.000000	-0.041220
1998.000000	-0.005103
2000.000000	-0.017880
2002.000000	-0.021823
2004.000000	-0.008138
2006.000000	-0.009540
2008.000000	-0.028352
2010.000000	-0.048189
2012.000000	0.012147
2014.000000	0.002513
2016.000000	-0.007120
2018.000000	-0.034229
2020.000000	0.032506
2022.000000	0.044645
2024.000000	-0.036556
2026.000000	-0.025933
2028.000000	0.035158
2030.000000	0.046351
2032.000000	0.030318
2034.000000	-0.011207
2036.000000	-0.018462
2038.000000	0.004266
2040.000000	-0.026884
2042.000000	-0.060360
2044.000000	-0.052185
2046.000000	0.009859
2048.000000	0.086266
2050.000000	0.065127
2052.000000	0.028882
2054.000000	0.040633
2056.000000	0.042572
2058.000000	0.007374
2060.000000	0.007980
2062.000000	0.044265
2064.000000	0.040332
2066.000000	0.009639
2068.000000	-0.014915
2070.000000	-0.025004
2072.000000	-0.024506
2074.000000	0.002031
2076.000000	0.040643
2078.000000	0.066200
2080.000000	0.055448
2082.000000	0.005455
2084.000000	-0.016984
2086.000000	-0.022903
2088.000000	-0.018853
2090.000000	0.054410
2092.000000	0.057427
2094.000000	0.021847
2096.000000	0.026081
2098.000000	0.029535
2100.000000	0.033388
2102.000000	0.039329
2104.000000	0.011796
2106.000000	-0.059838
2108.000000	-0.037479
2110.000000	0.006206
2112.000000	0.020601
2114.000000	0.049891
2116.000000	0.049090
2118.000000	0.038464
2120.000000	0.018041
2122.000000	-0.014936
2124.000000	-0.006373
2126.000000	-0.017876
2128.000000	0.000442
2130.000000	0.051763
2132.000000	-0.026057
2134.000000	-0.054977
2136.000000	-0.012360
2138.000000	0.019090
2140.000000	0.031451
2142.000000	0.055643
2144.000000	0.059559
2146.000000	0.017906
2148.000000	-0.027259
2150.000000	-0.009263
2152.000000	-0.033125
2154.000000	-0.050744
2156.000000	0.022744
2158.000000	0.020854
2160.000000	0.053292
2162.000000	0.094425
2164.000000	0.050806
2166.000000	-0.011215
2168.000000	0.002483
2170.000000	0.034156
2172.000000	0.027728
2174.000000	0.015513
2176.000000	-0.008908
2178.000000	0.032524
2180.000000	0.075942
2182.000000	0.014938
2184.000000	-0.016465
2186.000000	-0.027941
2188.000000	-0.004390
2190.000000	0.043554
2192.000000	0.018043
2194.000000	-0.007985
2196.000000	-0.001764
2198.000000	0.019101
2200.000000	0.027148
2202.000000	-0.002463
2204.000000	0.004918
2206.000000	0.040178
2208.000000	0.033578
2210.000000	0.021111
2212.000000	0.044126
2214.000000	0.029378
2216.000000	-0.015473
2218.000000	0.030892
2220.000000	-0.026144
2222.000000	-0.050865
2224.000000	0.019309
2226.000000	0.035062
2228.000000	0.015381
2230.000000	-0.016003
2232.000000	-0.016120
2234.000000	0.026656
2236.000000	0.049741
2238.000000	0.034127
2240.000000	0.024587
2242.000000	0.025148
2244.000000	-0.010159
2246.000000	-0.042010
2248.000000	0.010450
2250.000000	0.060342
2252.000000	0.018942
2254.000000	0.010973
2256.000000	0.008444
2258.000000	0.012714
2260.000000	0.031616
2262.000000	0.044220
2264.000000	0.061318
2266.000000	0.037440
2268.000000	-0.016548
2270.000000	-0.025277
2272.000000	0.037590
2274.000000	0.046219
2276.000000	0.015260
2278.000000	0.008971
2280.000000	0.022372
2282.000000	0.036932
2284.000000	0.033369
2286.000000	0.010883
2288.000000	-0.000458
2290.000000	0.026280
2292.000000	0.016141
2294.000000	-0.028875
2296.000000	-0.033120
2298.000000	0.019513
2300.000000	0.004390
2302.000000	0.024292
2304.000000	0.054506
2306.000000	0.040476
2308.000000	0.065646
2310.000000	0.050435
2312.000000	0.012399
2314.000000	-0.009440
2316.000000	-0.011409
2318.000000	0.013297
2320.000000	0.027953
2322.000000	0.030111
2324.000000	0.042330
2326.000000	0.057577
2328.000000	0.025358
2330.000000	0.004427
2332.000000	0.004597
2334.000000	0.010467
2336.000000	0.060962
2338.000000	0.082404
2340.000000	0.037185
2342.000000	-0.012115
2344.000000	-0.004575
2346.000000	-0.010503
2348.000000	-0.012087
2350.000000	-0.001741
2352.000000	-0.017677
2354.000000	-0.061405
2356.000000	-0.008888
2358.000000	0.058438
2360.000000	0.032283
2362.000000	-0.025121
2364.000000	0.031327
2366.000000	0.019385
2368.000000	0.008241
2370.000000	0.028772
2372.000000	0.014397
2374.000000	0.029055
2376.000000	0.001842
2378.000000	-0.006630
2380.000000	0.021148
2382.000000	0.007057
2384.000000	0.005182
2386.000000	-0.001453
2388.000000	-0.007427
2390.000000	0.003521
2392.000000	0.013299
2394.000000	0.001525
2396.000000	-0.022612
2398.000000	-0.016506
2400.000000	0.002684
2402.000000	-0.039395
2404.000000	-0.052441
2406.000000	-0.047076
2408.000000	-0.003572
2410.000000	0.062986
2412.000000	0.024813
2414.000000	0.009456
2416.000000	0.008837
2418.000000	-0.003996
2420.000000	-0.000144
2422.000000	0.004236
2424.000000	-0.026332
2426.000000	-0.009976
2428.000000	0.038961
2430.000000	0.026221
2432.000000	0.017913
2434.000000	-0.006927
2436.000000	-0.037287
2438.000000	-0.030135
2440.000000	-0.003646
2442.000000	-0.039553
2444.000000	0.020266
2446.000000	0.056055
2448.000000	0.004731
2450.000000	0.018006
2452.000000	0.020353
2454.000000	0.012306
2456.000000	0.000111
2458.000000	-0.021042
2460.000000	-0.032629
2462.000000	-0.003744
2464.000000	0.005441
2466.000000	0.027832
2468.000000	0.060952
2470.000000	0.021576
2472.000000	-0.025153
2474.000000	-0.009047
2476.000000	0.019103
2478.000000	0.011742
2480.000000	-0.004744
2482.000000	-0.030014
2484.000000	0.036956
2486.000000	0.081268
2488.000000	0.031335
2490.000000	0.005675
2492.000000	0.000595
2494.000000	0.013793
2496.000000	0.046252
2498.000000	0.056771
2500.000000	0.008565
2502.000000	-0.035347
2504.000000	-0.060615
2506.000000	-0.050899
2508.000000	0.003770
2510.000000	0.067864
2512.000000	0.072624
2514.000000	0.030601
2516.000000	0.028579
2518.000000	0.027003
2520.000000	-0.027418
2522.000000	0.014249
2524.000000	0.050375
2526.000000	-0.003424
2528.000000	-0.047587
2530.000000	-0.002282
2532.000000	0.004218
2534.000000	0.005443
2536.000000	0.005796
2538.000000	0.003762
2540.000000	0.010901
2542.000000	0.015472
2544.000000	-0.011762
2546.000000	-0.014765
2548.000000	0.005306
2550.000000	0.026745
2552.000000	0.035997
2554.000000	0.045248
2556.000000	0.003535
2558.000000	-0.023177
2560.000000	-0.003307
2562.000000	0.047863
2564.000000	0.059547
2566.000000	0.047792
2568.000000	0.013526
2570.000000	-0.016079
2572.000000	-0.020097
2574.000000	-0.034726
2576.000000	0.012504
2578.000000	0.015723
2580.000000	-0.006608
2582.000000	0.030796
2584.000000	0.046639
2586.000000	-0.017363
2588.000000	-0.053600
2590.000000	-0.002509
2592.000000	0.043367
2594.000000	0.002616
2596.000000	-0.002475
2598.000000	0.003057
2600.000000	0.001809
2602.000000	0.021926
2604.000000	0.049370
2606.000000	0.016915
2608.000000	-0.006833
2610.000000	-0.003168
2612.000000	0.028070
2614.000000	0.045140
2616.000000	0.010720
2618.000000	0.034658
2620.000000	0.026793
2622.000000	0.008951
2624.000000	-0.015732
2626.000000	-0.073109
2628.000000	-0.044372
2630.000000	0.009641
2632.000000	0.030022
2634.000000	0.011783
2636.000000	0.002017
2638.000000	0.024938
2640.000000	-0.007999
2642.000000	-0.008763
2644.000000	0.016605
2646.000000	0.042129
2648.000000	0.067596
2650.000000	0.034687
2652.000000	0.004253
2654.000000	-0.005574
2656.000000	-0.019133
2658.000000	-0.016647
2660.000000	0.037310
2662.000000	0.061317
2664.000000	0.038700
2666.000000	0.012131
2668.000000	-0.020180
2670.000000	-0.047247
2672.000000	0.006933
2674.000000	0.051365
2676.000000	0.019603
2678.000000	0.010769
2680.000000	0.041722
2682.000000	0.017795
2684.000000	0.013444
2686.000000	0.008623
2688.000000	-0.048288
2690.000000	-0.064296
2692.000000	-0.003004
2694.000000	0.015087
2696.000000	0.035711
2698.000000	-0.002282
2700.000000	-0.014652
2702.000000	0.039679
2704.000000	0.085908
2706.000000	0.078371
2708.000000	0.000173
2710.000000	-0.034432
2712.000000	-0.025650
2714.000000	-0.021764
2716.000000	-0.018456
2718.000000	-0.008877
2720.000000	0.011755
2722.000000	-0.009628
2724.000000	0.023656
2726.000000	0.078993
2728.000000	0.014210
2730.000000	0.002750
2732.000000	0.078865
2734.000000	0.055481
2736.000000	0.001503
2738.000000	0.039391
2740.000000	0.058534
2742.000000	0.003631
2744.000000	-0.027691
2746.000000	-0.049090
2748.000000	-0.043797
2750.000000	0.011516
2752.000000	0.040105
2754.000000	-0.005119
2756.000000	0.004441
2758.000000	-0.010132
2760.000000	-0.065279
2762.000000	-0.046032
2764.000000	0.026190
2766.000000	-0.028287
2768.000000	-0.002015
2770.000000	-0.012286
2772.000000	-0.033381
2774.000000	0.009192
2776.000000	-0.003289
2778.000000	0.006524
2780.000000	0.001873
2782.000000	-0.000412
2784.000000	-0.012242
2786.000000	-0.019546
2788.000000	-0.006530
2790.000000	-0.083612
2792.000000	-0.080097
2794.000000	-0.025209
2796.000000	-0.012759
2798.000000	-0.014631
2800.000000	0.015359
2802.000000	-0.004429
2804.000000	-0.045796
2806.000000	-0.014086
2808.000000	0.007524
2810.000000	-0.013561
2812.000000	-0.009840
2814.000000	-0.043262
2816.000000	-0.046516
2818.000000	-0.026028
2820.000000	-0.016475
2822.000000	-0.027478
2824.000000	-0.046673
2826.000000	-0.058508
2828.000000	-0.051991
2830.000000	-0.039021
2832.000000	0.026632
2834.000000	0.057668
2836.000000	0.088703
2838.000000	0.000015
2840.000000	-0.008649
2842.000000	-0.013860
2844.000000	-0.016303
2846.000000	0.058304
2848.000000	0.130478
2850.000000	0.098824
2852.000000	0.121278
2854.000000	0.166929
2856.000000	0.167622
2858.000000	0.164157
2860.000000	0.207779
2862.000000	0.253183
2864.000000	0.252552
2866.000000	0.285996
2868.000000	0.287776
2870.000000	0.319637
2872.000000	0.370850
2874.000000	0.436476
2876.000000	0.528556
2878.000000	0.484394
2880.000000	0.471928
2882.000000	0.484860
2884.000000	0.455810
2886.000000	0.431682
2888.000000	0.444142
2890.000000	0.425694
2892.000000	0.434253
2894.000000	0.436928
2896.000000	0.505077
2898.000000	0.566319
2900.000000	0.569771
2902.000000	0.580691
2904.000000	0.548419
2906.000000	0.533691
2908.000000	0.546117
2910.000000	0.601831
2912.000000	0.682361
2914.000000	0.705839
2916.000000	0.659095
2918.000000	0.669599
2920.000000	0.700429
2922.000000	0.833926
2924.000000	0.884203
2926.000000	0.902572
2928.000000	0.975823
2930.000000	0.895533
2932.000000	0.966251
2934.000000	0.964931
2936.000000	0.961558
2938.000000	1.000000
2940.000000	0.974943
2942.000000	0.867120
2944.000000	0.800681
2946.000000	0.838327
2948.000000	0.771951
2950.000000	0.698986
2952.000000	0.680158
2954.000000	0.636612
2956.000000	0.565075
2958.000000	0.536638
2960.000000	0.529990
2962.000000	0.526369
2964.000000	0.518409
2966.000000	0.504497
2968.000000	0.483648
2970.000000	0.449616
2972.000000	0.430612
2974.000000	0.487926
2976.000000	0.435980
2978.000000	0.417610
2980.000000	0.378653
2982.000000	0.294314
2984.000000	0.320965
2986.000000	0.375719
2988.000000	0.342445
2990.000000	0.286512
2992.000000	0.178065
2994.000000	0.138955
2996.000000	0.206669
2998.000000	0.223216
3000.000000	0.152042
3002.000000	0.114468
3004.000000	0.123613
3006.000000	0.105828
3008.000000	0.066150
3010.000000	0.078573
3012.000000	0.122994
3014.000000	0.112314
3016.000000	0.087039
3018.000000	0.049257
3020.000000	-0.016658
3022.000000	0.003604
3024.000000	0.002403
3026.000000	-0.018572
3028.000000	0.026605
3030.000000	-0.087639
3032.000000	-0.095429
3034.000000	-0.024674
3036.000000	-0.002122
3038.000000	0.012947
3040.000000	0.032570
3042.000000	0.017310
3044.000000	0.000261
3046.000000	-0.041906
3048.000000	-0.030696
3050.000000	0.040814
3052.000000	0.096263
3054.000000	0.070181
3056.000000	0.037384
3058.000000	0.057995
3060.000000	0.042543
3062.000000	0.085539
3064.000000	0.109748
3066.000000	0.077579
3068.000000	0.083096
3070.000000	0.098373
3072.000000	0.058595
3074.000000	0.069085
3076.000000	0.142426
3078.000000	0.068700
3080.000000	0.027644
3082.000000	0.056687
3084.000000	0.092224
3086.000000	0.083570
3088.000000	0.043341
3090.000000	0.015211
3092.000000	-0.032215
3094.000000	-0.012577
3096.000000	-0.033215
3098.000000	-0.003379
3100.000000	0.039682
3102.000000	0.038411
3104.000000	0.031579
3106.000000	-0.011822
3108.000000	-0.055223
3110.000000	-0.053621
3112.000000	-0.048207
3114.000000	-0.021216
3116.000000	0.014584
3118.000000	0.006582
3120.000000	-0.024507
3122.000000	-0.000654
3124.000000	0.042187
3126.000000	-0.012241
3128.000000	0.020533
3130.000000	-0.011771
3132.000000	-0.048208
3134.000000	-0.033306
3136.000000	-0.046640
3138.000000	-0.023547
3140.000000	-0.000105
3142.000000	-0.045873
3144.000000	0.006958
3146.000000	0.006794
3148.000000	-0.023995
3150.000000	-0.013795
3152.000000	0.010389
3154.000000	0.011648
3156.000000	-0.040531
3158.000000	-0.015086
3160.000000	0.008245
3162.000000	-0.004111
3164.000000	-0.003452
3166.000000	-0.013810
3168.000000	-0.047805
3170.000000	-0.048586
3172.000000	-0.015778
3174.000000	0.006340
3176.000000	0.041152
3178.000000	0.069415
3180.000000	0.037630
3182.000000	-0.037426
3184.000000	-0.059067
3186.000000	-0.002756
3188.000000	0.026266
3190.000000	-0.020890
3192.000000	-0.034111
3194.000000	-0.002823
3196.000000	-0.025346
3198.000000	-0.010133
3200.000000	0.020233
3202.000000	0.029942
3204.000000	0.029729
3206.000000	0.017019
3208.000000	0.045221
3210.000000	0.030523
3212.000000	-0.023484
3214.000000	-0.056072
3216.000000	-0.039758
3218.000000	-0.047732
3220.000000	-0.046354
3222.000000	0.022230
3224.000000	0.054569
3226.000000	0.000342
3228.000000	-0.039450
3230.000000	-0.018046
3232.000000	0.030343
3234.000000	0.012865
3236.000000	0.016613
3238.000000	0.052027
3240.000000	0.018663
3242.000000	-0.062710
3244.000000	-0.082688
3246.000000	0.012821
3248.000000	0.023059
3250.000000	-0.016267
3252.000000	-0.028190
3254.000000	0.006686
3256.000000	0.030468
3258.000000	0.063996
3260.000000	0.103177
3262.000000	0.033873
3264.000000	-0.038212
3266.000000	-0.017562
3268.000000	-0.008963
3270.000000	0.030483
3272.000000	0.028381
3274.000000	0.015988
3276.000000	0.041447
3278.000000	0.035135
3280.000000	0.000652
3282.000000	0.030346
3284.000000	0.073303
3286.000000	0.054590
3288.000000	0.029141
3290.000000	0.027662
3292.000000	0.031189
3294.000000	0.065704
3296.000000	0.054560
3298.000000	0.021991
3300.000000	0.049095
3302.000000	0.017585
3304.000000	0.074313
3306.000000	0.067174
3308.000000	0.010817
3310.000000	0.058312
3312.000000	0.083079
3314.000000	0.040237
3316.000000	0.047040
3318.000000	0.085148
3320.000000	0.053039
3322.000000	0.000989
3324.000000	0.019323
3326.000000	0.059255
3328.000000	0.058872
3330.000000	0.093191
3332.000000	0.084969
3334.000000	0.019474
3336.000000	-0.005759
3338.000000	0.006460
3340.000000	0.025926
3342.000000	0.071172
3344.000000	0.053111
3346.000000	0.005081
3348.000000	0.059596
3350.000000	0.068648
3352.000000	0.043603
3354.000000	0.002953
3356.000000	-0.036940
3358.000000	0.008368
3360.000000	0.062995
3362.000000	0.046645
3364.000000	0.073995
3366.000000	0.067365
3368.000000	0.050158
3370.000000	0.035317
3372.000000	0.007373
3374.000000	0.030919
3376.000000	0.063428
3378.000000	0.032183
3380.000000	0.037121
3382.000000	0.082070
3384.000000	0.051140
3386.000000	0.000852
3388.000000	-0.031129
3390.000000	-0.017784
3392.000000	0.003940
3394.000000	0.029849
3396.000000	0.030002
3398.000000	0.055131
3400.000000	0.032324
3402.000000	-0.025733
3404.000000	-0.034714
3406.000000	0.021453
3408.000000	0.083287
3410.000000	0.042528
3412.000000	0.014744
3414.000000	0.055451
3416.000000	0.093912
3418.000000	0.067794
3420.000000	-0.025314
3422.000000	-0.003142
3424.000000	0.033623
3426.000000	0.009986
3428.000000	-0.005184
3430.000000	-0.018660
3432.000000	0.005230
3434.000000	0.057117
3436.000000	0.036120
3438.000000	0.029906
3440.000000	0.053960
3442.000000	0.057206
3444.000000	0.005279
3446.000000	-0.028329
3448.000000	0.013545
3450.000000	0.011297
3452.000000	-0.011086
3454.000000	0.009007
3456.000000	-0.012341
3458.000000	-0.002422
3460.000000	0.040923
3462.000000	0.002502
3464.000000	-0.024100
3466.000000	-0.034190
3468.000000	-0.002521
3470.000000	0.009343
3472.000000	0.000775
3474.000000	-0.029795
3476.000000	-0.014277
3478.000000	0.013616
3480.000000	0.014182
3482.000000	0.053682
3484.000000	0.057868
3486.000000	0.002171
3488.000000	-0.075402
3490.000000	-0.008399
3492.000000	0.009758
3494.000000	0.046686
3496.000000	0.002613
3498.000000	-0.000415
3500.000000	0.029225
3502.000000	0.057321
3504.000000	0.040847
3506.000000	0.014544
3508.000000	0.011600
3510.000000	-0.045044
3512.000000	-0.049077
3514.000000	-0.032241
3516.000000	-0.015135
3518.000000	-0.014036
3520.000000	0.014026
3522.000000	0.009049
3524.000000	-0.006862
3526.000000	-0.023266
3528.000000	-0.020044
3530.000000	-0.016089
3532.000000	0.031862
3534.000000	0.045282
3536.000000	0.013611
3538.000000	0.030968
3540.000000	-0.021058
3542.000000	-0.044481
3544.000000	-0.039180
3546.000000	-0.001191
3548.000000	-0.015616
3550.000000	-0.053429
3552.000000	-0.053486
3554.000000	-0.026239
3556.000000	-0.008678
3558.000000	0.014157
3560.000000	-0.001094
3562.000000	0.022019
3564.000000	0.055353
3566.000000	0.016736
3568.000000	-0.023717
3570.000000	-0.045205
3572.000000	-0.028018
3574.000000	-0.070625
3576.000000	-0.057916
3578.000000	-0.010676
3580.000000	0.027632
3582.000000	0.021292
3584.000000	0.000650
3586.000000	-0.000255
3588.000000	0.008347
3590.000000	0.027604
3592.000000	0.042901
3594.000000	-0.000298
3596.000000	0.000618
3598.000000	-0.002000
3600.000000	-0.073736
