400.000000	0.004600
402.000000	0.035675
404.000000	0.029909
406.000000	0.008504
408.000000	0.012891
410.000000	0.011000
412.000000	-0.002227
414.000000	0.001724
416.000000	0.013392
418.000000	0.015179
420.000000	0.003286
422.000000	-0.005012
424.000000	0.009489
426.000000	0.018548
428.000000	0.005534
430.000000	-0.013292
432.000000	-0.013061
434.000000	0.009516
436.000000	-0.003996
438.000000	-0.041757
440.000000	-0.034052
442.000000	-0.009699
444.000000	-0.002284
446.000000	0.004664
448.000000	0.003765
450.000000	-0.016654
452.000000	-0.018243
454.000000	0.003028
456.000000	0.003657
458.000000	-0.010554
460.000000	-0.016075
462.000000	-0.002413
464.000000	0.011757
466.000000	-0.001900
468.000000	-0.016806
470.000000	-0.015064
472.000000	-0.012776
474.000000	-0.014721
476.000000	-0.019605
478.000000	-0.029328
480.000000	-0.031898
482.000000	-0.010184
484.000000	0.005781
486.000000	-0.000861
488.000000	0.000446
490.000000	0.008437
492.000000	0.008151
494.000000	0.012784
496.000000	0.022035
498.000000	0.018539
500.000000	0.009683
502.000000	0.007080
504.000000	0.010366
506.000000	0.006170
508.000000	-0.014927
510.000000	-0.020109
512.000000	-0.001510
514.000000	0.011201
516.000000	0.014901
518.000000	0.017798
520.000000	0.025250
522.000000	0.026845
524.000000	0.012417
526.000000	0.015769
528.000000	0.040453
530.000000	0.044050
532.000000	0.026427
534.000000	0.007848
536.000000	0.007614
538.000000	0.019436
540.000000	0.022030
542.000000	0.011894
544.000000	0.000235
546.000000	0.006764
548.000000	0.018036
550.000000	0.014873
552.000000	-0.000662
554.000000	-0.010654
556.000000	0.000093
558.000000	-0.000598
560.000000	-0.016704
562.000000	-0.010390
564.000000	0.002767
566.000000	0.002687
568.000000	0.008216
570.000000	0.018026
572.000000	0.017038
574.000000	0.005532
576.000000	-0.007823
578.000000	-0.011035
580.000000	-0.006779
582.000000	-0.001578
584.000000	0.002009
586.000000	0.002971
588.000000	0.000887
590.000000	-0.004706
592.000000	-0.005411
594.000000	0.008843
596.000000	0.006345
598.000000	-0.019048
600.000000	-0.013176
602.000000	0.010272
604.000000	0.012443
606.000000	0.001132
608.000000	-0.011783
610.000000	-0.020275
612.000000	-0.028523
614.000000	-0.030817
616.000000	-0.008976
618.000000	0.009023
620.000000	-0.000084
622.000000	-0.000264
624.000000	0.006972
626.000000	-0.003904
628.000000	-0.019871
630.000000	-0.025731
632.000000	-0.017102
634.000000	-0.006034
636.000000	-0.001831
638.000000	0.001371
640.000000	0.000214
642.000000	-0.007061
644.000000	-0.000585
646.000000	0.015864
648.000000	0.017181
650.000000	-0.003761
652.000000	-0.030111
654.000000	-0.026628
656.000000	-0.011010
658.000000	-0.010544
660.000000	-0.020043
662.000000	-0.025159
664.000000	-0.014385
666.000000	0.003222
668.000000	0.014881
670.000000	0.012182
672.000000	0.006051
674.000000	0.010626
676.000000	0.030265
678.000000	0.026637
680.000000	-0.016546
682.000000	-0.023890
684.000000	-0.002910
686.000000	-0.008894
688.000000	-0.018937
690.000000	-0.020471
692.000000	-0.025790
694.000000	-0.020789
696.000000	-0.000850
698.000000	0.012354
700.000000	0.023627
702.000000	0.036614
704.000000	0.022879
706.000000	0.001212
708.000000	0.006942
710.000000	0.005369
712.000000	-0.003006
714.000000	0.018968
716.000000	0.030249
718.000000	0.012819
720.000000	0.014250
722.000000	0.036444
724.000000	0.060970
726.000000	0.076661
728.000000	0.069668
730.000000	0.038247
732.000000	0.022469
734.000000	0.021968
736.000000	0.007346
738.000000	0.018530
740.000000	0.053339
742.000000	0.047119
744.000000	0.045482
746.000000	0.082204
748.000000	0.095037
750.000000	0.090607
752.000000	0.096493
754.000000	0.083225
756.000000	0.043679
758.000000	0.001657
760.000000	0.002353
762.000000	0.031223
764.000000	0.024687
766.000000	0.010675
768.000000	0.010078
770.000000	-0.002100
772.000000	-0.008611
774.000000	0.010447
776.000000	0.040529
778.000000	0.057856
780.000000	0.054451
782.000000	0.068688
784.000000	0.093035
786.000000	0.090078
788.000000	0.066558
790.000000	0.032128
792.000000	-0.004251
794.000000	-0.001263
796.000000	0.032123
798.000000	0.019711
800.000000	-0.011967
802.000000	-0.018107
804.000000	-0.003436
806.000000	0.013292
808.000000	0.018427
810.000000	0.021185
812.000000	0.021360
814.000000	0.012860
816.000000	0.000095
818.000000	-0.005175
820.000000	0.005637
822.000000	0.008492
824.000000	-0.004062
826.000000	-0.011514
828.000000	-0.001769
830.000000	0.021596
832.000000	0.037255
834.000000	0.024720
836.000000	-0.006091
838.000000	0.001992
840.000000	0.026349
842.000000	0.022231
844.000000	0.007715
846.000000	-0.006671
848.000000	-0.016113
850.000000	0.001359
852.000000	0.020901
854.000000	-0.000772
856.000000	-0.006272
858.000000	0.022788
860.000000	0.039115
862.000000	0.019754
864.000000	-0.011696
866.000000	0.003033
868.000000	0.019708
870.000000	0.002262
872.000000	-0.007488
874.000000	0.003094
876.000000	0.018014
878.000000	0.004790
880.000000	-0.015570
882.000000	-0.008690
884.000000	0.010961
886.000000	0.019136
888.000000	0.004043
890.000000	-0.005718
892.000000	-0.001532
894.000000	0.004351
896.000000	0.009699
898.000000	0.009709
900.000000	0.001136
902.000000	0.009541
904.000000	0.030830
906.000000	0.027558
908.000000	0.025765
910.000000	0.033215
912.000000	0.012569
914.000000	0.003233
916.000000	0.024019
918.000000	0.016276
920.000000	-0.003413
922.000000	-0.004215
924.000000	-0.000692
926.000000	0.014710
928.000000	0.042273
930.000000	0.037282
932.000000	0.017179
934.000000	0.020111
936.000000	0.025565
938.000000	0.019325
940.000000	0.007315
942.000000	0.018102
944.000000	0.032572
946.000000	0.015301
948.000000	0.019645
950.000000	0.040433
952.000000	0.023029
954.000000	0.004816
956.000000	0.011210
958.000000	0.028852
960.000000	0.037974
962.000000	0.034423
964.000000	0.029948
966.000000	0.016911
968.000000	0.000223
970.000000	0.003547
972.000000	0.016301
974.000000	0.021737
976.000000	0.015758
978.000000	0.014452
980.000000	0.028445
982.000000	0.046955
984.000000	0.053733
986.000000	0.046371
988.000000	0.044918
990.000000	0.038473
992.000000	0.021814
994.000000	0.025363
996.000000	0.039878
998.000000	0.051127
1000.000000	0.077115
1002.000000	0.103891
1004.000000	0.108015
1006.000000	0.090244
1008.000000	0.064347
1010.000000	0.044381
1012.000000	0.031847
1014.000000	0.031856
1016.000000	0.038893
1018.000000	0.017829
1020.000000	-0.006997
1022.000000	0.001175
1024.000000	0.002951
1026.000000	0.006721
1028.000000	0.034998
1030.000000	0.037933
1032.000000	0.028500
1034.000000	0.045963
1036.000000	0.048939
1038.000000	0.026256
1040.000000	0.006120
1042.000000	0.026960
1044.000000	0.049486
1046.000000	0.016932
1048.000000	0.004853
1050.000000	0.020759
1052.000000	0.018690
1054.000000	0.019515
1056.000000	0.020238
1058.000000	0.002466
1060.000000	-0.005058
1062.000000	0.005798
1064.000000	0.016311
1066.000000	0.005947
1068.000000	-0.002688
1070.000000	0.022913
1072.000000	0.031991
1074.000000	0.012362
1076.000000	0.000271
1078.000000	0.033874
1080.000000	0.074037
1082.000000	0.059402
1084.000000	0.058248
1086.000000	0.064232
1088.000000	0.029869
1090.000000	0.034105
1092.000000	0.069679
1094.000000	0.068283
1096.000000	0.052356
1098.000000	0.052861
1100.000000	0.077905
1102.000000	0.091606
1104.000000	0.082181
1106.000000	0.068830
1108.000000	0.084033
1110.000000	0.101062
1112.000000	0.081084
1114.000000	0.074215
1116.000000	0.074878
1118.000000	0.054896
1120.000000	0.056882
1122.000000	0.070683
1124.000000	0.067898
1126.000000	0.082234
1128.000000	0.114399
1130.000000	0.138836
1132.000000	0.135417
1134.000000	0.102539
1136.000000	0.060413
1138.000000	0.046960
1140.000000	0.035900
1142.000000	0.001529
1144.000000	-0.007696
1146.000000	0.001829
1148.000000	0.004622
1150.000000	0.003429
1152.000000	-0.013550
1154.000000	-0.040218
1156.000000	-0.031927
1158.000000	-0.005226
1160.000000	0.014066
1162.000000	0.030966
1164.000000	0.033800
1166.000000	0.023931
1168.000000	0.026873
1170.000000	0.024637
1172.000000	0.009317
1174.000000	0.004177
1176.000000	0.002563
1178.000000	0.003392
1180.000000	0.016553
1182.000000	0.009988
1184.000000	-0.011658
1186.000000	-0.007585
1188.000000	-0.012827
1190.000000	-0.030983
1192.000000	-0.028011
1194.000000	-0.019445
1196.000000	-0.009994
1198.000000	0.005336
1200.000000	0.001368
1202.000000	-0.002697
1204.000000	0.024100
1206.000000	0.038859
1208.000000	0.037170
1210.000000	0.039593
1212.000000	0.041873
1214.000000	0.036030
1216.000000	0.028204
1218.000000	0.046994
1220.000000	0.063543
1222.000000	0.062197
1224.000000	0.092077
1226.000000	0.098592
1228.000000	0.065114
1230.000000	0.084416
1232.000000	0.104540
1234.000000	0.088008
1236.000000	0.082413
1238.000000	0.083100
1240.000000	0.093148
1242.000000	0.124978
1244.000000	0.111867
1246.000000	0.057465
1248.000000	0.035328
1250.000000	0.056967
1252.000000	0.078061
1254.000000	0.052821
1256.000000	0.025261
1258.000000	0.040229
1260.000000	0.090843
1262.000000	0.087492
1264.000000	0.059877
1266.000000	0.063069
1268.000000	0.062755
1270.000000	0.037969
1272.000000	0.011744
1274.000000	0.039208
1276.000000	0.058971
1278.000000	0.036295
1280.000000	0.020294
1282.000000	0.028221
1284.000000	0.048359
1286.000000	0.059508
1288.000000	0.068963
1290.000000	0.079183
1292.000000	0.084669
1294.000000	0.085873
1296.000000	0.083605
1298.000000	0.085006
1300.000000	0.107935
1302.000000	0.122813
1304.000000	0.120891
1306.000000	0.164085
1308.000000	0.197369
1310.000000	0.181377
1312.000000	0.169334
1314.000000	0.165968
1316.000000	0.161318
1318.000000	0.153719
1320.000000	0.154393
1322.000000	0.162790
1324.000000	0.166635
1326.000000	0.160490
1328.000000	0.151058
1330.000000	0.147481
1332.000000	0.149024
1334.000000	0.176709
1336.000000	0.217104
1338.000000	0.193054
1340.000000	0.172847
1342.000000	0.187859
1344.000000	0.153980
1346.000000	0.114424
1348.000000	0.115099
1350.000000	0.142547
1352.000000	0.130929
1354.000000	0.106885
1356.000000	0.132758
1358.000000	0.142278
1360.000000	0.131118
1362.000000	0.129743
1364.000000	0.131370
1366.000000	0.117160
1368.000000	0.089295
1370.000000	0.082191
1372.000000	0.104249
1374.000000	0.115702
1376.000000	0.071366
1378.000000	0.065430
1380.000000	0.098446
1382.000000	0.103676
1384.000000	0.120955
1386.000000	0.129041
1388.000000	0.105529
1390.000000	0.112594
1392.000000	0.118895
1394.000000	0.098262
1396.000000	0.092641
1398.000000	0.101309
1400.000000	0.102687
1402.000000	0.086287
1404.000000	0.095243
1406.000000	0.097843
1408.000000	0.052121
1410.000000	0.047163
1412.000000	0.071453
1414.000000	0.067557
1416.000000	0.027592
1418.000000	0.010675
1420.000000	0.035180
1422.000000	0.050310
1424.000000	0.063752
1426.000000	0.078896
1428.000000	0.083285
1430.000000	0.075973
1432.000000	0.075932
1434.000000	0.095008
1436.000000	0.108414
1438.000000	0.092095
1440.000000	0.070816
1442.000000	0.109432
1444.000000	0.157619
1446.000000	0.165742
1448.000000	0.140285
1450.000000	0.144800
1452.000000	0.157754
1454.000000	0.138198
1456.000000	0.135819
1458.000000	0.153835
1460.000000	0.163806
1462.000000	0.144635
1464.000000	0.139179
1466.000000	0.142361
1468.000000	0.110388
1470.000000	0.085395
1472.000000	0.073266
1474.000000	0.060236
1476.000000	0.064118
1478.000000	0.076527
1480.000000	0.083434
1482.000000	0.082326
1484.000000	0.071336
1486.000000	0.050706
1488.000000	0.026606
1490.000000	0.015712
1492.000000	0.024824
1494.000000	0.037969
1496.000000	0.018836
1498.000000	-0.011059
1500.000000	-0.022974
1502.000000	-0.016637
1504.000000	-0.013889
1506.000000	-0.015003
1508.000000	-0.009060
1510.000000	-0.011753
1512.000000	-0.016692
1514.000000	-0.010575
1516.000000	0.001572
1518.000000	-0.015175
1520.000000	-0.037834
1522.000000	-0.012934
1524.000000	-0.017215
1526.000000	-0.020857
1528.000000	0.020276
1530.000000	0.006719
1532.000000	0.001753
1534.000000	0.038426
1536.000000	0.035227
1538.000000	0.045428
1540.000000	0.056162
1542.000000	0.020970
1544.000000	0.024157
1546.000000	0.032881
1548.000000	0.015714
1550.000000	0.042326
1552.000000	0.074813
1554.000000	0.092858
1556.000000	0.113401
1558.000000	0.098622
1560.000000	0.072834
1562.000000	0.076781
1564.000000	0.093685
1566.000000	0.097331
1568.000000	0.095466
1570.000000	0.115299
1572.000000	0.115060
1574.000000	0.121633
1576.000000	0.161151
1578.000000	0.150735
1580.000000	0.142367
1582.000000	0.163339
1584.000000	0.154222
1586.000000	0.160791
1588.000000	0.161510
1590.000000	0.119223
1592.000000	0.116726
1594.000000	0.121729
1596.000000	0.100541
1598.000000	0.094689
1600.000000	0.108721
1602.000000	0.126814
1604.000000	0.133852
1606.000000	0.133673
1608.000000	0.129155
1610.000000	0.121718
1612.000000	0.112121
1614.000000	0.096524
1616.000000	0.088578
1618.000000	0.100009
1620.000000	0.103104
1622.000000	0.102653
1624.000000	0.102957
1626.000000	0.088773
1628.000000	0.081038
1630.000000	0.085528
1632.000000	0.089211
1634.000000	0.086615
1636.000000	0.078621
1638.000000	0.072751
1640.000000	0.078184
1642.000000	0.087744
1644.000000	0.100027
1646.000000	0.115667
1648.000000	0.122345
1650.000000	0.115775
1652.000000	0.109758
1654.000000	0.120901
1656.000000	0.114137
1658.000000	0.119458
1660.000000	0.162371
1662.000000	0.156285
1664.000000	0.132797
1666.000000	0.132990
1668.000000	0.141817
1670.000000	0.139896
1672.000000	0.139623
1674.000000	0.141766
1676.000000	0.109108
1678.000000	0.130269
1680.000000	0.175173
1682.000000	0.124641
1684.000000	0.093627
1686.000000	0.102121
1688.000000	0.106521
1690.000000	0.095040
1692.000000	0.074515
1694.000000	0.057643
1696.000000	0.052982
1698.000000	0.055648
1700.000000	0.051772
1702.000000	0.052716
1704.000000	0.053659
1706.000000	0.054603
1708.000000	0.055547
1710.000000	0.056491
1712.000000	0.057435
1714.000000	0.058378
1716.000000	-0.006023
1718.000000	0.014086
1720.000000	-0.001400
1722.000000	-0.014295
1724.000000	0.005506
1726.000000	-0.015925
1728.000000	-0.021482
1730.000000	0.009675
1732.000000	0.028276
1734.000000	-0.006618
1736.000000	-0.006672
1738.000000	0.031061
1740.000000	0.001029
1742.000000	-0.003411
1744.000000	0.002195
1746.000000	-0.026280
1748.000000	-0.030780
1750.000000	-0.031654
1752.000000	-0.026095
1754.000000	-0.001261
1756.000000	-0.017610
1758.000000	-0.028742
1760.000000	-0.008301
1762.000000	-0.007417
1764.000000	-0.023587
1766.000000	-0.027270
1768.000000	-0.010283
1770.000000	-0.006820
1772.000000	-0.006656
1774.000000	-0.002770
1776.000000	-0.001413
1778.000000	-0.002122
1780.000000	-0.010446
1782.000000	-0.021008
1784.000000	-0.017705
1786.000000	-0.004237
1788.000000	0.003187
1790.000000	-0.003958
1792.000000	-0.012337
1794.000000	-0.001330
1796.000000	0.012907
1798.000000	0.003253
1800.000000	-0.014142
1802.000000	-0.006928
1804.000000	0.015975
1806.000000	0.016590
1808.000000	0.006555
1810.000000	0.002192
1812.000000	-0.003080
1814.000000	-0.026719
1816.000000	-0.028533
1818.000000	-0.000537
1820.000000	0.024402
1822.000000	0.011660
1824.000000	0.001941
1826.000000	0.014041
1828.000000	0.022090
1830.000000	-0.001141
1832.000000	-0.004413
1834.000000	0.011406
1836.000000	0.000455
1838.000000	0.018998
1840.000000	0.009135
1842.000000	-0.034037
1844.000000	-0.012876
1846.000000	-0.003880
1848.000000	-0.018099
1850.000000	-0.014861
1852.000000	0.009512
1854.000000	0.004033
1856.000000	-0.021125
1858.000000	-0.019252
1860.000000	0.008668
1862.000000	0.021772
1864.000000	0.014196
1866.000000	0.011993
1868.000000	0.013289
1870.000000	-0.001665
1872.000000	-0.011197
1874.000000	0.010723
1876.000000	-0.018890
1878.000000	-0.022122
1880.000000	0.020652
1882.000000	0.001457
1884.000000	0.003734
1886.000000	0.023921
1888.000000	0.023618
1890.000000	0.021340
1892.000000	0.018171
1894.000000	0.009257
1896.000000	-0.000514
1898.000000	0.004328
1900.000000	0.010835
1902.000000	-0.000003
1904.000000	-0.021112
1906.000000	-0.013632
1908.000000	-0.011104
1910.000000	-0.020642
1912.000000	-0.016009
1914.000000	0.000000
1916.000000	0.010184
1918.000000	0.005103
1920.000000	-0.005293
1922.000000	0.000754
1924.000000	-0.004892
1926.000000	-0.011046
1928.000000	0.016497
1930.000000	0.010227
1932.000000	-0.007592
1934.000000	-0.008903
1936.000000	-0.008810
1938.000000	0.000652
1940.000000	-0.002871
1942.000000	-0.006746
1944.000000	0.001861
1946.000000	0.010469
1948.000000	-0.013182
1950.000000	-0.001824
1952.000000	-0.000470
1954.000000	-0.007049
1956.000000	-0.007192
1958.000000	-0.002261
1960.000000	-0.007134
1962.000000	-0.006306
1964.000000	-0.000514
1966.000000	0.000103
1968.000000	-0.001031
1970.000000	0.002832
1972.000000	0.006695
1974.000000	0.010558
1976.000000	0.014498
1978.000000	-0.003262
1980.000000	-0.009361
1982.000000	0.013647
1984.000000	-0.003886
1986.000000	-0.004924
1988.000000	0.003878
1990.000000	-0.003558
1992.000000	0.001375
1994.000000	-0.005067
1996.000000	0.002622
1998.000000	0.002985
2000.000000	0.003347
2002.000000	-0.009615
2004.000000	0.000787
2006.000000	0.003338
2008.000000	-0.008966
2010.000000	0.001368
2012.000000	0.006900
2014.000000	-0.003369
2016.000000	0.020037
2018.000000	0.007043
2020.000000	-0.016531
2022.000000	-0.007273
2024.000000	-0.000541
2026.000000	-0.005169
2028.000000	-0.003149
2030.000000	0.006558
2032.000000	-0.000894
2034.000000	-0.009410
2036.000000	-0.014964
2038.000000	-0.017228
2040.000000	-0.011606
2042.000000	-0.011905
2044.000000	-0.023345
2046.000000	-0.019881
2048.000000	0.021519
2050.000000	0.037013
2052.000000	0.023664
2054.000000	0.012887
2056.000000	0.016627
2058.000000	0.008508
2060.000000	-0.004940
2062.000000	0.001567
2064.000000	0.026250
2066.000000	0.014020
2068.000000	-0.002710
2070.000000	0.000693
2072.000000	0.008937
2074.000000	0.010864
2076.000000	-0.003500
2078.000000	-0.022050
2080.000000	-0.023979
2082.000000	-0.008030
2084.000000	0.015718
2086.000000	0.014071
2088.000000	-0.005457
2090.000000	0.020447
2092.000000	0.018731
2094.000000	-0.009893
2096.000000	-0.018766
2098.000000	-0.008738
2100.000000	-0.013068
2102.000000	-0.005260
2104.000000	0.016177
2106.000000	0.004083
2108.000000	-0.009517
2110.000000	0.004234
2112.000000	0.025167
2114.000000	0.014461
2116.000000	-0.007846
2118.000000	-0.016363
2120.000000	-0.003471
2122.000000	0.016764
2124.000000	0.020695
2126.000000	0.008356
2128.000000	-0.000271
2130.000000	0.005772
2132.000000	0.009350
2134.000000	0.002406
2136.000000	-0.000508
2138.000000	0.005165
2140.000000	0.002174
2142.000000	-0.001293
2144.000000	-0.006493
2146.000000	-0.004700
2148.000000	0.012933
2150.000000	0.014522
2152.000000	0.018618
2154.000000	0.026353
2156.000000	0.012203
2158.000000	-0.019773
2160.000000	-0.021822
2162.000000	-0.003874
2164.000000	-0.004080
2166.000000	-0.015039
2168.000000	0.001058
2170.000000	0.015162
2172.000000	0.011154
2174.000000	0.018570
2176.000000	0.012681
2178.000000	0.009604
2180.000000	0.007814
2182.000000	-0.002813
2184.000000	0.013211
2186.000000	0.005235
2188.000000	-0.009332
2190.000000	0.010066
2192.000000	0.024957
2194.000000	0.010802
2196.000000	0.004260
2198.000000	0.014261
2200.000000	0.000418
2202.000000	-0.016350
2204.000000	-0.024249
2206.000000	-0.011227
2208.000000	0.015839
2210.000000	0.013263
2212.000000	0.014740
2214.000000	0.020042
2216.000000	0.005054
2218.000000	-0.012347
2220.000000	0.025149
2222.000000	0.025471
2224.000000	-0.011317
2226.000000	0.019227
2228.000000	0.044367
2230.000000	0.022935
2232.000000	-0.004164
2234.000000	-0.002922
2236.000000	-0.012265
2238.000000	-0.008661
2240.000000	0.016359
2242.000000	0.023153
2244.000000	-0.014408
2246.000000	-0.014528
2248.000000	0.004859
2250.000000	0.023782
2252.000000	0.033159
2254.000000	0.004849
2256.000000	0.006328
2258.000000	0.003463
2260.000000	-0.020214
2262.000000	-0.005421
2264.000000	0.011763
2266.000000	0.022310
2268.000000	0.011428
2270.000000	-0.013154
2272.000000	0.003764
2274.000000	0.011701
2276.000000	0.019098
2278.000000	0.028419
2280.000000	0.010157
2282.000000	0.016980
2284.000000	0.021753
2286.000000	0.012283
2288.000000	0.016326
2290.000000	0.035851
2292.000000	0.005456
2294.000000	-0.008151
2296.000000	0.006657
2298.000000	-0.008736
2300.000000	0.039509
2302.000000	0.030110
2304.000000	-0.003110
2306.000000	0.020700
2308.000000	0.019417
2310.000000	0.023924
2312.000000	0.017516
2314.000000	0.003121
2316.000000	0.014863
2318.000000	0.032634
2320.000000	0.019639
2322.000000	0.008496
2324.000000	0.018556
2326.000000	0.013975
2328.000000	0.015883
2330.000000	0.029813
2332.000000	0.030313
2334.000000	0.013162
2336.000000	0.018381
2338.000000	0.018951
2340.000000	0.004047
2342.000000	0.000737
2344.000000	0.021881
2346.000000	0.018158
2348.000000	0.006496
2350.000000	0.017212
2352.000000	0.029457
2354.000000	0.013279
2356.000000	0.040993
2358.000000	0.018197
2360.000000	-0.008353
2362.000000	0.026682
2364.000000	0.007870
2366.000000	0.008621
2368.000000	-0.008812
2370.000000	-0.020304
2372.000000	0.027859
2374.000000	0.024763
2376.000000	-0.006502
2378.000000	-0.014408
2380.000000	-0.000523
2382.000000	0.005400
2384.000000	0.015472
2386.000000	-0.008837
2388.000000	-0.007302
2390.000000	-0.000325
2392.000000	0.006652
2394.000000	-0.015248
2396.000000	-0.013630
2398.000000	-0.001788
2400.000000	0.001853
2402.000000	-0.005870
2404.000000	0.006175
2406.000000	0.004601
2408.000000	-0.000049
2410.000000	0.008333
2412.000000	-0.020143
2414.000000	-0.016711
2416.000000	0.010229
2418.000000	0.018143
2420.000000	0.006645
2422.000000	0.007677
2424.000000	0.003939
2426.000000	-0.001306
2428.000000	0.010087
2430.000000	0.026644
2432.000000	0.006121
2434.000000	-0.005193
2436.000000	-0.007869
2438.000000	-0.019772
2440.000000	-0.019069
2442.000000	0.018434
2444.000000	0.022761
2446.000000	0.005682
2448.000000	-0.001285
2450.000000	-0.002451
2452.000000	0.027198
2454.000000	0.028281
2456.000000	0.010986
2458.000000	0.006341
2460.000000	0.002596
2462.000000	0.005348
2464.000000	0.012502
2466.000000	0.004085
2468.000000	-0.007493
2470.000000	0.006512
2472.000000	0.007301
2474.000000	0.025831
2476.000000	0.006625
2478.000000	-0.036881
2480.000000	-0.001838
2482.000000	0.025494
2484.000000	0.014986
2486.000000	0.012967
2488.000000	0.032556
2490.000000	0.029961
2492.000000	0.011860
2494.000000	0.002683
2496.000000	-0.001558
2498.000000	-0.003946
2500.000000	-0.000252
2502.000000	-0.008544
2504.000000	0.004652
2506.000000	0.009704
2508.000000	0.008135
2510.000000	0.026033
2512.000000	0.005418
2514.000000	0.031611
2516.000000	0.040518
2518.000000	0.006844
2520.000000	0.003138
2522.000000	0.009239
2524.000000	-0.000393
2526.000000	0.001008
2528.000000	0.006700
2530.000000	0.002816
2532.000000	0.026583
2534.000000	0.028411
2536.000000	0.030240
2538.000000	0.032068
2540.000000	0.003498
2542.000000	0.016443
2544.000000	-0.000039
2546.000000	0.006758
2548.000000	0.023521
2550.000000	0.021321
2552.000000	0.030920
2554.000000	-0.000059
2556.000000	-0.018388
2558.000000	-0.015861
2560.000000	-0.018264
2562.000000	-0.016022
2564.000000	0.012051
2566.000000	0.027890
2568.000000	0.010114
2570.000000	-0.009215
2572.000000	0.005531
2574.000000	0.029051
2576.000000	0.025945
2578.000000	0.024694
2580.000000	0.033533
2582.000000	0.026283
2584.000000	0.003698
2586.000000	0.006421
2588.000000	0.018760
2590.000000	0.025021
2592.000000	0.014142
2594.000000	-0.010478
2596.000000	-0.001834
2598.000000	0.018043
2600.000000	0.009218
2602.000000	-0.018340
2604.000000	-0.021295
2606.000000	0.007254
2608.000000	0.030524
2610.000000	0.022920
2612.000000	0.005994
2614.000000	-0.000799
2616.000000	-0.008755
2618.000000	-0.005326
2620.000000	-0.003058
2622.000000	0.002691
2624.000000	0.012608
2626.000000	0.016077
2628.000000	0.016316
2630.000000	0.008368
2632.000000	0.004455
2634.000000	0.013904
2636.000000	0.010854
2638.000000	-0.021048
2640.000000	-0.008559
2642.000000	0.004004
2644.000000	0.006705
2646.000000	0.005387
2648.000000	-0.008845
2650.000000	-0.019292
2652.000000	-0.023082
2654.000000	-0.022165
2656.000000	-0.008311
2658.000000	0.019233
2660.000000	0.030274
2662.000000	-0.001925
2664.000000	0.004643
2666.000000	0.005887
2668.000000	-0.002471
2670.000000	0.018881
2672.000000	0.012258
2674.000000	0.000898
2676.000000	0.012620
2678.000000	0.015433
2680.000000	0.017162
2682.000000	0.040370
2684.000000	0.004099
2686.000000	-0.022085
2688.000000	-0.001043
2690.000000	0.006508
2692.000000	-0.011223
2694.000000	0.007163
2696.000000	-0.003181
2698.000000	-0.005610
2700.000000	0.000616
2702.000000	0.003138
2704.000000	0.004267
2706.000000	0.001811
2708.000000	0.009846
2710.000000	0.000030
2712.000000	0.000908
2714.000000	0.017541
2716.000000	0.013059
2718.000000	0.009320
2720.000000	0.035333
2722.000000	0.015054
2724.000000	0.016926
2726.000000	0.046859
2728.000000	0.016955
2730.000000	0.036066
2732.000000	0.075007
2734.000000	0.042613
2736.000000	0.018644
2738.000000	0.040824
2740.000000	0.018128
2742.000000	0.014943
2744.000000	0.021016
2746.000000	-0.006757
2748.000000	-0.030922
2750.000000	-0.013240
2752.000000	0.006633
2754.000000	0.004894
2756.000000	-0.004369
2758.000000	0.005984
2760.000000	0.028334
2762.000000	0.014242
2764.000000	-0.035739
2766.000000	-0.015884
2768.000000	0.033396
2770.000000	0.039243
2772.000000	0.011349
2774.000000	0.001521
2776.000000	0.011392
2778.000000	-0.001391
2780.000000	-0.026466
2782.000000	-0.013090
2784.000000	-0.009145
2786.000000	-0.028393
2788.000000	-0.008304
2790.000000	-0.011187
2792.000000	-0.022906
2794.000000	-0.037432
2796.000000	-0.034152
2798.000000	-0.009806
2800.000000	-0.004333
2802.000000	-0.027769
2804.000000	-0.014850
2806.000000	-0.020181
2808.000000	-0.024520
2810.000000	-0.015059
2812.000000	-0.021721
2814.000000	-0.005166
2816.000000	-0.005264
2818.000000	-0.018883
2820.000000	-0.014634
2822.000000	0.005175
2824.000000	0.004132
2826.000000	-0.023299
2828.000000	-0.021636
2830.000000	0.022590
2832.000000	0.041017
2834.000000	0.023716
2836.000000	0.019703
2838.000000	0.031770
2840.000000	0.034810
2842.000000	0.060023
2844.000000	0.079565
2846.000000	0.069441
2848.000000	0.084457
2850.000000	0.148620
2852.000000	0.169046
2854.000000	0.199617
2856.000000	0.225253
2858.000000	0.259147
2860.000000	0.267194
2862.000000	0.246729
2864.000000	0.288309
2866.000000	0.311971
2868.000000	0.339755
2870.000000	0.372978
2872.000000	0.424193
2874.000000	0.470220
2876.000000	0.477603
2878.000000	0.501134
2880.000000	0.471281
2882.000000	0.454464
2884.000000	0.470152
2886.000000	0.484069
2888.000000	0.494044
2890.000000	0.503308
2892.000000	0.485437
2894.000000	0.527632
2896.000000	0.574365
2898.000000	0.533240
2900.000000	0.496643
2902.000000	0.561750
2904.000000	0.594516
2906.000000	0.640194
2908.000000	0.647718
2910.000000	0.714639
2912.000000	0.759410
2914.000000	0.724674
2916.000000	0.757715
2918.000000	0.771795
2920.000000	0.827393
2922.000000	0.850416
2924.000000	0.878903
2926.000000	0.934975
2928.000000	0.944145
2930.000000	0.931656
2932.000000	0.988507
2934.000000	0.925083
2936.000000	0.962420
2938.000000	1.000000
2940.000000	0.921535
2942.000000	0.857368
2944.000000	0.811894
2946.000000	0.809725
2948.000000	0.810973
2950.000000	0.764495
2952.000000	0.702366
2954.000000	0.670838
2956.000000	0.642569
2958.000000	0.598646
2960.000000	0.624015
2962.000000	0.641231
2964.000000	0.621442
2966.000000	0.598286
2968.000000	0.579768
2970.000000	0.545677
2972.000000	0.501806
2974.000000	0.480847
2976.000000	0.524034
2978.000000	0.455094
2980.000000	0.383411
2982.000000	0.391248
2984.000000	0.384689
2986.000000	0.396730
2988.000000	0.347957
2990.000000	0.308956
2992.000000	0.322332
2994.000000	0.264432
2996.000000	0.171887
2998.000000	0.169008
3000.000000	0.169702
3002.000000	0.136391
3004.000000	0.117783
3006.000000	0.113233
3008.000000	0.099966
3010.000000	0.060967
3012.000000	0.030089
3014.000000	0.039349
3016.000000	0.029222
3018.000000	0.037366
3020.000000	0.046918
3022.000000	0.029199
3024.000000	0.020542
3026.000000	0.019352
3028.000000	0.001944
3030.000000	0.018540
3032.000000	0.008485
3034.000000	-0.023797
3036.000000	-0.024242
3038.000000	-0.004360
3040.000000	-0.008242
3042.000000	-0.009200
3044.000000	0.016870
3046.000000	-0.007055
3048.000000	0.014885
3050.000000	0.009144
3052.000000	0.003403
3054.000000	-0.008800
3056.000000	0.001256
3058.000000	-0.003161
3060.000000	0.038020
3062.000000	0.020559
3064.000000	0.012947
3066.000000	0.027545
3068.000000	0.031934
3070.000000	0.035154
3072.000000	0.028304
3074.000000	-0.015544
3076.000000	-0.035377
3078.000000	-0.013267
3080.000000	-0.004451
3082.000000	0.016633
3084.000000	-0.002848
3086.000000	-0.017298
3088.000000	0.006012
3090.000000	-0.037132
3092.000000	-0.045215
3094.000000	-0.016063
3096.000000	-0.027132
3098.000000	-0.003617
3100.000000	-0.006019
3102.000000	-0.022658
3104.000000	0.001026
3106.000000	-0.012100
3108.000000	0.014176
3110.000000	-0.041064
3112.000000	-0.030702
3114.000000	-0.003950
3116.000000	0.001820
3118.000000	0.007944
3120.000000	-0.005432
3122.000000	-0.017571
3124.000000	0.005982
3126.000000	-0.017725
3128.000000	0.011634
3130.000000	-0.010746
3132.000000	-0.011216
3134.000000	0.012052
3136.000000	-0.014948
3138.000000	-0.016671
3140.000000	-0.021742
3142.000000	0.000135
3144.000000	-0.027256
3146.000000	-0.013317
3148.000000	0.010840
3150.000000	0.007074
3152.000000	0.001630
3154.000000	-0.005058
3156.000000	-0.008393
3158.000000	-0.015084
3160.000000	0.011616
3162.000000	0.007612
3164.000000	-0.012087
3166.000000	-0.012611
3168.000000	0.005693
3170.000000	0.007375
3172.000000	-0.008871
3174.000000	0.018460
3176.000000	-0.019223
3178.000000	0.007668
3180.000000	0.011385
3182.000000	0.015051
3184.000000	0.005105
3186.000000	-0.017505
3188.000000	0.021956
3190.000000	0.029205
3192.000000	-0.019388
3194.000000	0.027350
3196.000000	-0.001261
3198.000000	-0.022786
3200.000000	0.008880
3202.000000	-0.006962
3204.000000	-0.019674
3206.000000	0.035174
3208.000000	0.017054
3210.000000	0.000145
3212.000000	-0.015265
3214.000000	0.017135
3216.000000	0.008878
3218.000000	0.006444
3220.000000	0.019196
3222.000000	0.009945
3224.000000	-0.001662
3226.000000	-0.033157
3228.000000	0.014363
3230.000000	0.006973
3232.000000	0.029942
3234.000000	0.043160
3236.000000	0.008848
3238.000000	0.002435
3240.000000	0.009890
3242.000000	-0.025444
3244.000000	-0.030443
3246.000000	-0.012645
3248.000000	0.014860
3250.000000	-0.017901
3252.000000	0.037494
3254.000000	0.035258
3256.000000	0.003519
3258.000000	0.012730
3260.000000	0.004306
3262.000000	0.031077
3264.000000	0.034818
3266.000000	0.048049
3268.000000	0.041820
3270.000000	0.023636
3272.000000	0.029458
3274.000000	0.034311
3276.000000	0.051448
3278.000000	0.068222
3280.000000	0.051212
3282.000000	0.057931
3284.000000	0.053880
3286.000000	0.038354
3288.000000	0.058411
3290.000000	0.032499
3292.000000	0.031713
3294.000000	0.056483
3296.000000	0.063276
3298.000000	0.053027
3300.000000	0.031555
3302.000000	0.032638
3304.000000	0.032400
3306.000000	0.038810
3308.000000	0.067298
3310.000000	0.053990
3312.000000	0.052375
3314.000000	0.059794
3316.000000	0.076708
3318.000000	0.076808
3320.000000	0.046364
3322.000000	0.074135
3324.000000	0.070068
3326.000000	0.055239
3328.000000	0.028670
3330.000000	0.034690
3332.000000	0.064361
3334.000000	0.088221
3336.000000	0.081502
3338.000000	0.061416
3340.000000	0.047847
3342.000000	0.032912
3344.000000	0.045030
3346.000000	0.054283
3348.000000	0.035122
3350.000000	0.050750
3352.000000	0.068145
3354.000000	0.047767
3356.000000	0.029598
3358.000000	0.031777
3360.000000	0.029009
3362.000000	0.032224
3364.000000	0.053560
3366.000000	0.046055
3368.000000	0.015052
3370.000000	0.050328
3372.000000	0.060107
3374.000000	0.045193
3376.000000	0.024651
3378.000000	0.022488
3380.000000	0.023844
3382.000000	0.022098
3384.000000	0.029470
3386.000000	0.038669
3388.000000	0.057932
3390.000000	0.006068
3392.000000	0.000967
3394.000000	0.010537
3396.000000	0.025627
3398.000000	0.030626
3400.000000	0.005434
3402.000000	0.019965
3404.000000	0.033346
3406.000000	0.006114
3408.000000	0.008121
3410.000000	-0.006342
3412.000000	0.016585
3414.000000	0.026248
3416.000000	0.020622
3418.000000	0.028240
3420.000000	0.034738
3422.000000	0.023025
3424.000000	-0.002790
3426.000000	0.006268
3428.000000	0.028979
3430.000000	0.009362
3432.000000	-0.003096
3434.000000	0.015711
3436.000000	0.008068
3438.000000	-0.007847
3440.000000	0.016573
3442.000000	-0.014604
3444.000000	0.003900
3446.000000	0.000633
3448.000000	-0.007044
3450.000000	0.007287
3452.000000	0.004396
3454.000000	-0.001015
3456.000000	-0.011433
3458.000000	-0.020367
3460.000000	0.017046
3462.000000	0.010032
3464.000000	0.001318
3466.000000	-0.011122
3468.000000	-0.021325
3470.000000	0.007008
3472.000000	-0.006349
3474.000000	-0.003277
3476.000000	0.029082
3478.000000	0.006394
3480.000000	0.005502
3482.000000	0.029536
3484.000000	-0.022139
3486.000000	0.010540
3488.000000	0.028919
3490.000000	-0.002739
3492.000000	0.000239
3494.000000	0.006520
3496.000000	0.011650
3498.000000	0.028193
3500.000000	0.008452
3502.000000	-0.005356
3504.000000	-0.001397
3506.000000	-0.000711
3508.000000	0.012280
3510.000000	-0.002802
3512.000000	-0.026784
3514.000000	-0.003061
3516.000000	0.000968
3518.000000	0.009070
3520.000000	0.008734
3522.000000	-0.008429
3524.000000	-0.000697
3526.000000	-0.001776
3528.000000	-0.002195
3530.000000	-0.011037
3532.000000	-0.003987
3534.000000	0.001325
3536.000000	-0.011750
3538.000000	-0.016347
3540.000000	-0.032607
3542.000000	0.003373
3544.000000	-0.002118
3546.000000	-0.006721
3548.000000	0.014245
3550.000000	0.008830
3552.000000	-0.013767
3554.000000	-0.017655
3556.000000	-0.008002
3558.000000	0.002344
3560.000000	-0.005548
3562.000000	-0.019181
3564.000000	-0.021657
3566.000000	-0.005147
3568.000000	0.011057
3570.000000	-0.012490
3572.000000	-0.028952
3574.000000	-0.014305
3576.000000	0.003753
3578.000000	0.009673
3580.000000	-0.008864
3582.000000	-0.027400
3584.000000	-0.004281
3586.000000	-0.024262
3588.000000	-0.026405
3590.000000	-0.018448
3592.000000	-0.020075
3594.000000	-0.010578
3596.000000	-0.012716
3598.000000	-0.012769
3600.000000	-0.008088
