400.000000	-0.007808
402.000000	-0.005857
404.000000	0.013855
406.000000	0.020359
408.000000	-0.005105
410.000000	-0.002427
412.000000	0.027934
414.000000	0.024554
416.000000	0.006559
418.000000	0.004290
420.000000	0.010421
422.000000	0.013557
424.000000	0.007568
426.000000	0.005988
428.000000	0.009235
430.000000	-0.002532
432.000000	-0.013924
434.000000	-0.004035
436.000000	0.013573
438.000000	0.018498
440.000000	-0.001733
442.000000	-0.010969
444.000000	0.007490
446.000000	0.010385
448.000000	-0.002863
450.000000	-0.009377
452.000000	-0.015701
454.000000	-0.022706
456.000000	-0.018550
458.000000	-0.005097
460.000000	0.006434
462.000000	-0.000458
464.000000	-0.018623
466.000000	-0.025856
468.000000	-0.020562
470.000000	-0.010449
472.000000	-0.007400
474.000000	-0.013629
476.000000	-0.020367
478.000000	-0.005457
480.000000	0.014225
482.000000	-0.002738
484.000000	-0.015979
486.000000	-0.000350
488.000000	0.000424
490.000000	-0.002694
492.000000	0.016634
494.000000	0.013547
496.000000	-0.010190
498.000000	0.000577
500.000000	0.017419
502.000000	0.009627
504.000000	0.004799
506.000000	0.007825
508.000000	0.006811
510.000000	0.002915
512.000000	0.000425
514.000000	0.002168
516.000000	0.000282
518.000000	-0.005510
520.000000	0.006982
522.000000	0.019420
524.000000	-0.000643
526.000000	-0.016677
528.000000	-0.008429
530.000000	0.003876
532.000000	0.009923
534.000000	0.007682
536.000000	0.001451
538.000000	0.000797
540.000000	0.011633
542.000000	0.012714
544.000000	0.001459
546.000000	0.003158
548.000000	0.009276
550.000000	0.006118
552.000000	0.002779
554.000000	0.001249
556.000000	-0.002320
558.000000	-0.004785
560.000000	-0.001036
562.000000	0.011263
564.000000	0.013225
566.000000	-0.004447
568.000000	-0.014176
570.000000	-0.011981
572.000000	-0.011017
574.000000	-0.013115
576.000000	-0.013560
578.000000	-0.005236
580.000000	0.005563
582.000000	0.008758
584.000000	-0.001070
586.000000	-0.009131
588.000000	0.000946
590.000000	0.009833
592.000000	0.008022
594.000000	0.003867
596.000000	0.005600
598.000000	0.012965
600.000000	0.013010
602.000000	0.002198
604.000000	-0.013516
606.000000	-0.019596
608.000000	-0.016756
610.000000	-0.016909
612.000000	-0.014635
614.000000	-0.007817
616.000000	-0.005191
618.000000	-0.005511
620.000000	-0.003604
622.000000	0.002583
624.000000	0.010901
626.000000	0.014917
628.000000	0.003530
630.000000	-0.014571
632.000000	-0.012944
634.000000	-0.004702
636.000000	-0.004928
638.000000	-0.004844
640.000000	0.000523
642.000000	0.008754
644.000000	0.007999
646.000000	0.001145
648.000000	0.000769
650.000000	-0.004442
652.000000	-0.013234
654.000000	-0.003311
656.000000	0.003081
658.000000	-0.012058
660.000000	-0.015938
662.000000	-0.003337
664.000000	0.010255
666.000000	0.018734
668.000000	0.021338
670.000000	0.020525
672.000000	0.017780
674.000000	0.013161
676.000000	0.005855
678.000000	0.001224
680.000000	0.002241
682.000000	-0.000006
684.000000	-0.005590
686.000000	-0.008827
688.000000	-0.011008
690.000000	-0.015636
692.000000	-0.023299
694.000000	-0.015558
696.000000	0.008128
698.000000	0.014813
700.000000	0.009898
702.000000	0.005828
704.000000	-0.013490
706.000000	-0.027792
708.000000	-0.007079
710.000000	0.013590
712.000000	0.012721
714.000000	-0.000219
716.000000	-0.004878
718.000000	0.007863
720.000000	0.026596
722.000000	0.043135
724.000000	0.054845
726.000000	0.046048
728.000000	0.037252
730.000000	0.028455
732.000000	0.019824
734.000000	0.026820
736.000000	0.005861
738.000000	-0.008713
740.000000	-0.000964
742.000000	-0.002522
744.000000	-0.013285
746.000000	-0.021245
748.000000	-0.019342
750.000000	-0.010547
752.000000	-0.002571
754.000000	-0.000984
756.000000	-0.000453
758.000000	0.006729
760.000000	0.008609
762.000000	0.006835
764.000000	0.015930
766.000000	0.020715
768.000000	0.014579
770.000000	0.014717
772.000000	0.025407
774.000000	0.042893
776.000000	0.060720
778.000000	0.075533
780.000000	0.088332
782.000000	0.105096
784.000000	0.115388
786.000000	0.103070
788.000000	0.080582
790.000000	0.070261
792.000000	0.086465
794.000000	0.087724
796.000000	0.057727
798.000000	0.034503
800.000000	0.032002
802.000000	0.039845
804.000000	0.029739
806.000000	0.017387
808.000000	0.026304
810.000000	0.039246
812.000000	0.044901
814.000000	0.042880
816.000000	0.039887
818.000000	0.034701
820.000000	0.024431
822.000000	0.033541
824.000000	0.052972
826.000000	0.038302
828.000000	0.013106
830.000000	0.007387
832.000000	0.020892
834.000000	0.026565
836.000000	0.013896
838.000000	0.019215
840.000000	0.030437
842.000000	0.023425
844.000000	0.017671
846.000000	0.020471
848.000000	0.023597
850.000000	0.013945
852.000000	0.007967
854.000000	0.031923
856.000000	0.045515
858.000000	0.032749
860.000000	0.020377
862.000000	0.023969
864.000000	0.032353
866.000000	0.014192
868.000000	0.001902
870.000000	0.017195
872.000000	0.025398
874.000000	0.020790
876.000000	0.013830
878.000000	0.012568
880.000000	0.011673
882.000000	0.004595
884.000000	0.000819
886.000000	0.009153
888.000000	0.026396
890.000000	0.022385
892.000000	0.006326
894.000000	0.012351
896.000000	0.008550
898.000000	0.004749
900.000000	0.000948
902.000000	-0.002345
904.000000	0.015266
906.000000	0.000923
908.000000	-0.007010
910.000000	0.007942
912.000000	-0.002186
914.000000	-0.009771
916.000000	0.004330
918.000000	-0.001293
920.000000	-0.013336
922.000000	-0.008820
924.000000	-0.000456
926.000000	0.006075
928.000000	0.008024
930.000000	-0.002675
932.000000	-0.009922
934.000000	-0.000839
936.000000	-0.008880
938.000000	-0.024215
940.000000	-0.016777
942.000000	-0.005323
944.000000	-0.003889
946.000000	-0.009609
948.000000	-0.003166
950.000000	0.005331
952.000000	-0.010024
954.000000	-0.017391
956.000000	-0.001152
958.000000	0.021907
960.000000	0.033988
962.000000	0.028183
964.000000	0.012243
966.000000	0.004222
968.000000	0.007832
970.000000	0.007858
972.000000	0.009601
974.000000	0.013894
976.000000	0.006840
978.000000	-0.006908
980.000000	-0.012551
982.000000	0.003349
984.000000	0.020898
986.000000	0.021580
988.000000	0.015733
990.000000	0.025203
992.000000	0.047880
994.000000	0.038215
996.000000	0.027316
998.000000	0.051972
1000.000000	0.078598
1002.000000	0.106274
1004.000000	0.100689
1006.000000	0.095104
1008.000000	0.089519
1010.000000	0.063774
1012.000000	0.050915
1014.000000	0.047030
1016.000000	0.045181
1018.000000	0.035578
1020.000000	0.027371
1022.000000	0.030085
1024.000000	0.022368
1026.000000	0.007567
1028.000000	0.006574
1030.000000	0.028650
1032.000000	0.051427
1034.000000	0.046069
1036.000000	0.027602
1038.000000	0.017351
1040.000000	0.024456
1042.000000	0.026643
1044.000000	0.014788
1046.000000	-0.001876
1048.000000	-0.004757
1050.000000	0.004654
1052.000000	0.015844
1054.000000	0.042127
1056.000000	0.054860
1058.000000	0.021114
1060.000000	0.011672
1062.000000	0.030898
1064.000000	0.031556
1066.000000	0.032971
1068.000000	0.047276
1070.000000	0.062756
1072.000000	0.050359
1074.000000	0.026458
1076.000000	0.031419
1078.000000	0.051291
1080.000000	0.067773
1082.000000	0.067772
1084.000000	0.039378
1086.000000	0.018496
1088.000000	0.047489
1090.000000	0.068812
1092.000000	0.067741
1094.000000	0.068129
1096.000000	0.057928
1098.000000	0.053096
1100.000000	0.075202
1102.000000	0.081753
1104.000000	0.065841
1106.000000	0.051565
1108.000000	0.045599
1110.000000	0.044117
1112.000000	0.040017
1114.000000	0.032852
1116.000000	0.034231
1118.000000	0.047619
1120.000000	0.038837
1122.000000	0.028291
1124.000000	0.043596
1126.000000	0.033095
1128.000000	0.023357
1130.000000	0.048961
1132.000000	0.033242
1134.000000	-0.005344
1136.000000	-0.016863
1138.000000	-0.029065
1140.000000	-0.029774
1142.000000	-0.006755
1144.000000	-0.002676
1146.000000	-0.013057
1148.000000	-0.018546
1150.000000	-0.025679
1152.000000	-0.029080
1154.000000	-0.022062
1156.000000	-0.009151
1158.000000	0.001743
1160.000000	0.005179
1162.000000	0.002620
1164.000000	0.001154
1166.000000	0.000217
1168.000000	-0.010622
1170.000000	-0.014674
1172.000000	-0.007625
1174.000000	-0.010888
1176.000000	-0.019060
1178.000000	-0.017437
1180.000000	0.002323
1182.000000	0.020624
1184.000000	0.025510
1186.000000	0.021739
1188.000000	0.010592
1190.000000	-0.000117
1192.000000	0.000829
1194.000000	0.008605
1196.000000	0.016936
1198.000000	0.023739
1200.000000	0.032305
1202.000000	0.037419
1204.000000	0.039979
1206.000000	0.072871
1208.000000	0.099843
1210.000000	0.080153
1212.000000	0.079074
1214.000000	0.100639
1216.000000	0.109581
1218.000000	0.091807
1220.000000	0.092333
1222.000000	0.132477
1224.000000	0.147980
1226.000000	0.138572
1228.000000	0.135756
1230.000000	0.159051
1232.000000	0.163940
1234.000000	0.143410
1236.000000	0.155216
1238.000000	0.178295
1240.000000	0.187412
1242.000000	0.182926
1244.000000	0.168080
1246.000000	0.155125
1248.000000	0.156742
1250.000000	0.159159
1252.000000	0.147527
1254.000000	0.120838
1256.000000	0.105024
1258.000000	0.111999
1260.000000	0.129438
1262.000000	0.123611
1264.000000	0.109976
1266.000000	0.109012
1268.000000	0.098741
1270.000000	0.082911
1272.000000	0.077997
1274.000000	0.093141
1276.000000	0.106910
1278.000000	0.100177
1280.000000	0.078553
1282.000000	0.080829
1284.000000	0.102836
1286.000000	0.103829
1288.000000	0.109310
1290.000000	0.120964
1292.000000	0.118062
1294.000000	0.113396
1296.000000	0.114185
1298.000000	0.123741
1300.000000	0.151256
1302.000000	0.167995
1304.000000	0.155935
1306.000000	0.151139
1308.000000	0.157346
1310.000000	0.165304
1312.000000	0.171947
1314.000000	0.178387
1316.000000	0.181868
1318.000000	0.173643
1320.000000	0.146457
1322.000000	0.129312
1324.000000	0.152945
1326.000000	0.158061
1328.000000	0.148866
1330.000000	0.161948
1332.000000	0.174787
1334.000000	0.175786
1336.000000	0.173154
1338.000000	0.183636
1340.000000	0.174155
1342.000000	0.141172
1344.000000	0.134521
1346.000000	0.118234
1348.000000	0.098707
1350.000000	0.124011
1352.000000	0.121084
1354.000000	0.089566
1356.000000	0.086800
1358.000000	0.098981
1360.000000	0.095064
1362.000000	0.074087
1364.000000	0.089974
1366.000000	0.110701
1368.000000	0.100258
1370.000000	0.082205
1372.000000	0.081760
1374.000000	0.090299
1376.000000	0.075059
1378.000000	0.052140
1380.000000	0.039137
1382.000000	0.044490
1384.000000	0.072942
1386.000000	0.087826
1388.000000	0.063780
1390.000000	0.044269
1392.000000	0.040102
1394.000000	0.038611
1396.000000	0.027306
1398.000000	0.028790
1400.000000	0.035466
1402.000000	0.018420
1404.000000	0.021843
1406.000000	0.038862
1408.000000	0.035789
1410.000000	0.039914
1412.000000	0.041417
1414.000000	0.028439
1416.000000	0.026421
1418.000000	0.029214
1420.000000	0.032908
1422.000000	0.045861
1424.000000	0.043023
1426.000000	0.026752
1428.000000	0.028098
1430.000000	0.059659
1432.000000	0.068341
1434.000000	0.029640
1436.000000	0.037215
1438.000000	0.059767
1440.000000	0.065943
1442.000000	0.096333
1444.000000	0.124557
1446.000000	0.136094
1448.000000	0.146197
1450.000000	0.158960
1452.000000	0.163895
1454.000000	0.160264
1456.000000	0.176870
1458.000000	0.180720
1460.000000	0.156288
1462.000000	0.146097
1464.000000	0.138806
1466.000000	0.122961
1468.000000	0.106570
1470.000000	0.101958
1472.000000	0.114989
1474.000000	0.130180
1476.000000	0.109612
1478.000000	0.100305
1480.000000	0.127058
1482.000000	0.138664
1484.000000	0.133765
1486.000000	0.127269
1488.000000	0.123419
1490.000000	0.099708
1492.000000	0.076113
1494.000000	0.071154
1496.000000	0.049734
1498.000000	0.018778
1500.000000	0.005035
1502.000000	0.020304
1504.000000	0.019399
1506.000000	0.004540
1508.000000	0.004715
1510.000000	-0.010470
1512.000000	-0.022920
1514.000000	-0.018761
1516.000000	-0.030167
1518.000000	-0.020155
1520.000000	0.003396
1522.000000	-0.010603
1524.000000	-0.008455
1526.000000	0.002430
1528.000000	-0.006864
1530.000000	0.002713
1532.000000	0.001213
1534.000000	-0.020560
1536.000000	-0.014021
1538.000000	0.003703
1540.000000	0.007232
1542.000000	-0.007257
1544.000000	-0.015039
1546.000000	-0.015954
1548.000000	-0.012707
1550.000000	0.006614
1552.000000	0.024430
1554.000000	0.032930
1556.000000	0.039964
1558.000000	0.040398
1560.000000	0.038332
1562.000000	0.045218
1564.000000	0.068780
1566.000000	0.096535
1568.000000	0.110626
1570.000000	0.108698
1572.000000	0.128676
1574.000000	0.143284
1576.000000	0.121360
1578.000000	0.124699
1580.000000	0.143641
1582.000000	0.143308
1584.000000	0.115506
1586.000000	0.098313
1588.000000	0.102525
1590.000000	0.103284
1592.000000	0.073294
1594.000000	0.058728
1596.000000	0.079604
1598.000000	0.085362
1600.000000	0.080205
1602.000000	0.082101
1604.000000	0.102208
1606.000000	0.134819
1608.000000	0.128882
1610.000000	0.096620
1612.000000	0.125945
1614.000000	0.119901
1616.000000	0.082072
1618.000000	0.089260
1620.000000	0.085674
1622.000000	0.081016
1624.000000	0.096007
1626.000000	0.104705
1628.000000	0.080658
1630.000000	0.067224
1632.000000	0.106483
1634.000000	0.111312
1636.000000	0.090660
1638.000000	0.082204
1640.000000	0.086386
1642.000000	0.107437
1644.000000	0.146927
1646.000000	0.177583
1648.000000	0.135933
1650.000000	0.112631
1652.000000	0.146040
1654.000000	0.147510
1656.000000	0.159874
1658.000000	0.179427
1660.000000	0.176281
1662.000000	0.186159
1664.000000	0.204855
1666.000000	0.221062
1668.000000	0.230707
1670.000000	0.207610
1672.000000	0.198685
1674.000000	0.227433
1676.000000	0.206277
1678.000000	0.205694
1680.000000	0.227605
1682.000000	0.192169
1684.000000	0.171134
1686.000000	0.173138
1688.000000	0.162788
1690.000000	0.134095
1692.000000	0.143885
1694.000000	0.162696
1696.000000	0.128738
1698.000000	0.116165
1700.000000	0.110566
1702.000000	0.111178
1704.000000	0.111789
1706.000000	0.112401
1708.000000	0.113013
1710.000000	0.113624
1712.000000	0.114236
1714.000000	0.114848
1716.000000	0.053803
1718.000000	0.020957
1720.000000	0.001653
1722.000000	0.006076
1724.000000	0.016298
1726.000000	0.009963
1728.000000	0.003667
1730.000000	0.005275
1732.000000	0.008138
1734.000000	0.011785
1736.000000	0.015586
1738.000000	0.015874
1740.000000	0.008088
1742.000000	-0.004132
1744.000000	-0.006551
1746.000000	0.002334
1748.000000	-0.001683
1750.000000	-0.016148
1752.000000	-0.018973
1754.000000	-0.004736
1756.000000	-0.017631
1758.000000	-0.010750
1760.000000	0.020408
1762.000000	0.004634
1764.000000	-0.015217
1766.000000	-0.021396
1768.000000	-0.023545
1770.000000	-0.020867
1772.000000	-0.012616
1774.000000	-0.003827
1776.000000	-0.000382
1778.000000	0.000328
1780.000000	-0.005598
1782.000000	-0.008454
1784.000000	0.005528
1786.000000	0.002553
1788.000000	-0.010374
1790.000000	-0.019223
1792.000000	-0.033755
1794.000000	-0.010725
1796.000000	0.015562
1798.000000	-0.004511
1800.000000	-0.009152
1802.000000	-0.008345
1804.000000	-0.011770
1806.000000	-0.003072
1808.000000	0.007970
1810.000000	0.003455
1812.000000	-0.012045
1814.000000	-0.010712
1816.000000	0.001258
1818.000000	-0.000009
1820.000000	-0.014379
1822.000000	-0.005176
1824.000000	-0.003355
1826.000000	0.000790
1828.000000	0.023199
1830.000000	-0.002108
1832.000000	-0.026615
1834.000000	-0.017420
1836.000000	-0.003716
1838.000000	0.002304
1840.000000	-0.020055
1842.000000	-0.041381
1844.000000	-0.004996
1846.000000	0.000000
1848.000000	-0.011176
1850.000000	0.002047
1852.000000	-0.002302
1854.000000	-0.007708
1856.000000	-0.003128
1858.000000	0.003596
1860.000000	0.004700
1862.000000	-0.000933
1864.000000	0.000085
1866.000000	0.014630
1868.000000	0.014380
1870.000000	0.007410
1872.000000	-0.001328
1874.000000	-0.014711
1876.000000	-0.002173
1878.000000	0.011696
1880.000000	0.008379
1882.000000	0.008021
1884.000000	0.005293
1886.000000	0.002073
1888.000000	0.000036
1890.000000	-0.004345
1892.000000	0.007609
1894.000000	0.015351
1896.000000	0.000313
1898.000000	-0.005145
1900.000000	0.011456
1902.000000	0.025449
1904.000000	0.012910
1906.000000	-0.003827
1908.000000	-0.000700
1910.000000	0.003004
1912.000000	-0.013253
1914.000000	-0.005581
1916.000000	-0.001161
1918.000000	-0.001027
1920.000000	0.014569
1922.000000	-0.003769
1924.000000	-0.012293
1926.000000	0.008395
1928.000000	0.016641
1930.000000	0.008886
1932.000000	0.012450
1934.000000	0.017170
1936.000000	-0.006111
1938.000000	0.009365
1940.000000	0.016175
1942.000000	-0.005632
1944.000000	0.005322
1946.000000	-0.001448
1948.000000	-0.001294
1950.000000	0.014784
1952.000000	-0.006878
1954.000000	-0.019819
1956.000000	-0.016058
1958.000000	-0.008454
1960.000000	0.005647
1962.000000	0.011399
1964.000000	0.013959
1966.000000	0.020535
1968.000000	0.023662
1970.000000	0.028606
1972.000000	0.015075
1974.000000	-0.003858
1976.000000	0.023176
1978.000000	0.007506
1980.000000	-0.012987
1982.000000	0.006189
1984.000000	-0.009106
1986.000000	-0.011317
1988.000000	-0.008088
1990.000000	-0.016117
1992.000000	0.004451
1994.000000	0.019446
1996.000000	0.019823
1998.000000	0.011024
2000.000000	-0.011900
2002.000000	-0.007435
2004.000000	0.008037
2006.000000	0.010562
2008.000000	0.020049
2010.000000	0.009422
2012.000000	-0.001098
2014.000000	0.013378
2016.000000	0.024847
2018.000000	-0.000135
2020.000000	-0.016462
2022.000000	0.000446
2024.000000	-0.003931
2026.000000	-0.014702
2028.000000	-0.002408
2030.000000	0.022547
2032.000000	0.018067
2034.000000	0.008263
2036.000000	0.004751
2038.000000	0.005424
2040.000000	0.010036
2042.000000	0.015884
2044.000000	0.003963
2046.000000	-0.007335
2048.000000	0.017918
2050.000000	0.018401
2052.000000	0.007350
2054.000000	-0.000488
2056.000000	-0.018372
2058.000000	-0.012254
2060.000000	0.016247
2062.000000	0.027147
2064.000000	0.003362
2066.000000	0.009152
2068.000000	-0.000066
2070.000000	-0.008383
2072.000000	0.026037
2074.000000	0.013192
2076.000000	-0.007396
2078.000000	-0.001505
2080.000000	0.010344
2082.000000	0.003853
2084.000000	0.002991
2086.000000	-0.000251
2088.000000	-0.012484
2090.000000	0.004519
2092.000000	0.030486
2094.000000	0.015643
2096.000000	-0.022402
2098.000000	-0.004067
2100.000000	0.001311
2102.000000	0.011158
2104.000000	0.030192
2106.000000	0.002547
2108.000000	-0.019725
2110.000000	-0.001359
2112.000000	0.031188
2114.000000	0.026772
2116.000000	-0.003945
2118.000000	-0.001773
2120.000000	0.015258
2122.000000	0.002780
2124.000000	0.012499
2126.000000	0.011361
2128.000000	-0.006184
2130.000000	-0.009323
2132.000000	0.010465
2134.000000	0.025082
2136.000000	0.008098
2138.000000	-0.015455
2140.000000	0.003639
2142.000000	0.006528
2144.000000	0.008785
2146.000000	0.031174
2148.000000	0.041984
2150.000000	0.015151
2152.000000	0.010876
2154.000000	0.026590
2156.000000	0.011351
2158.000000	-0.007749
2160.000000	-0.006073
2162.000000	0.006827
2164.000000	0.004820
2166.000000	-0.013223
2168.000000	0.003464
2170.000000	0.021334
2172.000000	0.013074
2174.000000	0.010056
2176.000000	0.003623
2178.000000	0.025852
2180.000000	0.038900
2182.000000	-0.002364
2184.000000	-0.002139
2186.000000	-0.010039
2188.000000	-0.021116
2190.000000	0.001501
2192.000000	0.021339
2194.000000	0.024799
2196.000000	0.022371
2198.000000	0.014131
2200.000000	-0.004750
2202.000000	0.003426
2204.000000	0.012041
2206.000000	0.007797
2208.000000	0.012307
2210.000000	0.027049
2212.000000	0.013681
2214.000000	-0.005055
2216.000000	-0.002016
2218.000000	-0.002195
2220.000000	0.009592
2222.000000	0.007537
2224.000000	0.006617
2226.000000	0.021127
2228.000000	0.035638
2230.000000	0.004489
2232.000000	-0.009703
2234.000000	0.001584
2236.000000	0.004460
2238.000000	0.004288
2240.000000	0.005177
2242.000000	0.008756
2244.000000	0.014958
2246.000000	0.010963
2248.000000	0.007541
2250.000000	0.003716
2252.000000	0.003515
2254.000000	0.027150
2256.000000	0.007354
2258.000000	-0.012897
2260.000000	0.004384
2262.000000	0.016031
2264.000000	0.028354
2266.000000	0.004982
2268.000000	-0.007139
2270.000000	0.028732
2272.000000	0.013482
2274.000000	0.002545
2276.000000	0.007681
2278.000000	0.004794
2280.000000	-0.003415
2282.000000	0.001601
2284.000000	0.011456
2286.000000	0.009247
2288.000000	0.006667
2290.000000	0.032049
2292.000000	0.020925
2294.000000	-0.000404
2296.000000	-0.005046
2298.000000	-0.011138
2300.000000	0.007623
2302.000000	0.010109
2304.000000	0.004843
2306.000000	0.015810
2308.000000	0.013484
2310.000000	0.000923
2312.000000	0.005905
2314.000000	0.011475
2316.000000	-0.004986
2318.000000	0.008287
2320.000000	0.013731
2322.000000	0.006451
2324.000000	0.008178
2326.000000	0.018796
2328.000000	0.024604
2330.000000	0.009454
2332.000000	0.000173
2334.000000	0.004863
2336.000000	-0.020039
2338.000000	0.004129
2340.000000	0.017574
2342.000000	-0.000300
2344.000000	0.007829
2346.000000	0.000119
2348.000000	0.007368
2350.000000	0.015915
2352.000000	0.002503
2354.000000	-0.008442
2356.000000	0.000779
2358.000000	0.009535
2360.000000	0.015710
2362.000000	0.021281
2364.000000	0.007926
2366.000000	0.004127
2368.000000	0.013531
2370.000000	0.010930
2372.000000	-0.001417
2374.000000	0.025217
2376.000000	0.030907
2378.000000	0.010562
2380.000000	-0.004949
2382.000000	-0.004574
2384.000000	0.007487
2386.000000	0.003342
2388.000000	-0.008076
2390.000000	-0.011052
2392.000000	-0.010351
2394.000000	0.005379
2396.000000	-0.005767
2398.000000	0.003701
2400.000000	0.039811
2402.000000	-0.006446
2404.000000	-0.020507
2406.000000	-0.008506
2408.000000	-0.003302
2410.000000	0.003181
2412.000000	0.013271
2414.000000	0.015513
2416.000000	0.025619
2418.000000	0.026856
2420.000000	0.005827
2422.000000	0.013425
2424.000000	-0.001161
2426.000000	-0.015682
2428.000000	0.001966
2430.000000	0.022637
2432.000000	0.006420
2434.000000	-0.011942
2436.000000	-0.003337
2438.000000	0.004084
2440.000000	-0.011027
2442.000000	0.015556
2444.000000	0.016678
2446.000000	0.007046
2448.000000	0.016370
2450.000000	0.014556
2452.000000	0.009015
2454.000000	0.031037
2456.000000	0.028574
2458.000000	0.003180
2460.000000	0.017109
2462.000000	-0.010064
2464.000000	-0.015933
2466.000000	-0.003497
2468.000000	-0.010437
2470.000000	-0.012626
2472.000000	0.014879
2474.000000	0.004215
2476.000000	-0.009261
2478.000000	-0.001695
2480.000000	-0.016387
2482.000000	0.005575
2484.000000	0.012866
2486.000000	0.013407
2488.000000	0.024561
2490.000000	0.019703
2492.000000	0.016786
2494.000000	0.010181
2496.000000	-0.010937
2498.000000	-0.016008
2500.000000	0.012932
2502.000000	-0.000852
2504.000000	-0.005421
2506.000000	-0.005122
2508.000000	-0.002384
2510.000000	0.020419
2512.000000	0.010155
2514.000000	-0.000711
2516.000000	0.009747
2518.000000	0.015579
2520.000000	0.009579
2522.000000	0.033291
2524.000000	-0.002399
2526.000000	-0.037753
2528.000000	-0.014970
2530.000000	0.018050
2532.000000	0.010638
2534.000000	0.011358
2536.000000	0.015417
2538.000000	0.014147
2540.000000	0.014314
2542.000000	0.010719
2544.000000	0.005664
2546.000000	0.009109
2548.000000	0.020002
2550.000000	0.023501
2552.000000	0.007264
2554.000000	-0.016131
2556.000000	-0.010454
2558.000000	0.021026
2560.000000	0.031856
2562.000000	0.002231
2564.000000	-0.007977
2566.000000	0.009812
2568.000000	0.008051
2570.000000	-0.006340
2572.000000	0.009955
2574.000000	0.032169
2576.000000	0.034932
2578.000000	0.022533
2580.000000	0.005407
2582.000000	-0.007513
2584.000000	-0.006782
2586.000000	0.004031
2588.000000	0.023344
2590.000000	0.018962
2592.000000	0.014580
2594.000000	-0.006635
2596.000000	0.001916
2598.000000	0.002362
2600.000000	-0.001628
2602.000000	-0.002997
2604.000000	-0.006658
2606.000000	-0.000761
2608.000000	-0.001692
2610.000000	0.001619
2612.000000	0.004930
2614.000000	0.008240
2616.000000	-0.003862
2618.000000	-0.013271
2620.000000	-0.012088
2622.000000	0.001117
2624.000000	0.003373
2626.000000	-0.004335
2628.000000	0.011879
2630.000000	0.011292
2632.000000	0.008707
2634.000000	0.019219
2636.000000	0.025169
2638.000000	0.010726
2640.000000	-0.004604
2642.000000	0.018727
2644.000000	0.015410
2646.000000	-0.015714
2648.000000	-0.009194
2650.000000	-0.007726
2652.000000	-0.007501
2654.000000	-0.007220
2656.000000	-0.001639
2658.000000	0.001796
2660.000000	-0.008506
2662.000000	-0.003253
2664.000000	-0.008190
2666.000000	-0.003026
2668.000000	0.012477
2670.000000	0.002233
2672.000000	-0.016970
2674.000000	0.017630
2676.000000	-0.009270
2678.000000	-0.025454
2680.000000	0.015119
2682.000000	0.018391
2684.000000	0.031234
2686.000000	0.000371
2688.000000	-0.008989
2690.000000	0.008439
2692.000000	0.007479
2694.000000	0.002610
2696.000000	-0.007835
2698.000000	-0.004709
2700.000000	-0.000451
2702.000000	0.000856
2704.000000	0.003189
2706.000000	-0.004427
2708.000000	0.001428
2710.000000	0.014082
2712.000000	0.003888
2714.000000	-0.012173
2716.000000	0.004828
2718.000000	0.032447
2720.000000	0.044229
2722.000000	0.047213
2724.000000	0.025335
2726.000000	0.006155
2728.000000	0.024626
2730.000000	0.012870
2732.000000	0.011713
2734.000000	0.027779
2736.000000	0.032362
2738.000000	0.025109
2740.000000	0.024484
2742.000000	0.011882
2744.000000	0.009794
2746.000000	0.015350
2748.000000	0.005058
2750.000000	0.005488
2752.000000	0.038683
2754.000000	0.016550
2756.000000	0.014236
2758.000000	0.008008
2760.000000	0.014075
2762.000000	0.022189
2764.000000	-0.017436
2766.000000	0.010871
2768.000000	0.001673
2770.000000	-0.004820
2772.000000	-0.013098
2774.000000	-0.029004
2776.000000	0.006680
2778.000000	0.015278
2780.000000	0.014427
2782.000000	-0.003406
2784.000000	-0.015108
2786.000000	-0.012337
2788.000000	-0.030090
2790.000000	-0.042441
2792.000000	-0.018948
2794.000000	0.004572
2796.000000	-0.007056
2798.000000	-0.027805
2800.000000	-0.016001
2802.000000	0.005680
2804.000000	0.007569
2806.000000	0.004803
2808.000000	-0.005813
2810.000000	-0.023706
2812.000000	-0.026705
2814.000000	-0.015132
2816.000000	-0.008766
2818.000000	0.002312
2820.000000	-0.003924
2822.000000	-0.013424
2824.000000	0.000009
2826.000000	-0.003222
2828.000000	-0.019657
2830.000000	0.020334
2832.000000	0.034288
2834.000000	0.024738
2836.000000	0.031180
2838.000000	0.013003
2840.000000	0.042970
2842.000000	0.051350
2844.000000	0.079144
2846.000000	0.090302
2848.000000	0.099613
2850.000000	0.169988
2852.000000	0.185391
2854.000000	0.208946
2856.000000	0.232911
2858.000000	0.263139
2860.000000	0.284619
2862.000000	0.279985
2864.000000	0.295894
2866.000000	0.339097
2868.000000	0.359674
2870.000000	0.400476
2872.000000	0.443260
2874.000000	0.473842
2876.000000	0.519826
2878.000000	0.517410
2880.000000	0.521058
2882.000000	0.519510
2884.000000	0.519034
2886.000000	0.524914
2888.000000	0.518204
2890.000000	0.502175
2892.000000	0.504190
2894.000000	0.530304
2896.000000	0.574790
2898.000000	0.579774
2900.000000	0.580457
2902.000000	0.620623
2904.000000	0.600744
2906.000000	0.655692
2908.000000	0.640081
2910.000000	0.658964
2912.000000	0.756506
2914.000000	0.790604
2916.000000	0.752753
2918.000000	0.774721
2920.000000	0.805040
2922.000000	0.867061
2924.000000	0.915005
2926.000000	0.937309
2928.000000	0.967006
2930.000000	0.978091
2932.000000	0.986502
2934.000000	1.000000
2936.000000	0.991897
2938.000000	0.943266
2940.000000	0.942794
2942.000000	0.978076
2944.000000	0.883480
2946.000000	0.831533
2948.000000	0.834638
2950.000000	0.845394
2952.000000	0.777493
2954.000000	0.698014
2956.000000	0.708952
2958.000000	0.694038
2960.000000	0.642692
2962.000000	0.626739
2964.000000	0.646163
2966.000000	0.646616
2968.000000	0.592448
2970.000000	0.547900
2972.000000	0.571579
2974.000000	0.506616
2976.000000	0.498509
2978.000000	0.497504
2980.000000	0.438336
2982.000000	0.399943
2984.000000	0.426285
2986.000000	0.421005
2988.000000	0.360150
2990.000000	0.304744
2992.000000	0.323364
2994.000000	0.317525
2996.000000	0.229494
2998.000000	0.171286
3000.000000	0.189404
3002.000000	0.152329
3004.000000	0.128833
3006.000000	0.143782
3008.000000	0.124014
3010.000000	0.095291
3012.000000	0.086601
3014.000000	0.054579
3016.000000	0.068279
3018.000000	0.077010
3020.000000	0.027701
3022.000000	-0.000263
3024.000000	0.007972
3026.000000	0.004431
3028.000000	-0.007938
3030.000000	-0.012038
3032.000000	-0.009128
3034.000000	-0.006444
3036.000000	-0.000324
3038.000000	0.003996
3040.000000	0.002501
3042.000000	-0.002766
3044.000000	-0.002993
3046.000000	0.012668
3048.000000	0.004481
3050.000000	0.029985
3052.000000	0.030848
3054.000000	-0.003165
3056.000000	-0.005116
3058.000000	0.012217
3060.000000	0.012177
3062.000000	0.062636
3064.000000	0.037872
3066.000000	0.030911
3068.000000	0.043760
3070.000000	0.027653
3072.000000	0.015113
3074.000000	0.022313
3076.000000	0.004704
3078.000000	-0.024572
3080.000000	-0.002939
3082.000000	0.010481
3084.000000	0.005983
3086.000000	0.012491
3088.000000	0.016081
3090.000000	0.001731
3092.000000	-0.016951
3094.000000	-0.025164
3096.000000	-0.019591
3098.000000	-0.022389
3100.000000	-0.023170
3102.000000	-0.007089
3104.000000	-0.000327
3106.000000	-0.011100
3108.000000	0.006865
3110.000000	0.011526
3112.000000	0.016187
3114.000000	-0.017739
3116.000000	-0.013300
3118.000000	0.013667
3120.000000	-0.003544
3122.000000	-0.008529
3124.000000	0.002246
3126.000000	0.001252
3128.000000	-0.008258
3130.000000	-0.028852
3132.000000	-0.030575
3134.000000	-0.002422
3136.000000	0.013842
3138.000000	-0.001187
3140.000000	-0.007734
3142.000000	-0.004151
3144.000000	-0.024983
3146.000000	-0.003111
3148.000000	0.006984
3150.000000	-0.004545
3152.000000	0.011943
3154.000000	0.015528
3156.000000	-0.017418
3158.000000	-0.017801
3160.000000	-0.005888
3162.000000	-0.011622
3164.000000	-0.003345
3166.000000	-0.006810
3168.000000	-0.022396
3170.000000	-0.014205
3172.000000	-0.004062
3174.000000	0.000046
3176.000000	-0.022359
3178.000000	-0.010944
3180.000000	-0.005931
3182.000000	0.000414
3184.000000	-0.009289
3186.000000	-0.035890
3188.000000	-0.031568
3190.000000	-0.008587
3192.000000	0.033774
3194.000000	0.038413
3196.000000	-0.003147
3198.000000	-0.012760
3200.000000	0.001473
3202.000000	0.008689
3204.000000	0.008880
3206.000000	0.012526
3208.000000	0.036705
3210.000000	0.022093
3212.000000	-0.012883
3214.000000	-0.011245
3216.000000	-0.003707
3218.000000	0.001001
3220.000000	0.012898
3222.000000	0.026792
3224.000000	0.024593
3226.000000	0.005349
3228.000000	0.025755
3230.000000	-0.007139
3232.000000	0.034205
3234.000000	0.026393
3236.000000	0.007219
3238.000000	0.011070
3240.000000	0.001321
3242.000000	0.003043
3244.000000	-0.003388
3246.000000	0.009876
3248.000000	-0.005726
3250.000000	0.005908
3252.000000	0.042852
3254.000000	0.030334
3256.000000	0.020482
3258.000000	0.045467
3260.000000	0.024675
3262.000000	-0.003768
3264.000000	0.046758
3266.000000	0.040038
3268.000000	0.047575
3270.000000	0.027247
3272.000000	0.020550
3274.000000	0.024666
3276.000000	0.044562
3278.000000	0.062120
3280.000000	0.037717
3282.000000	0.037816
3284.000000	0.056379
3286.000000	0.058055
3288.000000	0.057978
3290.000000	0.060711
3292.000000	0.055874
3294.000000	0.057764
3296.000000	0.061768
3298.000000	0.068222
3300.000000	0.076706
3302.000000	0.053591
3304.000000	0.042843
3306.000000	0.048126
3308.000000	0.071232
3310.000000	0.077657
3312.000000	0.060776
3314.000000	0.062167
3316.000000	0.065096
3318.000000	0.060401
3320.000000	0.072562
3322.000000	0.076151
3324.000000	0.086058
3326.000000	0.067131
3328.000000	0.052665
3330.000000	0.057777
3332.000000	0.066780
3334.000000	0.051524
3336.000000	0.055253
3338.000000	0.070605
3340.000000	0.063003
3342.000000	0.072287
3344.000000	0.070230
3346.000000	0.063713
3348.000000	0.069605
3350.000000	0.089910
3352.000000	0.060340
3354.000000	0.056196
3356.000000	0.063161
3358.000000	0.052998
3360.000000	0.062718
3362.000000	0.062449
3364.000000	0.037143
3366.000000	0.054120
3368.000000	0.068733
3370.000000	0.034879
3372.000000	0.041618
3374.000000	0.042038
3376.000000	0.059832
3378.000000	0.067470
3380.000000	0.041663
3382.000000	0.027524
3384.000000	0.040089
3386.000000	0.064817
3388.000000	0.068279
3390.000000	0.032633
3392.000000	0.032545
3394.000000	0.036676
3396.000000	0.017504
3398.000000	0.037837
3400.000000	0.027963
3402.000000	0.021198
3404.000000	0.035786
3406.000000	0.028011
3408.000000	0.028293
3410.000000	0.006804
3412.000000	0.022055
3414.000000	0.023843
3416.000000	0.018167
3418.000000	0.028663
3420.000000	0.032373
3422.000000	0.027558
3424.000000	0.015791
3426.000000	-0.003487
3428.000000	0.012518
3430.000000	0.044726
3432.000000	0.014138
3434.000000	-0.018133
3436.000000	0.009347
3438.000000	0.010533
3440.000000	-0.012838
3442.000000	0.014783
3444.000000	0.010559
3446.000000	0.022690
3448.000000	0.007099
3450.000000	0.000297
3452.000000	0.036585
3454.000000	0.027316
3456.000000	-0.005163
3458.000000	-0.003091
3460.000000	0.002573
3462.000000	0.037489
3464.000000	0.012725
3466.000000	-0.006700
3468.000000	-0.011430
3470.000000	-0.006510
3472.000000	-0.010701
3474.000000	-0.024148
3476.000000	0.008768
3478.000000	0.020668
3480.000000	-0.012881
3482.000000	0.008701
3484.000000	0.023998
3486.000000	0.006692
3488.000000	0.000411
3490.000000	0.011804
3492.000000	0.024530
3494.000000	0.010854
3496.000000	0.004073
3498.000000	-0.011947
3500.000000	-0.018858
3502.000000	-0.005172
3504.000000	0.001275
3506.000000	-0.007758
3508.000000	0.005277
3510.000000	0.019388
3512.000000	-0.012113
3514.000000	0.006391
3516.000000	0.005201
3518.000000	-0.011268
3520.000000	0.003592
3522.000000	0.001327
3524.000000	0.005254
3526.000000	0.012482
3528.000000	0.000159
3530.000000	-0.006435
3532.000000	-0.029884
3534.000000	-0.029201
3536.000000	-0.000246
3538.000000	-0.011383
3540.000000	-0.000972
3542.000000	0.001189
3544.000000	0.007168
3546.000000	-0.008260
3548.000000	0.017864
3550.000000	0.000950
3552.000000	-0.015965
3554.000000	-0.017682
3556.000000	-0.010368
3558.000000	-0.008727
3560.000000	0.003810
3562.000000	-0.003941
3564.000000	-0.008562
3566.000000	-0.007473
3568.000000	-0.011984
3570.000000	-0.001847
3572.000000	-0.012742
3574.000000	0.017050
3576.000000	-0.014060
3578.000000	-0.009011
3580.000000	0.007726
3582.000000	-0.013148
3584.000000	-0.013481
3586.000000	-0.030371
3588.000000	-0.019605
3590.000000	-0.000721
3592.000000	-0.009721
3594.000000	0.001974
3596.000000	-0.006598
3598.000000	-0.029500
3600.000000	-0.004256
