610	6.198527333333333
611	6.216552
612	6.225372333333333
613	6.224214666666667
614	6.213579333333333
615	6.196249333333334
616	6.177453333333333
617	6.165577999999999
618	6.167199333333333
619	6.181488666666667
620	6.2036836666666675
621	6.227432
622	6.2470159999999995
623	6.259492333333333
624	6.263902666666667
625	6.261056333333333
626	6.251750333333334
627	6.235100333333333
628	6.209237333333334
629	6.171870999999999
630	6.1217310000000005
631	6.060310666666667
632	5.990582
633	5.916042999999999
634	5.838951
635	5.758206666666665
636	5.670982333333333
637	5.574064
638	5.466816666666666
639	5.3546673333333334
640	5.243923000000001
641	5.136637333333333
642	5.030907999999999
643	4.9205076666666665
644	4.800823666666666
645	4.67539
646	4.553120666666667
647	4.446789333333334
648	4.366764
649	4.313945333333333
650	4.282167333333333
651	4.258546333333333
652	4.230123
653	4.190326
654	4.138222666666667
655	4.079472333333333
656	4.022106333333333
657	3.9733046666666665
658	3.9378863333333336
659	3.916254666666666
660	3.906943
661	3.908264
662	3.9176946666666663
663	3.9306726666666663
664	3.9417750000000003
665	3.9458593333333334
666	3.9403303333333333
667	3.9282969999999997
668	3.915904
669	3.9104646666666665
670	3.9173026666666666
671	3.936052
672	3.9631983333333336
673	3.9936283333333336
674	4.022666666666667
675	4.0479666666666665
676	4.068172666666666
677	4.081985666666667
678	4.088696333333333
679	4.089226666666667
680	4.086128666666666
681	4.084190333333334
682	4.089013666666667
683	4.105612333333333
684	4.1356953333333335
685	4.173641333333333
686	4.208995333333333
687	4.227588666666667
688	4.217136666666667
689	4.173752333333334
690	4.10192
691	4.017194
692	3.938422
693	3.881125
694	3.8553843333333333
695	3.8620019999999995
696	3.895844666666666
697	3.946740333333333
698	4.002461666666667
699	4.050510666666667
700	4.079035333333333
701	4.078259666666666
702	4.043358
703	3.9794549999999997
704	3.8982279999999996
705	3.8166646666666666
706	3.7509006666666664
707	3.7099686666666662
708	3.6971659999999993
709	3.7095356666666666
710	3.7410566666666663
711	3.784283666666667
712	3.8307686666666663
713	3.870893333333333
714	3.894930333333333
715	3.8945336666666663
716	3.8657516666666667
717	3.813780333333333
718	3.7489806666666667
719	3.684661333333333
720	3.6334326666666663
721	3.6034143333333333
722	3.597755666666667
723	3.612354
724	3.639291333333333
725	3.668907333333333
726	3.6932206666666665
727	3.709653
728	3.7185793333333335
729	3.7216826666666663
730	3.7196733333333336
731	3.710119333333333
732	3.69073
733	3.663064666666666
734	3.6329426666666667
735	3.611744
736	3.6092576666666663
737	3.625760666666666
738	3.6541186666666667
739	3.679919333333333
740	3.689211333333333
741	3.676309
742	3.642256666666666
743	3.5953096666666666
744	3.5455876666666666
745	3.500739
746	3.4656776666666667
747	3.4416666666666664
748	3.4280720000000002
749	3.4231073333333333
750	3.4231946666666664
751	3.421791333333333
752	3.413357
753	3.3977193333333333
754	3.3776849999999996
755	3.3573603333333333
756	3.339799333333333
757	3.324544333333333
758	3.3097123333333327
759	3.2937566666666664
760	3.2768306666666667
761	3.2624630000000003
762	3.2552653333333335
763	3.2586723333333336
764	3.273183333333333
765	3.293652333333333
766	3.312841
767	3.324335333333333
768	3.324483
769	3.3151729999999997
770	3.302227
771	3.2946516666666663
772	3.2981719999999997
773	3.307700333333333
774	3.3125346666666666
775	3.3003850000000003
776	3.2642613333333332
777	3.210832333333333
778	3.1536896666666663
779	3.1085279999999993
780	3.0873456666666668
781	3.091673333333333
782	3.115829333333333
783	3.1477083333333336
784	3.1737399999999996
785	3.1832346666666664
786	3.1709509999999996
787	3.141515333333333
788	3.105116333333333
789	3.074858
790	3.060788333333333
791	3.063102666666666
792	3.076403
793	3.0924059999999995
794	3.1051676666666665
795	3.116663999999999
796	3.1330379999999995
797	3.1617333333333333
798	3.2069756666666667
799	3.264248666666666
800	3.323616
801	3.3715683333333333
802	3.397061
803	3.3985483333333333
804	3.3830356666666668
805	3.3675043333333337
806	3.368335333333333
807	3.3903719999999993
808	3.428056333333333
809	3.4639843333333333
810	3.481298333333333
811	3.476157
812	3.454396333333333
813	3.4305873333333334
814	3.4182759999999996
815	3.4202173333333334
816	3.4312819999999995
817	3.439406333333333
818	3.433494333333333
819	3.411588666666667
820	3.3797063333333335
821	3.352863
822	3.3466323333333334
823	3.368729666666667
824	3.4179039999999996
825	3.4801526666666667
826	3.5373056666666662
827	3.574373666666667
828	3.583712666666666
829	3.5714023333333333
830	3.5505929999999997
831	3.53703
832	3.54227
833	3.5657686666666666
834	3.5992559999999996
835	3.6287803333333333
836	3.6414226666666663
837	3.632330666666667
838	3.6048626666666665
839	3.573097333333333
840	3.5525186666666664
841	3.55098
842	3.567446333333333
843	3.588580666666666
844	3.600068666666666
845	3.597704666666667
846	3.586238
847	3.5802976666666666
848	3.5942706666666666
849	3.632037333333334
850	3.6879229999999996
851	3.7454510000000005
852	3.7899093333333336
853	3.821406
854	3.849965
855	3.8930906666666667
856	3.966318
857	4.073633
858	4.211891333333333
859	4.373002666666666
860	4.547136999999999
861	4.724853666666666
862	4.898549666666666
863	5.064750666666666
864	5.2246543333333335
865	5.386644666666666
866	5.563592333333333
867	5.771691666666666
868	6.025762666666667
869	6.334111999999999
870	6.699928
871	7.120940333333333
872	7.592812666666665
873	8.111390333333333
874	8.672855666666667
875	9.273464666666666
876	9.907837333333333
877	10.566375999999998
878	11.235646666666666
879	11.897861333333333
880	12.537486999999999
881	13.148720666666666
882	13.732225333333334
883	14.293130333333334
884	14.831666333333333
885	15.332218333333332
886	15.769908
887	16.114940666666666
888	16.343059666666665
889	16.447626666666665
890	16.433075000000002
891	16.311882666666666
892	16.096816666666665
893	15.794124999999998
894	15.405715999999998
895	14.930721
896	14.371414333333332
897	13.740279333333332
898	13.056742
899	12.345663999999998
900	11.628748333333332
901	10.915103999999998
902	10.206308333333332
903	9.499660999999996
904	8.796099666666667
905	8.108871666666666
906	7.457499333333333
907	6.863019666666666
908	6.340371333333333
909	5.8889879999999994
910	5.499764333333333
911	5.159208666666666
912	4.854538333333333
913	4.578435333333333
914	4.328124
915	4.105865666666666
916	3.915610333333333
917	3.7601293333333334
918	3.6383133333333335
919	3.5415016666666665
920	3.4594926666666663
921	3.3863429999999997
922	3.3214770000000002
923	3.272040333333333
924	3.2459749999999996
925	3.2451410000000003
926	3.2647803333333334
927	3.291213
928	3.309118333333333
929	3.3083769999999997
930	3.2853
931	3.245735333333333
932	3.1992890000000003
933	3.155002
934	3.1194806666666666
935	3.0944999999999996
936	3.0785006666666668
937	3.0669926666666667
938	3.0555996666666667
939	3.043124
940	3.0313689999999998
941	3.0256093333333336
942	3.029816666666666
943	3.041376333333333
944	3.0528413333333333
945	3.0526129999999996
946	3.0311336666666664
947	2.9879873333333333
948	2.930337666666666
949	2.8736413333333335
950	2.8339339999999997
951	2.8201633333333334
952	2.8324296666666666
953	2.8577273333333335
954	2.8796419999999996
955	2.8870013333333335
956	2.8754856666666666
957	2.851010666666667
958	2.8229909999999996
959	2.7988090000000003
960	2.7813766666666666
961	2.7658950000000004
962	2.7464406666666665
963	2.722222
964	2.6964523333333332
965	2.6759519999999997
966	2.666387666666666
967	2.667464
968	2.676758333333333
969	2.693012333333333
970	2.7160903333333333
971	2.7469550000000003
972	2.7867179999999996
973	2.835580333333333
974	2.891644
975	2.949034333333333
976	3.0005739999999994
977	3.0400219999999996
978	3.0625056666666666
979	3.0655426666666665
980	3.050056
981	3.0226610000000003
982	2.9921293333333336
983	2.966579
984	2.952417333333333
985	2.9527053333333333
986	2.967443666666666
987	2.992483
988	3.0209213333333333
989	3.043572666666667
990	3.0526856666666666
991	3.0463306666666665
992	3.0279619999999996
993	3.007628
994	2.996446333333333
995	3.001411666666667
996	3.024753333333333
997	3.061942333333333
998	3.1061723333333333
999	3.1518939999999995
1000	3.195311333333333
1001	3.2353069999999993
1002	3.272821333333333
1003	3.311005333333333
1004	3.35306
1005	3.4002123333333327
1006	3.4521883333333334
1007	3.507231666666666
1008	3.562242
1009	3.6125186666666664
1010	3.653744666666667
1011	3.6841733333333333
1012	3.7037240000000002
1013	3.713760333333333
1014	3.716851333333333
1015	3.7170083333333332
1016	3.717493
1017	3.7184946666666665
1018	3.7190486666666662
1019	3.7185929999999994
1020	3.716265
1021	3.709751333333333
1022	3.6945233333333336
1023	3.6627696666666667
1024	3.6087243333333334
1025	3.5350800000000002
1026	3.451217
1027	3.3731416666666663
1028	3.3150273333333335
1029	3.2800466666666663
1030	3.2625676666666665
1031	3.2479899999999997
1032	3.2221066666666665
1033	3.1804409999999996
1034	3.1261599999999996
1035	3.0701279999999995
1036	3.0244863333333334
1037	2.997023
1038	2.991386
1039	3.0061313333333333
1040	3.0372909999999997
1041	3.0798550000000002
1042	3.129109
1043	3.181764666666667
1044	3.23456
1045	3.2827509999999998
1046	3.320018666666667
1047	3.3384793333333334
1048	3.3338669999999997
1049	3.3123086666666666
1050	3.286709
1051	3.2749323333333336
1052	3.2917319999999997
1053	3.339444
1054	3.4097636666666666
1055	3.482245
1056	3.5344663333333335
1057	3.5516219999999996
1058	3.528772666666667
1059	3.475994
1060	3.408698
1061	3.3399316666666667
1062	3.277985333333333
1063	3.223164333333333
1064	3.173279
1065	3.128267333333333
1066	3.090994
1067	3.0681399999999996
1068	3.0639243333333335
1069	3.0728913333333328
1070	3.0844116666666666
1071	3.0860409999999994
1072	3.0693376666666667
1073	3.0368123333333332
1074	2.997452
1075	2.9643473333333334
1076	2.950683333333333
1077	2.9656629999999997
1078	3.0116676666666664
1079	3.0789496666666665
1080	3.151994
1081	3.214204333333333
1082	3.254343333333333
1083	3.274294666666667
1084	3.2819566666666664
1085	3.2857599999999993
1086	3.2901703333333336
1087	3.290741333333333
1088	3.281831
1089	3.264082333333333
1090	3.2429909999999995
1091	3.2281733333333333
1092	3.226832
1093	3.236576
1094	3.250345333333333
1095	3.2599879999999994
1096	3.258802666666666
1097	3.2440966666666666
1098	3.2154456666666666
1099	3.174156333333333
1100	3.1255353333333336
1101	3.0824033333333327
1102	3.057633
1103	3.0562666666666662
1104	3.0761156666666665
1105	3.106524333333333
1106	3.136743
1107	3.164016
1108	3.1908656666666664
1109	3.223339333333333
1110	3.264784333333333
1111	3.309089666666666
1112	3.345943666666667
1113	3.365377
1114	3.3627466666666663
1115	3.3451576666666667
1116	3.324720666666666
1117	3.3132963333333327
1118	3.3192690000000002
1119	3.3433729999999997
1120	3.380631
1121	3.420483
1122	3.452719333333333
1123	3.47343
1124	3.4838693333333333
1125	3.4906529999999996
1126	3.500454
1127	3.514872333333333
1128	3.531728333333333
1129	3.545406666666666
1130	3.5503719999999994
1131	3.544666333333333
1132	3.5300339999999997
1133	3.5130086666666664
1134	3.5005483333333327
1135	3.4958226666666663
1136	3.498858
1137	3.5062663333333335
1138	3.5133476666666663
1139	3.5156073333333326
1140	3.509737333333333
1141	3.4949269999999997
1142	3.4719349999999998
1143	3.442712666666667
1144	3.4092439999999997
1145	3.372575999999999
1146	3.3336019999999995
1147	3.293870666666666
1148	3.2554019999999997
1149	3.220741666666666
1150	3.1935326666666666
1151	3.1792749999999996
1152	3.182227666666666
1153	3.2015606666666665
1154	3.2316773333333333
1155	3.261138333333333
1156	3.27792
1157	3.274788
1158	3.2511060000000005
1159	3.2168803333333336
1160	3.187154666666667
1161	3.1778863333333334
1162	3.200095
1163	3.2525113333333335
1164	3.326568
1165	3.408941333333334
1166	3.4860503333333335
1167	3.548179666666667
1168	3.590111
1169	3.6131963333333337
1170	3.621213333333334
1171	3.6174360000000005
1172	3.6052066666666662
1173	3.5888299999999997
1174	3.572352
1175	3.5581636666666667
1176	3.547408
1177	3.5399459999999996
1178	3.5346476666666664
1179	3.5290803333333334
1180	3.5189769999999996
1181	3.497270666666666
1182	3.4579146666666665
1183	3.400384333333333
1184	3.3293643333333334
1185	3.2561449999999996
1186	3.1940966666666664
1187	3.1546629999999998
1188	3.1439316666666666
1189	3.1575506666666664
1190	3.186586666666666
1191	3.221881333333333
1192	3.2568716666666666
1193	3.290737
1194	3.32488
1195	3.3600013333333334
1196	3.394802333333333
1197	3.4244890000000003
1198	3.444863666666666
1199	3.456809333333333
1200	3.4656653333333334
1201	3.4816503333333326
1202	3.514226666666666
1203	3.5658723333333335
1204	3.6317079999999997
1205	3.6969079999999996
1206	3.7448719999999995
1207	3.764765666666667
1208	3.752223
1209	3.7119906666666664
1210	3.653685
1211	3.589284666666667
1212	3.528798666666666
1213	3.475752
1214	3.431427
1215	3.398399333333333
1216	3.3800209999999997
1217	3.3795216666666663
1218	3.397585
1219	3.4289129999999997
1220	3.464354333333333
1221	3.492032333333333
1222	3.5023649999999997
1223	3.494032333333333
1224	3.4725496666666666
1225	3.450962666666667
1226	3.4431599999999998
1227	3.457639
1228	3.497631
1229	3.5593816666666664
1230	3.633672333333333
1231	3.705376666666666
1232	3.759425
1233	3.786923333333333
1234	3.785229333333333
1235	3.760108333333333
1236	3.7212673333333326
1237	3.679308333333333
1238	3.642100333333333
1239	3.610544
1240	3.5821753333333337
1241	3.553796333333333
1242	3.523705333333333
1243	3.4940789999999997
1244	3.46854
1245	3.4499823333333333
1246	3.4389673333333333
1247	3.4312829999999996
1248	3.4193303333333334
1249	3.392995333333333
1250	3.347353333333333
1251	3.292137333333333
1252	3.2444913333333334
1253	3.2233843333333327
1254	3.241414
1255	3.294764333333333
1256	3.3705243333333335
1257	3.451378333333333
1258	3.523680333333333
1259	3.586056333333333
1260	3.6432276666666663
1261	3.701335333333333
1262	3.7628743333333334
1263	3.8212096666666664
1264	3.867758666666667
1265	3.898779333333333
1266	3.9150936666666665
1267	3.923173333333333
1268	3.9333223333333334
1269	3.9587456666666667
1270	4.007529666666667
1271	4.072608
1272	4.137219666666667
1273	4.1781516666666665
1274	4.178985333333332
1275	4.1453636666666664
1276	4.095302333333334
1277	4.052638666666667
1278	4.034985666666667
1279	4.040197
1280	4.054450666666667
1281	4.057434
1282	4.035402333333333
1283	3.9955030000000002
1284	3.9536029999999998
1285	3.9242573333333333
1286	3.9151636666666665
1287	3.920374
1288	3.9291373333333333
1289	3.9333196666666663
1290	3.9301
1291	3.925784333333333
1292	3.9300793333333335
1293	3.9509596666666664
1294	3.989330333333333
1295	4.031788333333333
1296	4.060551666666666
1297	4.062332666666666
1298	4.031294666666666
1299	3.9743233333333334
1300	3.906326333333333
1301	3.8479766666666664
1302	3.815973666666667
1303	3.8120036666666666
1304	3.827484
1305	3.8453276666666665
1306	3.849388333333333
1307	3.833794666666666
1308	3.800344
1309	3.7580633333333333
1310	3.7171420000000004
1311	3.683583666666667
1312	3.659222
1313	3.640834
1314	3.625169
1315	3.6136366666666664
1316	3.609265
1317	3.613922666666667
1318	3.628411666666667
1319	3.652235333333333
1320	3.6828790000000007
1321	3.7143479999999998
1322	3.7399073333333335
1323	3.7548703333333333
1324	3.7584153333333337
1325	3.756386
1326	3.7555543333333334
1327	3.757954
1328	3.7606200000000003
1329	3.7542006666666663
1330	3.7296086666666666
1331	3.6850243333333332
1332	3.626069
1333	3.56788
1334	3.5258026666666664
1335	3.506095
1336	3.5074816666666666
1337	3.520605333333333
1338	3.5344719999999996
1339	3.5421769999999997
1340	3.542215666666666
1341	3.5412263333333334
1342	3.548453333333333
1343	3.570708
1344	3.6085959999999995
1345	3.6513006666666667
1346	3.686581
1347	3.7104736666666662
1348	3.725951
1349	3.743149
1350	3.772636333333333
1351	3.818687333333333
1352	3.8782513333333326
1353	3.938027
1354	3.9842926666666663
1355	4.012582666666667
1356	4.025757333333333
1357	4.033861
1358	4.047449333333333
1359	4.071075
1360	4.102696333333333
1361	4.130998
1362	4.141190333333333
1363	4.120285333333333
1364	4.065083666666666
1365	3.9930683333333334
1366	3.9293610000000005
1367	3.895533333333333
1368	3.903471666666667
1369	3.9464886666666663
1370	4.008019333333333
1371	4.067236666666666
1372	4.108433666666667
1373	4.131270333333333
1374	4.142216666666666
1375	4.148085666666666
1376	4.1539090000000005
1377	4.160963333333333
1378	4.168608666666667
1379	4.175416666666667
1380	4.179948333333334
1381	4.181428666666666
1382	4.180193333333333
1383	4.178163333333333
1384	4.175259666666667
1385	4.165246333333332
1386	4.1401416666666675
1387	4.09462
1388	4.028621666666666
1389	3.951541666666666
1390	3.876501333333333
1391	3.815549
1392	3.7753039999999998
1393	3.751163333333333
1394	3.7340196666666663
1395	3.715589
1396	3.6908466666666664
1397	3.661131
1398	3.631068
1399	3.6067590000000003
1400	3.5945503333333333
1401	3.6000136666666664
1402	3.6265650000000003
1403	3.6732776666666664
1404	3.7367993333333334
1405	3.812402
1406	3.895283333333333
1407	3.981577333333333
1408	4.067501999999999
1409	4.148396333333333
1410	4.218440333333334
1411	4.270484333333334
1412	4.300354
1413	4.312469999999999
1414	4.316799
1415	4.327406
1416	4.356809999999999
1417	4.409779333333334
1418	4.483877666666666
1419	4.567698666666667
1420	4.647097666666666
1421	4.710423333333334
1422	4.750609
1423	4.768563666666666
1424	4.769119333333332
1425	4.758428333333334
1426	4.7418733333333325
1427	4.722006666666667
1428	4.699388000000001
1429	4.673211
1430	4.645871333333333
1431	4.628143666666666
1432	4.631393666666666
1433	4.659219333333333
1434	4.706471333333333
1435	4.7557409999999996
1436	4.786561999999999
1437	4.783827666666666
1438	4.741402999999999
1439	4.668303333333333
1440	4.579501333333333
1441	4.488827666666666
1442	4.406202999999999
1443	4.33416
1444	4.271511666666666
1445	4.2155743333333335
1446	4.163504333333333
1447	4.113358333333333
1448	4.065113333333334
1449	4.021993
1450	3.986186333333333
1451	3.9541363333333335
1452	3.919191
1453	3.8736889999999997
1454	3.8128239999999995
1455	3.7394106666666667
1456	3.6609076666666667
1457	3.587690333333333
1458	3.527891
1459	3.4817776666666664
1460	3.4457703333333334
1461	3.4152810000000002
1462	3.386353333333333
1463	3.3572219999999997
1464	3.328165333333333
1465	3.3019999999999996
1466	3.2820443333333333
1467	3.270078333333333
1468	3.2648716666666666
1469	3.2599289999999996
1470	3.248002333333333
1471	3.225545666666666
1472	3.193063333333333
1473	3.156505666666666
1474	3.123015666666667
1475	3.0970329999999997
1476	3.0797746666666668
1477	3.0679226666666666
1478	3.0574820000000003
1479	3.047231333333333
1480	3.0375586666666665
1481	3.0296633333333327
1482	3.0252019999999997
1483	3.0262499999999997
1484	3.0348903333333332
1485	3.0525763333333327
1486	3.078518
1487	3.107205333333333
1488	3.1307119999999995
1489	3.1404383333333326
1490	3.1303476666666663
1491	3.1012226666666667
1492	3.059236333333333
1493	3.016371999999999
1494	2.9858546666666665
1495	2.977829666666666
1496	2.9962353333333334
1497	3.0337449999999997
1498	3.0783889999999996
1499	3.1187256666666667
1500	3.146837333333333
1501	3.162217333333333
1502	3.168916666666667
1503	3.1740559999999998
1504	3.1829193333333334
1505	3.1940060000000003
1506	3.204362333333333
1507	3.2148303333333335
1508	3.2300263333333334
1509	3.2589140000000003
1510	3.308920333333333
1511	3.3793113333333333
1512	3.462516
1513	3.5434893333333335
1514	3.606448
1515	3.6415786666666663
1516	3.6468616666666667
1517	3.632258666666667
1518	3.611581333333333
1519	3.5957963333333334
1520	3.591763333333333
1521	3.5999756666666665
1522	3.6170886666666666
1523	3.6372599999999995
1524	3.6566346666666663
1525	3.6780720000000002
1526	3.706039666666667
1527	3.7417359999999995
1528	3.7827553333333332
1529	3.822036333333333
1530	3.852107
1531	3.869192
1532	3.8725503333333333
1533	3.8646556666666667
1534	3.848779333333333
1535	3.8272099999999996
1536	3.802447333333333
1537	3.779063333333333
1538	3.765424666666666
1539	3.7762303333333334
1540	3.8245416666666667
1541	3.912741
1542	4.033829
1543	4.169623333333334
1544	4.297437333333334
1545	4.395406333333333
1546	4.449175
1547	4.461211
1548	4.444518666666666
1549	4.419806666666666
1550	4.4068629999999995
1551	4.4162626666666664
1552	4.452486
1553	4.515155
1554	4.601861333333333
1555	4.709464
1556	4.8326839999999995
1557	4.961340999999999
1558	5.080662333333333
1559	5.170686999999999
1560	5.215432999999999
1561	5.213901666666666
1562	5.176433333333333
1563	5.124715333333333
1564	5.082932666666666
1565	5.070028666666666
1566	5.097301333333333
1567	5.1635333333333335
1568	5.260409666666666
1569	5.375244333333333
1570	5.495519333333333
1571	5.613057
1572	5.723445666666667
1573	5.826597666666666
1574	5.923780333333335
1575	6.015415
1576	6.1015766666666655
1577	6.182841666666666
1578	6.262030666666666
1579	6.346577333333333
1580	6.445062666666667
1581	6.563729333333333
1582	6.704330666666667
1583	6.860439666666666
1584	7.021380333333332
1585	7.174931333333332
1586	7.312315333333333
1587	7.434185333333333
1588	7.546697333333333
1589	7.659305999999999
1590	7.781001333333333
1591	7.916445666666665
1592	8.065198666666666
1593	8.219379333333332
1594	8.369542666666668
1595	8.510037333333333
1596	8.639595666666667
1597	8.763073666666665
1598	8.887656666666667
1599	9.019791666666666
1600	9.162932999999999
1601	9.314482333333334
1602	9.469246333333333
1603	9.622089666666666
1604	9.769847
1605	9.913576333333332
1606	10.05602
1607	10.199565666666665
1608	10.345602666666666
1609	10.49358733333333
1610	10.641221333333332
1611	10.784058666666667
1612	10.917874666666666
1613	11.041467333333332
1614	11.158765666666666
1615	11.282262666666666
1616	11.424890333333332
1617	11.591498
1618	11.777924666666665
1619	11.967336
1620	12.138617333333332
1621	12.273922
1622	12.366186999999996
1623	12.429882999999998
1624	12.488012999999999
1625	12.561531666666667
1626	12.662758666666667
1627	12.786862999999999
1628	12.922122666666665
1629	13.057669666666667
1630	13.184816666666665
1631	13.298254333333333
1632	13.394053666666666
1633	13.468024666666667
1634	13.513707
1635	13.520723000000002
1636	13.484500666666667
1637	13.418186333333335
1638	13.342906999999999
1639	13.280093333333333
1640	13.245748999999998
1641	13.243154666666666
1642	13.265754
1643	13.296737333333333
1644	13.317743
1645	13.316761333333332
1646	13.288146666666664
1647	13.234203333333333
1648	13.158582666666664
1649	13.061102
1650	12.943792666666667
1651	12.818210666666667
1652	12.700164333333333
1653	12.605154666666667
1654	12.543649666666665
1655	12.514386666666665
1656	12.506125666666666
1657	12.496342333333333
1658	12.462926
1659	12.396041666666665
1660	12.296305666666667
1661	12.175763333333332
1662	12.047714
1663	11.917732333333333
1664	11.788286
1665	11.662742000000001
1666	11.544943
1667	11.438335333333335
1668	11.345212666666665
1669	11.265253999999999
1670	11.194450333333332
1671	11.12305
1672	11.042071333333332
1673	10.950257666666667
1674	10.852144333333332
1675	10.757645
1676	10.676566
1677	10.613228333333332
1678	10.567374333333332
1679	10.533738
1680	10.505792666666665
1681	10.478998333333331
1682	10.452033666666665
1683	10.428740333333332
1684	10.413547999999999
1685	10.407145999999997
1686	10.407782333333333
1687	10.41213
1688	10.417640333333335
1689	10.424976000000001
1690	10.436332666666667
1691	10.454128666666666
1692	10.479849666666667
1693	10.512698666666667
1694	10.550642000000002
1695	10.591049000000002
1696	10.631504333333334
1697	10.670602666666667
1698	10.707680666666667
1699	10.742973999999997
1700	10.778442
1701	10.818827333333335
1702	10.866548
1703	10.915876333333333
1704	10.958306666666665
1705	10.987170666666666
1706	10.997546333333334
1707	10.986564333333332
1708	10.953759333333332
1709	10.902218999999999
1710	10.834843333333334
1711	10.750973999999998
1712	10.650903666666665
1713	10.540762333333333
1714	10.427924666666666
1715	10.316237999999998
1716	10.204620333333333
1717	10.084308666666667
1718	9.944274333333334
1719	9.776126666666666
1720	9.576770666666668
1721	9.352884
1722	9.117255
1723	8.886704666666667
1724	8.672954666666666
1725	8.472067333333333
1726	8.272586666666665
1727	8.061768666666666
1728	7.8315676666666665
1729	7.585546666666666
1730	7.332736
1731	7.082847666666666
1732	6.840671333333333
1733	6.599626333333332
1734	6.350528
1735	6.090179666666667
1736	5.823813666666666
1737	5.569610333333333
1738	5.347771
1739	5.169853333333333
1740	5.036658
1741	4.933145666666666
1742	4.839654666666666
1743	4.7413126666666665
1744	4.628494333333333
1745	4.498739333333333
1746	4.355123
1747	4.206732
1748	4.062927666666667
1749	3.9284783333333335
1750	3.808726666666666
1751	3.7146896666666667
1752	3.6551519999999993
1753	3.627321666666666
1754	3.6205766666666666
1755	3.61798
1756	3.6024456666666667
1757	3.563063666666667
1758	3.4982249999999997
1759	3.4214233333333333
1760	3.349085333333333
1761	3.289148333333333
1762	3.2404046666666666
1763	3.189991333333333
1764	3.1255823333333335
1765	3.0476726666666663
1766	2.9654760000000002
1767	2.8947566666666664
1768	2.8487343333333333
1769	2.8282016666666663
1770	2.8239663333333334
1771	2.8168453333333336
1772	2.7905716666666662
1773	2.745350666666667
1774	2.6907250000000005
1775	2.6407496666666668
1776	2.6063189999999996
1777	2.5867836666666664
1778	2.572740333333333
1779	2.5466083333333334
1780	2.4937316666666667
1781	2.4144336666666666
1782	2.319539
1783	2.2288526666666666
1784	2.1619036666666664
1785	2.128757
1786	2.1301596666666667
1787	2.154793333333333
1788	2.1872046666666667
1789	2.213945
1790	2.2250029999999996
