610	1.4056556666666666
611	1.3228296666666663
612	1.2432383333333332
613	1.1691776666666664
614	1.1025496666666668
615	1.044304
616	0.994904
617	0.9546596666666667
618	0.9239043333333332
619	0.903163
620	0.8930166666666666
621	0.893953
622	0.9059353333333333
623	0.9278179999999999
624	0.957845
625	0.9940096666666667
626	1.0346153333333332
627	1.0789406666666665
628	1.1267916666666669
629	1.1782056666666667
630	1.2328493333333335
631	1.2893326666666667
632	1.345752
633	1.4000769999999998
634	1.4504183333333334
635	1.4952856666666667
636	1.5333370000000002
637	1.5632149999999998
638	1.5839640000000001
639	1.5956063333333332
640	1.5987333333333336
641	1.5942319999999999
642	1.5827406666666666
643	1.5640290000000001
644	1.5374666666666668
645	1.5024099999999998
646	1.4587713333333334
647	1.4077766666666667
648	1.3514546666666667
649	1.292396333333333
650	1.2331636666666668
651	1.1757413333333333
652	1.1216476666666666
653	1.0719269999999999
654	1.0275066666666666
655	0.9895066666666666
656	0.959135
657	0.9375913333333333
658	0.9258226666666667
659	0.9242286666666666
660	0.9329873333333332
661	0.9523330000000001
662	0.9826716666666666
663	1.0247283333333332
664	1.0791123333333332
665	1.145808333333333
666	1.224106333333333
667	1.3122816666666666
668	1.4082069999999998
669	1.5097776666666665
670	1.6150666666666664
671	1.7224709999999999
672	1.8304656666666663
673	1.9374003333333334
674	2.0417809999999994
675	2.142647333333333
676	2.2396546666666666
677	2.333333
678	2.4245069999999993
679	2.513783333333333
680	2.601308
681	2.6863843333333333
682	2.768008666666666
683	2.845286
684	2.917644666666667
685	2.9851243333333333
686	3.0480653333333327
687	3.106921666666667
688	3.1621439999999996
689	3.214120333333333
690	3.263372
691	3.3108116666666665
692	3.3577223333333337
693	3.405802
694	3.4565663333333334
695	3.510614666666666
696	3.567625666666667
697	3.6260389999999996
698	3.6839073333333334
699	3.73959
700	3.791942
701	3.8406219999999998
702	3.8856683333333333
703	3.9272303333333336
704	3.9654989999999994
705	4.000682333333334
706	4.032933
707	4.062229333333333
708	4.088208333333333
709	4.109877333333333
710	4.125844999999999
711	4.1344916666666665
712	4.134641333333333
713	4.126439333333333
714	4.110953333333333
715	4.090113666666666
716	4.065990666666667
717	4.040165666666667
718	4.013466333333333
719	3.98552
720	3.9554996666666664
721	3.922762
722	3.887052333333333
723	3.8488116666666663
724	3.8085963333333335
725	3.766592333333333
726	3.7227876666666666
727	3.6771893333333336
728	3.6302639999999995
729	3.583545666666666
730	3.5390846666666667
731	3.4989879999999993
732	3.4644516666666667
733	3.4344850000000005
734	3.406767
735	3.3781206666666663
736	3.3456793333333334
737	3.308149
738	3.2655936666666667
739	3.219639
740	3.1723576666666666
741	3.1253329999999995
742	3.079605333333333
743	3.0355156666666665
744	2.9934619999999996
745	2.954637333333334
746	2.9208026666666664
747	2.8941693333333336
748	2.876816666666666
749	2.870101
750	2.8751829999999994
751	2.8935499999999994
752	2.927316333333333
753	2.979683333333333
754	3.054119666666667
755	3.153556666666667
756	3.280018
757	3.4339766666666667
758	3.6152943333333334
759	3.8239713333333336
760	4.060402666666667
761	4.325699
762	4.620924666666666
763	4.946315666666667
764	5.301137000000001
765	5.683280666666667
766	6.090034666666667
767	6.518629666666666
768	6.9662999999999995
769	7.430256666666666
770	7.907264999999999
771	8.393097666666666
772	8.883225333333332
773	9.373448
774	9.860157333333333
775	10.34075
776	10.813052333333333
777	11.274894333333332
778	11.723997
779	12.157841333333332
780	12.573865
781	12.969568666666664
782	13.342416333333334
783	13.689648333333333
784	14.008563666666667
785	14.296782666666665
786	14.552370666666668
787	14.774066000000001
788	14.961071333333333
789	15.113038666666665
790	15.230309333333333
791	15.314391333333333
792	15.367216333333333
793	15.390476999999999
794	15.385204666666667
795	15.351141333333333
796	15.287302
797	15.192269333333332
798	15.064591666666665
799	14.903134333333334
800	14.707079666666665
801	14.476080666666666
802	14.210284666666665
803	13.910574333333333
804	13.578259333333333
805	13.214945333333333
806	12.822328999999998
807	12.402118999999999
808	11.956583
809	11.489277
810	11.004240666666664
811	10.505253666666666
812	9.995398333333332
813	9.476402
814	8.949573333333332
815	8.416582666666667
816	7.879908999999999
817	7.343475333333332
818	6.811983999999999
819	6.290446666666666
820	5.783511
821	5.2946513333333325
822	4.826546
823	4.381156999999999
824	3.9601569999999993
825	3.5651706666666665
826	3.1977529999999996
827	2.8592139999999997
828	2.550099666666666
829	2.269334333333333
830	2.014750333333333
831	1.78327
832	1.5719386666666664
833	1.378991333333333
834	1.2036026666666666
835	1.0459219999999998
836	0.9062256666666666
837	0.784118
838	0.6784253333333333
839	0.5868869999999999
840	0.5070429999999999
841	0.4370793333333333
842	0.37594199999999994
843	0.32367333333333337
844	0.2807046666666666
845	0.24729666666666664
846	0.22336066666666665
847	0.208229
848	0.20116633333333334
849	0.20185933333333334
850	0.210383
851	0.22725299999999998
852	0.253064
853	0.2881336666666666
854	0.3325253333333333
855	0.38598
856	0.44818499999999994
857	0.5189946666666666
858	0.5983963333333333
859	0.6864943333333333
860	0.7835129999999999
861	0.8898246666666665
862	1.0059559999999999
863	1.1326106666666664
864	1.2705596666666665
865	1.4204936666666665
866	1.5827963333333332
867	1.7571489999999998
868	1.9425586666666668
869	2.137157666666667
870	2.338936666666667
871	2.5464346666666664
872	2.758715333333333
873	2.9755296666666666
874	3.196951333333333
875	3.423174333333333
876	3.6542640000000004
877	3.8899386666666658
878	4.129849333333333
879	4.373881
880	4.6221060000000005
881	4.874765333333333
882	5.131782333333333
883	5.392149
884	5.654097666666667
885	5.9150426666666664
886	6.172268
887	6.423544999999999
888	6.666968000000001
889	6.900803666666667
890	7.122840333333333
891	7.329606333333333
892	7.5172620000000006
893	7.682441333333332
894	7.822725666666667
895	7.9374199999999995
896	8.026852333333334
897	8.092043
898	8.133978666666666
899	8.153001999999999
900	8.149486333333334
901	8.124661666666666
902	8.080926333333334
903	8.022602333333333
904	7.955086666666666
905	7.884424666666666
906	7.816608333333332
907	7.7569756666666665
908	7.7107416666666655
909	7.683591333333333
910	7.682109333333333
911	7.714371333333333
912	7.788191
913	7.909087999999999
914	8.080048666666666
915	8.300446333333333
916	8.568251666666667
917	8.881669666666665
918	9.239694333333333
919	9.642631
920	10.090348
921	10.580207333333332
922	11.107146333333333
923	11.662958666666665
924	12.238470666666666
925	12.825308666666666
926	13.416217333333332
927	14.005596333333333
928	14.588147333333332
929	15.157611333333334
930	15.706395333333333
931	16.224875333333333
932	16.70279133333333
933	17.130492333333333
934	17.499299999999998
935	17.802151666666663
936	18.032463999999997
937	18.183268666666667
938	18.247460333333333
939	18.218321
940	18.090902333333332
941	17.864283333333333
942	17.540934333333333
943	17.127405666666665
944	16.632072333333333
945	16.06373333333333
946	15.430805666666666
947	14.740621666666666
948	14.000288
949	13.217505666666666
950	12.400690333333332
951	11.559283
952	10.703233
953	9.842673000000001
954	8.987772333333334
955	8.148610000000001
956	7.335173999999999
957	6.557212333333333
958	5.823795
959	5.142407333333333
960	4.518526
961	3.954288333333333
962	3.449536333333333
963	3.001854
964	2.607613
965	2.262358
966	1.961382
967	1.7000696666666666
968	1.4740056666666665
969	1.279108
970	1.1115893333333333
971	0.9680053333333334
972	0.845156
973	0.7400696666666666
974	0.6500530000000001
975	0.5728363333333334
976	0.5065183333333334
977	0.4496166666666666
978	0.40087066666666665
979	0.35912866666666665
980	0.32335033333333335
981	0.292657
982	0.2663066666666667
983	0.24370666666666665
984	0.2243723333333333
985	0.20792366666666665
986	0.194019
987	0.18233233333333335
988	0.17258233333333334
989	0.16461
990	0.15836066666666668
991	0.15392333333333333
992	0.1514666666666667
993	0.1512153333333333
994	0.1532686666666667
995	0.15740933333333335
996	0.16321833333333333
997	0.17019233333333333
998	0.17803766666666665
999	0.18706599999999998
1000	0.19787866666666665
1001	0.21116133333333334
1002	0.22738666666666663
1003	0.24652233333333332
1004	0.268376
1005	0.29293633333333335
1006	0.32053599999999993
1007	0.3521006666666667
1008	0.38869666666666663
1009	0.43112966666666663
1010	0.47994266666666663
1011	0.5353843333333334
1012	0.59763
1013	0.666974
1014	0.743675
1015	0.8277866666666667
1016	0.9192710000000001
1017	1.0181016666666667
1018	1.1244066666666666
1019	1.2386523333333332
1020	1.3615256666666666
1021	1.4938673333333332
1022	1.6364319999999997
1023	1.7895923333333332
1024	1.953339333333333
1025	2.127127333333333
1026	2.3099563333333335
1027	2.5002959999999996
1028	2.6964246666666662
1029	2.8967166666666664
1030	3.099632333333333
1031	3.3037490000000003
1032	3.5076586666666665
1033	3.7099456666666666
1034	3.9094516666666665
1035	4.105674666666667
1036	4.298392333333333
1037	4.487369999999999
1038	4.671851333333333
1039	4.849948666666666
1040	5.0192689999999995
1041	5.177466666666667
1042	5.322679333333334
1043	5.454146999999999
1044	5.571618
1045	5.674980333333333
1046	5.763980666666666
1047	5.838016666666666
1048	5.896554999999999
1049	5.939638333333333
1050	5.9679416666666665
1051	5.983035333333332
1052	5.986817333333333
1053	5.981073333333332
1054	5.967259666666666
1055	5.946219666666666
1056	5.918515666666667
1057	5.884718333333333
1058	5.8458276666666675
1059	5.803806333333332
1060	5.760843333333334
1061	5.7186406666666665
1062	5.678106666666666
1063	5.638821333333333
1064	5.599864666666666
1065	5.560496333333332
1066	5.520506
1067	5.480682
1068	5.442017333333333
1069	5.404985333333332
1070	5.369354666666666
1071	5.333860999999999
1072	5.296979999999999
1073	5.257628333333333
1074	5.215128999999999
1075	5.169268333333333
1076	5.119878666666666
1077	5.066466000000001
1078	5.008297333333333
1079	4.944488
1080	4.874472666666667
1081	4.798633
1082	4.718153999999999
1083	4.635154666666667
1084	4.551947666666666
1085	4.470375333333333
1086	4.391644333333334
1087	4.315994
1088	4.243422333333333
1089	4.174310333333333
1090	4.109425
1091	4.0499643333333335
1092	3.9970763333333332
1093	3.9513396666666667
1094	3.912832
1095	3.881054
1096	3.8553870000000003
1097	3.835452666666667
1098	3.820884
1099	3.8110506666666666
1100	3.805179666666667
1101	3.8024353333333334
1102	3.802043
1103	3.8034036666666666
1104	3.805965666666667
1105	3.8091156666666666
1106	3.8123423333333335
1107	3.815433333333333
1108	3.818315
1109	3.820904333333333
1110	3.822945
1111	3.823817333333333
1112	3.8228283333333333
1113	3.819524
1114	3.8138336666666666
1115	3.8063296666666666
1116	3.7976956666666664
1117	3.788267666666666
1118	3.7782046666666664
1119	3.7676446666666665
1120	3.756669333333334
1121	3.7452196666666664
1122	3.7329456666666663
1123	3.7189716666666666
1124	3.702193666666667
1125	3.681547666666667
1126	3.6563473333333336
1127	3.6267586666666665
1128	3.5933993333333336
1129	3.5570939999999993
1130	3.518553333333333
1131	3.4780379999999997
1132	3.4354953333333333
1133	3.3905929999999995
1134	3.342957
1135	3.292390333333333
1136	3.2390920000000003
1137	3.1839736666666663
1138	3.128155666666667
1139	3.072496666666667
1140	3.017495
1141	2.963077333333333
1142	2.908968333333333
1143	2.854964666666666
1144	2.8011776666666663
1145	2.748311333333333
1146	2.6973193333333327
1147	2.649105666666667
1148	2.604442333333333
1149	2.5638543333333335
1150	2.5278886666666662
1151	2.497362
1152	2.4732566666666664
1153	2.456594
1154	2.448080333333333
1155	2.447607
1156	2.4545553333333334
1157	2.467928
1158	2.486876666666667
1159	2.5112396666666665
1160	2.5413143333333337
1161	2.577748
1162	2.621175
1163	2.6718933333333337
1164	2.7299463333333334
1165	2.7951526666666666
1166	2.867153666666667
1167	2.945397333333333
1168	3.0291989999999998
1169	3.1177693333333334
1170	3.2102386666666667
1171	3.3056473333333334
1172	3.402736
1173	3.4996989999999997
1174	3.594813
1175	3.687178
1176	3.7765456666666664
1177	3.8633696666666664
1178	3.948060333333333
1179	4.030304
1180	4.1093329999999995
1181	4.184170333333332
1182	4.254170666666666
1183	4.319661
1184	4.381265333333333
1185	4.439332
1186	4.493806
1187	4.544069333333334
1188	4.5894363333333335
1189	4.629642666666667
1190	4.664697
1191	4.694822666666667
1192	4.720421333333333
1193	4.742142666666667
1194	4.760763333333333
1195	4.777116666666666
1196	4.791883333333334
1197	4.805334333333333
1198	4.81752
1199	4.828386333333333
1200	4.837883333333333
1201	4.846031999999999
1202	4.852753333333333
1203	4.857655333333333
1204	4.860219333333334
1205	4.8599586666666665
1206	4.856568333333334
1207	4.850120666666666
1208	4.840887666666667
1209	4.829274333333333
1210	4.815970666666667
1211	4.802235333333333
1212	4.789405333333334
1213	4.778385333333333
1214	4.769335
1215	4.761118
1216	4.752031666666666
1217	4.740399666666666
1218	4.7251460000000005
1219	4.706571666666666
1220	4.685696666666667
1221	4.663842333333333
1222	4.641967666666667
1223	4.619988333333334
1224	4.5974883333333345
1225	4.574363333333333
1226	4.550878666666668
1227	4.527789
1228	4.505819666666667
1229	4.485116666666666
1230	4.4651309999999995
1231	4.444329000000001
1232	4.421138666666667
1233	4.394920333333333
1234	4.3658513333333335
1235	4.335058666666666
1236	4.303845333333333
1237	4.273012
1238	4.2427953333333335
1239	4.212669666666667
1240	4.181834333333334
1241	4.149655666666666
1242	4.116004
1243	4.08178
1244	4.048250666666666
1245	4.016557
1246	3.9873729999999994
1247	3.9604866666666667
1248	3.9350519999999998
1249	3.9096889999999997
1250	3.883053666666666
1251	3.8544676666666664
1252	3.8238243333333335
1253	3.7917399999999994
1254	3.759219333333333
1255	3.727519333333333
1256	3.697798333333333
1257	3.6707599999999996
1258	3.646585333333333
1259	3.624705666666667
1260	3.604234
1261	3.584281333333333
1262	3.5640846666666666
1263	3.543163666666666
1264	3.5212646666666663
1265	3.498419333333333
1266	3.4749383333333332
1267	3.451544666666667
1268	3.4291723333333333
1269	3.4088286666666665
1270	3.391231666666666
1271	3.3763406666666658
1272	3.3635226666666664
1273	3.351545333333333
1274	3.3390693333333337
1275	3.3251203333333326
1276	3.309187333333333
1277	3.291511
1278	3.272751
1279	3.253865333333333
1280	3.235843666666667
1281	3.219517333333333
1282	3.2055
1283	3.194081333333333
1284	3.1852399999999994
1285	3.1785273333333333
1286	3.1730633333333333
1287	3.1673976666666666
1288	3.160045
1289	3.150057
1290	3.1371626666666668
1291	3.1221619999999994
1292	3.106359333333333
1293	3.091188666666666
1294	3.077800999999999
1295	3.0666006666666665
1296	3.057593
1297	3.050609
1298	3.0455016666666666
1299	3.0422913333333335
1300	3.0408433333333336
1301	3.040492
1302	3.0402639999999996
1303	3.039035333333333
1304	3.035837666666666
1305	3.030239
1306	3.022394
1307	3.013302666666666
1308	3.0042729999999995
1309	2.996499
1310	2.990801666666666
1311	2.9872463333333332
1312	2.9853773333333335
1313	2.984252
1314	2.9828566666666667
1315	2.98048
1316	2.9767746666666666
1317	2.9718886666666666
1318	2.9659829999999996
1319	2.9587606666666666
1320	2.949785666666666
1321	2.9387893333333333
1322	2.9259319999999995
1323	2.912158
1324	2.898735
1325	2.8868293333333335
1326	2.8770956666666665
1327	2.869075333333333
1328	2.8617896666666662
1329	2.854129
1330	2.845321333333333
1331	2.8354159999999995
1332	2.8248876666666662
1333	2.8143209999999996
1334	2.804253
1335	2.794967666666666
1336	2.786578333333333
1337	2.779002333333333
1338	2.7722653333333334
1339	2.7667599999999997
1340	2.763026333333333
1341	2.7614886666666663
1342	2.7623209999999996
1343	2.7651809999999997
1344	2.7695369999999997
1345	2.7748809999999997
1346	2.780939
1347	2.7878816666666664
1348	2.7960613333333333
1349	2.8057586666666663
1350	2.817117333333333
1351	2.8300359999999998
1352	2.844433333333333
1353	2.860500333333333
1354	2.878572333333333
1355	2.899024333333333
1356	2.9220746666666666
1357	2.947581333333333
1358	2.975268333333333
1359	3.004952666666666
1360	3.036594
1361	3.0704003333333327
1362	3.1066426666666667
1363	3.145541666666666
1364	3.1873549999999997
1365	3.2325599999999994
1366	3.2818769999999997
1367	3.336424666666667
1368	3.397394
1369	3.465801
1370	3.542485333333333
1371	3.6281166666666667
1372	3.723296
1373	3.828660333333333
1374	3.9447536666666667
1375	4.0719096666666665
1376	4.210484
1377	4.361119666666666
1378	4.524568333333334
1379	4.701498999999999
1380	4.892225666666667
1381	5.096311999999999
1382	5.312981333333334
1383	5.541366999999999
1384	5.780377999999999
1385	6.028393666666666
1386	6.283243333333333
1387	6.542000666666667
1388	6.801722666666666
1389	7.060181666666666
1390	7.315843
1391	7.567978666666666
1392	7.8158113333333326
1393	8.057606666666667
1394	8.290868999999999
1395	8.512342666666667
1396	8.718962999999999
1397	8.908829999999998
1398	9.080748333333332
1399	9.233987333333332
1400	9.368025666666666
1401	9.482471333333333
1402	9.577252999999999
1403	9.652966
1404	9.710713333333333
1405	9.752100666666665
1406	9.778816666666668
1407	9.792225666666665
1408	9.793273666666668
1409	9.782266333333332
1410	9.759360666666668
1411	9.725008333333333
1412	9.680105333333334
1413	9.626276666666666
1414	9.565660666666668
1415	9.500817333333332
1416	9.434033
1417	9.3665
1418	9.298724666666667
1419	9.230691
1420	9.162378666666667
1421	9.094167333333333
1422	9.026433333333333
1423	8.959072
1424	8.89152
1425	8.822646666666666
1426	8.751384666666667
1427	8.677363333333334
1428	8.600831666666666
1429	8.522698333333334
1430	8.443809
1431	8.364161
1432	8.283174666666666
1433	8.199724666666667
1434	8.112307999999999
1435	8.018984999999999
1436	7.917669666666666
1437	7.8063389999999995
1438	7.6833789999999995
1439	7.5480599999999995
1440	7.400348666666666
1441	7.240938333333333
1442	7.070845333333333
1443	6.891109666666666
1444	6.702722666666666
1445	6.506522333333333
1446	6.303191666666666
1447	6.093183000000001
1448	5.876907999999999
1449	5.654896000000001
1450	5.427767666666665
1451	5.196251666666667
1452	4.961217333333332
1453	4.723792333333334
1454	4.485481999999999
1455	4.248400999999999
1456	4.014885
1457	3.787141666666667
1458	3.56703
1459	3.355698
1460	3.1538486666666663
1461	2.961779
1462	2.779537
1463	2.6069109999999998
1464	2.443558
1465	2.289054666666667
1466	2.143104333333333
1467	2.005746666666667
1468	1.877101333333333
1469	1.7571093333333334
1470	1.6454546666666667
1471	1.5414013333333334
1472	1.4441146666666667
1473	1.352923
1474	1.267303
1475	1.1868993333333333
1476	1.1114709999999999
1477	1.0408973333333333
1478	0.9751586666666666
1479	0.9143416666666666
1480	0.858422
1481	0.8070113333333333
1482	0.7595093333333334
1483	0.7152143333333332
1484	0.6735763333333333
1485	0.6344913333333333
1486	0.598092
1487	0.5645943333333333
1488	0.5341726666666666
1489	0.5068023333333332
1490	0.4823303333333333
1491	0.46045299999999995
1492	0.4407576666666666
1493	0.4227043333333333
1494	0.4058316666666666
1495	0.38996966666666666
1496	0.3751623333333333
1497	0.3616283333333334
1498	0.349569
1499	0.338963
1500	0.32965466666666665
1501	0.3213956666666667
1502	0.3138483333333333
1503	0.3065526666666667
1504	0.29911899999999997
1505	0.29145099999999996
1506	0.2837346666666667
1507	0.2764966666666666
1508	0.270215
1509	0.26491000000000003
1510	0.2603063333333333
1511	0.255938
1512	0.25147933333333333
1513	0.24710999999999997
1514	0.243278
1515	0.24051866666666666
1516	0.239115
1517	0.23869000000000004
1518	0.23858399999999996
1519	0.23815066666666668
1520	0.236902
1521	0.2347013333333333
1522	0.23185366666666662
1523	0.22932266666666665
1524	0.22812
1525	0.22868466666666667
1526	0.23089933333333332
1527	0.23395266666666667
1528	0.236957
1529	0.23952666666666664
1530	0.2416863333333333
1531	0.24386266666666664
1532	0.24641133333333334
1533	0.2491473333333333
1534	0.25160099999999996
1535	0.25324266666666667
1536	0.25382533333333335
1537	0.2538106666666667
1538	0.25391933333333333
1539	0.254778
1540	0.2568223333333333
1541	0.2601603333333333
1542	0.26450566666666664
1543	0.26902066666666663
1544	0.27282833333333334
1545	0.275565
1546	0.2773313333333334
1547	0.27879833333333326
1548	0.280701
1549	0.28340233333333326
1550	0.28692266666666666
1551	0.2909473333333333
1552	0.29517099999999996
1553	0.299682
1554	0.3047376666666667
1555	0.3106096666666667
1556	0.31741966666666666
1557	0.32498666666666665
1558	0.33307200000000003
1559	0.34162
1560	0.35063799999999995
1561	0.360099
1562	0.3699673333333333
1563	0.38023933333333326
1564	0.39100033333333334
1565	0.40249233333333334
1566	0.41492666666666667
1567	0.42827533333333323
1568	0.442384
1569	0.4570363333333333
1570	0.4721183333333333
1571	0.48776433333333324
1572	0.5041666666666667
1573	0.5213643333333333
1574	0.5392806666666667
1575	0.5577206666666666
1576	0.576508
1577	0.5956073333333333
1578	0.6150693333333332
1579	0.634992
1580	0.6555289999999999
1581	0.6769113333333334
1582	0.6994493333333334
1583	0.723521
1584	0.7493126666666666
1585	0.7764713333333333
1586	0.8044029999999999
1587	0.8325063333333332
1588	0.8604449999999999
1589	0.8884909999999999
1590	0.9172413333333334
1591	0.9474166666666666
1592	0.9795433333333334
1593	1.0135803333333333
1594	1.0492366666666666
1595	1.0861853333333333
1596	1.1241256666666666
1597	1.1628156666666667
1598	1.2020753333333334
1599	1.2418193333333332
1600	1.282035
1601	1.3227986666666665
1602	1.3642046666666667
1603	1.4063106666666667
1604	1.4491796666666668
1605	1.492931
1606	1.5376656666666666
1607	1.5833966666666668
1608	1.6300733333333333
1609	1.6776049999999998
1610	1.7258836666666666
1611	1.774832
1612	1.8244016666666667
1613	1.8746393333333333
1614	1.9257063333333333
1615	1.9779926666666665
1616	2.031966333333333
1617	2.088082333333333
1618	2.146578
1619	2.2072266666666667
1620	2.2694096666666663
1621	2.332162
1622	2.3947380000000003
1623	2.457365333333333
1624	2.5209376666666667
1625	2.586981
1626	2.656891333333333
1627	2.7312266666666667
1628	2.809933
1629	2.8924586666666663
1630	2.9780773333333332
1631	3.0661929999999997
1632	3.156558666666667
1633	3.2496156666666662
1634	3.3460020000000004
1635	3.4461473333333332
1636	3.5503156666666666
1637	3.6586349999999994
1638	3.77124
1639	3.888416333333333
1640	4.010626333333334
1641	4.138551666666666
1642	4.272768666666667
1643	4.413323999999999
1644	4.559754
1645	4.710933333333333
1646	4.865709333333333
1647	5.023507333333333
1648	5.184145666666666
1649	5.347754666666666
1650	5.5146196666666665
1651	5.685089666666666
1652	5.859466333333333
1653	6.037845999999999
1654	6.219977666666667
1655	6.405014333333333
1656	6.592041
1657	6.780602
1658	6.970663
1659	7.162688
1660	7.357253999999999
1661	7.554715
1662	7.755163666666666
1663	7.958312
1664	8.163594
1665	8.370159
1666	8.577142
1667	8.783959333333332
1668	8.990616
1669	9.19819133333333
1670	9.408108333333333
1671	9.621481000000001
1672	9.838740333333334
1673	10.059101666666667
1674	10.281437999999998
1675	10.505059
1676	10.729764333333332
1677	10.955974666666668
1678	11.184037999999997
1679	11.413540666666666
1680	11.643775666666667
1681	11.874137000000001
1682	12.104090666666666
1683	12.333145666666665
1684	12.560894666666664
1685	12.787158
1686	13.012229666666666
1687	13.237174666666666
1688	13.462356
1689	13.685704666666668
1690	13.903929333333332
1691	14.1134
1692	14.31104
1693	14.495368666666666
1694	14.666318999999998
1695	14.825450666666665
1696	14.974100333333334
1697	15.111639666666665
1698	15.237256333333333
1699	15.351555999999999
1700	15.454163999999999
1701	15.541423666666663
1702	15.612544
1703	15.676575999999999
1704	15.744598
1705	15.822305666666667
1706	15.911927333333333
1707	16.01301133333333
1708	16.121285
1709	16.226253
1710	16.318837
1711	16.399261999999997
1712	16.471027
1713	16.535763666666664
1714	16.594391666666667
1715	16.648481999999998
1716	16.699674666666663
1717	16.748749999999998
1718	16.794652333333335
1719	16.833152333333334
1720	16.861144666666664
1721	16.880799666666665
1722	16.893013
1723	16.890483666666665
1724	16.864552
1725	16.811819
1726	16.73124533333333
1727	16.622142
1728	16.487568666666665
1729	16.338934333333334
1730	16.18718733333333
1731	16.033907666666664
1732	15.876728333333334
1733	15.713729666666666
1734	15.542821666666667
1735	15.360716
1736	15.164740000000002
1737	14.955094333333333
1738	14.734022
1739	14.505567333333333
1740	14.273311333333336
1741	14.03812
1742	13.799426
1743	13.556120333333334
1744	13.306907666666667
1745	13.050535333333332
1746	12.786119333333334
1747	12.513570333333332
1748	12.232692666666665
1749	11.942346333333335
1750	11.641380666666667
1751	11.32973
1752	11.008429666666666
1753	10.679965333333334
1754	10.347045999999999
1755	10.011461333333333
1756	9.673948333333334
1757	9.333784999999999
1758	8.989791
1759	8.641220333333333
1760	8.288134999999999
1761	7.931988666666666
1762	7.574402666666667
1763	7.21608
1764	6.8572983333333335
1765	6.498427
1766	6.140375666666666
1767	5.785236666666667
1768	5.435681666666666
1769	5.094538
1770	4.764169333333333
1771	4.445729
1772	4.139635666666667
1773	3.845794
1774	3.564023666666666
1775	3.2944043333333335
1776	3.037279666666666
1777	2.7933196666666666
1778	2.563206
1779	2.3473026666666663
1780	2.1456876666666664
1781	1.9580626666666665
1782	1.7839156666666667
1783	1.622569
1784	1.4734006666666664
1785	1.3360126666666665
1786	1.2100083333333334
1787	1.0947083333333334
1788	0.9892906666666667
1789	0.8928673333333332
1790	0.804737
