610	0.31383666666666665
611	0.31557033333333334
612	0.31904499999999997
613	0.32356199999999996
614	0.328623
615	0.3342073333333333
616	0.34067033333333335
617	0.3487463333333333
618	0.35927200000000004
619	0.37289966666666663
620	0.389835
621	0.40944299999999995
622	0.4310083333333333
623	0.454494
624	0.4805276666666667
625	0.5105566666666667
626	0.5460486666666666
627	0.5877286666666667
628	0.6357946666666667
629	0.690047
630	0.7504153333333332
631	0.817518
632	0.8923203333333334
633	0.9758369999999998
634	1.0685116666666667
635	1.1693896666666665
636	1.2766290000000002
637	1.3877259999999998
638	1.5002653333333333
639	1.6126146666666665
640	1.7234789999999998
641	1.8314796666666666
642	1.9346489999999996
643	2.029742333333333
644	2.1128926666666663
645	2.1801239999999997
646	2.2281543333333333
647	2.255500333333333
648	2.262150666666667
649	2.2498056666666666
650	2.2208213333333333
651	2.1774353333333334
652	2.1212416666666662
653	2.052537333333333
654	1.9711063333333334
655	1.876874333333333
656	1.7703596666666663
657	1.6533236666666666
658	1.5283509999999998
659	1.3987579999999997
660	1.2680139999999998
661	1.1392896666666665
662	1.0155043333333333
663	0.899307
664	0.7930699999999998
665	0.6987056666666666
666	0.617568
667	0.55003
668	0.495512
669	0.4520803333333333
670	0.41709966666666665
671	0.3876353333333333
672	0.36130299999999993
673	0.33727433333333334
674	0.3157203333333333
675	0.29755666666666664
676	0.2836336666666667
677	0.27393333333333336
678	0.26767433333333335
679	0.2632023333333333
680	0.2587486666666666
681	0.25314766666666666
682	0.24581933333333333
683	0.23693466666666665
684	0.22702166666666665
685	0.21674333333333332
686	0.206744
687	0.197539
688	0.189572
689	0.183246
690	0.17884866666666666
691	0.17641666666666667
692	0.17573533333333333
693	0.17624
694	0.17727466666666666
695	0.17830166666666666
696	0.17896033333333333
697	0.17915566666666669
698	0.17897966666666668
699	0.1786833333333333
700	0.17868799999999996
701	0.17959899999999998
702	0.18194333333333332
703	0.18580733333333332
704	0.19086699999999998
705	0.19626333333333335
706	0.20107799999999998
707	0.2047653333333333
708	0.20715699999999998
709	0.2085473333333333
710	0.20932666666666666
711	0.20965266666666668
712	0.209487
713	0.20861866666666667
714	0.20693966666666666
715	0.204776
716	0.20273466666666665
717	0.20162566666666665
718	0.20202499999999998
719	0.20377266666666666
720	0.206149
721	0.207951
722	0.2081596666666667
723	0.2067163333333333
724	0.20429499999999998
725	0.2022823333333333
726	0.20193466666666662
727	0.203515
728	0.20655166666666663
729	0.20992133333333332
730	0.21267599999999998
731	0.21488466666666664
732	0.21722766666666662
733	0.22070199999999998
734	0.2259473333333333
735	0.23246033333333332
736	0.23914866666666665
737	0.24474133333333334
738	0.248469
739	0.25086966666666666
740	0.253227
741	0.257185
742	0.26398599999999994
743	0.27359766666666663
744	0.28523699999999996
745	0.2977013333333334
746	0.3101903333333333
747	0.3232359999999999
748	0.33825700000000003
749	0.3573743333333333
750	0.38260933333333336
751	0.41509699999999994
752	0.4552896666666666
753	0.5030073333333334
754	0.5581183333333333
755	0.6212356666666666
756	0.6933823333333333
757	0.7757069999999998
758	0.868613
759	0.9706009999999998
760	1.078693
761	1.1883783333333333
762	1.2947226666666667
763	1.393349333333333
764	1.4808263333333331
765	1.555394333333333
766	1.6161956666666666
767	1.662931
768	1.695614
769	1.7145683333333332
770	1.7202256666666667
771	1.713010333333333
772	1.6933066666666667
773	1.6614466666666667
774	1.6177386666666669
775	1.562496
776	1.4959746666666665
777	1.4183056666666667
778	1.3297683333333332
779	1.2311786666666666
780	1.1242126666666667
781	1.012066
782	0.898965
783	0.7899586666666668
784	0.6896673333333334
785	0.6008373333333333
786	0.5247093333333332
787	0.46084266666666657
788	0.40802800000000006
789	0.36480799999999997
790	0.32976900000000003
791	0.301751
792	0.27973633333333336
793	0.2627673333333333
794	0.2498993333333333
795	0.24015899999999996
796	0.23266166666666663
797	0.22678166666666666
798	0.222184
799	0.218964
800	0.21730033333333335
801	0.21716
802	0.21839766666666666
803	0.22086766666666666
804	0.224608
805	0.230069
806	0.2377413333333333
807	0.24777399999999997
808	0.2599353333333333
809	0.27348799999999995
810	0.2877146666666666
811	0.302435
812	0.3178183333333333
813	0.33425
814	0.35202466666666665
815	0.37104699999999996
816	0.3912633333333333
817	0.4131406666666666
818	0.4377686666666666
819	0.46712999999999993
820	0.5035806666666667
821	0.5494336666666667
822	0.606715
823	0.6768616666666667
824	0.7612599999999998
825	0.8617889999999999
826	0.9809113333333332
827	1.1220080000000001
828	1.2894616666666665
829	1.4893143333333332
830	1.7297296666666664
831	2.02247
832	2.3821476666666666
833	2.826361333333333
834	3.371840333333333
835	4.029556666666666
836	4.800993666666666
837	5.6703676666666665
838	6.609113
839	7.575387
840	8.522242666666667
841	9.403912666666667
842	10.182192
843	10.835651333333331
844	11.355209666666665
845	11.744641666666666
846	12.014605333333334
847	12.179882
848	12.25437
849	12.246113333333334
850	12.157876333333334
851	11.985760999999998
852	11.721202333333334
853	11.351218333333334
854	10.863005333333334
855	10.249160999999999
856	9.511067333333333
857	8.666010666666667
858	7.742911
859	6.782686999999999
860	5.830792666666667
861	4.931465
862	4.121415333333333
863	3.420684333333333
864	2.8366893333333336
865	2.3632926666666663
866	1.9869643333333333
867	1.6895513333333334
868	1.453025
869	1.2637483333333335
870	1.111176666666667
871	0.9875899999999999
872	0.886931
873	0.8045666666666667
874	0.7365616666666667
875	0.6794343333333333
876	0.6302636666666668
877	0.5871483333333333
878	0.54895
879	0.5153519999999999
880	0.4862793333333333
881	0.4614713333333333
882	0.44046766666666665
883	0.4226136666666666
884	0.4073436666666667
885	0.39453199999999994
886	0.384285
887	0.3768336666666666
888	0.37220233333333336
889	0.3698763333333333
890	0.3690853333333333
891	0.36909533333333333
892	0.36950799999999995
893	0.37075333333333327
894	0.37391366666666664
895	0.38083799999999995
896	0.39358400000000004
897	0.414002
898	0.44362433333333334
899	0.48350666666666664
900	0.5343376666666667
901	0.5964269999999999
902	0.6697599999999999
903	0.7539186666666666
904	0.8481276666666666
905	0.9511443333333333
906	1.061360333333333
907	1.176736
908	1.2949183333333332
909	1.413183
910	1.5284679999999997
911	1.6372629999999997
912	1.7361403333333332
913	1.822297333333333
914	1.8935469999999996
915	1.9484976666666665
916	1.9864169999999999
917	2.007317
918	2.011478666666666
919	1.9990613333333331
920	1.9701923333333329
921	1.9250463333333334
922	1.8639946666666662
923	1.7878003333333332
924	1.6976583333333333
925	1.5953906666666664
926	1.4833129999999999
927	1.3642866666666664
928	1.2414909999999997
929	1.1183336666666666
930	0.9983509999999999
931	0.8851269999999998
932	0.7818413333333334
933	0.6906106666666667
934	0.6125046666666666
935	0.5471550000000001
936	0.49322299999999997
937	0.44851800000000003
938	0.41081199999999995
939	0.37862500000000004
940	0.35105633333333325
941	0.32779100000000005
942	0.30866699999999997
943	0.2933493333333334
944	0.28129266666666664
945	0.27168133333333333
946	0.2636496666666666
947	0.25649500000000003
948	0.24972899999999998
949	0.24319866666666667
950	0.23694866666666664
951	0.231149
952	0.22596866666666665
953	0.22143566666666664
954	0.21751099999999995
955	0.214105
956	0.21116766666666664
957	0.20874199999999998
958	0.20691966666666667
959	0.20577099999999995
960	0.20537
961	0.20579366666666665
962	0.20715933333333333
963	0.20961833333333332
964	0.2132433333333333
965	0.2178443333333333
966	0.22309
967	0.22857766666666665
968	0.23400966666666664
969	0.239369
970	0.24464766666666665
971	0.249577
972	0.2538113333333334
973	0.25716833333333333
974	0.25989633333333334
975	0.26311
976	0.2681743333333333
977	0.27617033333333335
978	0.2875456666666667
979	0.30160766666666666
980	0.3171166666666666
981	0.332756
982	0.3476683333333333
983	0.3621526666666666
984	0.377125
985	0.3938196666666667
986	0.413402
987	0.43664000000000003
988	0.4639996666666667
989	0.49572233333333326
990	0.5323263333333333
991	0.5752696666666666
992	0.6268866666666666
993	0.6905653333333333
994	0.7695663333333334
995	0.8657366666666666
996	0.9796206666666667
997	1.1100923333333332
998	1.2551506666666667
999	1.4123953333333332
1000	1.580015333333333
1001	1.7579083333333332
1002	1.9467776666666665
1003	2.1474356666666665
1004	2.3601726666666667
1005	2.5838586666666665
1006	2.815450333333333
1007	3.048712
1008	3.2754819999999993
1009	3.4862089999999992
1010	3.671342333333333
1011	3.8226936666666664
1012	3.9338589999999996
1013	4.001389333333333
1014	4.024346333333333
1015	4.004919666666666
1016	3.9471003333333328
1017	3.856163
1018	3.7378509999999987
1019	3.597758
1020	3.440458666666666
1021	3.268253666666666
1022	3.0819576666666664
1023	2.8811676666666663
1024	2.6653146666666663
1025	2.434706
1026	2.1914676666666666
1027	1.9411669999999996
1028	1.6914453333333328
1029	1.4513729999999996
1030	1.2298676666666664
1031	1.0340346666666664
1032	0.8686249999999999
1033	0.7345293333333333
1034	0.6298569999999999
1035	0.5499129999999999
1036	0.4890606666666666
1037	0.44212433333333323
1038	0.4049156666666666
1039	0.3749936666666666
1040	0.35080999999999996
1041	0.33119
1042	0.3149713333333333
1043	0.3007586666666667
1044	0.2873826666666666
1045	0.27445533333333333
1046	0.26206999999999997
1047	0.250668
1048	0.24088033333333328
1049	0.23348566666666667
1050	0.2292943333333333
1051	0.228977
1052	0.232419
1053	0.23783333333333334
1054	0.24285466666666666
1055	0.245533
1056	0.24492866666666663
1057	0.2419943333333333
1058	0.2384113333333333
1059	0.235666
1060	0.23459233333333332
1061	0.23481199999999997
1062	0.23563866666666666
1063	0.23689133333333334
1064	0.23870399999999997
1065	0.24136133333333332
1066	0.24489433333333335
1067	0.24861633333333333
1068	0.251598
1069	0.2530713333333333
1070	0.252575
1071	0.250211
1072	0.24673099999999998
1073	0.24383033333333332
1074	0.243368
1075	0.24658233333333332
1076	0.25378833333333334
1077	0.263799
1078	0.27491499999999996
1079	0.285781
1080	0.2957973333333333
1081	0.30573666666666666
1082	0.316762
1083	0.3296076666666667
1084	0.34460999999999997
1085	0.36172966666666667
1086	0.38108400000000003
1087	0.403551
1088	0.43045799999999995
1089	0.463441
1090	0.504111
1091	0.5538526666666667
1092	0.6142316666666665
1093	0.6876173333333334
1094	0.7772873333333332
1095	0.887804
1096	1.0234306666666666
1097	1.1862946666666667
1098	1.3758029999999999
1099	1.5869976666666665
1100	1.811915333333333
1101	2.0398206666666665
1102	2.2597053333333332
1103	2.462584333333333
1104	2.641577666666666
1105	2.792721
1106	2.9142626666666667
1107	3.0068786666666667
1108	3.0723809999999996
1109	3.1129249999999997
1110	3.1305856666666663
1111	3.126915
1112	3.1028919999999998
1113	3.058533333333333
1114	2.992981
1115	2.9042456666666667
1116	2.79045
1117	2.651183
1118	2.4880530000000003
1119	2.306045
1120	2.112840333333333
1121	1.9191103333333333
1122	1.7361816666666667
1123	1.5739096666666665
1124	1.4400706666666667
1125	1.3389816666666665
1126	1.2725176666666667
1127	1.2400753333333334
1128	1.2398946666666666
1129	1.2696713333333334
1130	1.326594
1131	1.4069500000000001
1132	1.5061993333333332
1133	1.6186756666666664
1134	1.7383409999999997
1135	1.8593473333333332
1136	1.9764
1137	2.085232
1138	2.182283333333333
1139	2.2646066666666664
1140	2.32977
1141	2.3759776666666665
1142	2.4021846666666664
1143	2.408498333333333
1144	2.3959356666666665
1145	2.3664503333333333
1146	2.322056
1147	2.2639346666666667
1148	2.192487
1149	2.1071716666666664
1150	2.00751
1151	1.8941223333333332
1152	1.7687729999999995
1153	1.6347486666666664
1154	1.4959436666666668
1155	1.35615
1156	1.2187313333333332
1157	1.086199
1158	0.9608059999999999
1159	0.8449966666666667
1160	0.7412589999999999
1161	0.6518266666666667
1162	0.5781073333333332
1163	0.5197173333333334
1164	0.4749746666666666
1165	0.44087966666666667
1166	0.414108
1167	0.39181066666666664
1168	0.37195133333333336
1169	0.3538183333333333
1170	0.3372526666666667
1171	0.32204
1172	0.3078753333333334
1173	0.29434
1174	0.28116233333333335
1175	0.26851566666666665
1176	0.256941
1177	0.24732766666666667
1178	0.24044733333333335
1179	0.236391
1180	0.23453866666666667
1181	0.23332199999999997
1182	0.23113766666666669
1183	0.22726966666666665
1184	0.221852
1185	0.21606699999999998
1186	0.21131966666666663
1187	0.20847733333333332
1188	0.20771833333333334
1189	0.2081903333333333
1190	0.20878566666666667
1191	0.20882666666666666
1192	0.20819266666666664
1193	0.207542
1194	0.2076353333333333
1195	0.20867
1196	0.21042399999999997
1197	0.21229433333333333
1198	0.213726
1199	0.21461633333333333
1200	0.21520699999999998
1201	0.21600633333333333
1202	0.21738599999999997
1203	0.219106
1204	0.22065333333333334
1205	0.2215083333333333
1206	0.221487
1207	0.22115900000000002
1208	0.22145199999999998
1209	0.22332966666666668
1210	0.22754933333333333
1211	0.23433166666666666
1212	0.24349066666666663
1213	0.2544186666666666
1214	0.266505
1215	0.27953466666666665
1216	0.29367066666666664
1217	0.30951966666666664
1218	0.32781
1219	0.349093
1220	0.37366066666666664
1221	0.4013613333333333
1222	0.43172299999999997
1223	0.4639093333333333
1224	0.4967433333333333
1225	0.5285873333333334
1226	0.5577833333333333
1227	0.5831213333333333
1228	0.6040533333333332
1229	0.6211186666666666
1230	0.6351556666666665
1231	0.6466176666666666
1232	0.6555316666666665
1233	0.6613753333333333
1234	0.6635530000000001
1235	0.6617979999999999
1236	0.6559050000000001
1237	0.645431
1238	0.6297973333333333
1239	0.6084046666666666
1240	0.5811609999999999
1241	0.5491896666666667
1242	0.5143246666666667
1243	0.4788006666666666
1244	0.4446239999999999
1245	0.41287699999999994
1246	0.3840056666666667
1247	0.3578683333333333
1248	0.334028
1249	0.31190233333333334
1250	0.291087
1251	0.27171966666666664
1252	0.2542383333333333
1253	0.23918533333333336
1254	0.22673266666666667
1255	0.2161243333333333
1256	0.206451
1257	0.19742
1258	0.18932466666666667
1259	0.18313866666666667
1260	0.17971966666666664
1261	0.178968
1262	0.18005833333333332
1263	0.18150666666666665
1264	0.18208666666666665
1265	0.181808
1266	0.181362
1267	0.18175133333333332
1268	0.183843
1269	0.187937
1270	0.19408099999999998
1271	0.20231399999999997
1272	0.21274066666666663
1273	0.2256183333333333
1274	0.2413093333333333
1275	0.26029233333333335
1276	0.28303633333333333
1277	0.30992166666666665
1278	0.34134133333333333
1279	0.3778536666666667
1280	0.4201973333333333
1281	0.46943899999999994
1282	0.5271563333333333
1283	0.5958906666666667
1284	0.6789556666666667
1285	0.7805866666666667
1286	0.9055403333333333
1287	1.0588696666666666
1288	1.2451043333333331
1289	1.467075
1290	1.7251983333333332
1291	2.015611333333333
1292	2.330565
1293	2.657318333333333
1294	2.9814583333333333
1295	3.289563333333333
1296	3.5704476666666665
1297	3.8170893333333327
1298	4.025474666666666
1299	4.194614666666666
1300	4.324958333333333
1301	4.417553999999999
1302	4.473833
1303	4.495593666666666
1304	4.484232999999999
1305	4.439760333333332
1306	4.361034999999999
1307	4.245634333333333
1308	4.091045333333333
1309	3.8959019999999995
1310	3.6607333333333334
1311	3.3895876666666664
1312	3.089899666666666
1313	2.7736726666666662
1314	2.4547326666666667
1315	2.1466359999999995
1316	1.8610476666666664
1317	1.6054823333333332
1318	1.3842913333333333
1319	1.1983726666666665
1320	1.046673
1321	0.9266703333333332
1322	0.8347723333333333
1323	0.766173
1324	0.7159063333333333
1325	0.6798566666666668
1326	0.6550186666666665
1327	0.6401176666666665
1328	0.6347216666666666
1329	0.6387313333333333
1330	0.6522349999999999
1331	0.6755903333333333
1332	0.7097739999999999
1333	0.7569953333333334
1334	0.8201793333333334
1335	0.9027339999999999
1336	1.0083103333333334
1337	1.1407409999999998
1338	1.3041233333333333
1339	1.503130333333333
1340	1.7434016666666667
1341	2.032165
1342	2.37627
1343	2.7795956666666664
1344	3.240922666666666
1345	3.7496346666666667
1346	4.2885176666666665
1347	4.8341053333333335
1348	5.361752666666667
1349	5.850215666666666
1350	6.283443666666666
1351	6.6541749999999995
1352	6.960611666666666
1353	7.205320333333334
1354	7.392784
1355	7.527999666666667
1356	7.615275666666666
1357	7.656853333333333
1358	7.653229
1359	7.602731333333334
1360	7.502087333333333
1361	7.346395333333333
1362	7.131049333333333
1363	6.854106
1364	6.5180653333333325
1365	6.133432666666665
1366	5.715698666666666
1367	5.2841000000000005
1368	4.857797999999999
1369	4.452115666666667
1370	4.078084
1371	3.740443
1372	3.4402329999999997
1373	3.1757093333333333
1374	2.9435196666666665
1375	2.7389426666666665
1376	2.5567933333333333
1377	2.392112333333333
1378	2.2408043333333336
1379	2.1005496666666663
1380	1.9699856666666664
1381	1.8482513333333335
1382	1.7345826666666666
1383	1.628097
1384	1.528235
1385	1.4355686666666665
1386	1.3527193333333336
1387	1.286171
1388	1.2449003333333333
1389	1.2397963333333333
1390	1.2807879999999998
1391	1.373575
1392	1.5197866666666666
1393	1.7156663333333333
1394	1.9543756666666665
1395	2.2269706666666664
1396	2.52385
1397	2.8357566666666667
1398	3.154046666666666
1399	3.4711786666666664
1400	3.7806816666666663
1401	4.077526
1402	4.3571816666666665
1403	4.614914
1404	4.845904666666666
1405	5.045443666666667
1406	5.2091726666666665
1407	5.333451999999999
1408	5.415045000000001
1409	5.450974666666667
1410	5.438472
1411	5.375203999999999
1412	5.260326666666667
1413	5.096244333333333
1414	4.887886
1415	4.642991333333333
1416	4.370772666666666
1417	4.081156
1418	3.783185666666667
1419	3.4831553333333334
1420	3.1854863333333334
1421	2.8930350000000002
1422	2.608712333333333
1423	2.336968
1424	2.083011666666667
1425	1.8520673333333335
1426	1.6481783333333333
1427	1.4725560000000002
1428	1.3245153333333335
1429	1.2017676666666666
1430	1.102017
1431	1.024336
1432	0.968127
1433	0.932045
1434	0.9140313333333332
1435	0.9111830000000001
1436	0.9205939999999999
1437	0.9402793333333332
1438	0.9697956666666665
1439	1.0114783333333333
1440	1.0696653333333332
1441	1.1506866666666666
1442	1.261647
1443	1.4095989999999998
1444	1.6013136666666665
1445	1.8427399999999996
1446	2.137207666666667
1447	2.482182333333333
1448	2.869174333333333
1449	3.2812366666666666
1450	3.6968026666666662
1451	4.091935666666666
1452	4.445365
1453	4.744525666666666
1454	4.984339666666666
1455	5.168659333333333
1456	5.305134666666666
1457	5.401795333333332
1458	5.465400666666667
1459	5.499696666666667
1460	5.506436333333332
1461	5.485677666666668
1462	5.436933333333332
1463	5.3599863333333335
1464	5.255010666666666
1465	5.1229016666666665
1466	4.9660373333333325
1467	4.789731333333334
1468	4.601603666666667
1469	4.411684333333333
1470	4.229978
1471	4.063943
1472	3.918242666666666
1473	3.793485333333333
1474	3.687861666666666
1475	3.5978236666666668
1476	3.5199023333333335
1477	3.452354
1478	3.394496
1479	3.3462676666666664
1480	3.3074399999999997
1481	3.2767116666666665
1482	3.251408
1483	3.2265449999999993
1484	3.195263666666667
1485	3.1485986666666665
1486	3.077684333333333
1487	2.976193666666666
1488	2.8415193333333333
1489	2.6775433333333334
1490	2.493371333333333
1491	2.3039446666666663
1492	2.1251879999999996
1493	1.9694433333333334
1494	1.844391333333333
1495	1.750333
1496	1.6830500000000002
1497	1.6348346666666667
1498	1.5972883333333334
1499	1.5635379999999999
1500	1.5281533333333333
1501	1.4874800000000001
1502	1.4391626666666666
1503	1.382317
1504	1.3172933333333332
1505	1.2459803333333332
1506	1.170935
1507	1.0947616666666666
1508	1.0197990000000001
1509	0.9477073333333333
1510	0.8795303333333332
1511	0.8155066666666668
1512	0.7555739999999999
1513	0.6997279999999999
1514	0.6481036666666666
1515	0.6010253333333333
1516	0.5587116666666667
1517	0.5209293333333332
1518	0.4872249999999999
1519	0.45711166666666664
1520	0.4303623333333333
1521	0.40737866666666667
1522	0.38889966666666664
1523	0.3757493333333334
1524	0.3682786666666667
1525	0.36565500000000006
1526	0.3666093333333333
1527	0.370042
1528	0.37521
1529	0.3819699999999999
1530	0.3905146666666666
1531	0.40117933333333333
1532	0.41401666666666664
1533	0.428264
1534	0.442858
1535	0.4568716666666666
1536	0.4699876666666666
1537	0.48308566666666664
1538	0.497364
1539	0.5134603333333333
1540	0.5311573333333333
1541	0.5487690000000001
1542	0.5639243333333332
1543	0.5741109999999999
1544	0.5775396666666666
1545	0.574224
1546	0.5654273333333333
1547	0.5535206666666667
1548	0.5410679999999999
1549	0.5299583333333333
1550	0.521002
1551	0.5131796666666667
1552	0.5048446666666667
1553	0.4947166666666667
1554	0.4822123333333333
1555	0.4679413333333333
1556	0.45304633333333333
1557	0.4387026666666667
1558	0.425674
1559	0.4138196666666667
1560	0.4029783333333333
1561	0.39385366666666666
1562	0.3877043333333333
1563	0.386119
1564	0.39040199999999997
1565	0.4008356666666666
1566	0.4168753333333333
1567	0.43704033333333336
1568	0.4595613333333333
1569	0.4829336666666666
1570	0.5064396666666666
1571	0.5309403333333333
1572	0.5582603333333334
1573	0.5908926666666666
1574	0.6311999999999999
1575	0.6806373333333333
1576	0.7399943333333332
1577	0.8095203333333333
1578	0.8897103333333334
1579	0.9821113333333333
1580	1.0882543333333334
1581	1.208477
1582	1.3415439999999998
1583	1.4837746666666667
1584	1.630154333333333
1585	1.7750336666666664
1586	1.9131723333333333
1587	2.040932333333333
1588	2.1558563333333334
1589	2.256741
1590	2.3431709999999994
1591	2.4154289999999996
1592	2.4736746666666667
1593	2.5171976666666667
1594	2.5450886666666666
1595	2.556918666666667
1596	2.552681333333333
1597	2.5328063333333337
1598	2.497466
1599	2.4458433333333334
1600	2.376766333333333
1601	2.289412333333333
1602	2.184292333333333
1603	2.0647659999999997
1604	1.9359629999999999
1605	1.8042669999999998
1606	1.6755383333333334
1607	1.553294
1608	1.4398406666666665
1609	1.3370216666666666
1610	1.2463046666666666
1611	1.1685763333333332
1612	1.1040853333333331
1613	1.0521023333333333
1614	1.010937
1615	0.9776813333333332
1616	0.9494149999999999
1617	0.9244583333333332
1618	0.9022333333333332
1619	0.8834313333333332
1620	0.868811
1621	0.8580876666666666
1622	0.8503483333333333
1623	0.8443716666666665
1624	0.839128
1625	0.8343576666666667
1626	0.8303523333333332
1627	0.8278746666666666
1628	0.827158
1629	0.8268229999999999
1630	0.8249283333333333
1631	0.8199679999999998
1632	0.8112636666666667
1633	0.7996436666666666
1634	0.7868363333333332
1635	0.7751686666666665
1636	0.7665826666666665
1637	0.7615513333333332
1638	0.7594066666666666
1639	0.7583659999999999
1640	0.7566376666666664
1641	0.7534803333333333
1642	0.7486623333333332
1643	0.742081
1644	0.7336463333333332
1645	0.723278
1646	0.7109886666666666
1647	0.69705
1648	0.6818773333333332
1649	0.6659660000000001
1650	0.649527
1651	0.632097
1652	0.6131343333333332
1653	0.5926633333333333
1654	0.5712293333333333
1655	0.5499943333333333
1656	0.529951
1657	0.511146
1658	0.49314966666666654
1659	0.4754606666666667
1660	0.4577743333333332
1661	0.4403183333333333
1662	0.4236303333333333
1663	0.40845133333333333
1664	0.3953913333333333
1665	0.3845693333333334
1666	0.3757963333333333
1667	0.3686626666666667
1668	0.3627926666666666
1669	0.35806366666666656
1670	0.35441199999999995
1671	0.3516283333333333
1672	0.34941733333333325
1673	0.3474013333333333
1674	0.34512999999999994
1675	0.3420443333333333
1676	0.3378443333333333
1677	0.3328663333333333
1678	0.32759666666666665
1679	0.3221713333333333
1680	0.31656499999999993
1681	0.3107196666666666
1682	0.30469799999999997
1683	0.29882333333333333
1684	0.293612
1685	0.28968466666666665
1686	0.28726266666666667
1687	0.28553666666666666
1688	0.28346333333333334
1689	0.28051266666666663
1690	0.276746
1691	0.273026
1692	0.270406
1693	0.2695723333333333
1694	0.2705533333333333
1695	0.2722946666666667
1696	0.273465
1697	0.27324766666666667
1698	0.27143233333333333
1699	0.2687226666666666
1700	0.26608866666666664
1701	0.264297
1702	0.2638513333333333
1703	0.264892
1704	0.26703
1705	0.269088
1706	0.270136
1707	0.27057866666666663
1708	0.27099566666666663
1709	0.27105566666666664
1710	0.2701056666666667
1711	0.26777566666666663
1712	0.26401033333333335
1713	0.2592083333333333
1714	0.2541996666666666
1715	0.25033
1716	0.24857133333333334
1717	0.24851566666666663
1718	0.24910500000000002
1719	0.24921466666666664
1720	0.24824566666666664
1721	0.246778
1722	0.24554499999999999
1723	0.2444813333333333
1724	0.24329699999999999
1725	0.24203366666666665
1726	0.24081866666666665
1727	0.23963299999999998
1728	0.238647
1729	0.23859499999999997
1730	0.24023733333333336
1731	0.24379066666666663
1732	0.24904499999999996
1733	0.25536233333333336
1734	0.2620133333333333
1735	0.268466
1736	0.274459
1737	0.2801533333333333
1738	0.2858696666666667
1739	0.29186766666666664
1740	0.29808666666666667
1741	0.3038543333333333
1742	0.30868899999999994
1743	0.313112
1744	0.31776
1745	0.322472
1746	0.32645766666666665
1747	0.32836866666666664
1748	0.32708666666666664
1749	0.32264166666666666
1750	0.3161366666666666
1751	0.3099616666666666
1752	0.3063466666666667
1753	0.3058776666666666
1754	0.30788899999999997
1755	0.31055166666666667
1756	0.3121143333333333
1757	0.31210333333333334
1758	0.3107776666666667
1759	0.30875566666666665
1760	0.3065603333333333
1761	0.30416999999999994
1762	0.30122
1763	0.29714399999999996
1764	0.2918443333333333
1765	0.2864403333333333
1766	0.28241499999999997
1767	0.28079566666666667
1768	0.2820943333333333
1769	0.2860256666666666
1770	0.2916123333333333
1771	0.2969906666666666
1772	0.30029799999999995
1773	0.3005156666666666
1774	0.297496
1775	0.2921876666666667
1776	0.2859033333333333
1777	0.279683
1778	0.27429933333333334
1779	0.2701383333333333
1780	0.26728799999999997
1781	0.2654543333333333
1782	0.26420566666666667
1783	0.263118
1784	0.26171733333333336
1785	0.259407
1786	0.2558293333333333
1787	0.2513046666666666
1788	0.24639066666666662
1789	0.24150366666666664
1790	0.23676766666666663
