610	2.417037666666667
611	2.4131036666666663
612	2.414733333333333
613	2.418093
614	2.4202049999999997
615	2.419911
616	2.417722333333333
617	2.416321
618	2.4189459999999996
619	2.427883333333333
620	2.4430496666666666
621	2.459917
622	2.472529333333333
623	2.476199333333333
624	2.468669
625	2.4519016666666666
626	2.4292893333333327
627	2.40341
628	2.3757929999999994
629	2.3465576666666665
630	2.3154939999999997
631	2.282939333333333
632	2.2493836666666667
633	2.214981
634	2.179334666666666
635	2.141099333333333
636	2.098794333333333
637	2.0515273333333335
638	1.9988873333333332
639	1.9409303333333334
640	1.8779933333333334
641	1.8106726666666666
642	1.740208
643	1.6690846666666665
644	1.6003396666666665
645	1.5368950000000001
646	1.4805693333333334
647	1.4306336666666666
648	1.3847789999999998
649	1.3395949999999999
650	1.2923636666666667
651	1.2430096666666666
652	1.1931156666666667
653	1.1454083333333334
654	1.1023773333333333
655	1.0649629999999999
656	1.0332996666666667
657	1.0072856666666665
658	0.9870206666666665
659	0.9732339999999999
660	0.9668116666666667
661	0.9683259999999999
662	0.9777406666666666
663	0.9938699999999999
664	1.0145119999999999
665	1.0362596666666666
666	1.0555456666666667
667	1.069768
668	1.0780896666666666
669	1.082856
670	1.0877653333333333
671	1.0964723333333333
672	1.1113746666666666
673	1.132067
674	1.1565296666666667
675	1.181742
676	1.2045530000000002
677	1.2223566666666668
678	1.2328676666666665
679	1.2341170000000001
680	1.2252403333333335
681	1.2078253333333333
682	1.185231
683	1.1625716666666666
684	1.1454656666666665
685	1.1389850000000001
686	1.146835
687	1.1699366666666666
688	1.206488
689	1.250979
690	1.2961443333333333
691	1.334298
692	1.3589686666666667
693	1.366954
694	1.357589
695	1.3331496666666667
696	1.298455
697	1.2616243333333335
698	1.2321803333333334
699	1.2193786666666666
700	1.2288106666666667
701	1.257551333333333
702	1.2968113333333333
703	1.3327586666666664
704	1.3520813333333335
705	1.3477573333333333
706	1.31908
707	1.2736616666666667
708	1.2217843333333334
709	1.171841
710	1.1294323333333334
711	1.0957756666666667
712	1.0695926666666664
713	1.0480829999999999
714	1.0291033333333333
715	1.013231
716	1.001617
717	0.9937213333333333
718	0.9866066666666666
719	0.9737076666666666
720	0.948875
721	0.9107476666666666
722	0.8625036666666667
723	0.812851
724	0.7713116666666665
725	0.7436343333333334
726	0.7307783333333332
727	0.726522
728	0.7226569999999999
729	0.7135440000000001
730	0.6973863333333331
731	0.6785663333333333
732	0.6644316666666665
733	0.6629026666666666
734	0.6787819999999999
735	0.709067
736	0.7461829999999998
737	0.7799636666666665
738	0.8025946666666665
739	0.8142240000000001
740	0.8202556666666666
741	0.8300873333333334
742	0.8519356666666665
743	0.887419
744	0.9334796666666666
745	0.9830343333333333
746	1.0294999999999999
747	1.0712333333333333
748	1.1097136666666665
749	1.1484123333333331
750	1.1896669999999998
751	1.2314426666666667
752	1.2701429999999998
753	1.303316
754	1.3321376666666667
755	1.3649043333333335
756	1.4123966666666667
757	1.4837500000000001
758	1.583594333333333
759	1.7078496666666667
760	1.8482206666666665
761	1.995438
762	2.1431266666666664
763	2.292262666666667
764	2.4469986666666665
765	2.611257
766	2.786071666666667
767	2.9661896666666667
768	3.1433593333333336
769	3.3087926666666667
770	3.4563883333333334
771	3.586657666666667
772	3.703731666666667
773	3.8132503333333334
774	3.918296
775	4.014667333333334
776	4.0946
777	4.149591666666667
778	4.173948
779	4.169027666666667
780	4.140118333333334
781	4.094366666666667
782	4.037100666666667
783	3.967836333333333
784	3.8835616666666666
785	3.781522333333333
786	3.6620076666666668
787	3.5320096666666663
788	3.402028
789	3.2838053333333335
790	3.186484666666667
791	3.111863
792	3.0561930000000004
793	3.0102896666666665
794	2.9650976666666664
795	2.91725
796	2.8686453333333333
797	2.8275720000000004
798	2.8040450000000003
799	2.805876333333333
800	2.83798
801	2.9009283333333338
802	2.9932299999999996
803	3.11276
804	3.257496333333333
805	3.4259276666666665
806	3.6157276666666665
807	3.8221249999999998
808	4.039326666666667
809	4.261815666666666
810	4.485829333333332
811	4.711572
812	4.942634333333333
813	5.186770999999999
814	5.454248999999999
815	5.757091999999999
816	6.106303
817	6.508504333333333
818	6.965431333333333
819	7.471497333333332
820	8.016784333333332
821	8.588400333333333
822	9.174367333333333
823	9.767703000000001
824	10.365939333333333
825	10.971888666666667
826	11.588811999999999
827	12.215651333333334
828	12.846927
829	13.471256666666669
830	14.075089333333334
831	14.645595333333333
832	15.172249666666666
833	15.648864666666665
834	16.070517
835	16.430654
836	16.719383333333333
837	16.921142666666665
838	17.020837333333333
839	17.010748
840	16.891675666666668
841	16.677159
842	16.387703666666667
843	16.047487999999998
844	15.677931
845	15.290695999999999
846	14.891343333333333
847	14.481244
848	14.062709333333332
849	13.643977999999999
850	13.236348666666666
851	12.851798999999998
852	12.499217
853	12.179536333333331
854	11.888224999999998
855	11.61625133333333
856	11.356669999999998
857	11.111734999999998
858	10.889487333333332
859	10.701613333333333
860	10.556589333333333
861	10.451571666666664
862	10.374591
863	10.303825999999999
864	10.215845666666667
865	10.093310333333331
866	9.927177
867	9.721490999999999
868	9.486197
869	9.232224333333333
870	8.968586666666665
871	8.699544
872	8.427663666666668
873	8.156497333333334
874	7.891687333333333
875	7.642395666666666
876	7.417750333333334
877	7.222984666666667
878	7.058716333333335
879	6.918885666666666
880	6.795837333333333
881	6.684906
882	6.585180333333333
883	6.501269
884	6.439868333333333
885	6.406979999999999
886	6.405815333333334
887	6.433763
888	6.4841213333333325
889	6.546408333333334
890	6.609697999999999
891	6.665714666666666
892	6.709247999999999
893	6.739567666666666
894	6.758237333333333
895	6.767856999999999
896	6.770755666666666
897	6.767799333333333
898	6.759016999999999
899	6.744117666666667
900	6.723847666666666
901	6.701688999999999
902	6.682547666666666
903	6.671845333333333
904	6.6742746666666655
905	6.692427666666665
906	6.727929666666666
907	6.782426666666667
908	6.859103
909	6.964536
910	7.105957
911	7.288366333333333
912	7.512848999999999
913	7.773611000000001
914	8.061776666666667
915	8.368199
916	8.685765
917	9.012076666666665
918	9.346595333333333
919	9.688221666666667
920	10.033522
921	10.374493999999999
922	10.702210666666666
923	11.010342666666668
924	11.29569333333333
925	11.559474333333334
926	11.803454666666665
927	12.026119333333332
928	12.221851
929	12.379074666666666
930	12.485674333333332
931	12.534372000000001
932	12.522913333333333
933	12.455582333333334
934	12.338177
935	12.173587333333334
936	11.962098333333332
937	11.701298000000001
938	11.390023
939	11.032780666666667
940	10.638627666666665
941	10.221198333333334
942	9.793554333333333
943	9.362832333333332
944	8.931658333333333
945	8.498213666666667
946	8.059854666666666
947	7.616299666666666
948	7.170197666666667
949	6.728498333333333
950	6.299681
951	5.891486666666666
952	5.509830999999999
953	5.157230333333332
954	4.834541999999998
955	4.542022666666666
956	4.279652666666666
957	4.047189666666666
958	3.844388999999999
959	3.6711183333333333
960	3.5266126666666664
961	3.408533666666666
962	3.3141559999999997
963	3.2414526666666665
964	3.1889063333333327
965	3.155418333333333
966	3.139908333333333
967	3.1408803333333326
968	3.1558276666666663
969	3.1803573333333333
970	3.2096796666666663
971	3.2401563333333327
972	3.270223333333333
973	3.301982333333333
974	3.3388416666666663
975	3.383564
976	3.4371549999999997
977	3.4972709999999996
978	3.559603
979	3.618623
980	3.669075
981	3.7074673333333332
982	3.731357
983	3.7391449999999997
984	3.7304803333333334
985	3.7073219999999996
986	3.6729883333333335
987	3.631728
988	3.5878523333333336
989	3.5448
990	3.503931
991	3.4624963333333336
992	3.4153663333333335
993	3.3560410000000003
994	3.2793003333333335
995	3.1842849999999996
996	3.073658
997	2.9538026666666664
998	2.8313659999999996
999	2.709982666666667
1000	2.5909346666666666
1001	2.4731703333333335
1002	2.3552820000000003
1003	2.237107
1004	2.1189453333333335
1005	2.0007846666666667
1006	1.8824406666666664
1007	1.7637826666666667
1008	1.6454826666666666
1009	1.5299636666666667
1010	1.4199806666666666
1011	1.317222
1012	1.2220186666666664
1013	1.1327349999999998
1014	1.0473739999999998
1015	0.9651489999999998
1016	0.8867829999999999
1017	0.8152669999999999
1018	0.754143
1019	0.7059583333333332
1020	0.6715503333333332
1021	0.6489059999999999
1022	0.6350126666666666
1023	0.6274153333333333
1024	0.6245033333333334
1025	0.6259856666666667
1026	0.6318586666666666
1027	0.641472
1028	0.6530056666666666
1029	0.6628210000000001
1030	0.667793
1031	0.6679773333333333
1032	0.6658139999999999
1033	0.666056
1034	0.6736203333333333
1035	0.6915286666666667
1036	0.7204989999999998
1037	0.7578719999999999
1038	0.7999170000000001
1039	0.8438363333333332
1040	0.8887323333333332
1041	0.9370589999999999
1042	0.992299
1043	1.0569506666666666
1044	1.1320506666666668
1045	1.2163223333333333
1046	1.3074306666666669
1047	1.4029463333333332
1048	1.5016926666666666
1049	1.605419333333333
1050	1.7169133333333333
1051	1.8384206666666665
1052	1.9712163333333335
1053	2.114941
1054	2.268155
1055	2.4284969999999997
1056	2.5933876666666666
1057	2.760658
1058	2.9287813333333332
1059	3.0972743333333335
1060	3.2656846666666666
1061	3.432591
1062	3.595763
1063	3.7522276666666663
1064	3.899562333333334
1065	4.037445999999999
1066	4.1671293333333335
1067	4.291327999999999
1068	4.412302333333333
1069	4.529756333333333
1070	4.641316333333333
1071	4.7423969999999995
1072	4.828256
1073	4.895964
1074	4.944525333333332
1075	4.9754863333333335
1076	4.990903666666666
1077	4.991525666666667
1078	4.977230999999999
1079	4.947351666666666
1080	4.901842333333333
1081	4.8426073333333335
1082	4.772768666666666
1083	4.696152333333333
1084	4.615683999999999
1085	4.53154
1086	4.442800999999999
1087	4.348923666666667
1088	4.2511236666666665
1089	4.154165333333333
1090	4.063624666666667
1091	3.9832036666666664
1092	3.913456
1093	3.849643666666667
1094	3.785284666666666
1095	3.715387
1096	3.6388243333333334
1097	3.5619246666666666
1098	3.4945573333333333
1099	3.4470866666666664
1100	3.4257136666666668
1101	3.4266223333333334
1102	3.4409346666666667
1103	3.4581936666666664
1104	3.4700990000000003
1105	3.4746226666666664
1106	3.473242
1107	3.4692073333333333
1108	3.4647013333333336
1109	3.458101666666667
1110	3.447197
1111	3.432346666666666
1112	3.4157039999999994
1113	3.400743
1114	3.3903719999999997
1115	3.3849496666666665
1116	3.383431
1117	3.383994
1118	3.384041333333333
1119	3.379941
1120	3.3689729999999996
1121	3.351642
1122	3.330562333333333
1123	3.3098929999999998
1124	3.2933879999999998
1125	3.2822763333333334
1126	3.275398666666667
1127	3.2686946666666667
1128	3.258465
1129	3.2446976666666667
1130	3.230002333333333
1131	3.2192266666666662
1132	3.2175106666666666
1133	3.228408
1134	3.2532973333333333
1135	3.289868
1136	3.3329663333333333
1137	3.374389333333333
1138	3.4058259999999994
1139	3.421757
1140	3.4197966666666666
1141	3.4020053333333333
1142	3.372295
1143	3.3346690000000003
1144	3.2931063333333332
1145	3.251678666666667
1146	3.214644333333333
1147	3.1863613333333336
1148	3.169554
1149	3.162777333333333
1150	3.161387333333333
1151	3.1574549999999997
1152	3.142883333333333
1153	3.1123953333333336
1154	3.063480666666667
1155	2.99719
1156	2.9161576666666664
1157	2.823374333333333
1158	2.722091
1159	2.6160680000000003
1160	2.5099576666666663
1161	2.409828666666667
1162	2.3211133333333334
1163	2.2460109999999998
1164	2.1830223333333336
1165	2.1251283333333335
1166	2.062834
1167	1.9865253333333335
1168	1.8899493333333333
1169	1.7748053333333336
1170	1.6475883333333334
1171	1.518019
1172	1.395609
1173	1.2864146666666667
1174	1.1935930000000001
1175	1.1170803333333335
1176	1.055812
1177	1.0093386666666666
1178	0.9772936666666666
1179	0.9585116666666668
1180	0.9499333333333332
1181	0.9449913333333334
1182	0.9368396666666665
1183	0.9216743333333334
1184	0.8991786666666667
1185	0.8740493333333333
1186	0.8533599999999999
1187	0.8445969999999999
1188	0.8528809999999999
1189	0.877429
1190	0.9143186666666666
1191	0.9581699999999999
1192	1.0042036666666667
1193	1.0501906666666665
1194	1.0956053333333333
1195	1.141225
1196	1.1880136666666667
1197	1.2361603333333333
1198	1.2855663333333334
1199	1.3363403333333332
1200	1.3894129999999998
1201	1.4473366666666667
1202	1.513101
1203	1.5889896666666665
1204	1.676142
1205	1.773692
1206	1.8793733333333331
1207	1.9895909999999999
1208	2.1005036666666665
1209	2.2090623333333337
1210	2.3136663333333334
1211	2.415292
1212	2.515939333333333
1213	2.6174353333333333
1214	2.7209406666666665
1215	2.826381333333333
1216	2.933384333333333
1217	3.042009
1218	3.152007
1219	3.2617776666666662
1220	3.3684166666666666
1221	3.467400666666667
1222	3.5543663333333333
1223	3.627019333333333
1224	3.685186666666667
1225	3.731521
1226	3.7694916666666662
1227	3.801706666666666
1228	3.829753
1229	3.8537113333333335
1230	3.8724803333333337
1231	3.883617333333333
1232	3.884366666666667
1233	3.872598
1234	3.8473783333333333
1235	3.809868666666666
1236	3.7617753333333335
1237	3.7040566666666663
1238	3.6374030000000004
1239	3.562883333333333
1240	3.482903666666667
1241	3.4025703333333333
1242	3.327907666666667
1243	3.2641606666666667
1244	3.2142386666666667
1245	3.176387
1246	3.146596333333333
1247	3.120215
1248	3.0930733333333333
1249	3.062675333333333
1250	3.028265333333333
1251	2.99166
1252	2.956649666666667
1253	2.9291236666666665
1254	2.914868333333333
1255	2.9172036666666665
1256	2.9363263333333336
1257	2.9675723333333335
1258	3.0039006666666666
1259	3.0376243333333335
1260	3.0627603333333333
1261	3.0777299999999994
1262	3.082566666666666
1263	3.0767119999999997
1264	3.0592126666666664
1265	3.0292636666666666
1266	2.9878186666666666
1267	2.939958666666666
1268	2.8935609999999996
1269	2.858628999999999
1270	2.8430523333333335
1271	2.8475346666666663
1272	2.867539
1273	2.893610333333333
1274	2.9159219999999997
1275	2.9285543333333326
1276	2.9293646666666664
1277	2.921049333333333
1278	2.90872
1279	2.8984273333333332
1280	2.8952339999999994
1281	2.9012763333333336
1282	2.918182333333333
1283	2.9494083333333334
1284	2.999677333333333
1285	3.074325
1286	3.175888666666667
1287	3.2995389999999998
1288	3.435568333333333
1289	3.570471
1290	3.6920683333333333
1291	3.7951439999999996
1292	3.880937666666666
1293	3.958599
1294	4.038854
1295	4.128431333333333
1296	4.230584666666666
1297	4.344731666666666
1298	4.468661666666666
1299	4.599851999999999
1300	4.735505
1301	4.872173999999999
1302	5.005364333333333
1303	5.128859666666666
1304	5.236709999999999
1305	5.325659333333333
1306	5.396655999999999
1307	5.457742666666666
1308	5.519470333333333
1309	5.591036999999999
1310	5.678265333333333
1311	5.780501333333333
1312	5.892588333333334
1313	6.005481666666666
1314	6.111493333333334
1315	6.2100029999999995
1316	6.305802333333332
1317	6.408908999999999
1318	6.528671999999999
1319	6.667796999999998
1320	6.823967666666666
1321	6.990076333333333
1322	7.158392666666666
1323	7.324377333333333
1324	7.486714
1325	7.6481396666666654
1326	7.811709
1327	7.9773939999999985
1328	8.143729
1329	8.309227
1330	8.472868666666667
1331	8.634716333333333
1332	8.796196333333333
1333	8.960712000000001
1334	9.131076333333333
1335	9.306478666666665
1336	9.482146666666667
1337	9.648009
1338	9.794430666666665
1339	9.918282999999999
1340	10.022184666666666
1341	10.115366666666667
1342	10.208144333333335
1343	10.306645
1344	10.411203666666667
1345	10.513178666666665
1346	10.601889666666667
1347	10.670769333333332
1348	10.716942999999999
1349	10.741632333333332
1350	10.747412
1351	10.736005999999998
1352	10.707116666666668
1353	10.656835333333332
1354	10.580502
1355	10.475649666666666
1356	10.343805666666665
1357	10.193376333333333
1358	10.033984666666667
1359	9.871094999999999
1360	9.705711666666666
1361	9.532999666666667
1362	9.346767666666665
1363	9.143744666666667
1364	8.925683666666666
1365	8.702843
1366	8.487330333333333
1367	8.287040999999999
1368	8.105441666666666
1369	7.940490666666667
1370	7.789759666666667
1371	7.655381666666666
1372	7.542786
1373	7.460196333333333
1374	7.415247333333333
1375	7.411388
1376	7.447822666666666
1377	7.518577
1378	7.619393666666666
1379	7.755181666666666
1380	7.935803666666666
1381	8.172771333333332
1382	8.473055666666667
1383	8.831356666666666
1384	9.234110333333334
1385	9.661054333333333
1386	10.093437666666667
1387	10.522661333333332
1388	10.948758
1389	11.381126666666667
1390	11.828372666666667
1391	12.28836
1392	12.753530333333334
1393	13.215152333333332
1394	13.66748433333333
1395	14.112454666666665
1396	14.555575666666666
1397	15.002495
1398	15.453838999999999
1399	15.898568000000001
1400	16.320204666666665
1401	16.701560999999998
1402	17.02920633333333
1403	17.29912
1404	17.514494666666664
1405	17.686156666666665
1406	17.82735333333333
1407	17.949407666666666
1408	18.058204333333332
1409	18.149034
1410	18.21226533333333
1411	18.237409666666668
1412	18.216238666666666
1413	18.146290999999998
1414	18.028472999999998
1415	17.86570866666667
1416	17.660163
1417	17.410667
1418	17.115676333333333
1419	16.776302666666666
1420	16.395615666666664
1421	15.978581333333334
1422	15.531552333333334
1423	15.062301333333332
1424	14.577948999999998
1425	14.082589666666667
1426	13.577579333333333
1427	13.061019666666665
1428	12.530451
1429	11.985591666666666
1430	11.430084666666668
1431	10.874416
1432	10.330841
1433	9.808741666666664
1434	9.313218666666666
1435	8.842503999999998
1436	8.391883666666665
1437	7.956527666666667
1438	7.532701666666666
1439	7.119066666666667
1440	6.715490666666667
1441	6.322365333333334
1442	5.940432666666666
1443	5.570997
1444	5.2164373333333325
1445	4.881074
1446	4.569432
1447	4.284466666666666
1448	4.027224
1449	3.7959303333333336
1450	3.5878046666666665
1451	3.400398
1452	3.231294666666666
1453	3.0776586666666663
1454	2.9362366666666664
1455	2.803306
1456	2.6754623333333334
1457	2.5506170000000004
1458	2.4281076666666666
1459	2.309384
1460	2.197129
1461	2.094918
1462	2.006488333333333
1463	1.9349990000000001
1464	1.8817519999999999
1465	1.8441803333333333
1466	1.8172586666666666
1467	1.7942040000000001
1468	1.769194
1469	1.7403316666666666
1470	1.7081186666666666
1471	1.674601
1472	1.6414406666666665
1473	1.6080703333333333
1474	1.572896333333333
1475	1.5344729999999998
1476	1.49339
1477	1.4547006666666664
1478	1.4245656666666668
1479	1.4071276666666663
1480	1.4040546666666667
1481	1.4133796666666665
1482	1.4313873333333333
1483	1.4537276666666665
1484	1.4758963333333335
1485	1.493542333333333
1486	1.5029886666666665
1487	1.5021889999999998
1488	1.4913003333333334
1489	1.4741099999999998
1490	1.4560193333333333
1491	1.4425096666666666
1492	1.4373503333333335
1493	1.4402666666666664
1494	1.448377
1495	1.4568343333333333
1496	1.4613173333333334
1497	1.4604780000000002
1498	1.4541133333333334
1499	1.4416990000000003
1500	1.4226486666666665
1501	1.396920666666667
1502	1.3660433333333333
1503	1.3346683333333331
1504	1.3084106666666664
1505	1.2918736666666666
1506	1.2874443333333334
1507	1.2933716666666668
1508	1.3054183333333333
1509	1.3177686666666668
1510	1.3256103333333331
1511	1.3280163333333332
1512	1.326582
1513	1.3249629999999997
1514	1.3274856666666666
1515	1.3380326666666664
1516	1.3583906666666665
1517	1.3859009999999998
1518	1.415507
1519	1.4411103333333333
1520	1.457607
1521	1.4632209999999999
1522	1.4584836666666665
1523	1.446019
1524	1.4287979999999998
1525	1.4088023333333335
1526	1.3878263333333332
1527	1.3683663333333331
1528	1.3533433333333331
1529	1.3458286666666668
1530	1.3479569999999998
1531	1.3594393333333334
1532	1.3779823333333332
1533	1.39902
1534	1.4173043333333333
1535	1.4283179999999998
1536	1.4292806666666666
1537	1.420891
1538	1.4067603333333332
1539	1.393891
1540	1.3900426666666665
1541	1.4012513333333332
1542	1.4304196666666666
1543	1.4750983333333332
1544	1.5319463333333334
1545	1.6006683333333331
1546	1.6816846666666667
1547	1.7735113333333332
1548	1.8716526666666669
1549	1.9666906666666666
1550	2.047978333333333
1551	2.1073206666666664
1552	2.1417253333333335
1553	2.1578443333333333
1554	2.1665196666666664
1555	2.1786736666666666
1556	2.2022776666666664
1557	2.238882
1558	2.2880026666666664
1559	2.3507076666666666
1560	2.428348333333333
1561	2.5208836666666667
1562	2.626193333333333
1563	2.7386166666666667
1564	2.8498373333333333
1565	2.9491749999999994
1566	3.028372
1567	3.0874369999999995
1568	3.1324706666666664
1569	3.175357333333333
1570	3.2281519999999997
1571	3.297652666666666
1572	3.3856840000000004
1573	3.4878476666666667
1574	3.5972230000000005
1575	3.7069973333333333
1576	3.8117763333333334
1577	3.9090256666666665
1578	3.996919333333333
1579	4.072711666666667
1580	4.134997333333334
1581	4.1867366666666666
1582	4.233530333333333
1583	4.2825386666666665
1584	4.339428333333333
1585	4.404835
1586	4.475806333333333
1587	4.5461643333333335
1588	4.609715
1589	4.663425999999999
1590	4.7075000000000005
1591	4.746359333333333
1592	4.785059
1593	4.8261173333333325
1594	4.870728333333332
1595	4.919697
1596	4.973459999999999
1597	5.031686333333333
1598	5.092519999999999
1599	5.151353666666666
1600	5.203049999999999
1601	5.244118333333333
1602	5.273131666666666
1603	5.291860333333333
1604	5.304021
1605	5.3146553333333335
1606	5.327698666666667
1607	5.343306999999999
1608	5.359770666666666
1609	5.374797999999999
1610	5.385725666666666
1611	5.389498999999999
1612	5.383642666666666
1613	5.367500000000001
1614	5.341704666666668
1615	5.308184000000001
1616	5.269996666666667
1617	5.231733666666667
1618	5.199066333333334
1619	5.1782346666666665
1620	5.171834999999999
1621	5.173299333333333
1622	5.171908
1623	5.156745333333332
1624	5.120474333333332
1625	5.064160333333334
1626	4.994386333333332
1627	4.922032
1628	4.856795666666666
1629	4.801689
1630	4.756472
1631	4.720171666666666
1632	4.692389333333333
1633	4.674185333333334
1634	4.665431666666667
1635	4.66166
1636	4.656045333333333
1637	4.640838333333333
1638	4.609637333333334
1639	4.5603940000000005
1640	4.496515
1641	4.429642
1642	4.372568
1643	4.33247
1644	4.311305666666667
1645	4.304736
1646	4.305960333333333
1647	4.308457
1648	4.3071356666666665
1649	4.299600999999999
1650	4.283893999999999
1651	4.256629666666666
1652	4.215101
1653	4.16019
1654	4.097230333333333
1655	4.038051333333333
1656	3.9942879999999996
1657	3.970588666666666
1658	3.966623
1659	3.977578666666666
1660	3.9965426666666666
1661	4.015976333333333
1662	4.030069666666667
1663	4.037565333333333
1664	4.039376333333333
1665	4.037064666666666
1666	4.032719666666667
1667	4.0294273333333335
1668	4.031523
1669	4.045142666666666
1670	4.075647333333333
1671	4.124556
1672	4.1896483333333325
1673	4.263741666666666
1674	4.337252
1675	4.400263
1676	4.447375
1677	4.483813666666667
1678	4.518265666666666
1679	4.556732
1680	4.601921
1681	4.652160666666666
1682	4.705045
1683	4.760776666666666
1684	4.821936333333333
1685	4.893711333333334
1686	4.980953666666667
1687	5.0849986666666664
1688	5.2034753333333335
1689	5.329187666666667
1690	5.455249
1691	5.580109333333334
1692	5.704558333333333
1693	5.829363000000001
1694	5.955422666666667
1695	6.084003666666667
1696	6.2145193333333335
1697	6.341878333333333
1698	6.461197
1699	6.572486333333333
1700	6.6771210000000005
1701	6.774853333333334
1702	6.867076
1703	6.960557333333333
1704	7.061457666666667
1705	7.169055999999999
1706	7.280144999999999
1707	7.392600333333332
1708	7.5035479999999986
1709	7.607196999999998
1710	7.699261999999999
1711	7.781968999999999
1712	7.860051666666666
1713	7.937461666666666
1714	8.017398333333333
1715	8.102304333333333
1716	8.193281333333331
1717	8.288707
1718	8.383898333333333
1719	8.470011666666664
1720	8.539493333333333
1721	8.591653999999998
1722	8.627149333333334
1723	8.643058
1724	8.637144999999999
1725	8.612523333333332
1726	8.572735333333332
1727	8.517047999999999
1728	8.444862666666666
1729	8.36009
1730	8.265657333333333
1731	8.157606333333334
1732	8.030488666666667
1733	7.882451666666666
1734	7.713108666666666
1735	7.521672
1736	7.308159333333332
1737	7.07529
1738	6.8284009999999995
1739	6.576203666666666
1740	6.328101666666666
1741	6.091631666666666
1742	5.8712323333333325
1743	5.665897666666666
1744	5.470923333333333
1745	5.278435666666667
1746	5.081021
1747	4.875477
1748	4.662090333333333
1749	4.444937333333333
1750	4.228499333333334
1751	4.014754666666667
1752	3.804919333333333
1753	3.601179
1754	3.4064516666666664
1755	3.224203333333333
1756	3.0571746666666666
1757	2.9058089999999996
1758	2.7684536666666664
1759	2.64089
1760	2.5181553333333326
1761	2.3961503333333334
1762	2.272516333333333
1763	2.1480626666666662
1764	2.0252886666666665
1765	1.9075399999999998
1766	1.7980246666666664
1767	1.6988113333333332
1768	1.6102586666666667
1769	1.529993
1770	1.4555669999999998
1771	1.3869766666666663
1772	1.3249576666666665
1773	1.2693279999999998
1774	1.218999333333333
1775	1.1719353333333333
1776	1.126804333333333
1777	1.084792
1778	1.047907
1779	1.0173606666666666
1780	0.9927849999999998
1781	0.9710253333333332
1782	0.9480636666666666
1783	0.9207593333333332
1784	0.8879963333333332
1785	0.8523293333333332
1786	0.8173326666666666
1787	0.7852526666666665
1788	0.7569519999999998
1789	0.7313533333333333
1790	0.7052733333333334
