610	2.832286666666666
611	2.8308500000000003
612	2.826070333333333
613	2.8144040000000006
614	2.794811333333333
615	2.770272
616	2.746383333333333
617	2.730802
618	2.730018
619	2.745565666666667
620	2.7739119999999993
621	2.8048783333333334
622	2.8275726666666663
623	2.8361856666666667
624	2.8300346666666667
625	2.8149689999999996
626	2.7979793333333336
627	2.782450666666666
628	2.769382333333333
629	2.7582
630	2.7486216666666663
631	2.742288333333333
632	2.740706
633	2.7429983333333334
634	2.7467319999999997
635	2.7484463333333333
636	2.745692333333333
637	2.73928
638	2.7314380000000003
639	2.7242973333333333
640	2.718963666666667
641	2.7143980000000005
642	2.7087993333333333
643	2.700729
644	2.689343
645	2.6746613333333333
646	2.6567683333333334
647	2.6350153333333335
648	2.608270333333333
649	2.575202
650	2.535891
651	2.4938716666666667
652	2.453980333333333
653	2.420395666666667
654	2.3951026666666664
655	2.375666333333333
656	2.357493
657	2.3355036666666664
658	2.3066693333333337
659	2.273107
660	2.239643
661	2.212099333333333
662	2.1947426666666665
663	2.187320666666667
664	2.1867563333333333
665	2.187962333333333
666	2.185995333333333
667	2.178201
668	2.1642296666666665
669	2.1467449999999997
670	2.128863
671	2.1119076666666667
672	2.0961506666666665
673	2.0813606666666664
674	2.0670726666666663
675	2.0526516666666668
676	2.036972
677	2.017863
678	1.9921366666666664
679	1.9554499999999997
680	1.9044529999999997
681	1.8394946666666665
682	1.764379333333333
683	1.6872809999999998
684	1.6178073333333332
685	1.5645403333333332
686	1.5337243333333332
687	1.527041
688	1.5423856666666667
689	1.5731636666666668
690	1.611236
691	1.6490336666666663
692	1.679640333333333
693	1.696902
694	1.6954763333333331
695	1.6716926666666665
696	1.62643
697	1.5698006666666666
698	1.5167646666666668
699	1.483831
700	1.4822853333333332
701	1.5095436666666666
702	1.5539476666666667
703	1.596826
704	1.6212353333333334
705	1.6209846666666667
706	1.5977876666666668
707	1.5606713333333333
708	1.5191623333333333
709	1.4771273333333332
710	1.4347853333333331
711	1.3898946666666667
712	1.340393
713	1.2870366666666666
714	1.2339636666666667
715	1.1900726666666666
716	1.1639076666666666
717	1.1581169999999998
718	1.1693086666666666
719	1.1862693333333334
720	1.197069
721	1.1960250000000001
722	1.183661
723	1.1683093333333332
724	1.1596069999999998
725	1.1624489999999998
726	1.176510333333333
727	1.1944376666666665
728	1.2072553333333331
729	1.2092779999999999
730	1.1992193333333332
731	1.1827346666666667
732	1.1696959999999998
733	1.172659
734	1.2007739999999998
735	1.252384
736	1.317861
737	1.380246333333333
738	1.4243026666666667
739	1.446137
740	1.450873
741	1.4528039999999998
742	1.4662036666666665
743	1.496325
744	1.5408996666666668
745	1.5897483333333333
746	1.6326216666666666
747	1.6668226666666668
748	1.6956416666666667
749	1.728156
750	1.7725746666666666
751	1.829309
752	1.8925103333333333
753	1.9501136666666667
754	1.9917073333333333
755	2.016913333333333
756	2.032513333333333
757	2.051337
758	2.084470333333333
759	2.133054
760	2.1914366666666667
761	2.248729
762	2.2967066666666667
763	2.3382263333333335
764	2.3817646666666668
765	2.437076333333333
766	2.5089139999999994
767	2.589474
768	2.6650003333333334
769	2.7209166666666667
770	2.7476206666666667
771	2.7477133333333335
772	2.7311183333333333
773	2.712451333333333
774	2.7044409999999997
775	2.7111066666666668
776	2.730772
777	2.7573826666666665
778	2.784403333333333
779	2.808157
780	2.8269096666666664
781	2.8402583333333333
782	2.8466446666666663
783	2.8407783333333336
784	2.816857333333333
785	2.7721466666666665
786	2.7088816666666666
787	2.6377056666666663
788	2.5722236666666665
789	2.5242003333333334
790	2.4997396666666662
791	2.493665
792	2.4947806666666663
793	2.4892013333333334
794	2.4653156666666667
795	2.4191496666666663
796	2.351467
797	2.2665746666666666
798	2.170819666666666
799	2.072362
800	1.9808816666666667
801	1.9076426666666664
802	1.8618099999999997
803	1.8457036666666669
804	1.8559843333333332
805	1.8829573333333331
806	1.9154676666666663
807	1.9452033333333332
808	1.967774333333333
809	1.9848806666666663
810	2.0006519999999997
811	2.0189719999999998
812	2.0429773333333334
813	2.074671
814	2.1162403333333333
815	2.1713009999999997
816	2.243380333333333
817	2.3339283333333336
818	2.4406266666666663
819	2.554233
820	2.6615873333333333
821	2.747650666666666
822	2.8014143333333337
823	2.8233129999999997
824	2.8217749999999997
825	2.8121316666666663
826	2.8087453333333325
827	2.8169943333333336
828	2.8352293333333334
829	2.854816
830	2.8670156666666666
831	2.869550666666666
832	2.8649179999999994
833	2.8598793333333328
834	2.8612029999999997
835	2.8714999999999997
836	2.8894633333333326
837	2.9091066666666663
838	2.9243819999999996
839	2.933791666666667
840	2.939798333333333
841	2.949442333333333
842	2.971492333333333
843	3.014207
844	3.0832589999999995
845	3.1788276666666664
846	3.2976829999999997
847	3.4340379999999997
848	3.581354666666666
849	3.733640666666666
850	3.8853003333333325
851	4.031124999999999
852	4.166570666666666
853	4.288319333333333
854	4.3932123333333335
855	4.477574333333333
856	4.539393333333333
857	4.581392333333333
858	4.609459666666666
859	4.632004666666666
860	4.6564983333333325
861	4.685575999999999
862	4.716786666666667
863	4.740759333333333
864	4.746355333333333
865	4.725503333333333
866	4.676113999999999
867	4.606949333333333
868	4.532242666666667
869	4.467968333333333
870	4.426453666666666
871	4.409911
872	4.413753333333333
873	4.427797
874	4.442188333333333
875	4.453101666666667
876	4.461032333333333
877	4.470079
878	4.483275333333333
879	4.497782999999999
880	4.507369333333333
881	4.50405
882	4.480982
883	4.435608333333333
884	4.368461
885	4.282955333333334
886	4.183149666666666
887	4.071810333333333
888	3.9496939999999996
889	3.814404
890	3.6634673333333327
891	3.497481666666666
892	3.319761333333333
893	3.1367666666666665
894	2.955805666666666
895	2.783007333333333
896	2.6222329999999996
897	2.4733636666666663
898	2.334990666666666
899	2.2067596666666662
900	2.0904179999999997
901	1.991416333333333
902	1.9166553333333334
903	1.8725063333333332
904	1.8624123333333333
905	1.8835056666666665
906	1.929263333333333
907	1.991238333333333
908	2.0636699999999997
909	2.149019
910	2.2551853333333334
911	2.3941816666666664
912	2.575852666666667
913	2.8009443333333333
914	3.063615
915	3.352170666666667
916	3.655675333333333
917	3.9705369999999998
918	4.297673666666666
919	4.640684333333333
920	5.001165333333334
921	5.373728
922	5.749937999999999
923	6.121778999999999
924	6.485372
925	6.84566
926	7.209869333333334
927	7.581202333333333
928	7.955767666666667
929	8.317533333333333
930	8.646398999999999
931	8.925255
932	9.144008666666666
933	9.305532
934	9.418018999999997
935	9.488991333333333
936	9.521548999999998
937	9.509859333333335
938	9.445528
939	9.323433999999999
940	9.143595333333332
941	8.914318
942	8.646345999999998
943	8.347902666666666
944	8.024384333333332
945	7.677513333333332
946	7.308104333333333
947	6.91845
948	6.512722999999999
949	6.097770999999999
950	5.680886666666666
951	5.267740333333332
952	4.862659333333332
953	4.468582333333333
954	4.088275666666666
955	3.725399
956	3.3842299999999996
957	3.069384666666666
958	2.7846409999999997
959	2.531308
960	2.308555333333333
961	2.1130903333333335
962	1.9419203333333332
963	1.7949469999999998
964	1.6724720000000002
965	1.5726506666666666
966	1.492173
967	1.4267726666666667
968	1.373408
969	1.3327216666666666
970	1.3068226666666667
971	1.297292
972	1.3036299999999998
973	1.3212013333333332
974	1.344476
975	1.3700376666666665
976	1.3969866666666666
977	1.427915
978	1.4662836666666665
979	1.514092
980	1.5716719999999997
981	1.6369703333333334
982	1.7064926666666667
983	1.7757506666666667
984	1.8410603333333333
985	1.9016643333333332
986	1.9595366666666667
987	2.0199049999999996
988	2.0877553333333334
989	2.164139
990	2.2464906666666664
991	2.3279949999999996
992	2.4018436666666663
993	2.465411
994	2.519005333333333
995	2.565306333333333
996	2.606399333333333
997	2.6408233333333335
998	2.6651819999999997
999	2.6754686666666667
1000	2.6695563333333334
1001	2.6502213333333335
1002	2.622406666666666
1003	2.591079666666667
1004	2.5594123333333334
1005	2.5265743333333335
1006	2.48968
1007	2.4452380000000002
1008	2.3913196666666665
1009	2.3301760000000002
1010	2.2662940000000003
1011	2.2050476666666667
1012	2.1502559999999997
1013	2.1014109999999997
1014	2.0560449999999997
1015	2.0116403333333333
1016	1.9674669999999999
1017	1.9268366666666665
1018	1.8947673333333332
1019	1.8760499999999998
1020	1.8734646666666668
1021	1.8853626666666665
1022	1.9072783333333334
1023	1.9327213333333333
1024	1.9562416666666667
1025	1.9768469999999998
1026	1.9970363333333334
1027	2.022758333333333
1028	2.0591963333333334
1029	2.1063526666666665
1030	2.160492
1031	2.2145876666666666
1032	2.2618489999999998
1033	2.2992653333333335
1034	2.3271086666666667
1035	2.34931
1036	2.3698520000000003
1037	2.3893696666666666
1038	2.406736333333334
1039	2.4202429999999997
1040	2.4283943333333333
1041	2.430660333333333
1042	2.4274223333333333
1043	2.420165
1044	2.4101776666666668
1045	2.3970656666666668
1046	2.37831
1047	2.3483473333333333
1048	2.302116
1049	2.238992666666667
1050	2.1624369999999997
1051	2.0809336666666667
1052	2.0044466666666665
1053	1.941395
1054	1.8970836666666666
1055	1.8712973333333334
1056	1.8615416666666667
1057	1.865422
1058	1.8809093333333333
1059	1.9065109999999998
1060	1.9411546666666666
1061	1.9843133333333332
1062	2.035968
1063	2.096748
1064	2.1672336666666663
1065	2.247274333333333
1066	2.3363796666666663
1067	2.434062
1068	2.5401153333333335
1069	2.6549156666666667
1070	2.7787739999999994
1071	2.9110773333333335
1072	3.049279
1073	3.1871483333333335
1074	3.31633
1075	3.427398
1076	3.5129983333333334
1077	3.5717126666666665
1078	3.6058069999999995
1079	3.620094
1080	3.618808
1081	3.6026496666666663
1082	3.5710526666666667
1083	3.5242849999999994
1084	3.464205333333333
1085	3.3952203333333335
1086	3.3212853333333334
1087	3.2427106666666665
1088	3.157478666666666
1089	3.0620906666666663
1090	2.9543299999999997
1091	2.8363809999999994
1092	2.7130096666666668
1093	2.590477
1094	2.4745619999999997
1095	2.368592666666667
1096	2.2744339999999994
1097	2.193088333333333
1098	2.125914
1099	2.0756683333333332
1100	2.044500666666666
1101	2.031455333333333
1102	2.032577
1103	2.0401023333333335
1104	2.0456966666666663
1105	2.043695
1106	2.0327086666666667
1107	2.018423
1108	2.0082146666666665
1109	2.006217333333333
1110	2.0126139999999997
1111	2.0219690000000003
1112	2.0274573333333334
1113	2.0247653333333333
1114	2.0136786666666664
1115	2.000806
1116	1.9949513333333333
1117	2.0028479999999997
1118	2.0256006666666666
1119	2.053622333333333
1120	2.0742469999999997
1121	2.0786323333333327
1122	2.063833
1123	2.0365193333333336
1124	2.0075743333333333
1125	1.9879683333333331
1126	1.984289
1127	1.9933133333333335
1128	2.008402
1129	2.0249779999999995
1130	2.0420363333333333
1131	2.0643176666666667
1132	2.097845
1133	2.145770333333333
1134	2.207278
1135	2.2753129999999997
1136	2.339676333333333
1137	2.389395
1138	2.4175916666666666
1139	2.427669333333333
1140	2.428250333333333
1141	2.4296086666666663
1142	2.439304
1143	2.4573076666666664
1144	2.4796003333333334
1145	2.5007259999999993
1146	2.5175056666666666
1147	2.533081666666666
1148	2.5525213333333334
1149	2.578752333333333
1150	2.6110093333333335
1151	2.6424309999999993
1152	2.6645166666666666
1153	2.6711329999999998
1154	2.6592819999999993
1155	2.6306069999999995
1156	2.587919
1157	2.5323476666666664
1158	2.464359
1159	2.385200333333333
1160	2.299462666666667
1161	2.2185696666666663
1162	2.155150666666666
1163	2.117237333333333
1164	2.105504
1165	2.108108
1166	2.107248333333333
1167	2.0841543333333337
1168	2.0265853333333332
1169	1.9383233333333334
1170	1.8319313333333334
1171	1.7242959999999998
1172	1.6306343333333333
1173	1.5585323333333332
1174	1.5105206666666666
1175	1.4851059999999998
1176	1.4803696666666666
1177	1.496742333333333
1178	1.5341856666666667
1179	1.588590333333333
1180	1.6511036666666667
1181	1.7063483333333331
1182	1.7400439999999997
1183	1.747394
1184	1.7322863333333332
1185	1.7091539999999998
1186	1.6953166666666664
1187	1.704195
1188	1.741783
1189	1.8008813333333333
1190	1.8683509999999999
1191	1.9303966666666665
1192	1.9766486666666667
1193	2.0049029999999997
1194	2.017094333333333
1195	2.0167236666666666
1196	2.0069346666666665
1197	1.9890686666666666
1198	1.9645433333333333
1199	1.9368943333333333
1200	1.9109203333333333
1201	1.8919203333333334
1202	1.8831846666666667
1203	1.882755
1204	1.8854963333333332
1205	1.8842826666666666
1206	1.87318
1207	1.850862
1208	1.8184593333333332
1209	1.778172
1210	1.7319559999999998
1211	1.6804153333333334
1212	1.6236089999999999
1213	1.5618383333333334
1214	1.4965283333333335
1215	1.431483
1216	1.3719203333333334
1217	1.3236659999999998
1218	1.2900556666666665
1219	1.267939666666667
1220	1.2507039999999998
1221	1.230446
1222	1.2020499999999998
1223	1.1680046666666666
1224	1.1347463333333332
1225	1.1100706666666664
1226	1.0997483333333333
1227	1.103718
1228	1.1188206666666667
1229	1.1406913333333333
1230	1.1665536666666667
1231	1.1981323333333331
1232	1.238146
1233	1.286944
1234	1.3426503333333335
1235	1.4006246666666664
1236	1.4544629999999998
1237	1.4965093333333335
1238	1.521181
1239	1.5291346666666668
1240	1.525642333333333
1241	1.5202229999999999
1242	1.5214429999999997
1243	1.5314613333333331
1244	1.5478896666666666
1245	1.5644383333333332
1246	1.5752199999999998
1247	1.5789813333333333
1248	1.5776269999999997
1249	1.5754866666666665
1250	1.5762193333333332
1251	1.5798436666666664
1252	1.5855593333333333
1253	1.5945223333333332
1254	1.609636
1255	1.635614333333333
1256	1.6763669999999997
1257	1.7320743333333333
1258	1.8000276666666666
1259	1.8746546666666666
1260	1.9502393333333332
1261	2.023415333333333
1262	2.091945
1263	2.1538043333333334
1264	2.207135333333333
1265	2.2506356666666667
1266	2.2849353333333333
1267	2.314879
1268	2.3485123333333333
1269	2.396952333333333
1270	2.470036
1271	2.571339666666667
1272	2.698826333333333
1273	2.8434719999999998
1274	2.9927543333333335
1275	3.132847666666667
1276	3.252421
1277	3.3473890000000006
1278	3.419912333333333
1279	3.4793983333333327
1280	3.536251666666666
1281	3.596284
1282	3.6623363333333327
1283	3.7353283333333334
1284	3.816565333333333
1285	3.909537333333333
1286	4.0160116666666665
1287	4.130983
1288	4.243591333333333
1289	4.336472
1290	4.393423666666667
1291	4.407654999999999
1292	4.380821666666667
1293	4.324845666666667
1294	4.256023333333333
1295	4.1910799999999995
1296	4.145151333333333
1297	4.129163999999999
1298	4.148209
1299	4.197586666666667
1300	4.2675106666666665
1301	4.345955666666667
1302	4.422298666666666
1303	4.491114333333333
1304	4.550654333333333
1305	4.6026403333333334
1306	4.650651666666667
1307	4.699620666666666
1308	4.755928666666666
1309	4.828045333333333
1310	4.923882333333333
1311	5.047463333333333
1312	5.196853333333333
1313	5.360245333333333
1314	5.523460999999999
1315	5.676918
1316	5.817326333333332
1317	5.950995666666667
1318	6.086599333333333
1319	6.228712999999999
1320	6.376649666666666
1321	6.522141666666668
1322	6.655460333333333
1323	6.771327666666666
1324	6.870598999999999
1325	6.963733999999999
1326	7.064305999999999
1327	7.183713999999998
1328	7.330275333333333
1329	7.507451333333334
1330	7.714551
1331	7.946049666666667
1332	8.196511333333333
1333	8.465154
1334	8.752113333333334
1335	9.054292
1336	9.363183666666668
1337	9.661404999999998
1338	9.931090666666668
1339	10.162602333333332
1340	10.355183333333333
1341	10.520103333333331
1342	10.671246
1343	10.816518333333333
1344	10.95631333333333
1345	11.080111333333333
1346	11.175002666666664
1347	11.233038333333331
1348	11.249364999999997
1349	11.220873999999998
1350	11.144907
1351	11.018651333333333
1352	10.840807666666665
1353	10.614112666666665
1354	10.344677333333333
1355	10.042679666666665
1356	9.720955666666667
1357	9.394344666666665
1358	9.075161666666666
1359	8.76765
1360	8.470540666666666
1361	8.177948666666667
1362	7.884467666666667
1363	7.590210999999999
1364	7.299556333333333
1365	7.020877
1366	6.76156
1367	6.522774000000001
1368	6.301453333333333
1369	6.091302
1370	5.887662333333333
1371	5.692667333333333
1372	5.511734
1373	5.350933666666666
1374	5.215154666666666
1375	5.105988333333333
1376	5.021980666666666
1377	4.958435333333333
1378	4.9144689999999995
1379	4.901383666666666
1380	4.936599666666667
1381	5.038688333333333
1382	5.219183666666666
1383	5.4719603333333335
1384	5.779609333333333
1385	6.116425666666666
1386	6.459382
1387	6.799782333333333
1388	7.140352666666667
1389	7.495559666666667
1390	7.880189666666666
1391	8.298651
1392	8.749152666666665
1393	9.226397333333333
1394	9.725316333333332
1395	10.244542
1396	10.786191666666666
1397	11.356159666666667
1398	11.956916333333332
1399	12.578903333333333
1400	13.204331666666667
1401	13.808695999999998
1402	14.368839666666668
1403	14.871613
1404	15.313906333333334
1405	15.705940666666665
1406	16.062233999999997
1407	16.394099333333333
1408	16.706258666666663
1409	16.99173766666667
1410	17.238691333333335
1411	17.435512999999997
1412	17.573242666666665
1413	17.64851433333333
1414	17.661963333333333
1415	17.617826666666666
1416	17.519408000000002
1417	17.364502
1418	17.148736666666665
1419	16.868596666666665
1420	16.523627666666666
1421	16.119864666666665
1422	15.669433
1423	15.191957333333333
1424	14.70654
1425	14.223459333333333
1426	13.746037666666666
1427	13.270537
1428	12.792086999999999
1429	12.310282666666666
1430	11.831337333333332
1431	11.371972333333332
1432	10.950733333333334
1433	10.579515333333335
1434	10.261644666666665
1435	9.987382333333333
1436	9.741683666666667
1437	9.510047
1438	9.281820999999999
1439	9.054394
1440	8.829688999999998
1441	8.612079
1442	8.404194
1443	8.202636
1444	8.002111333333332
1445	7.799125666666667
1446	7.592219
1447	7.382517999999999
1448	7.171590666666667
1449	6.959396666666667
1450	6.743793333333333
1451	6.519549666666666
1452	6.281273
1453	6.0264109999999995
1454	5.755422666666666
1455	5.472788333333334
1456	5.183862666666667
1457	4.892224000000001
1458	4.600732666666667
1459	4.312609
1460	4.031868333333334
1461	3.763808666666666
1462	3.513307666666666
1463	3.2828703333333324
1464	3.0730076666666664
1465	2.882034666666666
1466	2.7079126666666666
1467	2.5498846666666664
1468	2.408224666666666
1469	2.2840350000000003
1470	2.1772093333333333
1471	2.0839986666666666
1472	1.9989973333333333
1473	1.916681
1474	1.8326706666666663
1475	1.7454523333333332
1476	1.656702
1477	1.5726346666666666
1478	1.5002449999999996
1479	1.4437153333333332
1480	1.4039669999999997
1481	1.3774286666666666
1482	1.3601736666666664
1483	1.3517013333333334
1484	1.3526736666666663
1485	1.3626463333333334
1486	1.3790923333333331
1487	1.3960773333333332
1488	1.4077549999999999
1489	1.4120649999999997
1490	1.4102876666666666
1491	1.4074163333333332
1492	1.4079073333333332
1493	1.4114253333333333
1494	1.41485
1495	1.413885
1496	1.4066916666666667
1497	1.3979826666666666
1498	1.393558
1499	1.3950839999999998
1500	1.4009936666666667
1501	1.4068376666666667
1502	1.4086476666666663
1503	1.4063656666666666
1504	1.4023726666666665
1505	1.4006656666666666
1506	1.4048003333333332
1507	1.4158346666666666
1508	1.4330100000000001
1509	1.4540243333333334
1510	1.4770703333333333
1511	1.5029433333333333
1512	1.5335439999999998
1513	1.5706566666666666
1514	1.6154586666666664
1515	1.6677769999999998
1516	1.7255179999999999
1517	1.7834770000000002
1518	1.8359813333333332
1519	1.879507
1520	1.9132266666666666
1521	1.9402663333333332
1522	1.9645199999999998
1523	1.9877033333333334
1524	2.0092126666666665
1525	2.0255276666666666
1526	2.033306
1527	2.0326116666666665
1528	2.0264830000000003
1529	2.021405
1530	2.0249246666666667
1531	2.0435646666666667
1532	2.0811313333333334
1533	2.1359796666666666
1534	2.2024826666666666
1535	2.2711066666666664
1536	2.3317956666666664
1537	2.3772503333333335
1538	2.4041859999999997
1539	2.4159633333333335
1540	2.419194666666667
1541	2.4215343333333332
1542	2.4295166666666663
1543	2.446454333333333
1544	2.475167666666667
1545	2.520331333333333
1546	2.5857533333333333
1547	2.6707873333333336
1548	2.7701406666666664
1549	2.872078
1550	2.962268
1551	3.027007333333333
1552	3.0574936666666668
1553	3.055897
1554	3.0316333333333336
1555	3.000113333333333
1556	2.97727
1557	2.9745446666666666
1558	2.9989913333333327
1559	3.0517833333333333
1560	3.129812666666666
1561	3.225368
1562	3.3283569999999996
1563	3.427513333333333
1564	3.5124463333333327
1565	3.5761569999999994
1566	3.6159933333333334
1567	3.636299333333333
1568	3.6454269999999998
1569	3.6541326666666665
1570	3.671948333333333
1571	3.7033549999999997
1572	3.749799666666666
1573	3.8105849999999997
1574	3.883309333333333
1575	3.963290666666666
1576	4.044138666666666
1577	4.117914999999999
1578	4.178360333333334
1579	4.224934999999999
1580	4.261808
1581	4.298376333333333
1582	4.345064333333333
1583	4.409458999999999
1584	4.494970333333334
1585	4.598163666666666
1586	4.712179333333334
1587	4.828765666666666
1588	4.939617999999999
1589	5.037600333333334
1590	5.118301333333333
1591	5.182740999999999
1592	5.23589
1593	5.286492666666667
1594	5.3431766666666665
1595	5.4105583333333325
1596	5.489513333333333
1597	5.576074
1598	5.663008666666667
1599	5.7402429999999995
1600	5.798868333333333
1601	5.8356129999999995
1602	5.852029666666666
1603	5.855261
1604	5.854488333333334
1605	5.8579479999999995
1606	5.869699000000001
1607	5.885386333333333
1608	5.898976333333334
1609	5.909013
1610	5.91775
1611	5.930708666666667
1612	5.951169
1613	5.9741453333333325
1614	5.991488999999999
1615	5.996458666666666
1616	5.986763
1617	5.968812000000001
1618	5.952912333333333
1619	5.949324666666667
1620	5.962913666666667
1621	5.9863789999999995
1622	6.008023333333334
1623	6.018196333333333
1624	6.010837666666667
1625	5.985959666666666
1626	5.948300333333334
1627	5.907512333333334
1628	5.872496
1629	5.845604000000001
1630	5.824880000000001
1631	5.805273666666667
1632	5.782810666666666
1633	5.758640333333333
1634	5.7350156666666665
1635	5.711489666666666
1636	5.685930333333332
1637	5.655456999999999
1638	5.618762666666667
1639	5.579061666666666
1640	5.543044999999999
1641	5.520283999999999
1642	5.515287333333332
1643	5.518095666666666
1644	5.513555333333333
1645	5.489504333333333
1646	5.440364333333333
1647	5.372262666666666
1648	5.295441999999999
1649	5.218069666666667
1650	5.144498
1651	5.072814
1652	4.998660999999999
1653	4.9184790000000005
1654	4.83247
1655	4.748096333333333
1656	4.671890333333333
1657	4.601006666666667
1658	4.528599333333332
1659	4.448495333333334
1660	4.357872666666666
1661	4.260735666666666
1662	4.164810999999999
1663	4.079512
1664	4.012034666666667
1665	3.962815
1666	3.9279786666666667
1667	3.9005983333333334
1668	3.8750920000000004
1669	3.8516076666666663
1670	3.831785
1671	3.814872333333333
1672	3.7985949999999997
1673	3.779753
1674	3.75438
1675	3.7178976666666665
1676	3.668468333333333
1677	3.611107666666667
1678	3.551816333333333
1679	3.491841333333333
1680	3.4283253333333334
1681	3.3544049999999994
1682	3.2655806666666667
1683	3.166792666666667
1684	3.0676553333333336
1685	2.978771666666667
1686	2.9073046666666666
1687	2.8517333333333332
1688	2.805794
1689	2.761192
1690	2.7123933333333334
1691	2.661912
1692	2.615086
1693	2.575744333333333
1694	2.5460756666666664
1695	2.5263883333333332
1696	2.5163243333333334
1697	2.515674333333333
1698	2.5238913333333333
1699	2.5396063333333334
1700	2.5626323333333336
1701	2.595824333333333
1702	2.638692333333333
1703	2.6799869999999997
1704	2.705567
1705	2.705809333333333
1706	2.6763829999999995
1707	2.6207629999999993
1708	2.5485486666666666
1709	2.475622666666666
1710	2.4149263333333333
1711	2.366623333333333
1712	2.325746333333333
1713	2.288420666666666
1714	2.2526749999999995
1715	2.219081
1716	2.1881066666666666
1717	2.1574410000000004
1718	2.1227023333333332
1719	2.077699
1720	2.016862333333333
1721	1.9383936666666668
1722	1.8469823333333333
1723	1.7584043333333335
1724	1.6897786666666668
1725	1.650143
1726	1.641864
1727	1.65997
1728	1.6948523333333334
1729	1.7332910000000001
1730	1.764676333333333
1731	1.787688666666667
1732	1.8040916666666666
1733	1.8134000000000001
1734	1.8132943333333333
1735	1.8001763333333334
1736	1.7722133333333334
1737	1.7331406666666664
1738	1.691158
1739	1.6589083333333334
1740	1.6470233333333333
1741	1.6568866666666664
1742	1.6832203333333333
1743	1.7148216666666665
1744	1.7411266666666667
1745	1.758676333333333
1746	1.7687959999999998
1747	1.7763586666666666
1748	1.7849593333333333
1749	1.7918943333333333
1750	1.7909386666666665
1751	1.7744710000000001
1752	1.738214
1753	1.687132
1754	1.6324779999999999
1755	1.590598
1756	1.5760569999999998
1757	1.5938926666666666
1758	1.639498
1759	1.6954953333333334
1760	1.7415306666666668
1761	1.7632726666666665
1762	1.7556256666666668
1763	1.7284229999999998
1764	1.695868
1765	1.667598
1766	1.648267
1767	1.6361633333333332
1768	1.627447
1769	1.6195263333333334
1770	1.612099
1771	1.608396333333333
1772	1.6107756666666664
1773	1.616017333333333
1774	1.617989333333333
1775	1.6097399999999997
1776	1.586484
1777	1.5492866666666667
1778	1.5033559999999997
1779	1.457691
1780	1.421768333333333
1781	1.4022910000000002
1782	1.4015569999999997
1783	1.4144063333333334
1784	1.4328353333333332
1785	1.4495093333333335
1786	1.4584449999999998
1787	1.4559326666666668
1788	1.4403256666666666
1789	1.4126296666666665
1790	1.3747856666666667
