610	0.149622
611	0.19266433333333333
612	0.24667866666666668
613	0.31075566666666665
614	0.38257366666666665
615	0.4581573333333333
616	0.5327673333333333
617	0.6015103333333334
618	0.660118
619	0.7060109999999999
620	0.7382956666666667
621	0.7584203333333334
622	0.768988
623	0.7730549999999999
624	0.7733513333333334
625	0.77147
626	0.7678729999999999
627	0.761536
628	0.7507106666666666
629	0.7334366666666666
630	0.7079966666666666
631	0.6735126666666665
632	0.6301886666666667
633	0.5800863333333333
634	0.5268106666666666
635	0.4758803333333333
636	0.433803
637	0.40758233333333327
638	0.4039293333333333
639	0.42830033333333334
640	0.484287
641	0.5721243333333333
642	0.6891193333333333
643	0.8288143333333333
644	0.9826116666666667
645	1.1404786666666666
646	1.292579
647	1.4309166666666666
648	1.5496393333333334
649	1.6461323333333333
650	1.7199429999999998
651	1.7725879999999998
652	1.806581
653	1.8248956666666667
654	1.830188
655	1.8238983333333334
656	1.8064669999999998
657	1.7771216666666665
658	1.7342723333333332
659	1.6755699999999998
660	1.5988239999999998
661	1.5030679999999998
662	1.3891433333333332
663	1.2610206666666666
664	1.1248019999999999
665	0.9885379999999999
666	0.8606833333333332
667	0.748698
668	0.6582906666666666
669	0.5919793333333333
670	0.5499406666666666
671	0.5298563333333334
672	0.5278723333333333
673	0.5388233333333332
674	0.5573083333333333
675	0.5785916666666666
676	0.5987936666666666
677	0.6153786666666666
678	0.626827
679	0.63272
680	0.6332456666666667
681	0.6289556666666665
682	0.6204593333333334
683	0.6081479999999999
684	0.5922393333333333
685	0.5727403333333333
686	0.5495663333333334
687	0.5226093333333333
688	0.491816
689	0.4572936666666666
690	0.41936733333333337
691	0.37874
692	0.3364323333333333
693	0.29386033333333333
694	0.25261866666666666
695	0.21433199999999997
696	0.1804253333333333
697	0.15180666666666665
698	0.12891233333333332
699	0.111567
700	0.09915133333333331
701	0.09060933333333333
702	0.08481166666666665
703	0.08090866666666667
704	0.07844399999999999
705	0.07761166666666666
706	0.07898633333333333
707	0.083378
708	0.09151466666666666
709	0.10372466666666666
710	0.12024133333333334
711	0.14150066666666666
712	0.168271
713	0.201857
714	0.24369133333333334
715	0.2948863333333333
716	0.35580966666666664
717	0.4253383333333333
718	0.501297
719	0.5804676666666666
720	0.6593356666666667
721	0.7346576666666667
722	0.803708
723	0.864665
724	0.9163993333333332
725	0.9584999999999999
726	0.9909523333333332
727	1.01397
728	1.0279826666666665
729	1.0336706666666664
730	1.03168
731	1.0222586666666666
732	1.0052286666666665
733	0.979788
734	0.9449103333333332
735	0.899697
736	0.843868
737	0.7784976666666666
738	0.7057053333333332
739	0.6287316666666667
740	0.5511966666666667
741	0.4765296666666667
742	0.4076643333333333
743	0.34657633333333326
744	0.294404
745	0.2512703333333333
746	0.21669699999999997
747	0.18981866666666664
748	0.16960633333333333
749	0.155062
750	0.14525366666666667
751	0.13943233333333332
752	0.13693033333333332
753	0.13716033333333333
754	0.13961433333333334
755	0.14397666666666664
756	0.15022666666666665
757	0.15892799999999999
758	0.171232
759	0.189129
760	0.21491433333333332
761	0.2507513333333333
762	0.2982693333333333
763	0.35792499999999994
764	0.4290916666666666
765	0.5097246666666666
766	0.5971936666666666
767	0.6888436666666666
768	0.7822536666666665
769	0.8754909999999999
770	0.966877
771	1.054817
772	1.137641
773	1.2134383333333332
774	1.2802813333333332
775	1.336471
776	1.3807406666666664
777	1.412603
778	1.4319273333333333
779	1.438675
780	1.4329386666666666
781	1.415101333333333
782	1.3857769999999998
783	1.3459273333333333
784	1.297132
785	1.2421496666666667
786	1.184548333333333
787	1.1286486666666666
788	1.0790296666666666
789	1.0401286666666667
790	1.01575
791	1.0082463333333334
792	1.018282
793	1.0439146666666665
794	1.0815636666666666
795	1.1263263333333333
796	1.1728276666666666
797	1.2158933333333333
798	1.2513993333333335
799	1.2775119999999998
800	1.293806
801	1.3009563333333332
802	1.3002263333333335
803	1.293263
804	1.2814790000000003
805	1.265384
806	1.244758
807	1.2185853333333334
808	1.1854563333333332
809	1.143843
810	1.0925939999999998
811	1.0316646666666667
812	0.9623883333333334
813	0.8882823333333333
814	0.8139569999999998
815	0.744451
816	0.6846236666666667
817	0.638475
818	0.6086666666666667
819	0.5955066666666666
820	0.597863
821	0.6134886666666667
822	0.6396823333333332
823	0.6737036666666667
824	0.7132103333333332
825	0.756769
826	0.8031839999999999
827	0.850897
828	0.8980696666666665
829	0.9426753333333332
830	0.9831763333333332
831	1.0194436666666666
832	1.0527743333333333
833	1.086509
834	1.1256536666666666
835	1.1771773333333333
836	1.248878
837	1.348369
838	1.4810286666666668
839	1.6468829999999999
840	1.8412253333333333
841	2.0533666666666663
842	2.2695799999999995
843	2.474847333333333
844	2.6556399999999996
845	2.803156333333333
846	2.912694333333333
847	2.9846200000000005
848	3.0226856666666664
849	3.033736333333333
850	3.0250743333333334
851	3.002066
852	2.967894333333333
853	2.92253
854	2.863649666666667
855	2.78657
856	2.685510666666666
857	2.5545056666666666
858	2.3892456666666666
859	2.189728666666667
860	1.9601266666666664
861	1.7103056666666667
862	1.4532840000000002
863	1.203858
864	0.975582
865	0.7773599999999999
866	0.614204
867	0.4864616666666667
868	0.3913166666666666
869	0.322883
870	0.2743663333333333
871	0.2397456666666667
872	0.21421133333333334
873	0.19491966666666666
874	0.18030533333333332
875	0.1698593333333333
876	0.16331666666666664
877	0.16002766666666665
878	0.15921866666666668
879	0.16026166666666666
880	0.16272166666666668
881	0.166453
882	0.17142366666666667
883	0.17760133333333333
884	0.18494233333333332
885	0.19341733333333333
886	0.2030426666666667
887	0.21395266666666668
888	0.226364
889	0.24058933333333332
890	0.2569716666666667
891	0.2758503333333333
892	0.2975156666666667
893	0.32220699999999997
894	0.3502306666666667
895	0.3821743333333333
896	0.4188733333333333
897	0.4614989999999999
898	0.511355
899	0.5697586666666666
900	0.6380140000000001
901	0.717398
902	0.8091286666666667
903	0.9142633333333333
904	1.0334413333333334
905	1.166367
906	1.311601
907	1.4659456666666664
908	1.625518
909	1.786642333333333
910	1.9465456666666663
911	2.1043993333333333
912	2.260951
913	2.418654
914	2.579824333333333
915	2.74472
916	2.911535
917	3.0757090000000002
918	3.231205
919	3.3712153333333337
920	3.489149
921	3.579659
922	3.6384946666666664
923	3.662860333333333
924	3.6513453333333334
925	3.604623
926	3.5253506666666667
927	3.4189183333333335
928	3.291836
929	3.150552
930	3.0003593333333334
931	2.843951
932	2.681887
933	2.5124056666666665
934	2.333422
935	2.1444399999999995
936	1.9467833333333333
937	1.7444343333333332
938	1.54277
939	1.3478679999999998
940	1.1654933333333335
941	1.0000873333333333
942	0.8550963333333333
943	0.7329683333333333
944	0.6355056666666666
945	0.563889
946	0.518732
947	0.49985099999999993
948	0.5064569999999999
949	0.537088
950	0.5899503333333334
951	0.6630793333333334
952	0.7543726666666666
953	0.8614956666666667
954	0.9818876666666665
955	1.1127066666666665
956	1.2513889999999999
957	1.3964163333333333
958	1.5478103333333333
959	1.7082156666666666
960	1.8818663333333332
961	2.0739856666666663
962	2.288797
963	2.5269193333333333
964	2.7848159999999997
965	3.052538333333333
966	3.316240666666667
967	3.5591763333333333
968	3.7648599999999997
969	3.920374
970	4.017769666666666
971	4.057318
972	4.044391999999999
973	3.9883419999999994
974	3.8997586666666666
975	3.7883776666666664
976	3.661963333333333
977	3.5244429999999998
978	3.3769053333333328
979	3.2173480000000003
980	3.0418849999999993
981	2.8451709999999992
982	2.6225716666666665
983	2.3727396666666665
984	2.098243333333333
985	1.807714
986	1.5133666666666665
987	1.22988
988	0.9716269999999999
989	0.7497436666666666
990	0.5709916666666666
991	0.4349673333333333
992	0.33694233333333334
993	0.26900433333333335
994	0.222489
995	0.18991133333333332
996	0.165514
997	0.1463303333333333
998	0.13077766666666665
999	0.11784233333333333
1000	0.10680733333333334
1001	0.09721433333333332
1002	0.08872066666666667
1003	0.08098799999999999
1004	0.07374466666666667
1005	0.06684233333333332
1006	0.06028866666666666
1007	0.05426899999999999
1008	0.049027
1009	0.044684999999999996
1010	0.04126666666666667
1011	0.03862566666666666
1012	0.036615999999999996
1013	0.035195
1014	0.03438933333333333
1015	0.034225
1016	0.034681666666666666
1017	0.035600999999999994
1018	0.036787
1019	0.038088
1020	0.03945333333333333
1021	0.04101699999999999
1022	0.042992333333333334
1023	0.045587666666666665
1024	0.048956
1025	0.053123999999999984
1026	0.058074333333333325
1027	0.06380066666666666
1028	0.07033633333333333
1029	0.07777866666666666
1030	0.086246
1031	0.09581866666666666
1032	0.10655866666666666
1033	0.11848999999999998
1034	0.131691
1035	0.14635566666666666
1036	0.16278
1037	0.1813523333333333
1038	0.202706
1039	0.22794033333333333
1040	0.25862799999999997
1041	0.29694366666666666
1042	0.345371
1043	0.40645699999999996
1044	0.48255466666666663
1045	0.5754203333333333
1046	0.6862023333333334
1047	0.8150736666666667
1048	0.961154
1049	1.1218853333333332
1050	1.2933353333333333
1051	1.4698846666666667
1052	1.645063
1053	1.812044
1054	1.9645179999999995
1055	2.0977843333333333
1056	2.208715666666666
1057	2.2963636666666662
1058	2.3612016666666666
1059	2.404947999999999
1060	2.429647333333333
1061	2.436929
1062	2.427910333333333
1063	2.4029469999999997
1064	2.3620969999999994
1065	2.3054886666666667
1066	2.2338366666666665
1067	2.149259666666666
1068	2.055643333333333
1069	1.959774
1070	1.8706886666666667
1071	1.7999073333333333
1072	1.7598966666666662
1073	1.762707
1074	1.8177899999999996
1075	1.9285519999999998
1076	2.0927149999999997
1077	2.3003013333333335
1078	2.5364429999999993
1079	2.782260333333333
1080	3.0189413333333333
1081	3.2318006666666665
1082	3.410868999999999
1083	3.5532083333333335
1084	3.6602683333333332
1085	3.73703
1086	3.789329
1087	3.821718
1088	3.837039
1089	3.8354616666666663
1090	3.8156299999999996
1091	3.7751609999999993
1092	3.7114826666666665
1093	3.622642
1094	3.5085699999999997
1095	3.3732359999999995
1096	3.2243450000000005
1097	3.0744409999999998
1098	2.938259333333334
1099	2.8306996666666664
1100	2.763812
1101	2.7425456666666665
1102	2.7656763333333334
1103	2.8243720000000003
1104	2.9061996666666667
1105	2.997587333333333
1106	3.086094
1107	3.1628823333333336
1108	3.222135333333333
1109	3.2615826666666665
1110	3.2806686666666667
1111	3.2795336666666666
1112	3.258376666666666
1113	3.217019
1114	3.155018666666667
1115	3.0717223333333337
1116	2.966476666666667
1117	2.8389096666666664
1118	2.689464666666667
1119	2.5203616666666666
1120	2.335678666666667
1121	2.1422083333333335
1122	1.948588
1123	1.7650856666666666
1124	1.6018729999999999
1125	1.467198
1126	1.3670493333333331
1127	1.3038406666666669
1128	1.2769659999999998
1129	1.282023333333333
1130	1.3123886666666666
1131	1.359813
1132	1.4158579999999998
1133	1.473169
1134	1.525951
1135	1.5709893333333333
1136	1.6067966666666664
1137	1.6334246666666665
1138	1.6514703333333334
1139	1.6613989999999998
1140	1.663433333333333
1141	1.6574236666666666
1142	1.6429323333333332
1143	1.619193
1144	1.585259
1145	1.540092
1146	1.4828769999999998
1147	1.4135056666666668
1148	1.3330593333333332
1149	1.244798
1150	1.1535269999999997
1151	1.0655516666666667
1152	0.9875746666666666
1153	0.9257909999999999
1154	0.8856449999999999
1155	0.8713813333333333
1156	0.8866173333333333
1157	0.9347113333333333
1158	1.0192613333333331
1159	1.1444933333333331
1160	1.3139083333333332
1161	1.528328
1162	1.7850416666666664
1163	2.075462
1164	2.3868826666666663
1165	2.702687666666667
1166	3.005604333333333
1167	3.2807156666666666
1168	3.5164566666666666
1169	3.7069093333333334
1170	3.850268
1171	3.949039
1172	4.007801666666667
1173	4.031946
1174	4.026148333333333
1175	3.9927083333333333
1176	3.931868333333333
1177	3.841385
1178	3.7175643333333332
1179	3.5558183333333337
1180	3.3523099999999997
1181	3.1061126666666667
1182	2.819860333333333
1183	2.5019576666666663
1184	2.164826
1185	1.824747
1186	1.4985673333333334
1187	1.2006736666666666
1188	0.9418833333333333
1189	0.7270083333333333
1190	0.5564623333333333
1191	0.4260733333333333
1192	0.32941400000000004
1193	0.25910900000000003
1194	0.20820633333333333
1195	0.17158966666666664
1196	0.14563233333333334
1197	0.12842233333333333
1198	0.11900166666666667
1199	0.11712033333333334
1200	0.123061
1201	0.13781766666666667
1202	0.16307566666666665
1203	0.20148366666666667
1204	0.25607066666666667
1205	0.3297656666666666
1206	0.424914
1207	0.5424746666666667
1208	0.681745
1209	0.83935
1210	1.009947
1211	1.1861453333333332
1212	1.3597366666666666
1213	1.522646333333333
1214	1.6679263333333332
1215	1.791229
1216	1.8903773333333334
1217	1.9658499999999999
1218	2.019722333333333
1219	2.0553063333333332
1220	2.075830333333333
1221	2.0831723333333336
1222	2.0778376666666665
1223	2.0585363333333335
1224	2.0231756666666665
1225	1.9696226666666665
1226	1.8964616666666665
1227	1.804126333333333
1228	1.6950363333333331
1229	1.5746536666666666
1230	1.450664
1231	1.3331246666666665
1232	1.2329420000000002
1233	1.1606453333333333
1234	1.1248553333333333
1235	1.1299746666666666
1236	1.1768243333333333
1237	1.2618503333333333
1238	1.3788456666666666
1239	1.5195413333333332
1240	1.6753153333333333
1241	1.8386543333333332
1242	2.0032783333333333
1243	2.164695
1244	2.3196269999999997
1245	2.4659976666666665
1246	2.602412
1247	2.7280433333333334
1248	2.842674333333333
1249	2.947101
1250	3.043202
1251	3.134657333333333
1252	3.227796333333333
1253	3.333612666666667
1254	3.4663679999999997
1255	3.6433009999999997
1256	3.8815766666666662
1257	4.194592666666667
1258	4.587763333333333
1259	5.050832
1260	5.562024
1261	6.087779666666666
1262	6.590360666666665
1263	7.034018666666666
1264	7.391574666666667
1265	7.654165
1266	7.825479333333333
1267	7.920662666666667
1268	7.958614
1269	7.956177
1270	7.925245333333332
1271	7.868286
1272	7.7811
1273	7.652913
1274	7.469639666666666
1275	7.215662
1276	6.876468
1277	6.442281333333334
1278	5.911900666666667
1279	5.3003246666666675
1280	4.634137333333333
1281	3.9513643333333337
1282	3.2937239999999997
1283	2.700127
1284	2.2002013333333332
1285	1.8043609999999999
1286	1.509823
1287	1.3016603333333332
1288	1.1604179999999997
1289	1.0674773333333334
1290	1.0080113333333331
1291	0.9749193333333332
1292	0.9654673333333332
1293	0.9796913333333332
1294	1.01883
1295	1.0847746666666667
1296	1.1805596666666667
1297	1.3116623333333333
1298	1.4864783333333331
1299	1.7181156666666664
1300	2.0231466666666664
1301	2.421252
1302	2.9292333333333334
1303	3.5533259999999998
1304	4.288283333333333
1305	5.111838333333333
1306	5.990450999999999
1307	6.880566
1308	7.7366226666666655
1309	8.518169
1310	9.192779333333334
1311	9.742274666666667
1312	10.160691666666667
1313	10.457293333333334
1314	10.649029666666667
1315	10.756242333333333
1316	10.797423
1317	10.783632666666666
1318	10.718993000000001
1319	10.598542
1320	10.411822666666668
1321	10.144421000000001
1322	9.783217333333333
1323	9.322471333333333
1324	8.765609
1325	8.130800666666667
1326	7.446524999999999
1327	6.751328999999999
1328	6.087103666666667
1329	5.493814666666666
1330	5.005644333333333
1331	4.644684666666667
1332	4.4214063333333335
1333	4.330283
1334	4.355808
1335	4.474235666666667
1336	4.658863666666667
1337	4.883515999999999
1338	5.123154333333333
1339	5.354720666666666
1340	5.557305333333333
1341	5.71364
1342	5.811377666666667
1343	5.846650666666667
1344	5.821722666666667
1345	5.7451326666666676
1346	5.628065
1347	5.481902
1348	5.316008666666666
1349	5.134884
1350	4.939239333333332
1351	4.72568
1352	4.489038
1353	4.224001333333333
1354	3.9268726666666662
1355	3.597975666666667
1356	3.2413069999999995
1357	2.8656880000000005
1358	2.4830293333333326
1359	2.107807666666667
1360	1.754496
1361	1.4349456666666667
1362	1.1576746666666666
1363	0.9258143333333334
1364	0.7386229999999999
1365	0.5913653333333333
1366	0.4775849999999999
1367	0.39049400000000006
1368	0.3238136666666667
1369	0.27262733333333333
1370	0.23317533333333332
1371	0.20304766666666665
1372	0.18052533333333332
1373	0.164242
1374	0.15303766666666666
1375	0.14596199999999998
1376	0.14227533333333334
1377	0.14154666666666665
1378	0.14351933333333333
1379	0.14805599999999997
1380	0.15511766666666665
1381	0.16481266666666664
1382	0.17741266666666666
1383	0.19344999999999998
1384	0.21357699999999996
1385	0.238514
1386	0.26912166666666665
1387	0.30659
1388	0.3524973333333333
1389	0.409035
1390	0.4786116666666666
1391	0.563491
1392	0.6652986666666666
1393	0.784222
1394	0.9190919999999999
1395	1.0668673333333334
1396	1.2231919999999998
1397	1.3823596666666664
1398	1.5380666666666667
1399	1.6839296666666668
1400	1.814350666666667
1401	1.9256963333333332
1402	2.016059
1403	2.085686
1404	2.1360243333333333
1405	2.169277
1406	2.187647333333333
1407	2.1926650000000003
1408	2.185341333333333
1409	2.166178333333333
1410	2.135564333333333
1411	2.0942096666666665
1412	2.0437806666666667
1413	1.987968
1414	1.93193
1415	1.8822626666666666
1416	1.845581
1417	1.8270213333333332
1418	1.8292186666666665
1419	1.8503546666666664
1420	1.8858403333333333
1421	1.928993
1422	1.9728356666666662
1423	2.0117486666666666
1424	2.042073333333333
1425	2.063364
1426	2.076667333333333
1427	2.0833866666666667
1428	2.0846099999999996
1429	2.080461333333333
1430	2.0703253333333334
1431	2.052757333333333
1432	2.025632
1433	1.9859856666666666
1434	1.9305986666666666
1435	1.856555
1436	1.7622459999999998
1437	1.6490096666666665
1438	1.5212959999999998
1439	1.3879510000000002
1440	1.2595816666666664
1441	1.146486
1442	1.0572806666666665
1443	0.9968413333333334
1444	0.9667226666666666
1445	0.9642576666666667
1446	0.9850249999999999
1447	1.0244676666666666
1448	1.0785426666666666
1449	1.1443119999999998
1450	1.219588333333333
1451	1.3028113333333333
1452	1.3926783333333332
1453	1.4878926666666668
1454	1.5872716666666666
1455	1.6898883333333332
1456	1.7948989999999996
1457	1.9013833333333334
1458	2.008353333333333
1459	2.114756
1460	2.2195513333333334
1461	2.3217856666666665
1462	2.420417333333333
1463	2.5141176666666665
1464	2.6013276666666663
1465	2.6802799999999998
1466	2.7492319999999997
1467	2.806753333333333
1468	2.8517619999999995
1469	2.8837493333333333
1470	2.9027816666666664
1471	2.9097786666666665
1472	2.906268666666666
1473	2.8944326666666664
1474	2.876833333333333
1475	2.856375333333333
1476	2.8362659999999997
1477	2.8201603333333334
1478	2.812156
1479	2.8168903333333333
1480	2.838671666666667
1481	2.880397
1482	2.9434483333333334
1483	3.0269893333333333
1484	3.128678
1485	3.2447263333333334
1486	3.3706403333333332
1487	3.501588
1488	3.6326739999999997
1489	3.7591646666666665
1490	3.8767226666666663
1491	3.9818306666666663
1492	4.071667
1493	4.144280333333333
1494	4.198221666666667
1495	4.232402
1496	4.245862
1497	4.237582
1498	4.206194
1499	4.149628666666667
1500	4.065808666666666
1501	3.953460333333333
1502	3.8125876666666665
1503	3.645480666666667
1504	3.4561593333333334
1505	3.2505153333333325
1506	3.035231
1507	2.8171019999999998
1508	2.6026906666666667
1509	2.3979296666666667
1510	2.2078806666666666
1511	2.0360946666666666
1512	1.88484
1513	1.7547776666666663
1514	1.6455213333333334
1515	1.5557143333333332
1516	1.4834406666666669
1517	1.426375
1518	1.3821980000000003
1519	1.3490056666666668
1520	1.325326
1521	1.3103030000000002
1522	1.3034173333333334
1523	1.30437
1524	1.3129233333333334
1525	1.328799333333333
1526	1.3515883333333334
1527	1.3806063333333334
1528	1.4148796666666668
1529	1.4530306666666666
1530	1.4935330000000002
1531	1.534954333333333
1532	1.5761740000000002
1533	1.616704
1534	1.6562303333333332
1535	1.694258
1536	1.7301313333333332
1537	1.7631096666666668
1538	1.7925836666666668
1539	1.8183946666666668
1540	1.8407710000000002
1541	1.8604186666666664
1542	1.8782536666666667
1543	1.8952583333333333
1544	1.912511333333333
1545	1.931324
1546	1.9534153333333333
1547	1.9812406666666666
1548	2.0176496666666663
1549	2.0656976666666664
1550	2.1285356666666666
1551	2.2093456666666667
1552	2.311195333333333
1553	2.4367856666666667
1554	2.5881133333333333
1555	2.765668
1556	2.967810333333333
1557	3.189155333333333
1558	3.421444333333333
1559	3.6533636666666665
1560	3.8730406666666664
1561	4.070366666666667
1562	4.237658
1563	4.371204
1564	4.469896666666665
1565	4.534946000000001
1566	4.568370333333332
1567	4.5720426666666665
1568	4.547635
1569	4.496607666666667
1570	4.419899999999999
1571	4.317426666666667
1572	4.188342666666666
1573	4.031135666666667
1574	3.8446999999999996
1575	3.6297273333333333
1576	3.3892176666666662
1577	3.1299536666666667
1578	2.861245666666666
1579	2.594568333333333
1580	2.3411459999999993
1581	2.1094486666666663
1582	1.9051993333333335
1583	1.7303586666666664
1584	1.5844849999999997
1585	1.465034
1586	1.3686146666666668
1587	1.2917043333333336
1588	1.2307993333333331
1589	1.1824853333333332
1590	1.143768333333333
1591	1.112571
1592	1.087513
1593	1.0679123333333334
1594	1.0532869999999999
1595	1.042937
1596	1.0359286666666667
1597	1.031007
1598	1.0268576666666667
1599	1.0223493333333333
1600	1.0167453333333332
1601	1.010032
1602	1.0025543333333333
1603	0.9947653333333332
1604	0.987086
1605	0.9797523333333333
1606	0.9728663333333334
1607	0.9663636666666665
1608	0.9600410000000001
1609	0.9534836666666666
1610	0.9461503333333333
1611	0.937378
1612	0.9265703333333333
1613	0.9133903333333333
1614	0.8977883333333334
1615	0.8801326666666666
1616	0.8611356666666666
1617	0.8419203333333334
1618	0.8238796666666668
1619	0.8086246666666667
1620	0.797773
1621	0.7926963333333332
1622	0.7944403333333334
1623	0.8035009999999999
1624	0.8200393333333332
1625	0.843925
1626	0.8746966666666668
1627	0.911335
1628	0.9523876666666666
1629	0.9959056666666667
1630	1.039706
1631	1.0815363333333332
1632	1.119319
1633	1.15146
1634	1.1767866666666666
1635	1.1946559999999997
1636	1.2047393333333332
1637	1.2069633333333334
1638	1.201399
1639	1.1882489999999999
1640	1.1677706666666667
1641	1.1402590000000001
1642	1.105987
1643	1.0651659999999998
1644	1.0179026666666666
1645	0.9641653333333333
1646	0.9040493333333333
1647	0.8381516666666665
1648	0.7676133333333333
1649	0.6943849999999999
1650	0.6208333333333333
1651	0.5495193333333332
1652	0.4828013333333333
1653	0.42237566666666665
1654	0.369328
1655	0.3239353333333333
1656	0.28597700000000004
1657	0.25480499999999995
1658	0.22956900000000002
1659	0.209311
1660	0.19307399999999997
1661	0.17994999999999997
1662	0.16912866666666668
1663	0.15992966666666666
1664	0.151813
1665	0.14439966666666665
1666	0.1374733333333333
1667	0.13099433333333332
1668	0.12503966666666666
1669	0.11973433333333333
1670	0.11519466666666665
1671	0.11141333333333334
1672	0.10824699999999998
1673	0.10532633333333333
1674	0.10225733333333333
1675	0.098788
1676	0.09483566666666667
1677	0.09053599999999999
1678	0.08611733333333334
1679	0.08177466666666666
1680	0.077654
1681	0.07381
1682	0.07028033333333333
1683	0.067117
1684	0.064382
1685	0.062101666666666666
1686	0.06026833333333333
1687	0.058796
1688	0.057561666666666664
1689	0.05639166666666667
1690	0.055131
1691	0.05368266666666666
1692	0.05209333333333334
1693	0.050629
1694	0.04958833333333333
1695	0.049064666666666666
1696	0.04900166666666666
1697	0.04914466666666667
1698	0.049228
1699	0.04909666666666666
1700	0.04874866666666667
1701	0.048340333333333325
1702	0.04804833333333333
1703	0.04788766666666666
1704	0.04782133333333333
1705	0.047816
1706	0.04786133333333334
1707	0.04796266666666666
1708	0.04812433333333333
1709	0.04833766666666666
1710	0.048612666666666665
1711	0.049021
1712	0.049624
1713	0.05041
1714	0.051316666666666656
1715	0.052271333333333336
1716	0.05320366666666666
1717	0.054106666666666664
1718	0.05498433333333333
1719	0.05585533333333333
1720	0.05671233333333334
1721	0.057543000000000004
1722	0.05834666666666666
1723	0.05921733333333333
1724	0.06022066666666667
1725	0.061323666666666665
1726	0.062426333333333334
1727	0.06342533333333333
1728	0.06426033333333334
1729	0.06499966666666666
1730	0.065724
1731	0.06644766666666667
1732	0.067106
1733	0.06756333333333332
1734	0.06771566666666666
1735	0.067617
1736	0.06743433333333333
1737	0.067412
1738	0.06771066666666667
1739	0.06821333333333333
1740	0.06867000000000001
1741	0.06880233333333333
1742	0.06841533333333333
1743	0.06751499999999999
1744	0.06625133333333333
1745	0.06489733333333333
1746	0.06370766666666666
1747	0.06278
1748	0.06211366666666666
1749	0.061639
1750	0.06129533333333333
1751	0.061099333333333325
1752	0.06111933333333333
1753	0.061445
1754	0.06213933333333333
1755	0.06316866666666666
1756	0.06442133333333333
1757	0.065703
1758	0.06688433333333332
1759	0.06805433333333333
1760	0.06938133333333334
1761	0.070982
1762	0.07288533333333333
1763	0.07496966666666667
1764	0.07705
1765	0.078937
1766	0.08051599999999999
1767	0.08182566666666666
1768	0.08294966666666664
1769	0.083911
1770	0.08468533333333332
1771	0.085197
1772	0.08540766666666666
1773	0.08541266666666666
1774	0.085401
1775	0.08562666666666667
1776	0.086269
1777	0.08725633333333332
1778	0.08834366666666665
1779	0.08913533333333333
1780	0.08927566666666667
1781	0.088641
1782	0.08733866666666666
1783	0.08574966666666667
1784	0.084311
1785	0.08329433333333333
1786	0.08282499999999998
1787	0.08283466666666667
1788	0.08317166666666667
1789	0.083626
1790	0.08395566666666668
