610	3.6384546666666666
611	3.7571666666666665
612	3.8754673333333334
613	3.9778486666666666
614	4.055586666666667
615	4.109907333333333
616	4.149540666666667
617	4.191066999999999
618	4.251676
619	4.3418443333333325
620	4.462756000000001
621	4.600829
622	4.7374
623	4.856902666666667
624	4.951229666666666
625	5.025875999999999
626	5.090673
627	5.151962333333333
628	5.2114096666666665
629	5.264119333333333
630	5.304500333333334
631	5.331957666666667
632	5.350498666666667
633	5.369317666666666
634	5.396832666666667
635	5.434661999999999
636	5.480797666666666
637	5.531994666666665
638	5.586729
639	5.648083333333332
640	5.718768
641	5.795809999999999
642	5.872651333333334
643	5.940439333333333
644	5.9915373333333335
645	6.023205999999998
646	6.035492333333332
647	6.03004
648	6.009297
649	5.976437666666666
650	5.936226333333333
651	5.896152666666667
652	5.862175333333332
653	5.833591666666667
654	5.804474999999999
655	5.763478666666667
656	5.698425
657	5.600656
658	5.466707333333334
659	5.301988999999999
660	5.118549666666667
661	4.935056666666666
662	4.7694833333333335
663	4.631529666666666
664	4.523414333333333
665	4.438611333333333
666	4.369691666666666
667	4.315268
668	4.275990333333333
669	4.250300999999999
670	4.231478999999999
671	4.203724666666667
672	4.151829333333333
673	4.071577666666666
674	3.968581333333333
675	3.859707333333333
676	3.762265999999999
677	3.6835286666666662
678	3.6225896666666664
679	3.570111666666666
680	3.5155456666666662
681	3.453582333333333
682	3.383208666666666
683	3.3078519999999996
684	3.2322296666666666
685	3.1597246666666665
686	3.091025333333333
687	3.0222436666666663
688	2.9494439999999993
689	2.8734406666666663
690	2.7999546666666664
691	2.7408623333333333
692	2.7069159999999997
693	2.6999039999999996
694	2.714289666666666
695	2.737021333333333
696	2.755991
697	2.768670666666666
698	2.779201333333333
699	2.7972316666666663
700	2.8319769999999997
701	2.8863226666666666
702	2.9575036666666663
703	3.036059
704	3.110127666666666
705	3.168997333333333
706	3.206079333333333
707	3.2231713333333327
708	3.226092333333333
709	3.2214376666666666
710	3.2121449999999996
711	3.1923516666666663
712	3.1533806666666666
713	3.089691333333333
714	3.004471666666667
715	2.9178343333333325
716	2.8559506666666667
717	2.8411343333333328
718	2.8823559999999997
719	2.961673
720	3.0490109999999997
721	3.1135866666666665
722	3.1353306666666665
723	3.1192983333333326
724	3.0851923333333335
725	3.0613306666666666
726	3.0716539999999997
727	3.1222376666666665
728	3.2094446666666663
729	3.3256183333333333
730	3.4674436666666666
731	3.644683333333333
732	3.8715086666666663
733	4.158025666666666
734	4.503247999999999
735	4.884540666666667
736	5.2694123333333325
737	5.625051999999999
738	5.932022666666667
739	6.202471666666666
740	6.468387
741	6.775645333333333
742	7.164002999999999
743	7.6451103333333315
744	8.207787
745	8.816016333333334
746	9.427845333333334
747	10.011383333333333
748	10.546684666666666
749	11.030514333333333
750	11.465121
751	11.849465333333333
752	12.179522
753	12.448838666666667
754	12.653602
755	12.798513999999999
756	12.892273
757	12.944170666666665
758	12.961504666666665
759	12.946394
760	12.895978333333332
761	12.801107666666667
762	12.652288666666665
763	12.445578333333332
764	12.182077333333332
765	11.869138999999999
766	11.517926333333332
767	11.142537666666666
768	10.756812333333333
769	10.370955
770	9.990276333333332
771	9.612171333333333
772	9.229762
773	8.834246333333333
774	8.419687999999999
775	7.988946333333333
776	7.552505333333334
777	7.12941
778	6.7374186666666676
779	6.382402333333333
780	6.058999333333333
781	5.748065666666666
782	5.428491
783	5.088378666666666
784	4.725831
785	4.352715333333332
786	3.9865573333333337
787	3.644607666666667
788	3.3400573333333328
789	3.077447
790	2.8573090000000003
791	2.6793856666666667
792	2.5442103333333335
793	2.4541339999999994
794	2.409679333333333
795	2.404992666666667
796	2.430017666666666
797	2.4716233333333335
798	2.518671666666666
799	2.5679826666666665
800	2.623926
801	2.700554666666666
802	2.81525
803	2.9835846666666663
804	3.2167909999999997
805	3.517646666666667
806	3.8817996666666668
807	4.296368999999999
808	4.745531999999999
809	5.215010333333333
810	5.694924333333332
811	6.183892999999999
812	6.684788666666666
813	7.201749666666666
814	7.7361699999999995
815	8.281972
816	8.828596
817	9.362532666666667
818	9.870510666666666
819	10.342409666666665
820	10.770205666666666
821	11.147327666666666
822	11.466346999999999
823	11.716656333333331
824	11.887490666666665
825	11.971325666666665
826	11.965199333333333
827	11.873563
828	11.704354666666665
829	11.466597333333333
830	11.170182333333331
831	10.826584666666665
832	10.449750666666667
833	10.057897666666667
834	9.670949
835	9.307834333333334
836	8.980903
837	8.687903666666665
838	8.418817
839	8.160197
840	7.900876999999999
841	7.637998333333332
842	7.3744706666666655
843	7.118105666666667
844	6.8761209999999995
845	6.649874999999999
846	6.437680333333333
847	6.237165999999998
848	6.0487839999999995
849	5.879707
850	5.737393
851	5.622708333333333
852	5.529331666666667
853	5.440742666666666
854	5.334975666666666
855	5.188039999999999
856	4.983189333333334
857	4.7232069999999995
858	4.425950666666666
859	4.124667
860	3.853368333333333
861	3.632579
862	3.469270333333333
863	3.352905
864	3.2682986666666665
865	3.2066146666666664
866	3.167142666666667
867	3.1604783333333333
868	3.1970646666666664
869	3.275604333333333
870	3.3862176666666666
871	3.5117586666666663
872	3.6378563333333327
873	3.7640566666666664
874	3.902021666666666
875	4.077008666666666
876	4.313724333333333
877	4.621403
878	4.992123
879	5.393963666666666
880	5.788738333333334
881	6.1476939999999995
882	6.455679666666667
883	6.718756666666666
884	6.949850333333333
885	7.156717666666666
886	7.3386406666666675
887	7.481400333333332
888	7.567402999999999
889	7.5849269999999995
890	7.530675666666667
891	7.414668666666667
892	7.252374666666666
893	7.058625333333333
894	6.8432873333333335
895	6.6059149999999995
896	6.342506333333333
897	6.051360666666667
898	5.735882666666667
899	5.408488666666667
900	5.084027666666666
901	4.773577666666666
902	4.481636
903	4.201652333333333
904	3.9248959999999995
905	3.6491016666666662
906	3.3814059999999997
907	3.1440173333333328
908	2.9646486666666663
909	2.8681306666666666
910	2.8686059999999998
911	2.957844333333333
912	3.112708
913	3.2978376666666667
914	3.48037
915	3.645427333333333
916	3.794415999999999
917	3.9480326666666663
918	4.129725666666666
919	4.350613333333333
920	4.611682666666667
921	4.903815
922	5.217916333333333
923	5.554775666666666
924	5.923076333333333
925	6.338875666666666
926	6.814285666666667
927	7.344394666666666
928	7.910395
929	8.47907
930	9.020010000000001
931	9.523867
932	9.998052333333332
933	10.466795333333332
934	10.953092666666667
935	11.460060333333333
936	11.971912
937	12.449821999999998
938	12.853183333333334
939	13.160185666666665
940	13.366147999999999
941	13.486602999999999
942	13.542604333333331
943	13.548735999999998
944	13.512883666666665
945	13.434320333333332
946	13.306480999999998
947	13.117985666666666
948	12.861493999999999
949	12.544198333333334
950	12.183860333333332
951	11.807697999999998
952	11.440458333333332
953	11.091794333333333
954	10.760029
955	10.432878666666666
956	10.098660333333333
957	9.75701
958	9.413577666666669
959	9.075920333333332
960	8.748377000000001
961	8.427083
962	8.109641333333334
963	7.805107666666667
964	7.525317333333334
965	7.276340666666666
966	7.058307999999999
967	6.863695666666665
968	6.681780333333332
969	6.5014096666666665
970	6.310329333333333
971	6.093987
972	5.839083999999999
973	5.538774333333333
974	5.198109999999999
975	4.843532
976	4.508997333333333
977	4.224175333333333
978	4.0086293333333325
979	3.8632446666666667
980	3.779963333333333
981	3.747835666666666
982	3.7547569999999997
983	3.787839333333333
984	3.8347226666666665
985	3.885228
986	3.9321
987	3.972961333333333
988	4.0088013333333326
989	4.043730666666667
990	4.0823833333333335
991	4.127905999999999
992	4.183723666666666
993	4.2549486666666665
994	4.342683999999999
995	4.4367253333333325
996	4.521653333333333
997	4.581513
998	4.603281999999999
999	4.581422333333333
1000	4.518122
1001	4.426348333333333
1002	4.322947
1003	4.223110999999999
1004	4.137311666666666
1005	4.067022
1006	4.009368333333334
1007	3.960260666666666
1008	3.9167656666666666
1009	3.8794573333333333
1010	3.8507203333333333
1011	3.8332363333333337
1012	3.8262063333333334
1013	3.820812666666667
1014	3.8071186666666668
1015	3.7809643333333334
1016	3.743699333333333
1017	3.7036843333333334
1018	3.673425333333333
1019	3.667812666666667
1020	3.696761333333334
1021	3.755652
1022	3.8280959999999995
1023	3.8853886666666666
1024	3.9009566666666666
1025	3.8657326666666667
1026	3.7858016666666665
1027	3.6842116666666667
1028	3.585079666666667
1029	3.498293333333333
1030	3.421342333333333
1031	3.3382189999999996
1032	3.233330666666667
1033	3.1053906666666666
1034	2.964672666666667
1035	2.8331416666666667
1036	2.7325683333333335
1037	2.6728343333333333
1038	2.6544986666666666
1039	2.6687103333333333
1040	2.7044853333333334
1041	2.7549339999999995
1042	2.8185393333333333
1043	2.9015669999999996
1044	3.0109223333333333
1045	3.146870333333333
1046	3.302162666666667
1047	3.4595366666666667
1048	3.6032666666666664
1049	3.731515666666666
1050	3.853435666666667
1051	3.989095
1052	4.157792333333333
1053	4.365764333333333
1054	4.605099666666666
1055	4.8484929999999995
1056	5.064538
1057	5.231973333333333
1058	5.343574333333333
1059	5.413999666666667
1060	5.465550666666666
1061	5.516525666666666
1062	5.576567333333332
1063	5.639990333333333
1064	5.694422999999999
1065	5.727441000000001
1066	5.732302666666666
1067	5.714709666666667
1068	5.683605
1069	5.6431293333333326
1070	5.594147999999999
1071	5.535534333333333
1072	5.467178
1073	5.393068666666667
1074	5.318727666666667
1075	5.248862
1076	5.1854363333333335
1077	5.124895666666665
1078	5.060465666666666
1079	4.983656
1080	4.888543
1081	4.777161
1082	4.6582669999999995
1083	4.548231
1084	4.464094333333333
1085	4.41673
1086	4.409382666666667
1087	4.434115666666666
1088	4.480438666666666
1089	4.542647666666666
1090	4.617043
1091	4.699198
1092	4.783197333333333
1093	4.86131
1094	4.92984
1095	4.996442
1096	5.073629666666666
1097	5.173030333333333
1098	5.298161666666667
1099	5.435286666666667
1100	5.566330333333333
1101	5.680923666666667
1102	5.778302666666667
1103	5.871565333333333
1104	5.977714
1105	6.108927333333332
1106	6.269769666666667
1107	6.452471333333333
1108	6.645194999999999
1109	6.838711666666667
1110	7.026998666666666
1111	7.2084909999999995
1112	7.384733666666666
1113	7.559919
1114	7.735942333333333
1115	7.907043666666667
1116	8.065600666666667
1117	8.208111333333333
1118	8.338703666666666
1119	8.474445000000001
1120	8.633395
1121	8.822319666666665
1122	9.035546666666667
1123	9.250170666666666
1124	9.437921666666666
1125	9.575502666666665
1126	9.650509
1127	9.670257666666668
1128	9.648771333333332
1129	9.596264999999999
1130	9.518480666666665
1131	9.415628333333332
1132	9.286926999999999
1133	9.134928333333333
1134	8.966896333333333
1135	8.797315333333334
1136	8.641237
1137	8.507200666666666
1138	8.394290666666667
1139	8.286121333333334
1140	8.159859333333333
1141	7.993295
1142	7.7708406666666665
1143	7.491907333333333
1144	7.167936666666666
1145	6.823769333333332
1146	6.487966333333333
1147	6.184647666666667
1148	5.930436333333333
1149	5.728956666666666
1150	5.575505333333334
1151	5.458322999999999
1152	5.362465666666667
1153	5.271978333333333
1154	5.171937
1155	5.050951666666666
1156	4.902359333333333
1157	4.727704999999999
1158	4.536276
1159	4.347637
1160	4.184976666666667
1161	4.069622333333333
1162	4.016957333333333
1163	4.030034666666666
1164	4.101449666666666
1165	4.211136333333333
1166	4.333048333333332
1167	4.439848
1168	4.510419
1169	4.539622333333333
1170	4.533412333333333
1171	4.507864666666666
1172	4.481527
1173	4.469040000000001
1174	4.478716666666666
1175	4.508589333333333
1176	4.55419
1177	4.615396666666666
1178	4.695606
1179	4.800999
1180	4.933797666666667
1181	5.084137666666667
1182	5.235353666666667
1183	5.3676276666666665
1184	5.465362333333333
1185	5.525832333333333
1186	5.554545666666667
1187	5.563176333333333
1188	5.562912666666667
1189	5.5584196666666665
1190	5.551632
1191	5.544677666666667
1192	5.5382913333333335
1193	5.52928
1194	5.511956333333333
1195	5.478882333333333
1196	5.422982333333333
1197	5.339935666666666
1198	5.228892333333333
1199	5.094338666666667
1200	4.942019666666666
1201	4.7754726666666665
1202	4.596591999999999
1203	4.4060033333333335
1204	4.204398666666666
1205	3.994165333333333
1206	3.781141666666666
1207	3.5774823333333328
1208	3.396857
1209	3.249719
1210	3.140316333333333
1211	3.061952
1212	3.004527
1213	2.9609829999999997
1214	2.928234666666666
1215	2.9086353333333337
1216	2.904115
1217	2.910064666666667
1218	2.9165079999999994
1219	2.9082803333333334
1220	2.873331
1221	2.8120950000000002
1222	2.7326716666666666
1223	2.6483296666666667
1224	2.5726346666666666
1225	2.5149296666666663
1226	2.479343666666666
1227	2.462026
1228	2.4552329999999998
1229	2.450051666666667
1230	2.4397546666666665
1231	2.4236616666666664
1232	2.4047086666666666
1233	2.388109666666667
1234	2.3783849999999997
1235	2.3761253333333334
1236	2.3776426666666666
1237	2.3734546666666665
1238	2.3541886666666665
1239	2.3167736666666663
1240	2.2645956666666667
1241	2.2097206666666667
1242	2.167718333333333
1243	2.153455666666667
1244	2.175995
1245	2.2315169999999998
1246	2.3084303333333334
1247	2.389930666666667
1248	2.4601776666666666
1249	2.510625666666667
1250	2.5398490000000002
1251	2.5557846666666664
1252	2.570596666666667
1253	2.597172666666667
1254	2.6460836666666667
1255	2.7222553333333335
1256	2.8288703333333336
1257	2.9703626666666665
1258	3.149750333333333
1259	3.3647416666666663
1260	3.607841333333333
1261	3.8642416666666657
1262	4.113258333333333
1263	4.328282
1264	4.487715666666666
1265	4.588413666666666
1266	4.642947666666665
1267	4.681670666666666
1268	4.736640333333333
1269	4.825917
1270	4.951232
1271	5.0906373333333335
1272	5.2128223333333334
1273	5.288543333333332
1274	5.300191333333332
1275	5.2543716666666676
1276	5.16745
1277	5.0543716666666665
1278	4.924756999999999
1279	4.778526
1280	4.612433333333333
1281	4.426134333333333
1282	4.226932
1283	4.0363636666666665
1284	3.8783329999999996
1285	3.7671786666666667
1286	3.704177333333333
1287	3.6702736666666667
1288	3.6399023333333327
1289	3.5927046666666667
1290	3.517506666666667
1291	3.4188626666666666
1292	3.3099493333333334
1293	3.2085686666666664
1294	3.130986
1295	3.0860689999999993
1296	3.0796249999999996
1297	3.1175429999999995
1298	3.2038293333333328
1299	3.3376346666666663
1300	3.5168019999999993
1301	3.7408739999999994
1302	4.009415333333333
1303	4.319833333333333
1304	4.666581666666667
1305	5.040080666666666
1306	5.434165
1307	5.855222666666666
1308	6.3190936666666655
1309	6.850384
1310	7.470492999999999
1311	8.183778333333333
1312	8.976488333333332
1313	9.810082
1314	10.640353666666666
1315	11.434514999999998
1316	12.172657000000001
1317	12.852794666666666
1318	13.481284333333333
1319	14.066374666666666
1320	14.611726666666666
1321	15.109200333333334
1322	15.545642666666666
1323	15.908222666666665
1324	16.18713066666667
1325	16.378818
1326	16.48302933333333
1327	16.501072333333333
1328	16.434510333333336
1329	16.284401666666668
1330	16.052347333333334
1331	15.742610333333333
1332	15.366633333333333
1333	14.949944999999998
1334	14.522274666666664
1335	14.108717999999998
1336	13.727150333333332
1337	13.383802666666666
1338	13.080477333333334
1339	12.820332
1340	12.611110666666669
1341	12.469013666666665
1342	12.410468
1343	12.443387999999999
1344	12.566575666666667
1345	12.766260666666664
1346	13.023863
1347	13.321434666666667
1348	13.641250666666668
1349	13.964630666666668
1350	14.271046666666667
1351	14.537127666666665
1352	14.742044333333334
1353	14.87426
1354	14.929865
1355	14.913622
1356	14.834152
1357	14.700447333333333
1358	14.516735666666666
1359	14.275897
1360	13.964996666666664
1361	13.569164
1362	13.076872999999999
1363	12.486972333333332
1364	11.811580666666666
1365	11.083339333333333
1366	10.340013333333335
1367	9.610683333333332
1368	8.913820000000001
1369	8.252876666666667
1370	7.627760333333334
1371	7.044593999999999
1372	6.513858
1373	6.048536333333333
1374	5.656810666666666
1375	5.333275666666665
1376	5.066204333333333
1377	4.843729000000001
1378	4.662835333333333
1379	4.540579
1380	4.5003443333333335
1381	4.5596266666666665
1382	4.726432666666667
1383	4.992555666666666
1384	5.337155666666667
1385	5.725929666666666
1386	6.123683333333333
1387	6.506976999999999
1388	6.866933333333333
1389	7.216763333333332
1390	7.578788
1391	7.974728666666666
1392	8.419189
1393	8.911625333333333
1394	9.443908
1395	10.005268333333332
1396	10.585753666666665
1397	11.178656333333333
1398	11.774599666666665
1399	12.354860666666665
1400	12.898836666666664
1401	13.391932333333333
1402	13.829209999999998
1403	14.221486333333335
1404	14.581758999999998
1405	14.912119666666666
1406	15.204733999999998
1407	15.440498666666667
1408	15.599669333333333
1409	15.672174
1410	15.656867333333333
1411	15.563202
1412	15.402953666666665
1413	15.183466333333332
1414	14.910958666666666
1415	14.594175333333332
1416	14.244904000000002
1417	13.878670666666666
1418	13.507849
1419	13.133377333333334
1420	12.748711666666665
1421	12.341363
1422	11.897949333333331
1423	11.409433666666667
1424	10.877779999999998
1425	10.326631333333333
1426	9.790976999999998
1427	9.310293999999999
1428	8.918416666666666
1429	8.632282
1430	8.460026
1431	8.405976666666666
1432	8.473146333333332
1433	8.66329
1434	8.970426
1435	9.370505333333334
1436	9.825761333333332
1437	10.285507666666668
1438	10.706018666666665
1439	11.072907666666667
1440	11.391584666666667
1441	11.683776
1442	11.973087666666665
1443	12.272163333333333
1444	12.582798666666667
1445	12.893075666666666
1446	13.186852
1447	13.451621
1448	13.680916666666667
1449	13.877678333333332
1450	14.044429999999998
1451	14.173799666666666
1452	14.255732666666665
1453	14.285153333333334
1454	14.266095666666665
1455	14.218879666666666
1456	14.17235033333333
1457	14.158216333333334
1458	14.198637666666665
1459	14.290691999999998
1460	14.416957333333333
1461	14.551679666666665
1462	14.672282999999998
1463	14.770854999999997
1464	14.847401999999999
1465	14.905149999999997
1466	14.944763999999997
1467	14.95809833333333
1468	14.930565666666665
1469	14.842026999999998
1470	14.676105
1471	14.430426333333333
1472	14.109133666666665
1473	13.717177999999999
1474	13.257237333333332
1475	12.726902333333333
1476	12.124233333333333
1477	11.454186666666665
1478	10.730287333333333
1479	9.979002666666666
1480	9.231111333333333
1481	8.514275666666666
1482	7.848954999999999
1483	7.242274666666667
1484	6.695496666666665
1485	6.209021333333332
1486	5.782741000000001
1487	5.415266999999999
1488	5.103287666666667
1489	4.840128333333333
1490	4.617150333333334
1491	4.424702333333333
1492	4.255357666666667
1493	4.107994333333333
1494	3.985535666666667
1495	3.893814666666666
1496	3.837105666666667
1497	3.813184333333333
1498	3.814985
1499	3.830733
1500	3.847589333333333
1501	3.8548306666666665
1502	3.844835
1503	3.815163333333333
1504	3.766742666666666
1505	3.7035
1506	3.6308556666666663
1507	3.5550309999999996
1508	3.4823449999999996
1509	3.4189109999999996
1510	3.3724986666666665
1511	3.3544626666666666
1512	3.373566333333333
1513	3.4282033333333333
1514	3.507895
1515	3.5920003333333335
1516	3.658344
1517	3.691472333333333
1518	3.685224666666667
1519	3.6481536666666665
1520	3.5948400000000005
1521	3.5394343333333333
1522	3.4928656666666664
1523	3.459430333333333
1524	3.4391456666666667
1525	3.428558333333333
1526	3.4238473333333332
1527	3.423607
1528	3.429001
1529	3.4441983333333335
1530	3.4709966666666667
1531	3.502493666666666
1532	3.526515666666666
1533	3.5279443333333336
1534	3.495915
1535	3.4326026666666665
1536	3.3497396666666663
1537	3.2677786666666666
1538	3.204999666666667
1539	3.1662960000000004
1540	3.1487336666666668
1541	3.1449036666666665
1542	3.1475333333333335
1543	3.153599666666666
1544	3.1637763333333333
1545	3.182740333333333
1546	3.214776
1547	3.2591783333333337
1548	3.3109563333333334
1549	3.3602273333333335
1550	3.395834333333333
1551	3.408773
1552	3.3955676666666665
1553	3.3636713333333335
1554	3.327192
1555	3.304656666666666
1556	3.3123609999999997
1557	3.356908666666666
1558	3.436503333333333
1559	3.539502333333333
1560	3.6517133333333334
1561	3.7624456666666664
1562	3.8648436666666663
1563	3.9571123333333325
1564	4.039659
1565	4.113318999999999
1566	4.179484333333333
1567	4.2408459999999994
1568	4.30187
1569	4.369892999999999
1570	4.453147333333333
1571	4.558828333333333
1572	4.690809999999999
1573	4.846043333333333
1574	5.0164789999999995
1575	5.189253999999999
1576	5.350618333333333
1577	5.490196333333333
1578	5.606696666666666
1579	5.716458666666666
1580	5.840854666666666
1581	5.9949466666666655
1582	6.1843509999999995
1583	6.399529666666666
1584	6.623908333333333
1585	6.839710333333333
1586	7.034008
1587	7.205821333333334
1588	7.359417666666666
1589	7.4995683333333325
1590	7.630946333333333
1591	7.758451333333333
1592	7.889036333333332
1593	8.033893666666668
1594	8.202729666666666
1595	8.397172666666666
1596	8.612449999999999
1597	8.836945666666667
1598	9.056105666666667
1599	9.255189666666666
1600	9.422283333333333
1601	9.552395666666667
1602	9.646185333333332
1603	9.710925333333332
1604	9.757327
1605	9.797612666666668
1606	9.841136333333333
1607	9.889394
1608	9.940967999999998
1609	9.995369666666665
1610	10.051625999999999
1611	10.105907333333333
1612	10.150229666666664
1613	10.170554999999998
1614	10.156459333333332
1615	10.112620333333332
1616	10.054939
1617	10.009660666666665
1618	10.000752333333331
1619	10.036080333333333
1620	10.107026333333334
1621	10.183654666666666
1622	10.235582333333332
1623	10.252527333333333
1624	10.239040333333332
1625	10.213261333333332
1626	10.196442333333334
1627	10.203634000000001
1628	10.238240333333334
1629	10.283318999999999
1630	10.316117666666667
1631	10.321053333333335
1632	10.293403666666663
1633	10.245307999999998
1634	10.191613666666665
1635	10.136848333333333
1636	10.078424999999998
1637	10.008578333333332
1638	9.920944333333335
1639	9.817633666666666
1640	9.708974999999999
1641	9.615036333333332
1642	9.552082666666665
1643	9.517889666666665
1644	9.500214666666666
1645	9.482384000000001
1646	9.448203333333334
1647	9.38663
1648	9.293427333333334
1649	9.175143666666667
1650	9.042506333333332
1651	8.905450333333333
1652	8.771507333333332
1653	8.644173666666665
1654	8.526994333333334
1655	8.427312666666667
1656	8.351642
1657	8.300150666666665
1658	8.267087666666667
1659	8.239709666666666
1660	8.205498
1661	8.159472666666666
1662	8.102418666666667
1663	8.04066
1664	7.980528999999999
1665	7.923245666666666
1666	7.866968666666667
1667	7.808204333333333
1668	7.744095333333334
1669	7.674691
1670	7.601410666666666
1671	7.52599
1672	7.450393333333333
1673	7.3767553333333336
1674	7.305531
1675	7.2328980000000005
1676	7.152243666666666
1677	7.055092666666668
1678	6.935963
1679	6.797955666666668
1680	6.647146666666666
1681	6.487736000000001
1682	6.321468333333334
1683	6.147199666666666
1684	5.967404666666667
1685	5.795252666666666
1686	5.644131
1687	5.517025
1688	5.412079666666666
1689	5.326725333333333
1690	5.256624
1691	5.193931666666666
1692	5.133903999999999
1693	5.0819659999999995
1694	5.042974999999998
1695	5.010407666666666
1696	4.975224333333332
1697	4.934334
1698	4.887060666666667
1699	4.832312
1700	4.772412666666666
1701	4.718067666666666
1702	4.679919999999999
1703	4.659685666666666
1704	4.652614666666667
1705	4.64844
1706	4.637944666666666
1707	4.619355666666667
1708	4.593974
1709	4.562386
1710	4.522835333333333
1711	4.469404666666667
1712	4.396504666666667
1713	4.304157666666667
1714	4.200718999999999
1715	4.1072223333333335
1716	4.0410303333333335
1717	3.998119
1718	3.9628293333333335
1719	3.9150036666666663
1720	3.840595
1721	3.7439349999999996
1722	3.642051333333333
1723	3.5619396666666665
1724	3.5226896666666665
1725	3.5154119999999995
1726	3.516772
1727	3.4992529999999995
1728	3.445972666666667
1729	3.368295333333333
1730	3.2931019999999998
1731	3.2539016666666667
1732	3.273209
1733	3.3418336666666666
1734	3.432284666666667
1735	3.5072506666666663
1736	3.5375163333333335
1737	3.5217546666666664
1738	3.4756513333333334
1739	3.4257409999999995
1740	3.3941483333333338
1741	3.3831196666666665
1742	3.385065333333333
1743	3.3900099999999993
1744	3.3912669999999996
1745	3.3912739999999997
1746	3.397001
1747	3.415831
1748	3.4467220000000003
1749	3.4697113333333336
1750	3.464100333333333
1751	3.4267826666666665
1752	3.365934333333333
1753	3.297614333333333
1754	3.2394346666666665
1755	3.2050799999999997
1756	3.2006663333333334
1757	3.2190923333333337
1758	3.250695333333333
1759	3.2925006666666663
1760	3.342758666666666
1761	3.3948663333333338
1762	3.4371339999999995
1763	3.4519363333333333
1764	3.4254379999999998
1765	3.3591996666666666
1766	3.2670353333333333
1767	3.1755999999999993
1768	3.1127436666666664
1769	3.0958143333333332
1770	3.1266859999999994
1771	3.182038333333333
1772	3.229853666666666
1773	3.243491666666666
1774	3.2093993333333333
1775	3.138651666666666
1776	3.0551709999999996
1777	2.987646666666666
1778	2.9554709999999997
1779	2.9523159999999997
1780	2.9587759999999994
1781	2.9515399999999996
1782	2.9151179999999997
1783	2.8550639999999996
1784	2.7865759999999997
1785	2.7257583333333333
1786	2.683148
1787	2.6563133333333333
1788	2.6371076666666666
1789	2.6168723333333332
1790	2.5877296666666667
