610	2.550757
611	2.5433660000000002
612	2.533972
613	2.5205176666666667
614	2.5016873333333334
615	2.4778226666666665
616	2.45098
617	2.4256286666666664
618	2.407141333333333
619	2.4003656666666666
620	2.407116
621	2.4226336666666666
622	2.438955333333333
623	2.447455333333333
624	2.442337
625	2.4248756666666664
626	2.399969666666667
627	2.373803333333333
628	2.351596666666667
629	2.3352913333333327
630	2.3248303333333333
631	2.318816333333333
632	2.31615
633	2.317527
634	2.3242789999999998
635	2.3371676666666668
636	2.355380666666667
637	2.3749846666666663
638	2.3905336666666663
639	2.3962639999999995
640	2.3880989999999995
641	2.366257666666667
642	2.334364
643	2.2995326666666664
644	2.2685746666666664
645	2.2439856666666667
646	2.224143
647	2.2022880000000002
648	2.170846666666667
649	2.1254786666666665
650	2.065767
651	1.9969533333333331
652	1.9258883333333332
653	1.8574943333333334
654	1.7939299999999998
655	1.7331646666666667
656	1.6725939999999997
657	1.6125256666666667
658	1.5563999999999998
659	1.5117353333333332
660	1.4864166666666667
661	1.4848146666666664
662	1.5063846666666667
663	1.5426296666666668
664	1.5817299999999999
665	1.6121613333333333
666	1.6260809999999997
667	1.6237786666666667
668	1.610284
669	1.5934616666666666
670	1.5802483333333333
671	1.572866
672	1.5708790000000001
673	1.5723969999999998
674	1.5754426666666665
675	1.5788673333333334
676	1.5813059999999999
677	1.579856
678	1.5705063333333333
679	1.5483469999999997
680	1.5097093333333333
681	1.4548696666666665
682	1.3877306666666664
683	1.3167416666666667
684	1.252218
685	1.2042383333333333
686	1.180614
687	1.1839476666666666
688	1.2125466666666667
689	1.2597283333333333
690	1.3170833333333332
691	1.3768206666666667
692	1.4317933333333333
693	1.4755293333333332
694	1.502215
695	1.507398
696	1.4905166666666667
697	1.459002
698	1.4245236666666665
699	1.4003086666666666
700	1.3958756666666665
701	1.4105376666666667
702	1.4370126666666667
703	1.4629946666666667
704	1.4768919999999999
705	1.473548
706	1.4529833333333333
707	1.4205956666666666
708	1.3827223333333332
709	1.342753
710	1.3017646666666667
711	1.2585816666666667
712	1.2114029999999998
713	1.1592986666666667
714	1.1041963333333336
715	1.0536686666666666
716	1.0169113333333333
717	1.000865
718	1.0076866666666668
719	1.030852
720	1.0609166666666665
721	1.090465
722	1.1162679999999998
723	1.142469
724	1.176009
725	1.2228463333333333
726	1.285544
727	1.3600806666666667
728	1.4401913333333334
729	1.521183
730	1.601988
731	1.6883116666666664
732	1.7895993333333333
733	1.9168106666666667
734	2.0761716666666667
735	2.2611116666666664
736	2.4562066666666666
737	2.638638333333333
738	2.788124
739	2.897683333333333
740	2.9707790000000003
741	3.0214369999999997
742	3.0641363333333334
743	3.1041273333333335
744	3.138714666666666
745	3.1566103333333335
746	3.1464086666666664
747	3.1048419999999997
748	3.0349696666666666
749	2.945836
750	2.845720666666667
751	2.7353883333333333
752	2.6108213333333334
753	2.4651176666666665
754	2.2951033333333335
755	2.1090326666666663
756	1.9213156666666666
757	1.7486549999999998
758	1.6032033333333333
759	1.4844043333333332
760	1.3844156666666667
761	1.2915716666666666
762	1.1979673333333334
763	1.1077943333333333
764	1.0314766666666666
765	0.9812696666666666
766	0.965329
767	0.9806596666666667
768	1.0175676666666664
769	1.0621766666666668
770	1.1028806666666666
771	1.1372499999999999
772	1.1689506666666665
773	1.2061736666666665
774	1.2550623333333333
775	1.312719
776	1.371095
777	1.4196676666666666
778	1.4507416666666666
779	1.4654093333333333
780	1.46965
781	1.4716106666666666
782	1.4763593333333334
783	1.479906
784	1.4737483333333334
785	1.4483746666666666
786	1.398239333333333
787	1.3279046666666665
788	1.2480696666666666
789	1.1732653333333332
790	1.1152710000000001
791	1.0756866666666667
792	1.0487813333333333
793	1.022287
794	0.9849436666666667
795	0.934225
796	0.8744683333333333
797	0.816955
798	0.7738953333333333
799	0.7530526666666667
800	0.7586993333333333
801	0.7916719999999999
802	0.851796
803	0.9396866666666666
804	1.056536
805	1.2038129999999998
806	1.38201
807	1.5890633333333333
808	1.8214576666666666
809	2.0749496666666665
810	2.345917666666667
811	2.6329316666666664
812	2.9363379999999992
813	3.258652333333333
814	3.604493999999999
815	3.9812973333333335
816	4.396443
817	4.853995333333334
818	5.352522
819	5.880927333333332
820	6.422862333333333
821	6.959641
822	7.476183333333333
823	7.968109
824	8.437790333333332
825	8.892406666666666
826	9.337581666666667
827	9.771068333333334
828	10.186926
829	10.578977333333333
830	10.943781999999999
831	11.284202333333333
832	11.605625666666665
833	11.912712666666664
834	12.206165333333331
835	12.478062000000001
836	12.71407833333333
837	12.893977999999997
838	13.000097666666667
839	13.02707133333333
840	12.980294
841	12.877864333333331
842	12.741121333333332
843	12.586554
844	12.423872333333332
845	12.252360999999999
846	12.067406666666667
847	11.865533666666666
848	11.645484333333332
849	11.409436666666666
850	11.159756
851	10.895878999999999
852	10.615360666666668
853	10.314547666666666
854	9.989864
855	9.639451333333334
856	9.265599666666665
857	8.878737666666668
858	8.493056333333334
859	8.123058333333333
860	7.778731
861	7.459282666666666
862	7.157480999999999
863	6.861948999999999
864	6.562181666666667
865	6.253578666666666
866	5.936237666666666
867	5.615175
868	5.296474333333333
869	4.984203333333333
870	4.6816379999999995
871	4.3925236666666665
872	4.121281
873	3.873314333333333
874	3.6541593333333333
875	3.4685499999999996
876	3.3193996666666665
877	3.2060613333333325
878	3.125359333333333
879	3.071747
880	3.0393756666666665
881	3.023893333333333
882	3.021876333333333
883	3.030591333333333
884	3.048294666666666
885	3.0751006666666663
886	3.112594333333333
887	3.1638519999999994
888	3.231178
889	3.3134696666666668
890	3.406583333333333
891	3.502842
892	3.594334
893	3.6761383333333333
894	3.7461009999999995
895	3.805440333333333
896	3.8565593333333337
897	3.901461666666666
898	3.9417149999999994
899	3.9785526666666664
900	4.013792333333333
901	4.050996333333333
902	4.0946533333333335
903	4.1495239999999995
904	4.219108333333334
905	4.303638333333333
906	4.40108
907	4.507491999999999
908	4.619463
909	4.736633666666666
910	4.860541
911	4.993883333333333
912	5.138467333333333
913	5.292972999999999
914	5.454548666666667
915	5.619997666666666
916	5.786912999999999
917	5.954810333333333
918	6.123400999999999
919	6.290765333333333
920	6.453349
921	6.605570666666666
922	6.742201666666666
923	6.860937333333332
924	6.962311333333332
925	7.050451999999999
926	7.130565666666667
927	7.206677666666667
928	7.280264333333333
929	7.348222
930	7.406433333333332
931	7.453149999999999
932	7.490090666666666
933	7.524430666666666
934	7.564944000000001
935	7.618628333333333
936	7.690022666666666
937	7.7799689999999995
938	7.888394333333332
939	8.016656999999999
940	8.16715
941	8.342879
942	8.545687666666666
943	8.774110333333333
944	9.025107666666667
945	9.295023
946	9.578343666666667
947	9.865601666666667
948	10.145722333333332
949	10.408053
950	10.644468666666665
951	10.852124666666665
952	11.029909
953	11.175345666666665
954	11.283549999999998
955	11.345861999999999
956	11.35407533333333
957	11.304989666666666
958	11.199401
959	11.042182999999998
960	10.838238
961	10.588852666666666
962	10.294212
963	9.955866333333333
964	9.576915666666666
965	9.162688666666666
966	8.720213666666666
967	8.258474333333332
968	7.787518
969	7.317931333333333
970	6.859092666666667
971	6.417019666666666
972	5.995524666666666
973	5.596759666666666
974	5.223358
975	4.880567333333333
976	4.574599666666667
977	4.3111266666666666
978	4.094421666666667
979	3.92608
980	3.806101333333333
981	3.733223333333333
982	3.704861333333333
983	3.716470666666666
984	3.763323333333333
985	3.842434
986	3.953918
987	4.103268
988	4.297535
989	4.5417716666666665
990	4.837221
991	5.17801
992	5.552742333333333
993	5.94391
994	6.331798666666667
995	6.697371333333333
996	7.023848666666666
997	7.299080333333333
998	7.515503333333333
999	7.672049333333333
1000	7.772288666666666
1001	7.824531666666666
1002	7.839176
1003	7.8269
1004	7.796590333333333
1005	7.752619
1006	7.695994333333333
1007	7.624308
1008	7.534506666666666
1009	7.425181333333333
1010	7.296196666666667
1011	7.148958
1012	6.988528666666666
1013	6.8273909999999995
1014	6.683049333333332
1015	6.577105666666666
1016	6.529617
1017	6.552652999999999
1018	6.650240333333333
1019	6.815446999999999
1020	7.036481666666667
1021	7.300492666666665
1022	7.594453666666666
1023	7.905422666666666
1024	8.221050666666667
1025	8.530564
1026	8.826342666666667
1027	9.106630333333333
1028	9.372117666666666
1029	9.623339666666666
1030	9.859596999999999
1031	10.077751666666666
1032	10.273964333333332
1033	10.445322
1034	10.590963666666665
1035	10.713732999999998
1036	10.817523333333332
1037	10.90493633333333
1038	10.977174333333332
1039	11.033622333333332
1040	11.073080999999998
1041	11.094904333333332
1042	11.100345
1043	11.094480333333332
1044	11.083948666666664
1045	11.074831999999999
1046	11.069505999999997
1047	11.062408
1048	11.045399999999999
1049	11.012500999999999
1050	10.961730666666666
1051	10.897939999999998
1052	10.828540333333331
1053	10.759929333333332
1054	10.694907666666666
1055	10.62927
1056	10.556871666666664
1057	10.474124999999999
1058	10.380394666666666
1059	10.279012999999999
1060	10.174364666666667
1061	10.069361333333333
1062	9.965093666666666
1063	9.860115333333335
1064	9.752690999999999
1065	9.643086333333333
1066	9.534243333333333
1067	9.433255333333333
1068	9.348462666666668
1069	9.286818333333333
1070	9.252177666666666
1071	9.242529
1072	9.252298333333332
1073	9.273388333333333
1074	9.297746333333333
1075	9.31984
1076	9.336586666666665
1077	9.348100666666666
1078	9.355655333333333
1079	9.360218333333332
1080	9.362037666666666
1081	9.360278333333333
1082	9.354240666666666
1083	9.344643666666666
1084	9.332640999999999
1085	9.318923
1086	9.303328333333333
1087	9.284378666666667
1088	9.260588
1089	9.231944666666667
1090	9.199911333333333
1091	9.167840666666667
1092	9.138590666666666
1093	9.112276
1094	9.088882666666667
1095	9.071225
1096	9.065168666666667
1097	9.080775666666668
1098	9.129353666666665
1099	9.220653333333333
1100	9.360047999999999
1101	9.544212666666667
1102	9.765208333333334
1103	10.012939666666666
1104	10.277771999999999
1105	10.553180999999999
1106	10.836603666666665
1107	11.131435666666667
1108	11.442001333333334
1109	11.768725666666667
1110	12.108143666666665
1111	12.451874
1112	12.790582666666666
1113	13.117505999999999
1114	13.428672666666666
1115	13.723766000000001
1116	14.003499666666666
1117	14.267147333333334
1118	14.510925333333333
1119	14.725735666666667
1120	14.903039666666663
1121	15.041011666666666
1122	15.142622
1123	15.214879
1124	15.264542333333333
1125	15.293647333333332
1126	15.298964666666667
1127	15.270123000000002
1128	15.197384666666665
1129	15.079797666666664
1130	14.923979
1131	14.74501433333333
1132	14.559651333333333
1133	14.380057666666666
1134	14.212426999999998
1135	14.053586333333334
1136	13.895057333333334
1137	13.725220999999998
1138	13.534169333333331
1139	13.318895999999999
1140	13.081251
1141	12.82743533333333
1142	12.564871666666665
1143	12.299882999999998
1144	12.038205
1145	11.785447666666666
1146	11.547000333333333
1147	11.327333
1148	11.127337
1149	10.940221000000001
1150	10.755141666666667
1151	10.559604333333333
1152	10.343006666666664
1153	10.100530666666666
1154	9.830368
1155	9.531962666666667
1156	9.204738999999998
1157	8.847462333333333
1158	8.46058
1159	8.049528666666667
1160	7.6236213333333325
1161	7.195975666666667
1162	6.778061
1163	6.373587333333333
1164	5.980016666666666
1165	5.588179
1166	5.187506999999999
1167	4.770916333333334
1168	4.337107
1169	3.894706
1170	3.456543999999999
1171	3.0355026666666665
1172	2.642540333333333
1173	2.284472
1174	1.965510333333333
1175	1.687815
1176	1.45248
1177	1.2597916666666666
1178	1.108696
1179	0.9953973333333332
1180	0.9127286666666666
1181	0.8485746666666666
1182	0.791175
1183	0.7348863333333333
1184	0.6802276666666667
1185	0.63575
1186	0.611796
1187	0.6148326666666667
1188	0.6460756666666667
1189	0.6987893333333333
1190	0.7642676666666667
1191	0.8371109999999999
1192	0.915373
1193	1.0014029999999998
1194	1.098115
1195	1.2055913333333332
1196	1.3219466666666666
1197	1.4437396666666666
1198	1.567315
1199	1.6899673333333332
1200	1.8100003333333332
1201	1.9270809999999998
1202	2.0415216666666667
1203	2.153767333333333
1204	2.2636996666666667
1205	2.369817333333333
1206	2.4702546666666665
1207	2.563672
1208	2.649077666666667
1209	2.7256746666666665
1210	2.792566
1211	2.848437
1212	2.8918160000000004
1213	2.921401333333333
1214	2.9371563333333337
1215	2.941868333333333
1216	2.9400696666666666
1217	2.937418
1218	2.938955
1219	2.9471266666666662
1220	2.9625383333333333
1221	2.9840926666666663
1222	3.0107083333333335
1223	3.042862
1224	3.0820756666666664
1225	3.1305803333333335
1226	3.1904126666666666
1227	3.262417333333333
1228	3.3465386666666666
1229	3.4417429999999998
1230	3.5465079999999998
1231	3.6589963333333326
1232	3.777112333333333
1233	3.898438333333333
1234	4.020943333333332
1235	4.143740666666666
1236	4.266177
1237	4.387
1238	4.5050360000000005
1239	4.620065666666667
1240	4.733342
1241	4.848612
1242	4.970780666666666
1243	5.104796
1244	5.253662333333333
1245	5.415736
1246	5.586520666666667
1247	5.759523666666667
1248	5.9285656666666675
1249	6.090099666666667
1250	6.243187333333334
1251	6.390381333333334
1252	6.536332666666667
1253	6.687186
1254	6.848978333333334
1255	7.025816666666667
1256	7.218487333333334
1257	7.421672666666666
1258	7.625957
1259	7.818498666666667
1260	7.987571
1261	8.127205
1262	8.234491333333334
1263	8.307806666666666
1264	8.346199
1265	8.349608333333332
1266	8.320747
1267	8.268263
1268	8.205287333333333
1269	8.149077666666665
1270	8.114208333333332
1271	8.104576666666667
1272	8.115619333333333
1273	8.133771
1274	8.143123666666666
1275	8.13114
1276	8.091040333333334
1277	8.026126999999999
1278	7.946223666666667
1279	7.8663
1280	7.800120000000001
1281	7.753928666666666
1282	7.7302040000000005
1283	7.7305019999999995
1284	7.757811666666667
1285	7.818644999999999
1286	7.918247999999999
1287	8.054712666666667
1288	8.218432333333334
1289	8.389303666666665
1290	8.545853000000001
1291	8.674347
1292	8.771469999999999
1293	8.850141333333333
1294	8.928982666666666
1295	9.023876999999999
1296	9.145566666666667
1297	9.296051666666665
1298	9.472268
1299	9.668026
1300	9.878522666666665
1301	10.104808333333333
1302	10.349888
1303	10.615208666666666
1304	10.900073666666666
1305	11.200659000000002
1306	11.512380666666665
1307	11.832086666666667
1308	12.159011666666665
1309	12.496424666666666
1310	12.849321
1311	13.222204333333332
1312	13.614672666666664
1313	14.015560666666666
1314	14.410451666666667
1315	14.788501666666665
1316	15.144971666666667
1317	15.485150999999998
1318	15.816680666666667
1319	16.142339
1320	16.45792266666667
1321	16.748319
1322	16.995697
1323	17.186881
1324	17.314607666666667
1325	17.380425666666667
1326	17.39001
1327	17.350309
1328	17.268913666666666
1329	17.15394433333333
1330	17.012475666666667
1331	16.848673333333334
1332	16.666110666666665
1333	16.469783
1334	16.264718
1335	16.053999666666662
1336	15.836832999999999
1337	15.605697333333332
1338	15.353847666666665
1339	15.083371
1340	14.803519999999999
1341	14.530753666666666
1342	14.280388
1343	14.057812333333331
1344	13.860410333333332
1345	13.677487
1346	13.499810666666665
1347	13.329254999999998
1348	13.173740333333333
1349	13.043555999999999
1350	12.94656733333333
1351	12.883114999999998
1352	12.849802666666667
1353	12.842154666666666
1354	12.856494000000001
1355	12.891877666666664
1356	12.950014666666668
1357	13.035803333333332
1358	13.153074666666667
1359	13.300021333333332
1360	13.471898999999999
1361	13.663130333333331
1362	13.870541333333334
1363	14.09720633333333
1364	14.349514333333332
1365	14.63484333333333
1366	14.956760666666666
1367	15.308857666666665
1368	15.678430333333331
1369	16.048251333333333
1370	16.402468
1371	16.73251833333333
1372	17.033766
1373	17.303242666666666
1374	17.537906333333332
1375	17.733347333333334
1376	17.885165999999998
1377	17.990828333333333
1378	18.051875666666668
1379	18.077385000000003
1380	18.078502333333336
1381	18.063159
1382	18.032671333333333
1383	17.976371333333333
1384	17.879016000000004
1385	17.726856333333334
1386	17.511129999999998
1387	17.233031333333333
1388	16.900203333333334
1389	16.52540733333333
1390	16.121095666666665
1391	15.694535
1392	15.251824000000001
1393	14.801847666666665
1394	14.355919
1395	13.927533999999998
1396	13.527716666666667
1397	13.159155666666667
1398	12.817645999999998
1399	12.491279333333333
1400	12.166584999999998
1401	11.834206333333332
1402	11.491308333333333
1403	11.145895666666666
1404	10.810015666666665
1405	10.494400999999998
1406	10.206887666666667
1407	9.950206
1408	9.723953999999997
1409	9.525321666666667
1410	9.350792
1411	9.197268999999999
1412	9.061622666666667
1413	8.940209999999999
1414	8.829865333333332
1415	8.729171000000001
1416	8.637831333333333
1417	8.556415
1418	8.485537333333333
1419	8.425213999999999
1420	8.375369
1421	8.336444666666665
1422	8.309623666666667
1423	8.297179
1424	8.300840999999998
1425	8.319994666666666
1426	8.352841333333332
1427	8.397406333333333
1428	8.453168333333334
1429	8.523354
1430	8.614455
1431	8.736722666666667
1432	8.900012333333333
1433	9.109297999999999
1434	9.364263666666666
1435	9.657430999999999
1436	9.980519666666666
1437	10.33029
1438	10.706251666666667
1439	11.10866
1440	11.535383666666668
1441	11.978141333333333
1442	12.425519333333334
1443	12.865376999999999
1444	13.289276333333332
1445	13.697830666666668
1446	14.094814999999999
1447	14.481833
1448	14.855092333333335
1449	15.200881333333331
1450	15.502949333333333
1451	15.749163333333334
1452	15.932177333333334
1453	16.051385666666665
1454	16.109389666666665
1455	16.109434666666665
1456	16.05108033333333
1457	15.925238
1458	15.721493
1459	15.435580999999999
1460	15.070387333333333
1461	14.639033
1462	14.158106666666665
1463	13.642142000000002
1464	13.101352
1465	12.538429
1466	11.953542666666666
1467	11.348627
1468	10.729132333333332
1469	10.106324333333335
1470	9.491241999999998
1471	8.888481333333335
1472	8.298276
1473	7.717414
1474	7.142600666666667
1475	6.573815333333333
1476	6.016064
1477	5.482502666666666
1478	4.988030333333334
1479	4.543133666666666
1480	4.152593666666666
1481	3.8124366666666667
1482	3.5149790000000003
1483	3.252309333333333
1484	3.017594
1485	2.8062509999999996
1486	2.614517
1487	2.438401666666666
1488	2.2744853333333332
1489	2.1212483333333334
1490	1.9795976666666668
1491	1.8540586666666667
1492	1.7490590000000001
1493	1.6650796666666665
1494	1.599098
1495	1.5440936666666667
1496	1.492292
1497	1.4381323333333331
1498	1.3784393333333336
1499	1.3134253333333332
1500	1.2455263333333333
1501	1.1791406666666666
1502	1.1187699999999998
1503	1.067298
1504	1.0261319999999998
1505	0.994904
1506	0.9724929999999998
1507	0.9576926666666666
1508	0.9494569999999998
1509	0.9471056666666667
1510	0.9501296666666667
1511	0.958024
1512	0.9700753333333333
1513	0.9850486666666667
1514	1.0013853333333331
1515	1.0173363333333332
1516	1.0317306666666664
1517	1.0448426666666668
1518	1.057108333333333
1519	1.0678113333333332
1520	1.0752376666666668
1521	1.07669
1522	1.070177
1523	1.0564053333333334
1524	1.0380686666666668
1525	1.0196916666666667
1526	1.0054606666666666
1527	0.9970146666666666
1528	0.9941703333333333
1529	0.9953016666666666
1530	0.999691
1531	1.0099576666666668
1532	1.0289709999999999
1533	1.0567036666666667
1534	1.0908639999999998
1535	1.127044
1536	1.160901
1537	1.190342
1538	1.2149956666666666
1539	1.236229
1540	1.255747333333333
1541	1.274501333333333
1542	1.2930556666666666
1543	1.312066
1544	1.3330969999999998
1545	1.359616
1546	1.3947179999999997
1547	1.4385846666666666
1548	1.4887693333333332
1549	1.539502
1550	1.5825316666666664
1551	1.6073693333333334
1552	1.6061486666666664
1553	1.5796773333333332
1554	1.5353506666666665
1555	1.4870663333333334
1556	1.4487160000000001
1557	1.427902
1558	1.4273693333333333
1559	1.4450256666666668
1560	1.477169
1561	1.5207
1562	1.5723036666666665
1563	1.6272376666666668
1564	1.6793156666666667
1565	1.7207816666666664
1566	1.7458046666666667
1567	1.7548153333333332
1568	1.7523236666666666
1569	1.7461086666666663
1570	1.7446276666666665
1571	1.7548503333333332
1572	1.7815089999999998
1573	1.8255073333333334
1574	1.884550333333333
1575	1.9525746666666666
1576	2.022318
1577	2.0874873333333333
1578	2.1439099999999995
1579	2.1914463333333334
1580	2.2327013333333334
1581	2.2728286666666664
1582	2.3179736666666666
1583	2.374060666666667
1584	2.445089
1585	2.53073
1586	2.6279806666666663
1587	2.731947666666666
1588	2.8381526666666668
1589	2.944861
1590	3.052408333333333
1591	3.1631169999999997
1592	3.2795170000000002
1593	3.402839
1594	3.5341379999999996
1595	3.675343333333333
1596	3.8281229999999993
1597	3.992309333333333
1598	4.1652059999999995
1599	4.340042666666666
1600	4.509015333333332
1601	4.666013333333333
1602	4.80752
1603	4.9343449999999995
1604	5.050287666666666
1605	5.161778333333333
1606	5.274946999999999
1607	5.392688
1608	5.515804666666665
1609	5.643387666666666
1610	5.773243999999999
1611	5.901643666666666
1612	6.024320666666666
1613	6.137316666666666
1614	6.237992
1615	6.3266323333333325
1616	6.406400333333332
1617	6.484400999999999
1618	6.569705666666666
1619	6.6716593333333325
1620	6.795143999999999
1621	6.934397666666666
1622	7.079150333333334
1623	7.219444666666666
1624	7.348324666666667
1625	7.465201666666665
1626	7.5734509999999995
1627	7.679126333333333
1628	7.786439
1629	7.8930006666666666
1630	7.994467333333333
1631	8.088884333333333
1632	8.177994333333332
1633	8.269173
1634	8.369778333333333
1635	8.481375666666667
1636	8.601343333333332
1637	8.723278
1638	8.840086
1639	8.946800999999999
1640	9.042345333333332
1641	9.132180333333332
1642	9.222251666666665
1643	9.313060666666665
1644	9.401845333333334
1645	9.484009666666665
1646	9.555730666666667
1647	9.616485666666668
1648	9.667503
1649	9.710454666666665
1650	9.745362333333333
1651	9.767976333333333
1652	9.772015666666666
1653	9.750975666666667
1654	9.701205333333334
1655	9.62562
1656	9.529116666666667
1657	9.414557333333333
1658	9.283044333333333
1659	9.133943333333333
1660	8.966514333333333
1661	8.781489333333333
1662	8.581452333333333
1663	8.371781333333333
1664	8.158995333333333
1665	7.949331666666666
1666	7.746859333333333
1667	7.550825999999999
1668	7.357682333333334
1669	7.162346999999999
1670	6.961481666666667
1671	6.757169666666666
1672	6.554074666666667
1673	6.357171666666666
1674	6.169190999999999
1675	5.987620333333332
1676	5.808375999999999
1677	5.629109999999999
1678	5.449977666666666
1679	5.274958
1680	5.109152333333333
1681	4.956557333333333
1682	4.820455333333333
1683	4.703592333333333
1684	4.607508333333333
1685	4.531239666666666
1686	4.4720949999999995
1687	4.426
1688	4.3902193333333335
1689	4.366376333333333
1690	4.357541333333333
1691	4.365557666666667
1692	4.390010999999999
1693	4.426753
1694	4.471291999999999
1695	4.521986666666667
1696	4.578721666666667
1697	4.641882333333334
1698	4.711627999999999
1699	4.787061666666667
1700	4.865378
1701	4.9409226666666655
1702	5.011229333333333
1703	5.083619
1704	5.165226
1705	5.253199333333333
1706	5.34311
1707	5.437016666666667
1708	5.537543
1709	5.641872666666666
1710	5.747128333333333
1711	5.8558026666666665
1712	5.970461333333333
1713	6.088377
1714	6.206135999999999
1715	6.324238333333334
1716	6.444298666666666
1717	6.566120666666666
1718	6.686944666666667
1719	6.800437666666666
1720	6.902418333333333
1721	6.996674
1722	7.086379
1723	7.165431333333332
1724	7.226700666666667
1725	7.269990666666667
1726	7.296063
1727	7.3008853333333334
1728	7.2818043333333335
1729	7.244154
1730	7.193369
1731	7.127134000000001
1732	7.042232666666667
1733	6.941231333333333
1734	6.827524666666665
1735	6.700355666666666
1736	6.558434999999999
1737	6.403806666666666
1738	6.241124
1739	6.077295666666666
1740	5.91791
1741	5.763251666666666
1742	5.6107059999999995
1743	5.456330666666667
1744	5.296808666666666
1745	5.131439
1746	4.961483666666667
1747	4.790103
1748	4.620507
1749	4.454139
1750	4.2904990000000005
1751	4.126519666666666
1752	3.959094333333333
1753	3.7877356666666664
1754	3.614587333333333
1755	3.445245
1756	3.286158
1757	3.142193
1758	3.014725666666666
1759	2.898778
1760	2.7873223333333335
1761	2.6751066666666667
1762	2.5600466666666666
1763	2.445521666666666
1764	2.337280333333333
1765	2.2410476666666663
1766	2.159755
1767	2.090018
1768	2.0252643333333333
1769	1.9581393333333335
1770	1.8843126666666667
1771	1.8070143333333335
1772	1.7321199999999999
1773	1.6639733333333333
1774	1.6042726666666665
1775	1.5504523333333335
1776	1.4983939999999998
1777	1.4447690000000002
1778	1.3888960000000001
1779	1.3351293333333334
1780	1.2881753333333332
1781	1.2485146666666667
1782	1.2139663333333335
1783	1.1806733333333332
1784	1.1449416666666665
1785	1.1051086666666665
1786	1.0617906666666665
1787	1.0188456666666665
1788	0.980721
1789	0.9497076666666666
1790	0.9234333333333333
