400.000000	-0.018198
401.000000	-0.025130
402.000000	-0.026183
403.000000	-0.023139
404.000000	-0.017777
405.000000	-0.012548
406.000000	-0.012577
407.000000	-0.021268
408.000000	-0.032451
409.000000	-0.038901
410.000000	-0.038730
411.000000	-0.032693
412.000000	-0.026766
413.000000	-0.026119
414.000000	-0.027474
415.000000	-0.025817
416.000000	-0.017644
417.000000	-0.002575
418.000000	0.008795
419.000000	0.006228
420.000000	-0.008096
421.000000	-0.027264
422.000000	-0.037851
423.000000	-0.029998
424.000000	-0.014628
425.000000	-0.005924
426.000000	-0.010334
427.000000	-0.028684
428.000000	-0.047052
429.000000	-0.051615
430.000000	-0.043683
431.000000	-0.028875
432.000000	-0.014896
433.000000	-0.007777
434.000000	-0.004760
435.000000	-0.001838
436.000000	0.001195
437.000000	0.002740
438.000000	-0.002228
439.000000	-0.017165
440.000000	-0.035836
441.000000	-0.050173
442.000000	-0.054465
443.000000	-0.045889
444.000000	-0.030807
445.000000	-0.016805
446.000000	-0.007162
447.000000	-0.003814
448.000000	-0.007623
449.000000	-0.018126
450.000000	-0.030642
451.000000	-0.040150
452.000000	-0.044495
453.000000	-0.043311
454.000000	-0.040528
455.000000	-0.040145
456.000000	-0.042153
457.000000	-0.045461
458.000000	-0.048659
459.000000	-0.050122
460.000000	-0.047678
461.000000	-0.039758
462.000000	-0.027742
463.000000	-0.014341
464.000000	-0.004650
465.000000	-0.002734
466.000000	-0.006149
467.000000	-0.011150
468.000000	-0.015285
469.000000	-0.017155
470.000000	-0.018274
471.000000	-0.020368
472.000000	-0.023088
473.000000	-0.025510
474.000000	-0.026500
475.000000	-0.025009
476.000000	-0.020555
477.000000	-0.013108
478.000000	-0.003888
479.000000	0.005147
480.000000	0.010351
481.000000	0.008827
482.000000	0.002375
483.000000	-0.006144
484.000000	-0.014328
485.000000	-0.020493
486.000000	-0.025376
487.000000	-0.029903
488.000000	-0.033349
489.000000	-0.034488
490.000000	-0.031747
491.000000	-0.024383
492.000000	-0.015315
493.000000	-0.007916
494.000000	-0.003717
495.000000	-0.003336
496.000000	-0.005583
497.000000	-0.008853
498.000000	-0.011677
499.000000	-0.012745
500.000000	-0.011230
501.000000	-0.007100
502.000000	-0.003019
503.000000	-0.001728
504.000000	-0.003577
505.000000	-0.008092
506.000000	-0.013886
507.000000	-0.019327
508.000000	-0.022704
509.000000	-0.022640
510.000000	-0.019179
511.000000	-0.013353
512.000000	-0.008719
513.000000	-0.008548
514.000000	-0.012439
515.000000	-0.018976
516.000000	-0.026350
517.000000	-0.032460
518.000000	-0.034421
519.000000	-0.030030
520.000000	-0.020596
521.000000	-0.008789
522.000000	0.000778
523.000000	0.003857
524.000000	-0.000399
525.000000	-0.011531
526.000000	-0.027252
527.000000	-0.043517
528.000000	-0.051077
529.000000	-0.042765
530.000000	-0.024930
531.000000	-0.007249
532.000000	0.000813
533.000000	-0.006496
534.000000	-0.020294
535.000000	-0.030040
536.000000	-0.033182
537.000000	-0.030033
538.000000	-0.024389
539.000000	-0.020044
540.000000	-0.017312
541.000000	-0.015660
542.000000	-0.014638
543.000000	-0.013674
544.000000	-0.011611
545.000000	-0.007613
546.000000	-0.002717
547.000000	0.001587
548.000000	0.003867
549.000000	0.003250
550.000000	0.001050
551.000000	-0.001172
552.000000	-0.003052
553.000000	-0.004661
554.000000	-0.006598
555.000000	-0.009377
556.000000	-0.012636
557.000000	-0.015896
558.000000	-0.019083
559.000000	-0.022538
560.000000	-0.027855
561.000000	-0.035872
562.000000	-0.043151
563.000000	-0.045444
564.000000	-0.039529
565.000000	-0.024932
566.000000	-0.011151
567.000000	-0.007757
568.000000	-0.014658
569.000000	-0.028242
570.000000	-0.040495
571.000000	-0.044580
572.000000	-0.042775
573.000000	-0.039087
574.000000	-0.035331
575.000000	-0.032185
576.000000	-0.027968
577.000000	-0.021055
578.000000	-0.012407
579.000000	-0.003638
580.000000	0.003614
581.000000	0.007620
582.000000	0.006310
583.000000	-0.001672
584.000000	-0.014496
585.000000	-0.029210
586.000000	-0.041566
587.000000	-0.047999
588.000000	-0.048977
589.000000	-0.045873
590.000000	-0.039650
591.000000	-0.031126
592.000000	-0.020958
593.000000	-0.010035
594.000000	-0.000332
595.000000	0.006107
596.000000	0.008040
597.000000	0.005042
598.000000	-0.000832
599.000000	-0.007257
600.000000	-0.013292
601.000000	-0.018436
602.000000	-0.022555
603.000000	-0.025121
604.000000	-0.023648
605.000000	-0.016194
606.000000	-0.004945
607.000000	0.005825
608.000000	0.007614
609.000000	-0.005749
610.000000	-0.026883
611.000000	-0.045973
612.000000	-0.057004
613.000000	-0.056862
614.000000	-0.050227
615.000000	-0.042896
616.000000	-0.037332
617.000000	-0.034987
618.000000	-0.036604
619.000000	-0.041240
620.000000	-0.041920
621.000000	-0.032390
622.000000	-0.015304
623.000000	0.003160
624.000000	0.011650
625.000000	0.002098
626.000000	-0.015242
627.000000	-0.027477
628.000000	-0.029485
629.000000	-0.020710
630.000000	-0.011096
631.000000	-0.010036
632.000000	-0.014220
633.000000	-0.017513
634.000000	-0.015194
635.000000	-0.004954
636.000000	0.007288
637.000000	0.014968
638.000000	0.017188
639.000000	0.014801
640.000000	0.010006
641.000000	0.004933
642.000000	0.000089
643.000000	-0.004483
644.000000	-0.008970
645.000000	-0.013804
646.000000	-0.020172
647.000000	-0.028474
648.000000	-0.035214
649.000000	-0.036535
650.000000	-0.031035
651.000000	-0.019280
652.000000	-0.007258
653.000000	-0.000760
654.000000	0.000644
655.000000	-0.000964
656.000000	-0.003101
657.000000	-0.003986
658.000000	-0.005035
659.000000	-0.007857
660.000000	-0.011646
661.000000	-0.014773
662.000000	-0.014736
663.000000	-0.009954
664.000000	-0.003401
665.000000	0.001482
666.000000	0.003932
667.000000	0.004668
668.000000	0.007664
669.000000	0.015780
670.000000	0.024156
671.000000	0.026710
672.000000	0.020189
673.000000	0.003802
674.000000	-0.016211
675.000000	-0.032638
676.000000	-0.041400
677.000000	-0.039606
678.000000	-0.025985
679.000000	-0.002725
680.000000	0.015753
681.000000	0.015917
682.000000	0.000008
683.000000	-0.023772
684.000000	-0.039161
685.000000	-0.033434
686.000000	-0.016092
687.000000	-0.000277
688.000000	0.008520
689.000000	0.008565
690.000000	0.005505
691.000000	0.005398
692.000000	0.008574
693.000000	0.013946
694.000000	0.020503
695.000000	0.027471
696.000000	0.034949
697.000000	0.042522
698.000000	0.046836
699.000000	0.043991
700.000000	0.030835
701.000000	0.006779
702.000000	-0.019272
703.000000	-0.037777
704.000000	-0.046132
705.000000	-0.044220
706.000000	-0.034927
707.000000	-0.022042
708.000000	-0.009966
709.000000	-0.002565
710.000000	-0.000965
711.000000	-0.004722
712.000000	-0.009843
713.000000	-0.012718
714.000000	-0.014813
715.000000	-0.018487
716.000000	-0.024603
717.000000	-0.032571
718.000000	-0.037500
719.000000	-0.034999
720.000000	-0.026998
721.000000	-0.017034
722.000000	-0.008762
723.000000	-0.004330
724.000000	0.000261
725.000000	0.009121
726.000000	0.020662
727.000000	0.031441
728.000000	0.036280
729.000000	0.031477
730.000000	0.020951
731.000000	0.009980
732.000000	0.001647
733.000000	-0.001780
734.000000	0.000904
735.000000	0.009785
736.000000	0.021550
737.000000	0.032348
738.000000	0.039592
739.000000	0.041378
740.000000	0.037285
741.000000	0.028239
742.000000	0.019070
743.000000	0.015116
744.000000	0.019847
745.000000	0.033861
746.000000	0.048134
747.000000	0.053652
748.000000	0.051060
749.000000	0.043877
750.000000	0.037446
751.000000	0.036077
752.000000	0.038131
753.000000	0.040904
754.000000	0.043390
755.000000	0.045159
756.000000	0.046395
757.000000	0.046945
758.000000	0.044696
759.000000	0.037784
760.000000	0.027295
761.000000	0.016169
762.000000	0.011806
763.000000	0.019199
764.000000	0.029258
765.000000	0.030874
766.000000	0.018961
767.000000	-0.006411
768.000000	-0.030564
769.000000	-0.039233
770.000000	-0.034425
771.000000	-0.022334
772.000000	-0.009643
773.000000	-0.001397
774.000000	0.004387
775.000000	0.010428
776.000000	0.015364
777.000000	0.016746
778.000000	0.011850
779.000000	0.000621
780.000000	-0.006047
781.000000	0.002271
782.000000	0.023170
783.000000	0.049131
784.000000	0.064992
785.000000	0.059063
786.000000	0.041175
787.000000	0.024599
788.000000	0.014836
789.000000	0.013605
790.000000	0.015254
791.000000	0.013860
792.000000	0.009784
793.000000	0.004773
794.000000	-0.000183
795.000000	-0.004559
796.000000	-0.008948
797.000000	-0.014082
798.000000	-0.020128
799.000000	-0.027011
800.000000	-0.034242
801.000000	-0.040591
802.000000	-0.042285
803.000000	-0.036393
804.000000	-0.025886
805.000000	-0.015366
806.000000	-0.010046
807.000000	-0.013459
808.000000	-0.021801
809.000000	-0.030045
810.000000	-0.035611
811.000000	-0.036718
812.000000	-0.032335
813.000000	-0.022731
814.000000	-0.012623
815.000000	-0.006784
816.000000	-0.005776
817.000000	-0.008175
818.000000	-0.008824
819.000000	-0.003566
820.000000	0.004030
821.000000	0.009155
822.000000	0.009767
823.000000	0.005363
824.000000	-0.001160
825.000000	-0.006407
826.000000	-0.008385
827.000000	-0.005758
828.000000	0.001575
829.000000	0.012737
830.000000	0.024170
831.000000	0.031988
832.000000	0.033680
833.000000	0.027488
834.000000	0.013298
835.000000	-0.006869
836.000000	-0.024080
837.000000	-0.029915
838.000000	-0.024913
839.000000	-0.012391
840.000000	0.002186
841.000000	0.013645
842.000000	0.020120
843.000000	0.020833
844.000000	0.016044
845.000000	0.006473
846.000000	-0.006376
847.000000	-0.019873
848.000000	-0.027685
849.000000	-0.024360
850.000000	-0.011675
851.000000	0.005185
852.000000	0.014633
853.000000	0.008211
854.000000	-0.003610
855.000000	-0.007974
856.000000	-0.001397
857.000000	0.014319
858.000000	0.025601
859.000000	0.020517
860.000000	0.005455
861.000000	-0.009605
862.000000	-0.018645
863.000000	-0.018722
864.000000	-0.015220
865.000000	-0.013819
866.000000	-0.013056
867.000000	-0.010005
868.000000	-0.003028
869.000000	0.007750
870.000000	0.016432
871.000000	0.017543
872.000000	0.013073
873.000000	0.006914
874.000000	0.003094
875.000000	0.003999
876.000000	0.005292
877.000000	0.002377
878.000000	-0.003668
879.000000	-0.010119
880.000000	-0.013329
881.000000	-0.010994
882.000000	-0.007093
883.000000	-0.006093
884.000000	-0.008128
885.000000	-0.011814
886.000000	-0.014023
887.000000	-0.012653
888.000000	-0.011452
889.000000	-0.014365
890.000000	-0.020287
891.000000	-0.025870
892.000000	-0.023862
893.000000	-0.010137
894.000000	0.003007
895.000000	0.002208
896.000000	-0.013732
897.000000	-0.039729
898.000000	-0.057722
899.000000	-0.052443
900.000000	-0.032766
901.000000	-0.012199
902.000000	0.001359
903.000000	0.003201
904.000000	-0.004228
905.000000	-0.016295
906.000000	-0.026756
907.000000	-0.029792
908.000000	-0.022900
909.000000	-0.006437
910.000000	0.011109
911.000000	0.021184
912.000000	0.023110
913.000000	0.018379
914.000000	0.009304
915.000000	-0.001332
916.000000	-0.009676
917.000000	-0.012821
918.000000	-0.012710
919.000000	-0.012441
920.000000	-0.014892
921.000000	-0.021543
922.000000	-0.028510
923.000000	-0.031442
924.000000	-0.029501
925.000000	-0.022964
926.000000	-0.013063
927.000000	-0.002376
928.000000	0.002087
929.000000	-0.005168
930.000000	-0.019150
931.000000	-0.031640
932.000000	-0.031990
933.000000	-0.014393
934.000000	0.005159
935.000000	0.009403
936.000000	-0.002209
937.000000	-0.024313
938.000000	-0.044603
939.000000	-0.052160
940.000000	-0.048563
941.000000	-0.038329
942.000000	-0.025241
943.000000	-0.013069
944.000000	-0.006277
945.000000	-0.007500
946.000000	-0.011376
947.000000	-0.011873
948.000000	-0.008292
949.000000	-0.002359
950.000000	-0.000172
951.000000	-0.006983
952.000000	-0.020282
953.000000	-0.035511
954.000000	-0.047687
955.000000	-0.050991
956.000000	-0.036699
957.000000	-0.001272
958.000000	0.035185
959.000000	0.050555
960.000000	0.038312
961.000000	0.001921
962.000000	-0.030777
963.000000	-0.034933
964.000000	-0.022027
965.000000	-0.010418
966.000000	-0.009653
967.000000	-0.022671
968.000000	-0.034796
969.000000	-0.031742
970.000000	-0.018392
971.000000	-0.003717
972.000000	0.006127
973.000000	0.007608
974.000000	0.004872
975.000000	0.002884
976.000000	0.002219
977.000000	0.002394
978.000000	0.003100
979.000000	0.004374
980.000000	0.007480
981.000000	0.013309
982.000000	0.020041
983.000000	0.025354
984.000000	0.027633
985.000000	0.026502
986.000000	0.025838
987.000000	0.029173
988.000000	0.034420
989.000000	0.038199
990.000000	0.037583
991.000000	0.031259
992.000000	0.023919
993.000000	0.020468
994.000000	0.020659
995.000000	0.022881
996.000000	0.025228
997.000000	0.026044
998.000000	0.024989
999.000000	0.022917
1000.000000	0.024159
1001.000000	0.031772
1002.000000	0.040232
1003.000000	0.043905
1004.000000	0.045285
1005.000000	0.047781
1006.000000	0.050337
1007.000000	0.051838
1008.000000	0.055389
1009.000000	0.062045
1010.000000	0.060442
1011.000000	0.041470
1012.000000	0.017445
1013.000000	0.003676
1014.000000	0.006005
1015.000000	0.024770
1016.000000	0.047744
1017.000000	0.062156
1018.000000	0.065618
1019.000000	0.059381
1020.000000	0.048866
1021.000000	0.038977
1022.000000	0.028387
1023.000000	0.015459
1024.000000	0.003537
1025.000000	-0.002541
1026.000000	0.003052
1027.000000	0.023142
1028.000000	0.047556
1029.000000	0.065004
1030.000000	0.072721
1031.000000	0.071039
1032.000000	0.064136
1033.000000	0.056673
1034.000000	0.051380
1035.000000	0.050070
1036.000000	0.052820
1037.000000	0.058922
1038.000000	0.066266
1039.000000	0.073439
1040.000000	0.083223
1041.000000	0.098116
1042.000000	0.115292
1043.000000	0.129941
1044.000000	0.134654
1045.000000	0.124684
1046.000000	0.108532
1047.000000	0.096083
1048.000000	0.089493
1049.000000	0.087931
1050.000000	0.086340
1051.000000	0.080807
1052.000000	0.076235
1053.000000	0.078266
1054.000000	0.086690
1055.000000	0.098977
1056.000000	0.109158
1057.000000	0.112487
1058.000000	0.112539
1059.000000	0.113529
1060.000000	0.113915
1061.000000	0.111606
1062.000000	0.108060
1063.000000	0.105068
1064.000000	0.102205
1065.000000	0.098916
1066.000000	0.096349
1067.000000	0.094928
1068.000000	0.090494
1069.000000	0.080025
1070.000000	0.069639
1071.000000	0.065818
1072.000000	0.067353
1073.000000	0.071354
1074.000000	0.075896
1075.000000	0.079304
1076.000000	0.079935
1077.000000	0.076818
1078.000000	0.071635
1079.000000	0.067176
1080.000000	0.068013
1081.000000	0.076446
1082.000000	0.083913
1083.000000	0.081482
1084.000000	0.069596
1085.000000	0.052397
1086.000000	0.039458
1087.000000	0.038615
1088.000000	0.045323
1089.000000	0.052750
1090.000000	0.057283
1091.000000	0.056479
1092.000000	0.049345
1093.000000	0.036444
1094.000000	0.023106
1095.000000	0.014671
1096.000000	0.011746
1097.000000	0.013037
1098.000000	0.014386
1099.000000	0.012803
1100.000000	0.012824
1101.000000	0.019006
1102.000000	0.028455
1103.000000	0.035633
1104.000000	0.031886
1105.000000	0.012368
1106.000000	-0.009420
1107.000000	-0.018590
1108.000000	-0.013052
1109.000000	0.004667
1110.000000	0.026379
1111.000000	0.043017
1112.000000	0.047663
1113.000000	0.036232
1114.000000	0.013833
1115.000000	-0.011170
1116.000000	-0.026589
1117.000000	-0.024041
1118.000000	-0.014176
1119.000000	-0.009201
1120.000000	-0.008522
1121.000000	-0.007502
1122.000000	0.001873
1123.000000	0.023977
1124.000000	0.045251
1125.000000	0.051636
1126.000000	0.045016
1127.000000	0.032220
1128.000000	0.023922
1129.000000	0.027799
1130.000000	0.035708
1131.000000	0.037886
1132.000000	0.033914
1133.000000	0.026134
1134.000000	0.018587
1135.000000	0.014092
1136.000000	0.008873
1137.000000	-0.001001
1138.000000	-0.013491
1139.000000	-0.024998
1140.000000	-0.031666
1141.000000	-0.031576
1142.000000	-0.030814
1143.000000	-0.035313
1144.000000	-0.042373
1145.000000	-0.047181
1146.000000	-0.045089
1147.000000	-0.033625
1148.000000	-0.018858
1149.000000	-0.007894
1150.000000	-0.003440
1151.000000	-0.006607
1152.000000	-0.016518
1153.000000	-0.030370
1154.000000	-0.039650
1155.000000	-0.037058
1156.000000	-0.025860
1157.000000	-0.011936
1158.000000	-0.001054
1159.000000	0.002077
1160.000000	-0.003127
1161.000000	-0.015009
1162.000000	-0.027070
1163.000000	-0.032464
1164.000000	-0.027787
1165.000000	-0.013157
1166.000000	0.000653
1167.000000	0.003221
1168.000000	-0.003812
1169.000000	-0.015768
1170.000000	-0.027880
1171.000000	-0.035411
1172.000000	-0.033837
1173.000000	-0.021219
1174.000000	-0.005751
1175.000000	0.003133
1176.000000	0.001181
1177.000000	-0.012343
1178.000000	-0.029304
1179.000000	-0.040860
1180.000000	-0.044223
1181.000000	-0.038767
1182.000000	-0.026472
1183.000000	-0.010888
1184.000000	0.000765
1185.000000	0.002481
1186.000000	-0.003226
1187.000000	-0.012072
1188.000000	-0.021210
1189.000000	-0.028448
1190.000000	-0.032763
1191.000000	-0.034099
1192.000000	-0.035103
1193.000000	-0.038434
1194.000000	-0.044095
1195.000000	-0.051000
1196.000000	-0.056350
1197.000000	-0.057009
1198.000000	-0.050192
1199.000000	-0.034599
1200.000000	-0.014501
1201.000000	0.003832
1202.000000	0.011722
1203.000000	0.003974
1204.000000	-0.008253
1205.000000	-0.012353
1206.000000	-0.006269
1207.000000	0.008454
1208.000000	0.026414
1209.000000	0.041094
1210.000000	0.045371
1211.000000	0.034642
1212.000000	0.015002
1213.000000	-0.004519
1214.000000	-0.013838
1215.000000	-0.005999
1216.000000	0.012382
1217.000000	0.032230
1218.000000	0.048202
1219.000000	0.056422
1220.000000	0.055160
1221.000000	0.044884
1222.000000	0.032700
1223.000000	0.025673
1224.000000	0.024059
1225.000000	0.026417
1226.000000	0.031340
1227.000000	0.038548
1228.000000	0.052249
1229.000000	0.074754
1230.000000	0.096298
1231.000000	0.105756
1232.000000	0.098639
1233.000000	0.075445
1234.000000	0.049989
1235.000000	0.036365
1236.000000	0.036470
1237.000000	0.048398
1238.000000	0.067231
1239.000000	0.086320
1240.000000	0.095114
1241.000000	0.085675
1242.000000	0.064424
1243.000000	0.040833
1244.000000	0.022234
1245.000000	0.014918
1246.000000	0.023161
1247.000000	0.047721
1248.000000	0.077302
1249.000000	0.099651
1250.000000	0.110736
1251.000000	0.109853
1252.000000	0.101393
1253.000000	0.090388
1254.000000	0.079353
1255.000000	0.069833
1256.000000	0.062010
1257.000000	0.055562
1258.000000	0.049501
1259.000000	0.043854
1260.000000	0.043370
1261.000000	0.051966
1262.000000	0.065502
1263.000000	0.077838
1264.000000	0.082894
1265.000000	0.077305
1266.000000	0.068494
1267.000000	0.063821
1268.000000	0.059604
1269.000000	0.050148
1270.000000	0.032748
1271.000000	0.008765
1272.000000	-0.007171
1273.000000	-0.002153
1274.000000	0.016551
1275.000000	0.037527
1276.000000	0.052952
1277.000000	0.057776
1278.000000	0.054456
1279.000000	0.048081
1280.000000	0.046778
1281.000000	0.057364
1282.000000	0.078393
1283.000000	0.103908
1284.000000	0.118178
1285.000000	0.108944
1286.000000	0.087602
1287.000000	0.069177
1288.000000	0.059549
1289.000000	0.060883
1290.000000	0.069641
1291.000000	0.080527
1292.000000	0.086926
1293.000000	0.083977
1294.000000	0.075149
1295.000000	0.066537
1296.000000	0.066416
1297.000000	0.079735
1298.000000	0.095948
1299.000000	0.103728
1300.000000	0.104118
1301.000000	0.101508
1302.000000	0.101301
1303.000000	0.107322
1304.000000	0.116081
1305.000000	0.123225
1306.000000	0.128255
1307.000000	0.131703
1308.000000	0.134356
1309.000000	0.137129
1310.000000	0.141194
1311.000000	0.147180
1312.000000	0.153302
1313.000000	0.157421
1314.000000	0.158398
1315.000000	0.155818
1316.000000	0.151153
1317.000000	0.145637
1318.000000	0.137664
1319.000000	0.125934
1320.000000	0.113219
1321.000000	0.104060
1322.000000	0.106011
1323.000000	0.122432
1324.000000	0.136890
1325.000000	0.132887
1326.000000	0.113446
1327.000000	0.088048
1328.000000	0.072499
1329.000000	0.077971
1330.000000	0.090785
1331.000000	0.095527
1332.000000	0.094683
1333.000000	0.095232
1334.000000	0.104212
1335.000000	0.124829
1336.000000	0.144898
1337.000000	0.152103
1338.000000	0.148996
1339.000000	0.141591
1340.000000	0.134871
1341.000000	0.132397
1342.000000	0.133057
1343.000000	0.134143
1344.000000	0.131232
1345.000000	0.120673
1346.000000	0.103634
1347.000000	0.084035
1348.000000	0.071995
1349.000000	0.075035
1350.000000	0.084071
1351.000000	0.088424
1352.000000	0.087623
1353.000000	0.085051
1354.000000	0.089301
1355.000000	0.105393
1356.000000	0.118848
1357.000000	0.114615
1358.000000	0.094845
1359.000000	0.066939
1360.000000	0.042079
1361.000000	0.031017
1362.000000	0.038996
1363.000000	0.066432
1364.000000	0.099939
1365.000000	0.124020
1366.000000	0.128537
1367.000000	0.109581
1368.000000	0.082811
1369.000000	0.065341
1370.000000	0.060535
1371.000000	0.067458
1372.000000	0.081725
1373.000000	0.097040
1374.000000	0.102901
1375.000000	0.091679
1376.000000	0.071449
1377.000000	0.052715
1378.000000	0.040005
1379.000000	0.035282
1380.000000	0.036239
1381.000000	0.040376
1382.000000	0.048687
1383.000000	0.061532
1384.000000	0.073235
1385.000000	0.076914
1386.000000	0.066911
1387.000000	0.042140
1388.000000	0.018588
1389.000000	0.011094
1390.000000	0.012834
1391.000000	0.012739
1392.000000	0.004435
1393.000000	-0.012078
1394.000000	-0.016005
1395.000000	0.009521
1396.000000	0.044863
1397.000000	0.065499
1398.000000	0.063887
1399.000000	0.041844
1400.000000	0.021662
1401.000000	0.023008
1402.000000	0.034582
1403.000000	0.040574
1404.000000	0.038095
1405.000000	0.028830
1406.000000	0.019833
1407.000000	0.017593
1408.000000	0.020974
1409.000000	0.026732
1410.000000	0.030811
1411.000000	0.029352
1412.000000	0.020111
1413.000000	0.003105
1414.000000	-0.014205
1415.000000	-0.024113
1416.000000	-0.025370
1417.000000	-0.018840
1418.000000	-0.007389
1419.000000	0.005039
1420.000000	0.012195
1421.000000	0.009545
1422.000000	0.001709
1423.000000	-0.005011
1424.000000	-0.006755
1425.000000	-0.000849
1426.000000	0.013082
1427.000000	0.033314
1428.000000	0.052028
1429.000000	0.061990
1430.000000	0.064411
1431.000000	0.063078
1432.000000	0.063627
1433.000000	0.070692
1434.000000	0.083047
1435.000000	0.097594
1436.000000	0.109616
1437.000000	0.114705
1438.000000	0.111324
1439.000000	0.100469
1440.000000	0.090413
1441.000000	0.088481
1442.000000	0.090927
1443.000000	0.092391
1444.000000	0.092141
1445.000000	0.091623
1446.000000	0.096378
1447.000000	0.110185
1448.000000	0.125697
1449.000000	0.134326
1450.000000	0.133648
1451.000000	0.123576
1452.000000	0.107194
1453.000000	0.089077
1454.000000	0.076582
1455.000000	0.076275
1456.000000	0.088778
1457.000000	0.112380
1458.000000	0.141977
1459.000000	0.170712
1460.000000	0.188104
1461.000000	0.185199
1462.000000	0.162761
1463.000000	0.125146
1464.000000	0.081342
1465.000000	0.042241
1466.000000	0.021717
1467.000000	0.028313
1468.000000	0.046271
1469.000000	0.057662
1470.000000	0.060166
1471.000000	0.056524
1472.000000	0.054111
1473.000000	0.058733
1474.000000	0.065295
1475.000000	0.067701
1476.000000	0.066746
1477.000000	0.064759
1478.000000	0.063319
1479.000000	0.062983
1480.000000	0.060957
1481.000000	0.055026
1482.000000	0.048632
1483.000000	0.045701
1484.000000	0.046430
1485.000000	0.049303
1486.000000	0.049674
1487.000000	0.044260
1488.000000	0.038353
1489.000000	0.037284
1490.000000	0.037972
1491.000000	0.035285
1492.000000	0.024298
1493.000000	0.003602
1494.000000	-0.014365
1495.000000	-0.017645
1496.000000	-0.010044
1497.000000	0.000995
1498.000000	0.009249
1499.000000	0.010096
1500.000000	0.004085
1501.000000	-0.006948
1502.000000	-0.021202
1503.000000	-0.036496
1504.000000	-0.049110
1505.000000	-0.055039
1506.000000	-0.050677
1507.000000	-0.035311
1508.000000	-0.019393
1509.000000	-0.013519
1510.000000	-0.017706
1511.000000	-0.028787
1512.000000	-0.041439
1513.000000	-0.050211
1514.000000	-0.051287
1515.000000	-0.043009
1516.000000	-0.030725
1517.000000	-0.020826
1518.000000	-0.016861
1519.000000	-0.020591
1520.000000	-0.029475
1521.000000	-0.039827
1522.000000	-0.047693
1523.000000	-0.049822
1524.000000	-0.046059
1525.000000	-0.037372
1526.000000	-0.026128
1527.000000	-0.014917
1528.000000	-0.005807
1529.000000	0.000221
1530.000000	0.006029
1531.000000	0.013846
1532.000000	0.019538
1533.000000	0.019421
1534.000000	0.017990
1535.000000	0.019170
1536.000000	0.016442
1537.000000	0.003673
1538.000000	-0.013288
1539.000000	-0.026907
1540.000000	-0.034905
1541.000000	-0.036779
1542.000000	-0.033880
1543.000000	-0.028293
1544.000000	-0.023195
1545.000000	-0.021448
1546.000000	-0.023566
1547.000000	-0.027601
1548.000000	-0.024093
1549.000000	-0.005589
1550.000000	0.019828
1551.000000	0.041817
1552.000000	0.056541
1553.000000	0.063592
1554.000000	0.069758
1555.000000	0.080543
1556.000000	0.089107
1557.000000	0.087915
1558.000000	0.078991
1559.000000	0.067063
1560.000000	0.058122
1561.000000	0.056512
1562.000000	0.058716
1563.000000	0.060342
1564.000000	0.061350
1565.000000	0.062588
1566.000000	0.064098
1567.000000	0.065230
1568.000000	0.063380
1569.000000	0.058162
1570.000000	0.060014
1571.000000	0.078091
1572.000000	0.105597
1573.000000	0.131090
1574.000000	0.140488
1575.000000	0.126266
1576.000000	0.109774
1577.000000	0.112903
1578.000000	0.130843
1579.000000	0.152787
1580.000000	0.170644
1581.000000	0.179858
1582.000000	0.187303
1583.000000	0.198399
1584.000000	0.201319
1585.000000	0.183999
1586.000000	0.150686
1587.000000	0.111259
1588.000000	0.081819
1589.000000	0.074575
1590.000000	0.079951
1591.000000	0.085806
1592.000000	0.091540
1593.000000	0.098871
1594.000000	0.107256
1595.000000	0.113301
1596.000000	0.104480
1597.000000	0.073696
1598.000000	0.044696
1599.000000	0.042075
1600.000000	0.062977
1601.000000	0.094290
1602.000000	0.109328
1603.000000	0.090693
1604.000000	0.071715
1605.000000	0.085967
1606.000000	0.117264
1607.000000	0.139167
1608.000000	0.133983
1609.000000	0.095677
1610.000000	0.056107
1611.000000	0.046100
1612.000000	0.054484
1613.000000	0.062861
1614.000000	0.065939
1615.000000	0.063554
1616.000000	0.062949
1617.000000	0.069714
1618.000000	0.075414
1619.000000	0.071184
1620.000000	0.060476
1621.000000	0.049381
1622.000000	0.042229
1623.000000	0.040508
1624.000000	0.036102
1625.000000	0.022848
1626.000000	0.012002
1627.000000	0.015655
1628.000000	0.031822
1629.000000	0.053267
1630.000000	0.065821
1631.000000	0.059219
1632.000000	0.045737
1633.000000	0.039508
1634.000000	0.039556
1635.000000	0.041322
1636.000000	0.041015
1637.000000	0.036290
1638.000000	0.029814
1639.000000	0.026476
1640.000000	0.035054
1641.000000	0.061812
1642.000000	0.099066
1643.000000	0.134506
1644.000000	0.151257
1645.000000	0.138661
1646.000000	0.115483
1647.000000	0.102357
1648.000000	0.097961
1649.000000	0.095869
1650.000000	0.091203
1651.000000	0.081217
1652.000000	0.070146
1653.000000	0.064237
1654.000000	0.070810
1655.000000	0.094004
1656.000000	0.124147
1657.000000	0.147705
1658.000000	0.149491
1659.000000	0.121021
1660.000000	0.082275
1661.000000	0.055877
1662.000000	0.046561
1663.000000	0.053637
1664.000000	0.072611
1665.000000	0.097527
1666.000000	0.120384
1667.000000	0.134459
1668.000000	0.140191
1669.000000	0.139576
1670.000000	0.133685
1671.000000	0.123463
1672.000000	0.110267
1673.000000	0.096448
1674.000000	0.087921
1675.000000	0.088962
1676.000000	0.093722
1677.000000	0.095175
1678.000000	0.091727
1679.000000	0.084790
1680.000000	0.082387
1681.000000	0.088999
1682.000000	0.088337
1683.000000	0.065532
1684.000000	0.032166
1685.000000	0.005686
1686.000000	0.000546
1687.000000	0.023292
1688.000000	0.051817
1689.000000	0.063266
1690.000000	0.060434
1691.000000	0.051499
1692.000000	0.040518
1693.000000	0.029743
1694.000000	0.018325
1695.000000	0.006456
1696.000000	0.001578
1697.000000	0.009284
1698.000000	0.020505
1699.000000	0.025431
1700.000000	0.025950
1701.000000	0.026031
1702.000000	0.026259
1703.000000	0.026429
1704.000000	0.026569
1705.000000	0.026735
1706.000000	0.026878
1707.000000	0.026970
1708.000000	0.027188
1709.000000	0.027583
1710.000000	0.027498
1711.000000	0.026755
1712.000000	0.027807
1713.000000	0.031312
1714.000000	0.028117
1715.000000	0.010995
1716.000000	-0.009753
1717.000000	-0.022441
1718.000000	-0.027363
1719.000000	-0.027783
1720.000000	-0.026858
1721.000000	-0.027513
1722.000000	-0.031843
1723.000000	-0.039951
1724.000000	-0.044796
1725.000000	-0.040067
1726.000000	-0.029510
1727.000000	-0.018764
1728.000000	-0.010990
1729.000000	-0.008154
1730.000000	-0.009935
1731.000000	-0.014804
1732.000000	-0.018703
1733.000000	-0.018410
1734.000000	-0.016583
1735.000000	-0.016752
1736.000000	-0.020055
1737.000000	-0.025757
1738.000000	-0.028028
1739.000000	-0.022792
1740.000000	-0.018079
1741.000000	-0.021957
1742.000000	-0.030531
1743.000000	-0.037088
1744.000000	-0.035603
1745.000000	-0.024399
1746.000000	-0.018502
1747.000000	-0.031323
1748.000000	-0.053099
1749.000000	-0.069891
1750.000000	-0.074241
1751.000000	-0.062037
1752.000000	-0.036078
1753.000000	-0.002955
1754.000000	0.022475
1755.000000	0.027633
1756.000000	0.017310
1757.000000	0.000253
1758.000000	-0.016347
1759.000000	-0.027796
1760.000000	-0.037824
1761.000000	-0.049838
1762.000000	-0.057535
1763.000000	-0.054087
1764.000000	-0.040266
1765.000000	-0.019401
1766.000000	0.002564
1767.000000	0.019352
1768.000000	0.025973
1769.000000	0.019443
1770.000000	0.003513
1771.000000	-0.016202
1772.000000	-0.033374
1773.000000	-0.042011
1774.000000	-0.038169
1775.000000	-0.022351
1776.000000	-0.010792
1777.000000	-0.017608
1778.000000	-0.032694
1779.000000	-0.041927
1780.000000	-0.039345
1781.000000	-0.025078
1782.000000	-0.015480
1783.000000	-0.024257
1784.000000	-0.038293
1785.000000	-0.042183
1786.000000	-0.038179
1787.000000	-0.032887
1788.000000	-0.032680
1789.000000	-0.039717
1790.000000	-0.039524
1791.000000	-0.020862
1792.000000	-0.002047
1793.000000	-0.002915
1794.000000	-0.019817
1795.000000	-0.041220
1796.000000	-0.047548
1797.000000	-0.025726
1798.000000	0.003266
1799.000000	0.016430
1800.000000	0.016750
1801.000000	0.012788
1802.000000	0.009424
1803.000000	0.009119
1804.000000	0.008345
1805.000000	0.004178
1806.000000	0.002111
1807.000000	0.006982
1808.000000	0.012584
1809.000000	0.011038
1810.000000	-0.001182
1811.000000	-0.023647
1812.000000	-0.044462
1813.000000	-0.052426
1814.000000	-0.050566
1815.000000	-0.044302
1816.000000	-0.034386
1817.000000	-0.020604
1818.000000	-0.003551
1819.000000	0.013988
1820.000000	0.021267
1821.000000	0.010168
1822.000000	-0.008970
1823.000000	-0.023171
1824.000000	-0.027379
1825.000000	-0.020066
1826.000000	-0.005913
1827.000000	0.008650
1828.000000	0.016403
1829.000000	0.012946
1830.000000	0.005956
1831.000000	0.004067
1832.000000	0.007654
1833.000000	0.012796
1834.000000	0.006648
1835.000000	-0.019113
1836.000000	-0.045789
1837.000000	-0.053813
1838.000000	-0.047161
1839.000000	-0.035469
1840.000000	-0.027463
1841.000000	-0.029212
1842.000000	-0.037057
1843.000000	-0.044725
1844.000000	-0.045220
1845.000000	-0.034010
1846.000000	-0.017154
1847.000000	-0.002969
1848.000000	0.001795
1849.000000	-0.005141
1850.000000	-0.009753
1851.000000	0.000133
1852.000000	0.012974
1853.000000	0.014996
1854.000000	0.007221
1855.000000	-0.004507
1856.000000	-0.009866
1857.000000	-0.001498
1858.000000	0.011609
1859.000000	0.019123
1860.000000	0.021695
1861.000000	0.022146
1862.000000	0.021007
1863.000000	0.017902
1864.000000	0.011116
1865.000000	0.000547
1866.000000	-0.006110
1867.000000	-0.002627
1868.000000	0.003562
1869.000000	0.003402
1870.000000	-0.004987
1871.000000	-0.019502
1872.000000	-0.029299
1873.000000	-0.024642
1874.000000	-0.008976
1875.000000	0.010549
1876.000000	0.025132
1877.000000	0.027180
1878.000000	0.015569
1879.000000	-0.006590
1880.000000	-0.025707
1881.000000	-0.030441
1882.000000	-0.028933
1883.000000	-0.031456
1884.000000	-0.037342
1885.000000	-0.042196
1886.000000	-0.037675
1887.000000	-0.019255
1888.000000	-0.001651
1889.000000	0.001465
1890.000000	-0.000166
1891.000000	0.003625
1892.000000	0.001319
1893.000000	-0.015978
1894.000000	-0.024956
1895.000000	-0.005918
1896.000000	0.014177
1897.000000	0.007003
1898.000000	-0.014591
1899.000000	-0.031155
1900.000000	-0.038024
1901.000000	-0.035700
1902.000000	-0.030578
1903.000000	-0.027288
1904.000000	-0.017498
1905.000000	0.005390
1906.000000	0.028069
1907.000000	0.035848
1908.000000	0.028398
1909.000000	0.011025
1910.000000	-0.002789
1911.000000	-0.003000
1912.000000	-0.001479
1913.000000	-0.010359
1914.000000	-0.020890
1915.000000	-0.021728
1916.000000	-0.012032
1917.000000	0.004234
1918.000000	0.014397
1919.000000	0.008424
1920.000000	-0.004450
1921.000000	-0.013089
1922.000000	-0.018035
1923.000000	-0.021889
1924.000000	-0.023827
1925.000000	-0.021244
1926.000000	-0.007843
1927.000000	0.018364
1928.000000	0.038426
1929.000000	0.034883
1930.000000	0.017164
1931.000000	-0.000060
1932.000000	-0.008045
1933.000000	-0.003228
1934.000000	0.003159
1935.000000	0.001113
1936.000000	0.000334
1937.000000	0.010677
1938.000000	0.022906
1939.000000	0.024966
1940.000000	0.012625
1941.000000	-0.012201
1942.000000	-0.030840
1943.000000	-0.027254
1944.000000	-0.012705
1945.000000	-0.001730
1946.000000	0.005338
1947.000000	0.011469
1948.000000	0.018645
1949.000000	0.026626
1950.000000	0.027281
1951.000000	0.015005
1952.000000	0.002184
1953.000000	0.001475
1954.000000	0.008626
1955.000000	0.015427
1956.000000	0.014728
1957.000000	0.002717
1958.000000	-0.012141
1959.000000	-0.020289
1960.000000	-0.020082
1961.000000	-0.012360
1962.000000	-0.000000
1963.000000	0.013585
1964.000000	0.024876
1965.000000	0.030712
1966.000000	0.029479
1967.000000	0.022104
1968.000000	0.018125
1969.000000	0.025416
1970.000000	0.036569
1971.000000	0.041133
1972.000000	0.031756
1973.000000	0.007249
1974.000000	-0.012035
1975.000000	-0.009045
1976.000000	-0.001486
1977.000000	-0.008745
1978.000000	-0.022171
1979.000000	-0.027152
1980.000000	-0.013249
1981.000000	0.019744
1982.000000	0.035295
1983.000000	0.003849
1984.000000	-0.039493
1985.000000	-0.054001
1986.000000	-0.041081
1987.000000	-0.014219
1988.000000	0.006923
1989.000000	0.008536
1990.000000	0.006408
1991.000000	0.017034
1992.000000	0.030149
1993.000000	0.032498
1994.000000	0.025617
1995.000000	0.015076
1996.000000	0.007802
1997.000000	0.008515
1998.000000	0.011765
1999.000000	0.011243
2000.000000	0.007368
2001.000000	0.002299
2002.000000	-0.001577
2003.000000	-0.002088
2004.000000	0.001857
2005.000000	0.010343
2006.000000	0.020504
2007.000000	0.029169
2008.000000	0.034891
2009.000000	0.036711
2010.000000	0.033908
2011.000000	0.026325
2012.000000	0.015809
2013.000000	0.005732
2014.000000	0.003544
2015.000000	0.013468
2016.000000	0.022737
2017.000000	0.018852
2018.000000	0.007364
2019.000000	-0.002350
2020.000000	-0.003662
2021.000000	0.004684
2022.000000	0.005200
2023.000000	-0.016349
2024.000000	-0.042432
2025.000000	-0.052533
2026.000000	-0.045972
2027.000000	-0.027904
2028.000000	-0.006997
2029.000000	0.008699
2030.000000	0.017123
2031.000000	0.019054
2032.000000	0.020635
2033.000000	0.026472
2034.000000	0.029665
2035.000000	0.022057
2036.000000	0.001975
2037.000000	-0.027071
2038.000000	-0.047337
2039.000000	-0.043864
2040.000000	-0.027076
2041.000000	-0.011142
2042.000000	0.000178
2043.000000	0.006378
2044.000000	0.009543
2045.000000	0.012322
2046.000000	0.017009
2047.000000	0.024932
2048.000000	0.033895
2049.000000	0.040893
2050.000000	0.043195
2051.000000	0.039046
2052.000000	0.030316
2053.000000	0.020500
2054.000000	0.015953
2055.000000	0.020830
2056.000000	0.027616
2057.000000	0.028618
2058.000000	0.027116
2059.000000	0.028220
2060.000000	0.033403
2061.000000	0.042081
2062.000000	0.049086
2063.000000	0.049609
2064.000000	0.044854
2065.000000	0.037256
2066.000000	0.028153
2067.000000	0.018918
2068.000000	0.012172
2069.000000	0.010597
2070.000000	0.015877
2071.000000	0.026844
2072.000000	0.031916
2073.000000	0.021956
2074.000000	0.008023
2075.000000	0.002798
2076.000000	0.005243
2077.000000	0.009732
2078.000000	0.006008
2079.000000	-0.011529
2080.000000	-0.025203
2081.000000	-0.018774
2082.000000	-0.005017
2083.000000	0.000394
2084.000000	-0.000806
2085.000000	-0.001970
2086.000000	0.005780
2087.000000	0.026877
2088.000000	0.045751
2089.000000	0.047105
2090.000000	0.036745
2091.000000	0.024468
2092.000000	0.014925
2093.000000	0.010897
2094.000000	0.012823
2095.000000	0.020781
2096.000000	0.035750
2097.000000	0.055022
2098.000000	0.060234
2099.000000	0.036793
2100.000000	0.000852
2101.000000	-0.026017
2102.000000	-0.031306
2103.000000	-0.011090
2104.000000	0.013293
2105.000000	0.019956
2106.000000	0.010091
2107.000000	-0.008620
2108.000000	-0.025599
2109.000000	-0.031584
2110.000000	-0.025476
2111.000000	-0.010280
2112.000000	0.002745
2113.000000	0.003306
2114.000000	-0.006767
2115.000000	-0.021342
2116.000000	-0.029207
2117.000000	-0.021383
2118.000000	-0.002910
2119.000000	0.016469
2120.000000	0.022203
2121.000000	0.006371
2122.000000	-0.007624
2123.000000	0.002271
2124.000000	0.021395
2125.000000	0.030305
2126.000000	0.027141
2127.000000	0.015879
2128.000000	0.006266
2129.000000	0.005548
2130.000000	0.005207
2131.000000	-0.003311
2132.000000	-0.012943
2133.000000	-0.015108
2134.000000	-0.010769
2135.000000	-0.003527
2136.000000	0.002021
2137.000000	0.002326
2138.000000	-0.000968
2139.000000	-0.005462
2140.000000	-0.010935
2141.000000	-0.016656
2142.000000	-0.017675
2143.000000	-0.009538
2144.000000	0.005995
2145.000000	0.024198
2146.000000	0.034676
2147.000000	0.029613
2148.000000	0.017173
2149.000000	0.007634
2150.000000	0.003757
2151.000000	0.005486
2152.000000	0.009005
2153.000000	0.009740
2154.000000	0.003854
2155.000000	-0.009256
2156.000000	-0.018005
2157.000000	-0.012402
2158.000000	-0.001037
2159.000000	0.004380
2160.000000	-0.001761
2161.000000	-0.021509
2162.000000	-0.048753
2163.000000	-0.073436
2164.000000	-0.077860
2165.000000	-0.050413
2166.000000	-0.011460
2167.000000	0.015904
2168.000000	0.029650
2169.000000	0.033596
2170.000000	0.033888
2171.000000	0.035453
2172.000000	0.036006
2173.000000	0.031449
2174.000000	0.017652
2175.000000	-0.005775
2176.000000	-0.024237
2177.000000	-0.023628
2178.000000	-0.006799
2179.000000	0.016557
2180.000000	0.026338
2181.000000	0.009060
2182.000000	-0.011875
2183.000000	-0.012644
2184.000000	-0.004632
2185.000000	-0.004263
2186.000000	-0.012911
2187.000000	-0.026802
2188.000000	-0.036631
2189.000000	-0.034485
2190.000000	-0.023544
2191.000000	-0.008938
2192.000000	0.007502
2193.000000	0.024079
2194.000000	0.036324
2195.000000	0.039989
2196.000000	0.034478
2197.000000	0.021312
2198.000000	0.006837
2199.000000	-0.002347
2200.000000	-0.003457
2201.000000	0.004094
2202.000000	0.015912
2203.000000	0.026801
2204.000000	0.033330
2205.000000	0.033359
2206.000000	0.028131
2207.000000	0.019376
2208.000000	0.007376
2209.000000	-0.005528
2210.000000	-0.007312
2211.000000	0.010888
2212.000000	0.035618
2213.000000	0.049162
2214.000000	0.039082
2215.000000	0.001475
2216.000000	-0.038686
2217.000000	-0.054847
2218.000000	-0.042994
2219.000000	-0.008376
2220.000000	0.029236
2221.000000	0.050211
2222.000000	0.049998
2223.000000	0.032021
2224.000000	0.016523
2225.000000	0.020745
2226.000000	0.033096
2227.000000	0.037998
2228.000000	0.032747
2229.000000	0.019235
2230.000000	0.004875
2231.000000	-0.002380
2232.000000	0.002068
2233.000000	0.018245
2234.000000	0.031242
2235.000000	0.027443
2236.000000	0.013338
2237.000000	-0.000913
2238.000000	-0.010579
2239.000000	-0.013462
2240.000000	-0.012064
2241.000000	-0.010550
2242.000000	-0.015036
2243.000000	-0.027711
2244.000000	-0.033104
2245.000000	-0.018060
2246.000000	0.003653
2247.000000	0.015479
2248.000000	0.016641
2249.000000	0.011973
2250.000000	0.012986
2251.000000	0.027423
2252.000000	0.041270
2253.000000	0.040028
2254.000000	0.029023
2255.000000	0.017050
2256.000000	0.006952
2257.000000	-0.000136
2258.000000	-0.003965
2259.000000	-0.004320
2260.000000	-0.000240
2261.000000	0.008581
2262.000000	0.019090
2263.000000	0.027234
2264.000000	0.028307
2265.000000	0.019333
2266.000000	0.004904
2267.000000	-0.008294
2268.000000	-0.012767
2269.000000	-0.003564
2270.000000	0.013295
2271.000000	0.028332
2272.000000	0.029216
2273.000000	0.008553
2274.000000	-0.018460
2275.000000	-0.033759
2276.000000	-0.030405
2277.000000	-0.009824
2278.000000	0.004230
2279.000000	-0.006984
2280.000000	-0.019821
2281.000000	-0.009773
2282.000000	0.008746
2283.000000	0.016568
2284.000000	0.014429
2285.000000	0.009410
2286.000000	0.014059
2287.000000	0.035038
2288.000000	0.049986
2289.000000	0.037807
2290.000000	0.011477
2291.000000	-0.010657
2292.000000	-0.022838
2293.000000	-0.023727
2294.000000	-0.017052
2295.000000	-0.007792
2296.000000	-0.000853
2297.000000	0.000719
2298.000000	0.001231
2299.000000	0.004907
2300.000000	0.008267
2301.000000	0.007290
2302.000000	0.003488
2303.000000	-0.000269
2304.000000	-0.001228
2305.000000	0.001364
2306.000000	0.000359
2307.000000	-0.009211
2308.000000	-0.015698
2309.000000	-0.008418
2310.000000	0.002843
2311.000000	0.006127
2312.000000	0.001269
2313.000000	-0.006741
2314.000000	-0.004088
2315.000000	0.017422
2316.000000	0.034656
2317.000000	0.026894
2318.000000	0.014385
2319.000000	0.020214
2320.000000	0.037853
2321.000000	0.053832
2322.000000	0.056535
2323.000000	0.040474
2324.000000	0.022815
2325.000000	0.019043
2326.000000	0.015252
2327.000000	-0.002126
2328.000000	-0.015927
2329.000000	-0.007745
2330.000000	0.015056
2331.000000	0.037494
2332.000000	0.039872
2333.000000	0.010709
2334.000000	-0.023911
2335.000000	-0.035975
2336.000000	-0.027326
2337.000000	-0.008037
2338.000000	0.008741
2339.000000	0.011971
2340.000000	0.002144
2341.000000	-0.015134
2342.000000	-0.025317
2343.000000	-0.017723
2344.000000	-0.006073
2345.000000	-0.003668
2346.000000	0.002275
2347.000000	0.024455
2348.000000	0.049161
2349.000000	0.058645
2350.000000	0.045418
2351.000000	0.011696
2352.000000	-0.011749
2353.000000	0.000462
2354.000000	0.023584
2355.000000	0.028728
2356.000000	0.020559
2357.000000	0.010328
2358.000000	0.002073
2359.000000	-0.002987
2360.000000	-0.007686
2361.000000	-0.013864
2362.000000	-0.015334
2363.000000	-0.007410
2364.000000	0.000553
2365.000000	-0.000496
2366.000000	-0.004348
2367.000000	-0.002921
2368.000000	0.004092
2369.000000	0.013719
2370.000000	0.017645
2371.000000	0.010500
2372.000000	0.004042
2373.000000	0.010015
2374.000000	0.022972
2375.000000	0.034178
2376.000000	0.038926
2377.000000	0.034673
2378.000000	0.023487
2379.000000	0.009103
2380.000000	-0.002698
2381.000000	-0.006782
2382.000000	-0.002647
2383.000000	0.007486
2384.000000	0.015137
2385.000000	0.012509
2386.000000	0.000792
2387.000000	-0.015996
2388.000000	-0.031517
2389.000000	-0.040188
2390.000000	-0.041784
2391.000000	-0.037895
2392.000000	-0.032027
2393.000000	-0.027186
2394.000000	-0.022456
2395.000000	-0.016183
2396.000000	-0.007678
2397.000000	0.002994
2398.000000	0.013712
2399.000000	0.021468
2400.000000	0.021771
2401.000000	0.012668
2402.000000	0.003847
2403.000000	0.003402
2404.000000	0.001415
2405.000000	-0.012625
2406.000000	-0.033590
2407.000000	-0.051525
2408.000000	-0.052818
2409.000000	-0.029886
2410.000000	-0.002913
2411.000000	0.008004
2412.000000	0.010877
2413.000000	0.016681
2414.000000	0.020140
2415.000000	0.014301
2416.000000	0.001771
2417.000000	-0.011352
2418.000000	-0.014554
2419.000000	-0.001981
2420.000000	0.009168
2421.000000	0.002516
2422.000000	-0.011971
2423.000000	-0.019959
2424.000000	-0.015986
2425.000000	0.000706
2426.000000	0.020917
2427.000000	0.033189
2428.000000	0.026988
2429.000000	-0.000686
2430.000000	-0.023612
2431.000000	-0.018958
2432.000000	-0.006677
2433.000000	-0.009746
2434.000000	-0.020447
2435.000000	-0.025233
2436.000000	-0.017932
2437.000000	0.001454
2438.000000	0.015603
2439.000000	0.010230
2440.000000	0.000504
2441.000000	0.003126
2442.000000	0.011466
2443.000000	0.015602
2444.000000	0.015778
2445.000000	0.014276
2446.000000	0.011379
2447.000000	0.005797
2448.000000	-0.008048
2449.000000	-0.030891
2450.000000	-0.039810
2451.000000	-0.016308
2452.000000	0.016749
2453.000000	0.032779
2454.000000	0.031698
2455.000000	0.020711
2456.000000	0.009683
2457.000000	0.005662
2458.000000	0.001758
2459.000000	-0.009794
2460.000000	-0.026340
2461.000000	-0.042108
2462.000000	-0.049282
2463.000000	-0.042160
2464.000000	-0.025539
2465.000000	-0.006927
2466.000000	0.005815
2467.000000	0.006886
2468.000000	-0.000922
2469.000000	-0.012045
2470.000000	-0.018412
2471.000000	-0.013307
2472.000000	0.002068
2473.000000	0.022844
2474.000000	0.037397
2475.000000	0.035647
2476.000000	0.020454
2477.000000	0.000894
2478.000000	-0.002017
2479.000000	0.025544
2480.000000	0.056707
2481.000000	0.062949
2482.000000	0.049840
2483.000000	0.030670
2484.000000	0.015531
2485.000000	0.011331
2486.000000	0.015460
2487.000000	0.021856
2488.000000	0.020176
2489.000000	0.005833
2490.000000	0.001529
2491.000000	0.024749
2492.000000	0.044802
2493.000000	0.030869
2494.000000	-0.000209
2495.000000	-0.022676
2496.000000	-0.022771
2497.000000	0.002177
2498.000000	0.022469
2499.000000	0.012476
2500.000000	-0.004786
2501.000000	-0.003580
2502.000000	0.004057
2503.000000	0.001405
2504.000000	-0.009232
2505.000000	-0.021347
2506.000000	-0.030660
2507.000000	-0.035316
2508.000000	-0.040919
2509.000000	-0.051660
2510.000000	-0.058598
2511.000000	-0.052485
2512.000000	-0.035963
2513.000000	-0.015143
2514.000000	0.001888
2515.000000	0.009079
2516.000000	0.010486
2517.000000	0.012975
2518.000000	0.024541
2519.000000	0.046353
2520.000000	0.051154
2521.000000	0.018285
2522.000000	-0.018089
2523.000000	-0.022546
2524.000000	-0.009456
2525.000000	-0.001730
2526.000000	-0.006648
2527.000000	-0.023530
2528.000000	-0.035498
2529.000000	-0.028798
2530.000000	-0.018372
2531.000000	-0.018493
2532.000000	-0.012074
2533.000000	0.015166
2534.000000	0.034914
2535.000000	0.019816
2536.000000	-0.011049
2537.000000	-0.031996
2538.000000	-0.037337
2539.000000	-0.027712
2540.000000	-0.009063
2541.000000	0.010462
2542.000000	0.019211
2543.000000	0.009328
2544.000000	-0.008343
2545.000000	-0.019507
2546.000000	-0.014750
2547.000000	0.008429
2548.000000	0.029755
2549.000000	0.030763
2550.000000	0.022992
2551.000000	0.020352
2552.000000	0.016229
2553.000000	0.002211
2554.000000	-0.016773
2555.000000	-0.032847
2556.000000	-0.039674
2557.000000	-0.032645
2558.000000	-0.012525
2559.000000	0.014622
2560.000000	0.026907
2561.000000	0.008348
2562.000000	-0.017589
2563.000000	-0.024604
2564.000000	-0.014513
2565.000000	0.003106
2566.000000	0.015747
2567.000000	0.013704
2568.000000	0.001406
2569.000000	-0.012082
2570.000000	-0.013289
2571.000000	0.006227
2572.000000	0.030373
2573.000000	0.041969
2574.000000	0.044008
2575.000000	0.043013
2576.000000	0.039459
2577.000000	0.032995
2578.000000	0.026024
2579.000000	0.021149
2580.000000	0.019023
2581.000000	0.018463
2582.000000	0.012896
2583.000000	-0.002416
2584.000000	-0.019487
2585.000000	-0.028220
2586.000000	-0.022799
2587.000000	-0.001749
2588.000000	0.023326
2589.000000	0.039108
2590.000000	0.038495
2591.000000	0.019413
2592.000000	-0.006323
2593.000000	-0.025890
2594.000000	-0.036320
2595.000000	-0.038937
2596.000000	-0.042385
2597.000000	-0.052663
2598.000000	-0.057873
2599.000000	-0.045632
2600.000000	-0.019521
2601.000000	0.010723
2602.000000	0.026700
2603.000000	0.014881
2604.000000	-0.010114
2605.000000	-0.028703
2606.000000	-0.029610
2607.000000	-0.008870
2608.000000	0.016529
2609.000000	0.028139
2610.000000	0.022619
2611.000000	0.002639
2612.000000	-0.020205
2613.000000	-0.034526
2614.000000	-0.038717
2615.000000	-0.033199
2616.000000	-0.016745
2617.000000	0.008377
2618.000000	0.024252
2619.000000	0.016135
2620.000000	-0.002398
2621.000000	-0.013827
2622.000000	-0.013172
2623.000000	-0.002443
2624.000000	0.000930
2625.000000	-0.016889
2626.000000	-0.039942
2627.000000	-0.049343
2628.000000	-0.044293
2629.000000	-0.029145
2630.000000	-0.010761
2631.000000	0.004409
2632.000000	0.014079
2633.000000	0.017549
2634.000000	0.016296
2635.000000	0.011717
2636.000000	0.002698
2637.000000	-0.010959
2638.000000	-0.023291
2639.000000	-0.028624
2640.000000	-0.028594
2641.000000	-0.025614
2642.000000	-0.017897
2643.000000	-0.004179
2644.000000	0.010519
2645.000000	0.019413
2646.000000	0.014944
2647.000000	-0.006125
2648.000000	-0.028964
2649.000000	-0.038326
2650.000000	-0.035367
2651.000000	-0.024783
2652.000000	-0.009023
2653.000000	0.008496
2654.000000	0.018233
2655.000000	0.011771
2656.000000	-0.008696
2657.000000	-0.035253
2658.000000	-0.047702
2659.000000	-0.031592
2660.000000	-0.007726
2661.000000	0.000640
2662.000000	-0.004309
2663.000000	-0.014192
2664.000000	-0.021303
2665.000000	-0.019935
2666.000000	-0.011721
2667.000000	-0.000435
2668.000000	0.008910
2669.000000	0.013376
2670.000000	0.019572
2671.000000	0.032637
2672.000000	0.042302
2673.000000	0.038239
2674.000000	0.025308
2675.000000	0.011580
2676.000000	0.002802
2677.000000	0.002261
2678.000000	0.005741
2679.000000	0.007293
2680.000000	0.001543
2681.000000	-0.012005
2682.000000	-0.014917
2683.000000	0.006461
2684.000000	0.027729
2685.000000	0.023861
2686.000000	0.005367
2687.000000	-0.010810
2688.000000	-0.017530
2689.000000	-0.012768
2690.000000	-0.005153
2691.000000	-0.004010
2692.000000	-0.010801
2693.000000	-0.023730
2694.000000	-0.035838
2695.000000	-0.039571
2696.000000	-0.030145
2697.000000	-0.007082
2698.000000	0.015657
2699.000000	0.023660
2700.000000	0.015164
2701.000000	-0.006184
2702.000000	-0.027746
2703.000000	-0.038014
2704.000000	-0.038998
2705.000000	-0.036158
2706.000000	-0.035237
2707.000000	-0.039318
2708.000000	-0.040569
2709.000000	-0.031518
2710.000000	-0.017055
2711.000000	-0.004670
2712.000000	0.000124
2713.000000	-0.005552
2714.000000	-0.016001
2715.000000	-0.024542
2716.000000	-0.029130
2717.000000	-0.026932
2718.000000	-0.007326
2719.000000	0.033257
2720.000000	0.062373
2721.000000	0.050639
2722.000000	0.016922
2723.000000	-0.010984
2724.000000	-0.017837
2725.000000	0.000369
2726.000000	0.015254
2727.000000	0.004433
2728.000000	0.001895
2729.000000	0.037396
2730.000000	0.067392
2731.000000	0.048155
2732.000000	0.008537
2733.000000	-0.012752
2734.000000	-0.010148
2735.000000	0.010306
2736.000000	0.029272
2737.000000	0.029953
2738.000000	0.018996
2739.000000	0.008109
2740.000000	0.005796
2741.000000	0.014340
2742.000000	0.014337
2743.000000	-0.009653
2744.000000	-0.035528
2745.000000	-0.039197
2746.000000	-0.026143
2747.000000	-0.009563
2748.000000	-0.003916
2749.000000	-0.017049
2750.000000	-0.029083
2751.000000	-0.021073
2752.000000	-0.005542
2753.000000	0.000684
2754.000000	-0.004976
2755.000000	-0.020098
2756.000000	-0.036496
2757.000000	-0.046061
2758.000000	-0.046750
2759.000000	-0.038797
2760.000000	-0.025493
2761.000000	-0.010145
2762.000000	0.006916
2763.000000	0.024625
2764.000000	0.036000
2765.000000	0.035110
2766.000000	0.026158
2767.000000	0.014373
2768.000000	-0.001042
2769.000000	-0.020447
2770.000000	-0.036428
2771.000000	-0.041349
2772.000000	-0.034449
2773.000000	-0.019409
2774.000000	-0.010812
2775.000000	-0.019287
2776.000000	-0.028760
2777.000000	-0.022901
2778.000000	-0.011059
2779.000000	-0.005638
2780.000000	-0.005589
2781.000000	-0.007810
2782.000000	-0.014458
2783.000000	-0.027432
2784.000000	-0.042349
2785.000000	-0.052100
2786.000000	-0.044940
2787.000000	-0.016760
2788.000000	0.001372
2789.000000	-0.016166
2790.000000	-0.038052
2791.000000	-0.030919
2792.000000	-0.010174
2793.000000	0.001306
2794.000000	-0.000457
2795.000000	-0.013371
2796.000000	-0.029966
2797.000000	-0.043807
2798.000000	-0.057990
2799.000000	-0.072244
2800.000000	-0.063315
2801.000000	-0.017337
2802.000000	0.019008
2803.000000	0.003686
2804.000000	-0.026194
2805.000000	-0.026536
2806.000000	-0.004446
2807.000000	0.019716
2808.000000	0.023769
2809.000000	-0.006291
2810.000000	-0.049936
2811.000000	-0.082394
2812.000000	-0.096437
2813.000000	-0.089440
2814.000000	-0.059649
2815.000000	-0.012173
2816.000000	0.021295
2817.000000	0.014183
2818.000000	-0.013014
2819.000000	-0.032141
2820.000000	-0.031462
2821.000000	-0.009144
2822.000000	0.013460
2823.000000	0.016253
2824.000000	0.007342
2825.000000	-0.000206
2826.000000	-0.001676
2827.000000	0.002928
2828.000000	0.003087
2829.000000	-0.008985
2830.000000	-0.019624
2831.000000	-0.014806
2832.000000	-0.000514
2833.000000	0.012401
2834.000000	0.013629
2835.000000	-0.000402
2836.000000	-0.006849
2837.000000	0.015596
2838.000000	0.055681
2839.000000	0.095393
2840.000000	0.122224
2841.000000	0.127908
2842.000000	0.115638
2843.000000	0.093716
2844.000000	0.079414
2845.000000	0.088002
2846.000000	0.117783
2847.000000	0.159983
2848.000000	0.194485
2849.000000	0.205385
2850.000000	0.204971
2851.000000	0.208755
2852.000000	0.216938
2853.000000	0.227382
2854.000000	0.243897
2855.000000	0.269112
2856.000000	0.294991
2857.000000	0.311903
2858.000000	0.314496
2859.000000	0.301307
2860.000000	0.282148
2861.000000	0.269104
2862.000000	0.272082
2863.000000	0.293827
2864.000000	0.310604
2865.000000	0.301245
2866.000000	0.281337
2867.000000	0.274177
2868.000000	0.297143
2869.000000	0.358217
2870.000000	0.433715
2871.000000	0.494962
2872.000000	0.524993
2873.000000	0.517740
2874.000000	0.499029
2875.000000	0.496430
2876.000000	0.512602
2877.000000	0.540442
2878.000000	0.558697
2879.000000	0.550472
2880.000000	0.530444
2881.000000	0.518208
2882.000000	0.521453
2883.000000	0.540324
2884.000000	0.556695
2885.000000	0.552524
2886.000000	0.528370
2887.000000	0.495984
2888.000000	0.493270
2889.000000	0.545067
2890.000000	0.597790
2891.000000	0.597884
2892.000000	0.570326
2893.000000	0.551440
2894.000000	0.544410
2895.000000	0.545237
2896.000000	0.554327
2897.000000	0.572588
2898.000000	0.598522
2899.000000	0.628157
2900.000000	0.650034
2901.000000	0.654252
2902.000000	0.644636
2903.000000	0.630848
2904.000000	0.632174
2905.000000	0.662278
2906.000000	0.702709
2907.000000	0.732576
2908.000000	0.753335
2909.000000	0.769832
2910.000000	0.778127
2911.000000	0.773590
2912.000000	0.757617
2913.000000	0.736917
2914.000000	0.733427
2915.000000	0.761464
2916.000000	0.789652
2917.000000	0.790913
2918.000000	0.801057
2919.000000	0.851680
2920.000000	0.894630
2921.000000	0.881058
2922.000000	0.839071
2923.000000	0.811188
2924.000000	0.820632
2925.000000	0.874302
2926.000000	0.933099
2927.000000	0.955455
2928.000000	0.935928
2929.000000	0.888543
2930.000000	0.869072
2931.000000	0.917391
2932.000000	0.968052
2933.000000	0.956691
2934.000000	0.928595
2935.000000	0.939030
2936.000000	0.973518
2937.000000	1.001769
2938.000000	1.000000
2939.000000	0.956836
2940.000000	0.904025
2941.000000	0.874477
2942.000000	0.862625
2943.000000	0.853503
2944.000000	0.833016
2945.000000	0.794908
2946.000000	0.763409
2947.000000	0.760202
2948.000000	0.766293
2949.000000	0.758806
2950.000000	0.740002
2951.000000	0.717645
2952.000000	0.696368
2953.000000	0.677573
2954.000000	0.652873
2955.000000	0.618173
2956.000000	0.596336
2957.000000	0.608173
2958.000000	0.639323
2959.000000	0.668114
2960.000000	0.678810
2961.000000	0.664146
2962.000000	0.644806
2963.000000	0.641132
2964.000000	0.644140
2965.000000	0.638944
2966.000000	0.616377
2967.000000	0.574360
2968.000000	0.533447
2969.000000	0.514507
2970.000000	0.517032
2971.000000	0.529347
2972.000000	0.516481
2973.000000	0.458786
2974.000000	0.421202
2975.000000	0.460979
2976.000000	0.520013
2977.000000	0.530424
2978.000000	0.500595
2979.000000	0.456764
2980.000000	0.420335
2981.000000	0.403189
2982.000000	0.383963
2983.000000	0.346560
2984.000000	0.329194
2985.000000	0.360667
2986.000000	0.377832
2987.000000	0.322909
2988.000000	0.251531
2989.000000	0.228920
2990.000000	0.245243
2991.000000	0.272706
2992.000000	0.286721
2993.000000	0.270647
2994.000000	0.236436
2995.000000	0.201834
2996.000000	0.179180
2997.000000	0.173960
2998.000000	0.169652
2999.000000	0.152847
3000.000000	0.144601
3001.000000	0.163719
3002.000000	0.185530
3003.000000	0.181367
3004.000000	0.150038
3005.000000	0.100496
3006.000000	0.054784
3007.000000	0.031685
3008.000000	0.023848
3009.000000	0.018656
3010.000000	0.008553
3011.000000	-0.007232
3012.000000	-0.007409
3013.000000	0.023456
3014.000000	0.055305
3015.000000	0.058002
3016.000000	0.046593
3017.000000	0.042624
3018.000000	0.048448
3019.000000	0.059442
3020.000000	0.062271
3021.000000	0.046498
3022.000000	0.022008
3023.000000	0.001938
3024.000000	-0.007876
3025.000000	-0.006746
3026.000000	-0.007284
3027.000000	-0.019433
3028.000000	-0.029158
3029.000000	-0.022183
3030.000000	-0.007260
3031.000000	0.002474
3032.000000	-0.000642
3033.000000	-0.018795
3034.000000	-0.037749
3035.000000	-0.043263
3036.000000	-0.037500
3037.000000	-0.026407
3038.000000	-0.014673
3039.000000	-0.005295
3040.000000	0.004227
3041.000000	0.015964
3042.000000	0.024764
3043.000000	0.026046
3044.000000	0.024738
3045.000000	0.025972
3046.000000	0.026182
3047.000000	0.021514
3048.000000	0.015654
3049.000000	0.012533
3050.000000	0.009527
3051.000000	0.003237
3052.000000	-0.006294
3053.000000	-0.016576
3054.000000	-0.018792
3055.000000	-0.005234
3056.000000	0.021028
3057.000000	0.050980
3058.000000	0.062601
3059.000000	0.040686
3060.000000	0.010296
3061.000000	0.000452
3062.000000	0.015761
3063.000000	0.049366
3064.000000	0.072968
3065.000000	0.062428
3066.000000	0.031680
3067.000000	0.002702
3068.000000	-0.008419
3069.000000	0.006584
3070.000000	0.030583
3071.000000	0.042904
3072.000000	0.034066
3073.000000	0.003086
3074.000000	-0.028234
3075.000000	-0.040004
3076.000000	-0.042763
3077.000000	-0.049806
3078.000000	-0.055028
3079.000000	-0.050631
3080.000000	-0.041442
3081.000000	-0.034587
3082.000000	-0.033758
3083.000000	-0.039319
3084.000000	-0.041756
3085.000000	-0.031556
3086.000000	-0.009078
3087.000000	0.019825
3088.000000	0.037198
3089.000000	0.028415
3090.000000	0.004267
3091.000000	-0.020016
3092.000000	-0.036878
3093.000000	-0.041884
3094.000000	-0.035406
3095.000000	-0.020075
3096.000000	-0.002751
3097.000000	0.009170
3098.000000	0.010376
3099.000000	-0.000989
3100.000000	-0.015032
3101.000000	-0.021209
3102.000000	-0.018127
3103.000000	-0.009901
3104.000000	-0.013522
3105.000000	-0.040034
3106.000000	-0.063828
3107.000000	-0.057756
3108.000000	-0.025188
3109.000000	0.018225
3110.000000	0.038208
3111.000000	0.010337
3112.000000	-0.031791
3113.000000	-0.049309
3114.000000	-0.040287
3115.000000	-0.015389
3116.000000	0.001292
3117.000000	-0.009814
3118.000000	-0.036757
3119.000000	-0.060161
3120.000000	-0.062453
3121.000000	-0.034565
3122.000000	0.000352
3123.000000	0.016488
3124.000000	0.009602
3125.000000	-0.015173
3126.000000	-0.036791
3127.000000	-0.037170
3128.000000	-0.026009
3129.000000	-0.015647
3130.000000	-0.001205
3131.000000	0.023206
3132.000000	0.050285
3133.000000	0.069486
3134.000000	0.070476
3135.000000	0.048375
3136.000000	0.019914
3137.000000	0.000129
3138.000000	-0.024327
3139.000000	-0.062677
3140.000000	-0.079247
3141.000000	-0.046590
3142.000000	-0.015047
3143.000000	-0.031751
3144.000000	-0.053216
3145.000000	-0.030960
3146.000000	0.012858
3147.000000	0.043976
3148.000000	0.050365
3149.000000	0.030855
3150.000000	0.005495
3151.000000	-0.006975
3152.000000	-0.014268
3153.000000	-0.025292
3154.000000	-0.027285
3155.000000	-0.010753
3156.000000	-0.000940
3157.000000	-0.018588
3158.000000	-0.031681
3159.000000	-0.009454
3160.000000	0.021105
3161.000000	0.027918
3162.000000	0.016290
3163.000000	-0.001031
3164.000000	-0.018904
3165.000000	-0.033802
3166.000000	-0.041046
3167.000000	-0.036741
3168.000000	-0.021284
3169.000000	0.000191
3170.000000	0.007890
3171.000000	-0.011655
3172.000000	-0.031939
3173.000000	-0.026903
3174.000000	-0.012259
3175.000000	-0.007700
3176.000000	-0.007091
3177.000000	0.000102
3178.000000	0.016168
3179.000000	0.036784
3180.000000	0.039427
3181.000000	0.008633
3182.000000	-0.024636
3183.000000	-0.028840
3184.000000	-0.016556
3185.000000	-0.007715
3186.000000	-0.007559
3187.000000	-0.016976
3188.000000	-0.034141
3189.000000	-0.053595
3190.000000	-0.058059
3191.000000	-0.036433
3192.000000	-0.014149
3193.000000	-0.015943
3194.000000	-0.027227
3195.000000	-0.029783
3196.000000	-0.030191
3197.000000	-0.036667
3198.000000	-0.039173
3199.000000	-0.028847
3200.000000	-0.019787
3201.000000	-0.025940
3202.000000	-0.037677
3203.000000	-0.042499
3204.000000	-0.039991
3205.000000	-0.032717
3206.000000	-0.023075
3207.000000	-0.013426
3208.000000	-0.006158
3209.000000	-0.002579
3210.000000	0.000337
3211.000000	0.006353
3212.000000	0.017843
3213.000000	0.034465
3214.000000	0.046390
3215.000000	0.044349
3216.000000	0.030787
3217.000000	0.011379
3218.000000	-0.006994
3219.000000	-0.018859
3220.000000	-0.025578
3221.000000	-0.029721
3222.000000	-0.031847
3223.000000	-0.032251
3224.000000	-0.032183
3225.000000	-0.031562
3226.000000	-0.024016
3227.000000	-0.004970
3228.000000	0.016676
3229.000000	0.031883
3230.000000	0.044519
3231.000000	0.058300
3232.000000	0.063410
3233.000000	0.050006
3234.000000	0.021658
3235.000000	-0.011920
3236.000000	-0.029862
3237.000000	-0.016512
3238.000000	0.011790
3239.000000	0.031996
3240.000000	0.026210
3241.000000	-0.010487
3242.000000	-0.036260
3243.000000	-0.015509
3244.000000	0.015656
3245.000000	0.016479
3246.000000	-0.000686
3247.000000	-0.013893
3248.000000	-0.015946
3249.000000	-0.005800
3250.000000	0.007717
3251.000000	0.016470
3252.000000	0.024953
3253.000000	0.037529
3254.000000	0.045417
3255.000000	0.040178
3256.000000	0.027901
3257.000000	0.018348
3258.000000	0.021450
3259.000000	0.040995
3260.000000	0.056027
3261.000000	0.048164
3262.000000	0.034054
3263.000000	0.032523
3264.000000	0.036066
3265.000000	0.034328
3266.000000	0.031888
3267.000000	0.035489
3268.000000	0.045605
3269.000000	0.058432
3270.000000	0.059321
3271.000000	0.038805
3272.000000	0.019000
3273.000000	0.021240
3274.000000	0.032162
3275.000000	0.034933
3276.000000	0.033530
3277.000000	0.034189
3278.000000	0.031356
3279.000000	0.019168
3280.000000	0.002304
3281.000000	-0.008419
3282.000000	0.011832
3283.000000	0.073752
3284.000000	0.117469
3285.000000	0.091670
3286.000000	0.049837
3287.000000	0.049249
3288.000000	0.057580
3289.000000	0.035005
3290.000000	0.001309
3291.000000	-0.014682
3292.000000	-0.007581
3293.000000	0.018287
3294.000000	0.043187
3295.000000	0.049689
3296.000000	0.044999
3297.000000	0.041238
3298.000000	0.045551
3299.000000	0.060204
3300.000000	0.072932
3301.000000	0.071681
3302.000000	0.059793
3303.000000	0.045944
3304.000000	0.044766
3305.000000	0.063741
3306.000000	0.075787
3307.000000	0.056940
3308.000000	0.030273
3309.000000	0.022093
3310.000000	0.024604
3311.000000	0.025530
3312.000000	0.028773
3313.000000	0.039898
3314.000000	0.054935
3315.000000	0.067380
3316.000000	0.070127
3317.000000	0.059925
3318.000000	0.049550
3319.000000	0.051025
3320.000000	0.057332
3321.000000	0.060588
3322.000000	0.068494
3323.000000	0.085251
3324.000000	0.085483
3325.000000	0.050633
3326.000000	0.018994
3327.000000	0.028189
3328.000000	0.056302
3329.000000	0.073199
3330.000000	0.075401
3331.000000	0.067812
3332.000000	0.062217
3333.000000	0.067681
3334.000000	0.075512
3335.000000	0.075445
3336.000000	0.068680
3337.000000	0.060049
3338.000000	0.057434
3339.000000	0.065436
3340.000000	0.072477
3341.000000	0.067999
3342.000000	0.061706
3343.000000	0.063701
3344.000000	0.065416
3345.000000	0.057306
3346.000000	0.044574
3347.000000	0.035982
3348.000000	0.039781
3349.000000	0.057373
3350.000000	0.063281
3351.000000	0.037604
3352.000000	0.009638
3353.000000	0.011275
3354.000000	0.035591
3355.000000	0.065273
3356.000000	0.080272
3357.000000	0.068026
3358.000000	0.048657
3359.000000	0.045081
3360.000000	0.058696
3361.000000	0.081666
3362.000000	0.090730
3363.000000	0.068191
3364.000000	0.034030
3365.000000	0.013905
3366.000000	0.018491
3367.000000	0.046974
3368.000000	0.067571
3369.000000	0.054376
3370.000000	0.035956
3371.000000	0.041824
3372.000000	0.050792
3373.000000	0.038606
3374.000000	0.019449
3375.000000	0.011291
3376.000000	0.008831
3377.000000	0.004347
3378.000000	0.003722
3379.000000	0.013526
3380.000000	0.029482
3381.000000	0.043386
3382.000000	0.042171
3383.000000	0.020793
3384.000000	0.011156
3385.000000	0.038911
3386.000000	0.067746
3387.000000	0.061175
3388.000000	0.043976
3389.000000	0.044046
3390.000000	0.040491
3391.000000	0.013715
3392.000000	-0.001886
3393.000000	0.023703
3394.000000	0.048992
3395.000000	0.034082
3396.000000	0.016958
3397.000000	0.037799
3398.000000	0.067685
3399.000000	0.070389
3400.000000	0.049543
3401.000000	0.020291
3402.000000	0.003968
3403.000000	0.014989
3404.000000	0.033898
3405.000000	0.039904
3406.000000	0.040733
3407.000000	0.045612
3408.000000	0.041247
3409.000000	0.016611
3410.000000	-0.007723
3411.000000	-0.009615
3412.000000	0.007745
3413.000000	0.033342
3414.000000	0.050195
3415.000000	0.046345
3416.000000	0.035899
3417.000000	0.032699
3418.000000	0.023469
3419.000000	-0.003263
3420.000000	-0.024621
3421.000000	-0.018221
3422.000000	0.002015
3423.000000	0.016189
3424.000000	0.016801
3425.000000	0.003600
3426.000000	-0.007053
3427.000000	0.000185
3428.000000	0.019982
3429.000000	0.041179
3430.000000	0.049988
3431.000000	0.035562
3432.000000	0.001461
3433.000000	-0.038361
3434.000000	-0.042780
3435.000000	0.013447
3436.000000	0.064874
3437.000000	0.048233
3438.000000	-0.000332
3439.000000	-0.029914
3440.000000	-0.029955
3441.000000	-0.005200
3442.000000	0.018734
3443.000000	0.020781
3444.000000	0.018946
3445.000000	0.031521
3446.000000	0.038885
3447.000000	0.020671
3448.000000	-0.008561
3449.000000	-0.028045
3450.000000	-0.027114
3451.000000	-0.004385
3452.000000	0.014482
3453.000000	0.006309
3454.000000	-0.015111
3455.000000	-0.029834
3456.000000	-0.030280
3457.000000	-0.015362
3458.000000	0.002407
3459.000000	0.012233
3460.000000	0.023808
3461.000000	0.045083
3462.000000	0.056549
3463.000000	0.041311
3464.000000	0.020369
3465.000000	0.015023
3466.000000	0.009862
3467.000000	-0.011788
3468.000000	-0.034944
3469.000000	-0.042616
3470.000000	-0.041431
3471.000000	-0.039978
3472.000000	-0.031063
3473.000000	-0.008611
3474.000000	0.013195
3475.000000	0.018823
3476.000000	0.007608
3477.000000	-0.013742
3478.000000	-0.023907
3479.000000	-0.006924
3480.000000	0.017125
3481.000000	0.024514
3482.000000	0.012998
3483.000000	-0.009786
3484.000000	-0.018145
3485.000000	0.007033
3486.000000	0.040496
3487.000000	0.053524
3488.000000	0.047906
3489.000000	0.031710
3490.000000	0.007618
3491.000000	-0.021807
3492.000000	-0.049096
3493.000000	-0.065330
3494.000000	-0.060710
3495.000000	-0.030950
3496.000000	0.005302
3497.000000	0.026610
3498.000000	0.023334
3499.000000	-0.005572
3500.000000	-0.038573
3501.000000	-0.053735
3502.000000	-0.050122
3503.000000	-0.033461
3504.000000	-0.015137
3505.000000	-0.004180
3506.000000	0.005455
3507.000000	0.019835
3508.000000	0.030031
3509.000000	0.025540
3510.000000	0.004564
3511.000000	-0.026759
3512.000000	-0.039238
3513.000000	-0.011902
3514.000000	0.020302
3515.000000	0.021635
3516.000000	0.009116
3517.000000	0.006513
3518.000000	0.011848
3519.000000	0.017320
3520.000000	0.017593
3521.000000	0.011438
3522.000000	0.011586
3523.000000	0.026617
3524.000000	0.034540
3525.000000	0.013854
3526.000000	-0.024427
3527.000000	-0.060891
3528.000000	-0.075063
3529.000000	-0.055475
3530.000000	-0.027765
3531.000000	-0.019174
3532.000000	-0.026264
3533.000000	-0.037499
3534.000000	-0.039638
3535.000000	-0.025716
3536.000000	-0.015594
3537.000000	-0.025791
3538.000000	-0.032644
3539.000000	-0.011215
3540.000000	0.028357
3541.000000	0.065484
3542.000000	0.072863
3543.000000	0.034715
3544.000000	-0.011926
3545.000000	-0.028232
3546.000000	-0.021012
3547.000000	-0.006813
3548.000000	0.004518
3549.000000	0.007487
3550.000000	0.007321
3551.000000	0.008212
3552.000000	-0.000517
3553.000000	-0.025700
3554.000000	-0.043923
3555.000000	-0.033598
3556.000000	-0.010682
3557.000000	0.002813
3558.000000	-0.001792
3559.000000	-0.025080
3560.000000	-0.048572
3561.000000	-0.054171
3562.000000	-0.044357
3563.000000	-0.027922
3564.000000	-0.018312
3565.000000	-0.024608
3566.000000	-0.033760
3567.000000	-0.030623
3568.000000	-0.013789
3569.000000	0.010048
3570.000000	0.015536
3571.000000	-0.013711
3572.000000	-0.039552
3573.000000	-0.026457
3574.000000	-0.003855
3575.000000	-0.005656
3576.000000	-0.018731
3577.000000	-0.024190
3578.000000	-0.027131
3579.000000	-0.034360
3580.000000	-0.035531
3581.000000	-0.022577
3582.000000	-0.013694
3583.000000	-0.025877
3584.000000	-0.045050
3585.000000	-0.053358
3586.000000	-0.048905
3587.000000	-0.034990
3588.000000	-0.019747
3589.000000	-0.011235
3590.000000	-0.012375
3591.000000	-0.022533
3592.000000	-0.031981
3593.000000	-0.032892
3594.000000	-0.034122
3595.000000	-0.043834
3596.000000	-0.050719
3597.000000	-0.042483
3598.000000	-0.022351
3599.000000	0.002571
3600.000000	0.025177
