400.000000	-0.004369
401.000000	-0.009809
402.000000	-0.015998
403.000000	-0.020911
404.000000	-0.022525
405.000000	-0.018872
406.000000	-0.008208
407.000000	0.008948
408.000000	0.023248
409.000000	0.025244
410.000000	0.013911
411.000000	-0.007364
412.000000	-0.025958
413.000000	-0.030578
414.000000	-0.024490
415.000000	-0.014398
416.000000	-0.006205
417.000000	-0.003559
418.000000	-0.001892
419.000000	0.003947
420.000000	0.013234
421.000000	0.023112
422.000000	0.028079
423.000000	0.024104
424.000000	0.015699
425.000000	0.008784
426.000000	0.006382
427.000000	0.009425
428.000000	0.013385
429.000000	0.013720
430.000000	0.011297
431.000000	0.008470
432.000000	0.008144
433.000000	0.011712
434.000000	0.013974
435.000000	0.009444
436.000000	-0.001898
437.000000	-0.017421
438.000000	-0.029340
439.000000	-0.030914
440.000000	-0.024722
441.000000	-0.015467
442.000000	-0.007021
443.000000	-0.001885
444.000000	0.002091
445.000000	0.007372
446.000000	0.013021
447.000000	0.016957
448.000000	0.015926
449.000000	0.008175
450.000000	-0.000882
451.000000	-0.005164
452.000000	-0.003096
453.000000	0.003870
454.000000	0.006668
455.000000	-0.002486
456.000000	-0.018634
457.000000	-0.033680
458.000000	-0.039715
459.000000	-0.031753
460.000000	-0.016306
461.000000	-0.001576
462.000000	0.008983
463.000000	0.013551
464.000000	0.012091
465.000000	0.005724
466.000000	-0.001572
467.000000	-0.005687
468.000000	-0.004842
469.000000	0.000398
470.000000	0.002413
471.000000	-0.005548
472.000000	-0.019708
473.000000	-0.033279
474.000000	-0.037959
475.000000	-0.028450
476.000000	-0.012981
477.000000	-0.001498
478.000000	0.002725
479.000000	-0.000616
480.000000	-0.006621
481.000000	-0.010287
482.000000	-0.011401
483.000000	-0.010939
484.000000	-0.009845
485.000000	-0.009159
486.000000	-0.010335
487.000000	-0.014346
488.000000	-0.019823
489.000000	-0.024631
490.000000	-0.025909
491.000000	-0.021412
492.000000	-0.012083
493.000000	0.000156
494.000000	0.012666
495.000000	0.021946
496.000000	0.021764
497.000000	0.008100
498.000000	-0.011487
499.000000	-0.027058
500.000000	-0.030733
501.000000	-0.018854
502.000000	-0.002582
503.000000	0.005883
504.000000	0.005014
505.000000	-0.003038
506.000000	-0.012069
507.000000	-0.016497
508.000000	-0.017271
509.000000	-0.016709
510.000000	-0.016081
511.000000	-0.016238
512.000000	-0.017401
513.000000	-0.019461
514.000000	-0.021607
515.000000	-0.022885
516.000000	-0.022481
517.000000	-0.019971
518.000000	-0.016348
519.000000	-0.012827
520.000000	-0.010081
521.000000	-0.008629
522.000000	-0.008899
523.000000	-0.010821
524.000000	-0.012404
525.000000	-0.011519
526.000000	-0.007387
527.000000	-0.000065
528.000000	0.008410
529.000000	0.015630
530.000000	0.019679
531.000000	0.018948
532.000000	0.012562
533.000000	0.001274
534.000000	-0.008378
535.000000	-0.010087
536.000000	-0.004247
537.000000	0.006112
538.000000	0.014108
539.000000	0.014077
540.000000	0.009088
541.000000	0.003812
542.000000	0.000593
543.000000	0.000278
544.000000	0.000043
545.000000	-0.002858
546.000000	-0.007189
547.000000	-0.010739
548.000000	-0.011382
549.000000	-0.007782
550.000000	-0.001673
551.000000	0.004727
552.000000	0.010343
553.000000	0.014530
554.000000	0.017231
555.000000	0.018000
556.000000	0.014247
557.000000	0.003675
558.000000	-0.012697
559.000000	-0.031295
560.000000	-0.041656
561.000000	-0.035180
562.000000	-0.017623
563.000000	0.001745
564.000000	0.013937
565.000000	0.013015
566.000000	0.004949
567.000000	-0.002722
568.000000	-0.008087
569.000000	-0.011174
570.000000	-0.014141
571.000000	-0.018181
572.000000	-0.018497
573.000000	-0.010189
574.000000	0.006070
575.000000	0.025772
576.000000	0.034648
577.000000	0.021363
578.000000	-0.003907
579.000000	-0.026310
580.000000	-0.033783
581.000000	-0.020496
582.000000	-0.002749
583.000000	0.001993
584.000000	-0.006270
585.000000	-0.021772
586.000000	-0.033160
587.000000	-0.031473
588.000000	-0.022907
589.000000	-0.016029
590.000000	-0.013735
591.000000	-0.016138
592.000000	-0.017889
593.000000	-0.014134
594.000000	-0.007450
595.000000	-0.001966
596.000000	-0.000575
597.000000	-0.004799
598.000000	-0.011902
599.000000	-0.018488
600.000000	-0.022787
601.000000	-0.023542
602.000000	-0.019931
603.000000	-0.012380
604.000000	-0.005881
605.000000	-0.005394
606.000000	-0.011198
607.000000	-0.021414
608.000000	-0.030223
609.000000	-0.032475
610.000000	-0.029642
611.000000	-0.024666
612.000000	-0.019746
613.000000	-0.016661
614.000000	-0.016250
615.000000	-0.018639
616.000000	-0.022035
617.000000	-0.024197
618.000000	-0.023000
619.000000	-0.017438
620.000000	-0.010869
621.000000	-0.006971
622.000000	-0.006349
623.000000	-0.008474
624.000000	-0.011362
625.000000	-0.013157
626.000000	-0.013960
627.000000	-0.014292
628.000000	-0.014387
629.000000	-0.014344
630.000000	-0.014014
631.000000	-0.013258
632.000000	-0.012234
633.000000	-0.011019
634.000000	-0.009066
635.000000	-0.006167
636.000000	-0.004101
637.000000	-0.004425
638.000000	-0.005822
639.000000	-0.006736
640.000000	-0.007544
641.000000	-0.008727
642.000000	-0.009265
643.000000	-0.008784
644.000000	-0.010987
645.000000	-0.018378
646.000000	-0.024586
647.000000	-0.023402
648.000000	-0.018149
649.000000	-0.013835
650.000000	-0.012677
651.000000	-0.015304
652.000000	-0.018785
653.000000	-0.020160
654.000000	-0.019920
655.000000	-0.019415
656.000000	-0.019989
657.000000	-0.022301
658.000000	-0.024270
659.000000	-0.023682
660.000000	-0.020536
661.000000	-0.015590
662.000000	-0.010417
663.000000	-0.006466
664.000000	-0.003885
665.000000	-0.002423
666.000000	-0.001531
667.000000	-0.000386
668.000000	0.002631
669.000000	0.008494
670.000000	0.014813
671.000000	0.018633
672.000000	0.018111
673.000000	0.012359
674.000000	0.003187
675.000000	-0.006981
676.000000	-0.015962
677.000000	-0.021731
678.000000	-0.022657
679.000000	-0.017917
680.000000	-0.009525
681.000000	-0.000013
682.000000	0.008841
683.000000	0.015529
684.000000	0.018861
685.000000	0.017901
686.000000	0.012399
687.000000	0.002669
688.000000	-0.009394
689.000000	-0.020734
690.000000	-0.025225
691.000000	-0.018797
692.000000	-0.008678
693.000000	-0.003886
694.000000	-0.009293
695.000000	-0.025142
696.000000	-0.037298
697.000000	-0.032624
698.000000	-0.016362
699.000000	0.001354
700.000000	0.009202
701.000000	0.000170
702.000000	-0.014325
703.000000	-0.021319
704.000000	-0.020096
705.000000	-0.014342
706.000000	-0.013099
707.000000	-0.022495
708.000000	-0.031658
709.000000	-0.028280
710.000000	-0.011308
711.000000	0.014246
712.000000	0.030367
713.000000	0.022190
714.000000	0.000465
715.000000	-0.019130
716.000000	-0.026807
717.000000	-0.018074
718.000000	-0.003742
719.000000	0.004440
720.000000	0.006279
721.000000	0.004675
722.000000	0.003359
723.000000	0.006044
724.000000	0.015545
725.000000	0.033021
726.000000	0.053909
727.000000	0.071669
728.000000	0.077572
729.000000	0.065955
730.000000	0.045599
731.000000	0.027311
732.000000	0.015562
733.000000	0.012154
734.000000	0.014560
735.000000	0.019302
736.000000	0.023443
737.000000	0.024550
738.000000	0.021672
739.000000	0.014939
740.000000	0.007317
741.000000	0.002073
742.000000	0.000837
743.000000	0.004590
744.000000	0.013351
745.000000	0.025960
746.000000	0.037503
747.000000	0.043460
748.000000	0.044648
749.000000	0.043469
750.000000	0.043314
751.000000	0.046893
752.000000	0.053198
753.000000	0.060245
754.000000	0.065875
755.000000	0.067754
756.000000	0.063032
757.000000	0.050377
758.000000	0.035058
759.000000	0.023107
760.000000	0.016999
761.000000	0.017475
762.000000	0.021882
763.000000	0.026785
764.000000	0.028999
765.000000	0.025894
766.000000	0.016794
767.000000	0.002779
768.000000	-0.010012
769.000000	-0.015940
770.000000	-0.016421
771.000000	-0.014595
772.000000	-0.013433
773.000000	-0.014313
774.000000	-0.012420
775.000000	-0.003194
776.000000	0.010706
777.000000	0.024512
778.000000	0.032228
779.000000	0.029835
780.000000	0.022459
781.000000	0.016608
782.000000	0.015175
783.000000	0.019828
784.000000	0.030943
785.000000	0.046896
786.000000	0.059367
787.000000	0.060221
788.000000	0.048761
789.000000	0.028424
790.000000	0.011734
791.000000	0.009417
792.000000	0.015909
793.000000	0.022435
794.000000	0.023662
795.000000	0.016860
796.000000	0.006254
797.000000	-0.003056
798.000000	-0.009431
799.000000	-0.012264
800.000000	-0.011626
801.000000	-0.008653
802.000000	-0.008072
803.000000	-0.013589
804.000000	-0.021246
805.000000	-0.025051
806.000000	-0.018555
807.000000	0.000942
808.000000	0.020675
809.000000	0.027526
810.000000	0.022431
811.000000	0.011308
812.000000	0.005936
813.000000	0.015084
814.000000	0.029618
815.000000	0.038058
816.000000	0.037445
817.000000	0.028503
818.000000	0.018161
819.000000	0.012851
820.000000	0.010810
821.000000	0.008781
822.000000	0.005741
823.000000	0.002034
824.000000	0.001243
825.000000	0.006135
826.000000	0.012971
827.000000	0.016950
828.000000	0.015526
829.000000	0.008386
830.000000	0.001891
831.000000	0.002123
832.000000	0.007379
833.000000	0.014025
834.000000	0.018479
835.000000	0.018235
836.000000	0.015025
837.000000	0.011320
838.000000	0.008319
839.000000	0.006821
840.000000	0.007311
841.000000	0.009718
842.000000	0.012058
843.000000	0.012316
844.000000	0.010246
845.000000	0.006232
846.000000	0.001387
847.000000	-0.002815
848.000000	-0.004198
849.000000	-0.001067
850.000000	0.005645
851.000000	0.013701
852.000000	0.018266
853.000000	0.016215
854.000000	0.013866
855.000000	0.018302
856.000000	0.030218
857.000000	0.046639
858.000000	0.056302
859.000000	0.049518
860.000000	0.031167
861.000000	0.009315
862.000000	-0.009811
863.000000	-0.021122
864.000000	-0.022249
865.000000	-0.013068
866.000000	0.000267
867.000000	0.010615
868.000000	0.013149
869.000000	0.006203
870.000000	-0.001553
871.000000	-0.001303
872.000000	0.006012
873.000000	0.016785
874.000000	0.026483
875.000000	0.030718
876.000000	0.026596
877.000000	0.012955
878.000000	-0.005920
879.000000	-0.024144
880.000000	-0.034861
881.000000	-0.032987
882.000000	-0.021483
883.000000	-0.005133
884.000000	0.012028
885.000000	0.026180
886.000000	0.033629
887.000000	0.032204
888.000000	0.025720
889.000000	0.018887
890.000000	0.014024
891.000000	0.012527
892.000000	0.014490
893.000000	0.018971
894.000000	0.022190
895.000000	0.020439
896.000000	0.013139
897.000000	0.001393
898.000000	-0.010095
899.000000	-0.017205
900.000000	-0.021749
901.000000	-0.026432
902.000000	-0.031588
903.000000	-0.035887
904.000000	-0.033729
905.000000	-0.020912
906.000000	-0.003112
907.000000	0.012207
908.000000	0.020319
909.000000	0.018778
910.000000	0.011540
911.000000	0.003488
912.000000	-0.003173
913.000000	-0.007035
914.000000	-0.007202
915.000000	-0.003032
916.000000	0.005619
917.000000	0.018000
918.000000	0.030269
919.000000	0.038072
920.000000	0.038084
921.000000	0.028763
922.000000	0.014672
923.000000	0.001460
924.000000	-0.006983
925.000000	-0.007560
926.000000	0.001424
927.000000	0.019157
928.000000	0.036215
929.000000	0.043351
930.000000	0.040644
931.000000	0.031203
932.000000	0.020937
933.000000	0.015084
934.000000	0.013396
935.000000	0.014133
936.000000	0.015076
937.000000	0.013754
938.000000	0.007178
939.000000	-0.005828
940.000000	-0.018678
941.000000	-0.024323
942.000000	-0.021614
943.000000	-0.011767
944.000000	0.000439
945.000000	0.010134
946.000000	0.015651
947.000000	0.016474
948.000000	0.013502
949.000000	0.008443
950.000000	0.004822
951.000000	0.005256
952.000000	0.006893
953.000000	0.006211
954.000000	0.002461
955.000000	-0.003647
956.000000	-0.008331
957.000000	-0.008239
958.000000	-0.004790
959.000000	-0.000433
960.000000	0.003047
961.000000	0.004123
962.000000	0.001621
963.000000	-0.004611
964.000000	-0.011006
965.000000	-0.013651
966.000000	-0.010966
967.000000	-0.003134
968.000000	0.004953
969.000000	0.008606
970.000000	0.008649
971.000000	0.007144
972.000000	0.005591
973.000000	0.004808
974.000000	0.003454
975.000000	0.000397
976.000000	-0.002483
977.000000	-0.002850
978.000000	0.000452
979.000000	0.007264
980.000000	0.013346
981.000000	0.014645
982.000000	0.011932
983.000000	0.007232
984.000000	0.002775
985.000000	0.000611
986.000000	0.001881
987.000000	0.006975
988.000000	0.014186
989.000000	0.021317
990.000000	0.026306
991.000000	0.027598
992.000000	0.025525
993.000000	0.021241
994.000000	0.017292
995.000000	0.016392
996.000000	0.020529
997.000000	0.030771
998.000000	0.045242
999.000000	0.060734
1000.000000	0.071651
1001.000000	0.073965
1002.000000	0.072320
1003.000000	0.072100
1004.000000	0.072988
1005.000000	0.073888
1006.000000	0.076287
1007.000000	0.081186
1008.000000	0.085053
1009.000000	0.083975
1010.000000	0.077046
1011.000000	0.064485
1012.000000	0.047998
1013.000000	0.029829
1014.000000	0.012894
1015.000000	0.000459
1016.000000	-0.003482
1017.000000	0.003509
1018.000000	0.016910
1019.000000	0.030001
1020.000000	0.034233
1021.000000	0.023917
1022.000000	0.006624
1023.000000	-0.008019
1024.000000	-0.015413
1025.000000	-0.012728
1026.000000	0.000805
1027.000000	0.022814
1028.000000	0.040410
1029.000000	0.041969
1030.000000	0.031450
1031.000000	0.018392
1032.000000	0.019072
1033.000000	0.043740
1034.000000	0.071781
1035.000000	0.080382
1036.000000	0.068782
1037.000000	0.044254
1038.000000	0.024144
1039.000000	0.022888
1040.000000	0.033211
1041.000000	0.044222
1042.000000	0.052287
1043.000000	0.056295
1044.000000	0.057971
1045.000000	0.059538
1046.000000	0.062368
1047.000000	0.067163
1048.000000	0.072781
1049.000000	0.077264
1050.000000	0.077231
1051.000000	0.071083
1052.000000	0.065775
1053.000000	0.068197
1054.000000	0.076423
1055.000000	0.085000
1056.000000	0.083173
1057.000000	0.064198
1058.000000	0.042680
1059.000000	0.034816
1060.000000	0.041817
1061.000000	0.058956
1062.000000	0.072751
1063.000000	0.071692
1064.000000	0.060925
1065.000000	0.048818
1066.000000	0.039967
1067.000000	0.037643
1068.000000	0.043588
1069.000000	0.057329
1070.000000	0.071080
1071.000000	0.076986
1072.000000	0.074243
1073.000000	0.064928
1074.000000	0.055578
1075.000000	0.052432
1076.000000	0.056070
1077.000000	0.065219
1078.000000	0.076865
1079.000000	0.087152
1080.000000	0.090604
1081.000000	0.084035
1082.000000	0.075035
1083.000000	0.071784
1084.000000	0.074058
1085.000000	0.078302
1086.000000	0.076054
1087.000000	0.061483
1088.000000	0.044203
1089.000000	0.035424
1090.000000	0.037308
1091.000000	0.048567
1092.000000	0.063157
1093.000000	0.074302
1094.000000	0.077044
1095.000000	0.068432
1096.000000	0.051714
1097.000000	0.032584
1098.000000	0.020314
1099.000000	0.021882
1100.000000	0.031500
1101.000000	0.041185
1102.000000	0.046937
1103.000000	0.046193
1104.000000	0.038163
1105.000000	0.024561
1106.000000	0.015332
1107.000000	0.019611
1108.000000	0.035045
1109.000000	0.055150
1110.000000	0.068388
1111.000000	0.065837
1112.000000	0.054080
1113.000000	0.042107
1114.000000	0.033021
1115.000000	0.027943
1116.000000	0.025941
1117.000000	0.025858
1118.000000	0.027675
1119.000000	0.031470
1120.000000	0.036565
1121.000000	0.042072
1122.000000	0.047027
1123.000000	0.051145
1124.000000	0.056924
1125.000000	0.066546
1126.000000	0.078146
1127.000000	0.088640
1128.000000	0.094130
1129.000000	0.092204
1130.000000	0.087221
1131.000000	0.083840
1132.000000	0.081144
1133.000000	0.076652
1134.000000	0.067209
1135.000000	0.051083
1136.000000	0.032918
1137.000000	0.017956
1138.000000	0.007446
1139.000000	0.001387
1140.000000	-0.001242
1141.000000	-0.001526
1142.000000	0.000219
1143.000000	0.003437
1144.000000	0.005845
1145.000000	0.004940
1146.000000	-0.000920
1147.000000	-0.011462
1148.000000	-0.019595
1149.000000	-0.019134
1150.000000	-0.014327
1151.000000	-0.011727
1152.000000	-0.016664
1153.000000	-0.030961
1154.000000	-0.043621
1155.000000	-0.043987
1156.000000	-0.035574
1157.000000	-0.025241
1158.000000	-0.019041
1159.000000	-0.020930
1160.000000	-0.027273
1161.000000	-0.033073
1162.000000	-0.035489
1163.000000	-0.032629
1164.000000	-0.024256
1165.000000	-0.011587
1166.000000	-0.000011
1167.000000	0.005322
1168.000000	0.004378
1169.000000	-0.001300
1170.000000	-0.008992
1171.000000	-0.015039
1172.000000	-0.013218
1173.000000	0.000418
1174.000000	0.018140
1175.000000	0.030407
1176.000000	0.032106
1177.000000	0.021037
1178.000000	0.002227
1179.000000	-0.017538
1180.000000	-0.031655
1181.000000	-0.034928
1182.000000	-0.027617
1183.000000	-0.013315
1184.000000	-0.003492
1185.000000	-0.007269
1186.000000	-0.016487
1187.000000	-0.020696
1188.000000	-0.017578
1189.000000	-0.008806
1190.000000	-0.003900
1191.000000	-0.010531
1192.000000	-0.021120
1193.000000	-0.026199
1194.000000	-0.023991
1195.000000	-0.015914
1196.000000	-0.008476
1197.000000	-0.007144
1198.000000	-0.008146
1199.000000	-0.006511
1200.000000	-0.001718
1201.000000	0.005156
1202.000000	0.011081
1203.000000	0.013878
1204.000000	0.016720
1205.000000	0.022916
1206.000000	0.030968
1207.000000	0.037915
1208.000000	0.039763
1209.000000	0.034170
1210.000000	0.026451
1211.000000	0.022493
1212.000000	0.022814
1213.000000	0.026321
1214.000000	0.030831
1215.000000	0.034442
1216.000000	0.037455
1217.000000	0.040683
1218.000000	0.044794
1219.000000	0.050317
1220.000000	0.057374
1221.000000	0.065469
1222.000000	0.072043
1223.000000	0.074773
1224.000000	0.074340
1225.000000	0.072253
1226.000000	0.070342
1227.000000	0.070770
1228.000000	0.076729
1229.000000	0.089566
1230.000000	0.102234
1231.000000	0.106868
1232.000000	0.100739
1233.000000	0.085265
1234.000000	0.073304
1235.000000	0.076253
1236.000000	0.088209
1237.000000	0.099930
1238.000000	0.106115
1239.000000	0.103719
1240.000000	0.094777
1241.000000	0.082966
1242.000000	0.073460
1243.000000	0.070588
1244.000000	0.073820
1245.000000	0.080221
1246.000000	0.082105
1247.000000	0.073963
1248.000000	0.063748
1249.000000	0.060695
1250.000000	0.065694
1251.000000	0.076521
1252.000000	0.086842
1253.000000	0.090050
1254.000000	0.082558
1255.000000	0.063670
1256.000000	0.041224
1257.000000	0.025418
1258.000000	0.027364
1259.000000	0.051408
1260.000000	0.073928
1261.000000	0.071908
1262.000000	0.052728
1263.000000	0.031702
1264.000000	0.025479
1265.000000	0.043949
1266.000000	0.068639
1267.000000	0.079076
1268.000000	0.075152
1269.000000	0.062181
1270.000000	0.046799
1271.000000	0.035570
1272.000000	0.033458
1273.000000	0.042366
1274.000000	0.053548
1275.000000	0.057107
1276.000000	0.049191
1277.000000	0.030797
1278.000000	0.016283
1279.000000	0.018237
1280.000000	0.028813
1281.000000	0.036879
1282.000000	0.038589
1283.000000	0.033955
1284.000000	0.031124
1285.000000	0.037203
1286.000000	0.047010
1287.000000	0.053739
1288.000000	0.056390
1289.000000	0.056243
1290.000000	0.057894
1291.000000	0.064778
1292.000000	0.072361
1293.000000	0.075385
1294.000000	0.073661
1295.000000	0.068680
1296.000000	0.063584
1297.000000	0.061745
1298.000000	0.065793
1299.000000	0.076956
1300.000000	0.091586
1301.000000	0.104909
1302.000000	0.112530
1303.000000	0.111959
1304.000000	0.107962
1305.000000	0.105863
1306.000000	0.105964
1307.000000	0.107296
1308.000000	0.108820
1309.000000	0.109753
1310.000000	0.110397
1311.000000	0.111124
1312.000000	0.111495
1313.000000	0.111071
1314.000000	0.110212
1315.000000	0.109848
1316.000000	0.112397
1317.000000	0.119059
1318.000000	0.124678
1319.000000	0.124012
1320.000000	0.117832
1321.000000	0.109554
1322.000000	0.107150
1323.000000	0.115945
1324.000000	0.126131
1325.000000	0.126896
1326.000000	0.118555
1327.000000	0.105155
1328.000000	0.094556
1329.000000	0.093818
1330.000000	0.102985
1331.000000	0.119674
1332.000000	0.138802
1333.000000	0.154817
1334.000000	0.162993
1335.000000	0.160451
1336.000000	0.150872
1337.000000	0.139266
1338.000000	0.129401
1339.000000	0.124190
1340.000000	0.124376
1341.000000	0.129110
1342.000000	0.133334
1343.000000	0.131992
1344.000000	0.124227
1345.000000	0.110788
1346.000000	0.094646
1347.000000	0.080019
1348.000000	0.073886
1349.000000	0.080464
1350.000000	0.090141
1351.000000	0.092444
1352.000000	0.087269
1353.000000	0.078501
1354.000000	0.075619
1355.000000	0.085282
1356.000000	0.097277
1357.000000	0.100229
1358.000000	0.094989
1359.000000	0.085975
1360.000000	0.079643
1361.000000	0.080881
1362.000000	0.086254
1363.000000	0.090839
1364.000000	0.092078
1365.000000	0.088390
1366.000000	0.079745
1367.000000	0.067407
1368.000000	0.056271
1369.000000	0.050777
1370.000000	0.049900
1371.000000	0.051346
1372.000000	0.053200
1373.000000	0.053837
1374.000000	0.052418
1375.000000	0.048893
1376.000000	0.045596
1377.000000	0.044874
1378.000000	0.046742
1379.000000	0.050251
1380.000000	0.052935
1381.000000	0.053047
1382.000000	0.053230
1383.000000	0.056172
1384.000000	0.060341
1385.000000	0.063106
1386.000000	0.061655
1387.000000	0.054669
1388.000000	0.046989
1389.000000	0.043483
1390.000000	0.042977
1391.000000	0.042962
1392.000000	0.041624
1393.000000	0.038275
1394.000000	0.036022
1395.000000	0.037672
1396.000000	0.041023
1397.000000	0.043067
1398.000000	0.042573
1399.000000	0.039271
1400.000000	0.034954
1401.000000	0.031747
1402.000000	0.031043
1403.000000	0.033757
1404.000000	0.039614
1405.000000	0.047861
1406.000000	0.057022
1407.000000	0.064783
1408.000000	0.066193
1409.000000	0.057852
1410.000000	0.045196
1411.000000	0.035519
1412.000000	0.034697
1413.000000	0.044306
1414.000000	0.050123
1415.000000	0.039440
1416.000000	0.021390
1417.000000	0.009052
1418.000000	0.009428
1419.000000	0.024787
1420.000000	0.044534
1421.000000	0.056957
1422.000000	0.058754
1423.000000	0.049772
1424.000000	0.034056
1425.000000	0.017444
1426.000000	0.008754
1427.000000	0.014878
1428.000000	0.032036
1429.000000	0.053968
1430.000000	0.075169
1431.000000	0.090727
1432.000000	0.097344
1433.000000	0.094166
1434.000000	0.088505
1435.000000	0.087605
1436.000000	0.090283
1437.000000	0.093448
1438.000000	0.094798
1439.000000	0.093203
1440.000000	0.091427
1441.000000	0.092637
1442.000000	0.097723
1443.000000	0.106703
1444.000000	0.118393
1445.000000	0.131089
1446.000000	0.142199
1447.000000	0.149183
1448.000000	0.150586
1449.000000	0.146182
1450.000000	0.139568
1451.000000	0.135294
1452.000000	0.137893
1453.000000	0.149228
1454.000000	0.160502
1455.000000	0.163072
1456.000000	0.159566
1457.000000	0.155052
1458.000000	0.153093
1459.000000	0.154977
1460.000000	0.154409
1461.000000	0.145496
1462.000000	0.131533
1463.000000	0.117525
1464.000000	0.106119
1465.000000	0.098809
1466.000000	0.094846
1467.000000	0.092467
1468.000000	0.088102
1469.000000	0.079050
1470.000000	0.067898
1471.000000	0.058738
1472.000000	0.056391
1473.000000	0.063319
1474.000000	0.071813
1475.000000	0.074335
1476.000000	0.074186
1477.000000	0.076685
1478.000000	0.084377
1479.000000	0.096739
1480.000000	0.103739
1481.000000	0.096987
1482.000000	0.084154
1483.000000	0.075146
1484.000000	0.072735
1485.000000	0.076503
1486.000000	0.080407
1487.000000	0.077751
1488.000000	0.064860
1489.000000	0.041225
1490.000000	0.015973
1491.000000	0.000185
1492.000000	0.003111
1493.000000	0.027299
1494.000000	0.050308
1495.000000	0.050171
1496.000000	0.031807
1497.000000	0.006376
1498.000000	-0.016876
1499.000000	-0.031325
1500.000000	-0.038935
1501.000000	-0.042816
1502.000000	-0.042085
1503.000000	-0.035502
1504.000000	-0.024379
1505.000000	-0.010914
1506.000000	0.001716
1507.000000	0.010044
1508.000000	0.010420
1509.000000	0.001021
1510.000000	-0.012476
1511.000000	-0.022891
1512.000000	-0.024530
1513.000000	-0.014626
1514.000000	-0.000626
1515.000000	0.009229
1516.000000	0.013733
1517.000000	0.013511
1518.000000	0.009478
1519.000000	0.002636
1520.000000	-0.005944
1521.000000	-0.014967
1522.000000	-0.022310
1523.000000	-0.026080
1524.000000	-0.026147
1525.000000	-0.023007
1526.000000	-0.017897
1527.000000	-0.012035
1528.000000	-0.005811
1529.000000	0.000470
1530.000000	0.006006
1531.000000	0.009867
1532.000000	0.011112
1533.000000	0.008616
1534.000000	0.000535
1535.000000	-0.013152
1536.000000	-0.024463
1537.000000	-0.025379
1538.000000	-0.015728
1539.000000	0.001446
1540.000000	0.018076
1541.000000	0.026640
1542.000000	0.026819
1543.000000	0.020226
1544.000000	0.008986
1545.000000	-0.004390
1546.000000	-0.016363
1547.000000	-0.022328
1548.000000	-0.014436
1549.000000	0.011321
1550.000000	0.040358
1551.000000	0.056651
1552.000000	0.057007
1553.000000	0.044719
1554.000000	0.036176
1555.000000	0.045333
1556.000000	0.063303
1557.000000	0.077645
1558.000000	0.084532
1559.000000	0.082990
1560.000000	0.074840
1561.000000	0.062523
1562.000000	0.048171
1563.000000	0.034189
1564.000000	0.024395
1565.000000	0.022242
1566.000000	0.028299
1567.000000	0.041538
1568.000000	0.057429
1569.000000	0.071249
1570.000000	0.081017
1571.000000	0.086008
1572.000000	0.087788
1573.000000	0.088635
1574.000000	0.091388
1575.000000	0.098142
1576.000000	0.107465
1577.000000	0.117165
1578.000000	0.125543
1579.000000	0.131326
1580.000000	0.134450
1581.000000	0.135761
1582.000000	0.138534
1583.000000	0.144797
1584.000000	0.149151
1585.000000	0.145962
1586.000000	0.136079
1587.000000	0.122626
1588.000000	0.111342
1589.000000	0.106726
1590.000000	0.105708
1591.000000	0.103852
1592.000000	0.098833
1593.000000	0.089463
1594.000000	0.076988
1595.000000	0.064497
1596.000000	0.060015
1597.000000	0.069291
1598.000000	0.084018
1599.000000	0.094837
1600.000000	0.102224
1601.000000	0.110201
1602.000000	0.127147
1603.000000	0.156354
1604.000000	0.176402
1605.000000	0.167336
1606.000000	0.139759
1607.000000	0.111034
1608.000000	0.094997
1609.000000	0.099717
1610.000000	0.113720
1611.000000	0.123140
1612.000000	0.124081
1613.000000	0.116292
1614.000000	0.104139
1615.000000	0.093618
1616.000000	0.092635
1617.000000	0.105080
1618.000000	0.116874
1619.000000	0.113825
1620.000000	0.099263
1621.000000	0.080817
1622.000000	0.065791
1623.000000	0.059380
1624.000000	0.058677
1625.000000	0.059293
1626.000000	0.059021
1627.000000	0.056660
1628.000000	0.052851
1629.000000	0.048956
1630.000000	0.047361
1631.000000	0.050309
1632.000000	0.058430
1633.000000	0.070717
1634.000000	0.081234
1635.000000	0.083826
1636.000000	0.076397
1637.000000	0.060273
1638.000000	0.046394
1639.000000	0.044929
1640.000000	0.053336
1641.000000	0.066275
1642.000000	0.079924
1643.000000	0.091173
1644.000000	0.098240
1645.000000	0.100235
1646.000000	0.098513
1647.000000	0.094814
1648.000000	0.090176
1649.000000	0.085603
1650.000000	0.082663
1651.000000	0.083532
1652.000000	0.092250
1653.000000	0.110122
1654.000000	0.125665
1655.000000	0.127785
1656.000000	0.119744
1657.000000	0.109302
1658.000000	0.107856
1659.000000	0.122215
1660.000000	0.137205
1661.000000	0.136803
1662.000000	0.123562
1663.000000	0.104895
1664.000000	0.089064
1665.000000	0.084112
1666.000000	0.096354
1667.000000	0.126734
1668.000000	0.156449
1669.000000	0.166868
1670.000000	0.159788
1671.000000	0.143305
1672.000000	0.130272
1673.000000	0.129995
1674.000000	0.132838
1675.000000	0.128993
1676.000000	0.126898
1677.000000	0.136651
1678.000000	0.156742
1679.000000	0.179951
1680.000000	0.187836
1681.000000	0.166935
1682.000000	0.134923
1683.000000	0.112461
1684.000000	0.101017
1685.000000	0.096549
1686.000000	0.092163
1687.000000	0.081529
1688.000000	0.063427
1689.000000	0.040429
1690.000000	0.025154
1691.000000	0.028863
1692.000000	0.047346
1693.000000	0.071112
1694.000000	0.085027
1695.000000	0.077848
1696.000000	0.059529
1697.000000	0.043268
1698.000000	0.034031
1699.000000	0.033157
1700.000000	0.035713
1701.000000	0.036603
1702.000000	0.036364
1703.000000	0.036533
1704.000000	0.037014
1705.000000	0.037399
1706.000000	0.037665
1707.000000	0.037906
1708.000000	0.038315
1709.000000	0.038915
1710.000000	0.038966
1711.000000	0.038276
1712.000000	0.039616
1713.000000	0.043728
1714.000000	0.040267
1715.000000	0.021686
1716.000000	0.002710
1717.000000	-0.002086
1718.000000	-0.000997
1719.000000	-0.004574
1720.000000	-0.009522
1721.000000	-0.010130
1722.000000	-0.004867
1723.000000	0.004082
1724.000000	0.003847
1725.000000	-0.014433
1726.000000	-0.032905
1727.000000	-0.032090
1728.000000	-0.012718
1729.000000	0.016755
1730.000000	0.037178
1731.000000	0.034395
1732.000000	0.024918
1733.000000	0.026693
1734.000000	0.032743
1735.000000	0.031606
1736.000000	0.018823
1737.000000	-0.004917
1738.000000	-0.025317
1739.000000	-0.029205
1740.000000	-0.021506
1741.000000	-0.010869
1742.000000	-0.002740
1743.000000	-0.001041
1744.000000	-0.006813
1745.000000	-0.018495
1746.000000	-0.026992
1747.000000	-0.025247
1748.000000	-0.021885
1749.000000	-0.026597
1750.000000	-0.037668
1751.000000	-0.048891
1752.000000	-0.047488
1753.000000	-0.025795
1754.000000	-0.003154
1755.000000	0.000957
1756.000000	-0.006462
1757.000000	-0.013103
1758.000000	-0.011913
1759.000000	-0.000671
1760.000000	0.008761
1761.000000	0.004674
1762.000000	-0.009944
1763.000000	-0.028235
1764.000000	-0.042558
1765.000000	-0.046067
1766.000000	-0.035895
1767.000000	-0.013734
1768.000000	0.004454
1769.000000	0.004299
1770.000000	-0.007934
1771.000000	-0.021819
1772.000000	-0.030913
1773.000000	-0.030921
1774.000000	-0.022153
1775.000000	-0.008240
1776.000000	-0.001504
1777.000000	-0.011291
1778.000000	-0.026368
1779.000000	-0.032500
1780.000000	-0.024028
1781.000000	-0.001361
1782.000000	0.019404
1783.000000	0.023081
1784.000000	0.013831
1785.000000	-0.000038
1786.000000	-0.012977
1787.000000	-0.020778
1788.000000	-0.021834
1789.000000	-0.016666
1790.000000	-0.011712
1791.000000	-0.012472
1792.000000	-0.014772
1793.000000	-0.013230
1794.000000	-0.007298
1795.000000	0.001754
1796.000000	0.010215
1797.000000	0.014408
1798.000000	0.013237
1799.000000	0.007064
1800.000000	-0.000503
1801.000000	-0.005839
1802.000000	-0.008498
1803.000000	-0.009673
1804.000000	-0.013927
1805.000000	-0.023712
1806.000000	-0.029656
1807.000000	-0.022841
1808.000000	-0.007985
1809.000000	0.007095
1810.000000	0.015820
1811.000000	0.013851
1812.000000	0.004558
1813.000000	-0.006954
1814.000000	-0.016357
1815.000000	-0.020672
1816.000000	-0.021534
1817.000000	-0.021678
1818.000000	-0.023618
1819.000000	-0.027486
1820.000000	-0.024104
1821.000000	-0.006633
1822.000000	0.013107
1823.000000	0.021666
1824.000000	0.017738
1825.000000	0.004763
1826.000000	-0.006978
1827.000000	-0.008852
1828.000000	-0.005654
1829.000000	-0.003511
1830.000000	-0.000447
1831.000000	0.006603
1832.000000	0.016973
1833.000000	0.028173
1834.000000	0.034155
1835.000000	0.030588
1836.000000	0.023559
1837.000000	0.019807
1838.000000	0.018247
1839.000000	0.016055
1840.000000	0.011270
1841.000000	0.003107
1842.000000	-0.005381
1843.000000	-0.010816
1844.000000	-0.012354
1845.000000	-0.010395
1846.000000	-0.007762
1847.000000	-0.007588
1848.000000	-0.011806
1849.000000	-0.020604
1850.000000	-0.028399
1851.000000	-0.030024
1852.000000	-0.027765
1853.000000	-0.024726
1854.000000	-0.019845
1855.000000	-0.011123
1856.000000	0.003016
1857.000000	0.020253
1858.000000	0.023127
1859.000000	-0.000997
1860.000000	-0.030295
1861.000000	-0.039859
1862.000000	-0.026897
1863.000000	0.001922
1864.000000	0.024209
1865.000000	0.022266
1866.000000	0.012888
1867.000000	0.015276
1868.000000	0.023756
1869.000000	0.028003
1870.000000	0.023946
1871.000000	0.011354
1872.000000	-0.000899
1873.000000	-0.004640
1874.000000	-0.003591
1875.000000	-0.003374
1876.000000	-0.005308
1877.000000	-0.009195
1878.000000	-0.013065
1879.000000	-0.014096
1880.000000	-0.007819
1881.000000	0.007634
1882.000000	0.022069
1883.000000	0.025300
1884.000000	0.019226
1885.000000	0.008970
1886.000000	0.000453
1887.000000	-0.001997
1888.000000	-0.001224
1889.000000	-0.001294
1890.000000	-0.003977
1891.000000	-0.009826
1892.000000	-0.016822
1893.000000	-0.022318
1894.000000	-0.023737
1895.000000	-0.019531
1896.000000	-0.012187
1897.000000	-0.004806
1898.000000	0.001093
1899.000000	0.004703
1900.000000	0.006472
1901.000000	0.007279
1902.000000	0.008461
1903.000000	0.010605
1904.000000	0.010820
1905.000000	0.007472
1906.000000	0.007416
1907.000000	0.016807
1908.000000	0.030506
1909.000000	0.039673
1910.000000	0.031946
1911.000000	0.001665
1912.000000	-0.026518
1913.000000	-0.029229
1914.000000	-0.018523
1915.000000	-0.012091
1916.000000	-0.014737
1917.000000	-0.024934
1918.000000	-0.028721
1919.000000	-0.015416
1920.000000	0.000103
1921.000000	0.001941
1922.000000	-0.004322
1923.000000	-0.008938
1924.000000	-0.006975
1925.000000	0.003341
1926.000000	0.015954
1927.000000	0.023563
1928.000000	0.021720
1929.000000	0.009071
1930.000000	-0.006219
1931.000000	-0.015124
1932.000000	-0.014687
1933.000000	-0.006005
1934.000000	-0.000328
1935.000000	-0.006413
1936.000000	-0.012890
1937.000000	-0.007650
1938.000000	0.004244
1939.000000	0.014206
1940.000000	0.016720
1941.000000	0.010013
1942.000000	0.004218
1943.000000	0.008530
1944.000000	0.016489
1945.000000	0.020590
1946.000000	0.024809
1947.000000	0.032511
1948.000000	0.033128
1949.000000	0.017866
1950.000000	-0.001024
1951.000000	-0.009692
1952.000000	-0.008917
1953.000000	-0.003268
1954.000000	0.002158
1955.000000	0.002981
1956.000000	-0.001791
1957.000000	-0.010095
1958.000000	-0.011033
1959.000000	0.003335
1960.000000	0.020285
1961.000000	0.025631
1962.000000	0.020004
1963.000000	0.008395
1964.000000	-0.001589
1965.000000	-0.003069
1966.000000	0.005305
1967.000000	0.020960
1968.000000	0.031151
1969.000000	0.024890
1970.000000	0.008401
1971.000000	-0.007931
1972.000000	-0.014285
1973.000000	-0.005226
1974.000000	0.007687
1975.000000	0.011935
1976.000000	0.008151
1977.000000	0.000257
1978.000000	-0.007820
1979.000000	-0.012584
1980.000000	-0.012261
1981.000000	-0.006635
1982.000000	-0.000000
1983.000000	0.003329
1984.000000	0.003473
1985.000000	0.001802
1986.000000	0.000253
1987.000000	0.000597
1988.000000	0.003367
1989.000000	0.007842
1990.000000	0.009506
1991.000000	0.005092
1992.000000	0.000105
1993.000000	0.000456
1994.000000	0.004901
1995.000000	0.010228
1996.000000	0.012518
1997.000000	0.009052
1998.000000	0.002622
1999.000000	-0.002971
2000.000000	-0.005390
2001.000000	-0.003198
2002.000000	0.002904
2003.000000	0.011407
2004.000000	0.019710
2005.000000	0.025146
2006.000000	0.025879
2007.000000	0.020792
2008.000000	0.010797
2009.000000	-0.001759
2010.000000	-0.010832
2011.000000	-0.010727
2012.000000	-0.000856
2013.000000	0.014720
2014.000000	0.018438
2015.000000	-0.002200
2016.000000	-0.025930
2017.000000	-0.029830
2018.000000	-0.018098
2019.000000	-0.002051
2020.000000	0.005647
2021.000000	-0.003638
2022.000000	-0.021088
2023.000000	-0.034737
2024.000000	-0.037495
2025.000000	-0.026172
2026.000000	-0.008307
2027.000000	0.006622
2028.000000	0.012107
2029.000000	0.005573
2030.000000	-0.002801
2031.000000	-0.002840
2032.000000	0.002849
2033.000000	0.009257
2034.000000	0.014549
2035.000000	0.017862
2036.000000	0.019044
2037.000000	0.018205
2038.000000	0.015801
2039.000000	0.012325
2040.000000	0.008074
2041.000000	0.003608
2042.000000	0.000723
2043.000000	0.001118
2044.000000	0.004866
2045.000000	0.011064
2046.000000	0.016525
2047.000000	0.018341
2048.000000	0.017009
2049.000000	0.013637
2050.000000	0.008368
2051.000000	0.001470
2052.000000	-0.005333
2053.000000	-0.009813
2054.000000	-0.009188
2055.000000	-0.001738
2056.000000	0.009451
2057.000000	0.019741
2058.000000	0.023098
2059.000000	0.016176
2060.000000	0.007772
2061.000000	0.006825
2062.000000	0.010703
2063.000000	0.015351
2064.000000	0.022586
2065.000000	0.032757
2066.000000	0.034469
2067.000000	0.019703
2068.000000	0.005677
2069.000000	0.009156
2070.000000	0.019850
2071.000000	0.024347
2072.000000	0.023817
2073.000000	0.022072
2074.000000	0.018917
2075.000000	0.013554
2076.000000	0.006765
2077.000000	-0.000196
2078.000000	-0.005771
2079.000000	-0.007935
2080.000000	-0.003085
2081.000000	0.009811
2082.000000	0.019926
2083.000000	0.017193
2084.000000	0.006444
2085.000000	-0.003621
2086.000000	-0.003735
2087.000000	0.010143
2088.000000	0.020575
2089.000000	0.012027
2090.000000	-0.001953
2091.000000	-0.004979
2092.000000	0.001599
2093.000000	0.011705
2094.000000	0.018081
2095.000000	0.016096
2096.000000	0.012815
2097.000000	0.016064
2098.000000	0.025034
2099.000000	0.036059
2100.000000	0.042693
2101.000000	0.039484
2102.000000	0.027741
2103.000000	0.012913
2104.000000	0.010235
2105.000000	0.028191
2106.000000	0.038472
2107.000000	0.015401
2108.000000	-0.019379
2109.000000	-0.037257
2110.000000	-0.029059
2111.000000	0.002968
2112.000000	0.030319
2113.000000	0.028361
2114.000000	0.014202
2115.000000	0.009459
2116.000000	0.012059
2117.000000	0.014922
2118.000000	0.014650
2119.000000	0.009789
2120.000000	0.002991
2121.000000	-0.002315
2122.000000	-0.003703
2123.000000	-0.000167
2124.000000	0.004618
2125.000000	0.006660
2126.000000	0.005370
2127.000000	0.001597
2128.000000	-0.001449
2129.000000	0.000130
2130.000000	0.010642
2131.000000	0.031087
2132.000000	0.048842
2133.000000	0.051283
2134.000000	0.039415
2135.000000	0.018444
2136.000000	-0.003239
2137.000000	-0.017959
2138.000000	-0.024087
2139.000000	-0.021956
2140.000000	-0.013695
2141.000000	-0.002174
2142.000000	0.008560
2143.000000	0.014867
2144.000000	0.015923
2145.000000	0.012304
2146.000000	0.007381
2147.000000	0.004740
2148.000000	0.006038
2149.000000	0.011176
2150.000000	0.014962
2151.000000	0.012489
2152.000000	0.005091
2153.000000	-0.003673
2154.000000	-0.007592
2155.000000	-0.002817
2156.000000	0.002408
2157.000000	-0.000503
2158.000000	-0.009404
2159.000000	-0.019402
2160.000000	-0.025331
2161.000000	-0.022945
2162.000000	-0.011930
2163.000000	0.005279
2164.000000	0.019195
2165.000000	0.020936
2166.000000	0.011080
2167.000000	-0.006341
2168.000000	-0.022950
2169.000000	-0.030566
2170.000000	-0.026151
2171.000000	-0.010040
2172.000000	0.009070
2173.000000	0.021997
2174.000000	0.025983
2175.000000	0.021425
2176.000000	0.014921
2177.000000	0.013069
2178.000000	0.016253
2179.000000	0.022130
2180.000000	0.023646
2181.000000	0.015617
2182.000000	0.005053
2183.000000	-0.000491
2184.000000	-0.003470
2185.000000	-0.007588
2186.000000	-0.011549
2187.000000	-0.012807
2188.000000	-0.008824
2189.000000	0.001187
2190.000000	0.011016
2191.000000	0.014740
2192.000000	0.014589
2193.000000	0.014079
2194.000000	0.013716
2195.000000	0.013007
2196.000000	0.010486
2197.000000	0.004585
2198.000000	-0.005687
2199.000000	-0.019317
2200.000000	-0.027842
2201.000000	-0.023852
2202.000000	-0.011581
2203.000000	0.002539
2204.000000	0.014940
2205.000000	0.023596
2206.000000	0.029782
2207.000000	0.034033
2208.000000	0.030611
2209.000000	0.015778
2210.000000	0.000056
2211.000000	-0.005146
2212.000000	0.000863
2213.000000	0.015009
2214.000000	0.029865
2215.000000	0.038007
2216.000000	0.036366
2217.000000	0.024560
2218.000000	0.008599
2219.000000	-0.004669
2220.000000	-0.011443
2221.000000	-0.009569
2222.000000	-0.000430
2223.000000	0.013258
2224.000000	0.026989
2225.000000	0.036800
2226.000000	0.042697
2227.000000	0.045494
2228.000000	0.045264
2229.000000	0.042067
2230.000000	0.036655
2231.000000	0.029849
2232.000000	0.022062
2233.000000	0.013251
2234.000000	0.001952
2235.000000	-0.012439
2236.000000	-0.025672
2237.000000	-0.032370
2238.000000	-0.027497
2239.000000	-0.008422
2240.000000	0.018213
2241.000000	0.041899
2242.000000	0.045917
2243.000000	0.020374
2244.000000	-0.011124
2245.000000	-0.023629
2246.000000	-0.020310
2247.000000	-0.010587
2248.000000	-0.000749
2249.000000	0.005055
2250.000000	0.008104
2251.000000	0.011209
2252.000000	0.017876
2253.000000	0.029579
2254.000000	0.038977
2255.000000	0.038745
2256.000000	0.030453
2257.000000	0.018238
2258.000000	0.007626
2259.000000	0.003462
2260.000000	0.006478
2261.000000	0.014889
2262.000000	0.020955
2263.000000	0.018235
2264.000000	0.011427
2265.000000	0.006810
2266.000000	0.005849
2267.000000	0.008072
2268.000000	0.010081
2269.000000	0.009311
2270.000000	0.009452
2271.000000	0.014248
2272.000000	0.021414
2273.000000	0.027061
2274.000000	0.026908
2275.000000	0.019011
2276.000000	0.011160
2277.000000	0.010711
2278.000000	0.013539
2279.000000	0.014632
2280.000000	0.016915
2281.000000	0.022248
2282.000000	0.020292
2283.000000	0.003624
2284.000000	-0.011304
2285.000000	-0.008281
2286.000000	0.004062
2287.000000	0.014200
2288.000000	0.023875
2289.000000	0.035601
2290.000000	0.041715
2291.000000	0.034902
2292.000000	0.019412
2293.000000	0.002154
2294.000000	-0.010899
2295.000000	-0.015541
2296.000000	-0.013700
2297.000000	-0.008171
2298.000000	0.000928
2299.000000	0.012302
2300.000000	0.017280
2301.000000	0.010183
2302.000000	0.004673
2303.000000	0.013124
2304.000000	0.023399
2305.000000	0.022335
2306.000000	0.017167
2307.000000	0.016113
2308.000000	0.010936
2309.000000	-0.004954
2310.000000	-0.015104
2311.000000	-0.004061
2312.000000	0.016582
2313.000000	0.030539
2314.000000	0.029787
2315.000000	0.013147
2316.000000	-0.001458
2317.000000	0.001430
2318.000000	0.008305
2319.000000	0.004088
2320.000000	-0.003634
2321.000000	-0.003298
2322.000000	0.009908
2323.000000	0.033715
2324.000000	0.044299
2325.000000	0.022881
2326.000000	-0.007575
2327.000000	-0.020309
2328.000000	-0.015126
2329.000000	0.001033
2330.000000	0.019259
2331.000000	0.031366
2332.000000	0.034022
2333.000000	0.027026
2334.000000	0.017837
2335.000000	0.013703
2336.000000	0.013374
2337.000000	0.013720
2338.000000	0.012606
2339.000000	0.008605
2340.000000	0.002146
2341.000000	-0.005490
2342.000000	-0.011451
2343.000000	-0.012941
2344.000000	-0.008948
2345.000000	0.000966
2346.000000	0.016734
2347.000000	0.036360
2348.000000	0.050637
2349.000000	0.050436
2350.000000	0.034156
2351.000000	0.005332
2352.000000	-0.019480
2353.000000	-0.025720
2354.000000	-0.019835
2355.000000	-0.011327
2356.000000	-0.000899
2357.000000	0.011545
2358.000000	0.020516
2359.000000	0.020064
2360.000000	0.007986
2361.000000	-0.013243
2362.000000	-0.026180
2363.000000	-0.016611
2364.000000	0.001782
2365.000000	0.012549
2366.000000	0.016050
2367.000000	0.016278
2368.000000	0.014960
2369.000000	0.012478
2370.000000	0.006113
2371.000000	-0.005793
2372.000000	-0.017547
2373.000000	-0.022301
2374.000000	-0.015930
2375.000000	0.001543
2376.000000	0.016238
2377.000000	0.014489
2378.000000	-0.002653
2379.000000	-0.026740
2380.000000	-0.034462
2381.000000	-0.008921
2382.000000	0.026261
2383.000000	0.043458
2384.000000	0.039534
2385.000000	0.019693
2386.000000	-0.001985
2387.000000	-0.011711
2388.000000	-0.005725
2389.000000	0.012918
2390.000000	0.023929
2391.000000	0.011026
2392.000000	-0.008818
2393.000000	-0.015836
2394.000000	-0.012344
2395.000000	-0.005244
2396.000000	0.002315
2397.000000	0.008604
2398.000000	0.013834
2399.000000	0.017772
2400.000000	0.016463
2401.000000	0.007412
2402.000000	-0.002332
2403.000000	-0.005299
2404.000000	-0.001892
2405.000000	0.005195
2406.000000	0.011970
2407.000000	0.014677
2408.000000	0.011789
2409.000000	0.003399
2410.000000	-0.006157
2411.000000	-0.012789
2412.000000	-0.017631
2413.000000	-0.021644
2414.000000	-0.019875
2415.000000	-0.008254
2416.000000	0.007847
2417.000000	0.020236
2418.000000	0.018890
2419.000000	-0.001010
2420.000000	-0.021625
2421.000000	-0.024915
2422.000000	-0.014685
2423.000000	0.000247
2424.000000	0.012869
2425.000000	0.018175
2426.000000	0.017375
2427.000000	0.013922
2428.000000	0.014015
2429.000000	0.021841
2430.000000	0.030791
2431.000000	0.033039
2432.000000	0.026702
2433.000000	0.012994
2434.000000	-0.000408
2435.000000	-0.005899
2436.000000	-0.002615
2437.000000	0.006806
2438.000000	0.012473
2439.000000	0.006621
2440.000000	-0.002762
2441.000000	-0.006348
2442.000000	-0.005217
2443.000000	-0.002261
2444.000000	0.002773
2445.000000	0.010369
2446.000000	0.018790
2447.000000	0.025279
2448.000000	0.025238
2449.000000	0.016650
2450.000000	0.009678
2451.000000	0.013748
2452.000000	0.023157
2453.000000	0.029566
2454.000000	0.029231
2455.000000	0.021009
2456.000000	0.009559
2457.000000	0.001053
2458.000000	0.001908
2459.000000	0.014671
2460.000000	0.026176
2461.000000	0.023238
2462.000000	0.008320
2463.000000	-0.011768
2464.000000	-0.028467
2465.000000	-0.034031
2466.000000	-0.025717
2467.000000	-0.003748
2468.000000	0.024789
2469.000000	0.048539
2470.000000	0.045925
2471.000000	0.005094
2472.000000	-0.036694
2473.000000	-0.041863
2474.000000	-0.020704
2475.000000	0.005065
2476.000000	0.015872
2477.000000	0.001058
2478.000000	-0.016527
2479.000000	-0.014007
2480.000000	-0.001918
2481.000000	0.004655
2482.000000	0.005836
2483.000000	0.005546
2484.000000	0.007685
2485.000000	0.014742
2486.000000	0.023599
2487.000000	0.029066
2488.000000	0.023281
2489.000000	0.003437
2490.000000	-0.010379
2491.000000	-0.000084
2492.000000	0.021492
2493.000000	0.036796
2494.000000	0.040294
2495.000000	0.031052
2496.000000	0.014525
2497.000000	-0.002704
2498.000000	-0.015914
2499.000000	-0.021498
2500.000000	-0.018440
2501.000000	-0.008068
2502.000000	0.001509
2503.000000	0.002952
2504.000000	-0.001209
2505.000000	-0.006223
2506.000000	-0.008315
2507.000000	-0.005338
2508.000000	-0.000693
2509.000000	0.001785
2510.000000	0.002072
2511.000000	0.000697
2512.000000	-0.003411
2513.000000	-0.009996
2514.000000	-0.011895
2515.000000	-0.002763
2516.000000	0.013565
2517.000000	0.029767
2518.000000	0.034762
2519.000000	0.022744
2520.000000	0.012768
2521.000000	0.021560
2522.000000	0.031671
2523.000000	0.023600
2524.000000	0.003829
2525.000000	-0.015336
2526.000000	-0.024266
2527.000000	-0.016861
2528.000000	0.001530
2529.000000	0.022007
2530.000000	0.032913
2531.000000	0.026607
2532.000000	0.014269
2533.000000	0.007976
2534.000000	0.004571
2535.000000	-0.001252
2536.000000	-0.008169
2537.000000	-0.012901
2538.000000	-0.010982
2539.000000	-0.000371
2540.000000	0.010093
2541.000000	0.011706
2542.000000	0.007191
2543.000000	0.001775
2544.000000	-0.000710
2545.000000	0.002230
2546.000000	0.009144
2547.000000	0.017269
2548.000000	0.022548
2549.000000	0.021439
2550.000000	0.013746
2551.000000	0.001072
2552.000000	-0.011145
2553.000000	-0.017196
2554.000000	-0.014137
2555.000000	-0.002102
2556.000000	0.009237
2557.000000	0.010376
2558.000000	0.002028
2559.000000	-0.010238
2560.000000	-0.011654
2561.000000	0.007062
2562.000000	0.024058
2563.000000	0.018371
2564.000000	0.003737
2565.000000	-0.001892
2566.000000	0.001610
2567.000000	0.009155
2568.000000	0.012621
2569.000000	0.005344
2570.000000	-0.010474
2571.000000	-0.027501
2572.000000	-0.026741
2573.000000	0.003358
2574.000000	0.032903
2575.000000	0.032634
2576.000000	0.017268
2577.000000	0.008042
2578.000000	0.008291
2579.000000	0.014716
2580.000000	0.015395
2581.000000	0.001473
2582.000000	-0.015014
2583.000000	-0.020301
2584.000000	-0.014584
2585.000000	-0.002465
2586.000000	0.007803
2587.000000	0.009385
2588.000000	0.004778
2589.000000	-0.001469
2590.000000	-0.005927
2591.000000	-0.007051
2592.000000	-0.009711
2593.000000	-0.017506
2594.000000	-0.022520
2595.000000	-0.017104
2596.000000	-0.006174
2597.000000	0.003569
2598.000000	0.010864
2599.000000	0.015477
2600.000000	0.015837
2601.000000	0.010395
2602.000000	-0.000977
2603.000000	-0.015722
2604.000000	-0.021959
2605.000000	-0.010968
2606.000000	0.004005
2607.000000	0.008891
2608.000000	0.008295
2609.000000	0.009532
2610.000000	0.012094
2611.000000	0.013160
2612.000000	0.008479
2613.000000	-0.004369
2614.000000	-0.019049
2615.000000	-0.028244
2616.000000	-0.029476
2617.000000	-0.022577
2618.000000	-0.011779
2619.000000	-0.001481
2620.000000	0.007645
2621.000000	0.015623
2622.000000	0.021536
2623.000000	0.024043
2624.000000	0.021039
2625.000000	0.011765
2626.000000	0.001597
2627.000000	-0.004261
2628.000000	-0.007434
2629.000000	-0.010242
2630.000000	-0.010944
2631.000000	-0.006914
2632.000000	0.003956
2633.000000	0.021931
2634.000000	0.040408
2635.000000	0.050345
2636.000000	0.039798
2637.000000	0.004701
2638.000000	-0.024591
2639.000000	-0.019889
2640.000000	0.003913
2641.000000	0.024465
2642.000000	0.032672
2643.000000	0.025539
2644.000000	0.011220
2645.000000	-0.000278
2646.000000	-0.002695
2647.000000	0.005402
2648.000000	0.009872
2649.000000	-0.001944
2650.000000	-0.021213
2651.000000	-0.035799
2652.000000	-0.041859
2653.000000	-0.038293
2654.000000	-0.026697
2655.000000	-0.009740
2656.000000	0.008299
2657.000000	0.022906
2658.000000	0.030247
2659.000000	0.028011
2660.000000	0.019294
2661.000000	0.008539
2662.000000	0.000159
2663.000000	-0.002457
2664.000000	0.000029
2665.000000	0.005674
2666.000000	0.011479
2667.000000	0.014465
2668.000000	0.012797
2669.000000	0.005201
2670.000000	-0.008490
2671.000000	-0.025649
2672.000000	-0.033580
2673.000000	-0.022153
2674.000000	-0.001572
2675.000000	0.014435
2676.000000	0.018390
2677.000000	0.007097
2678.000000	-0.011762
2679.000000	-0.027956
2680.000000	-0.031943
2681.000000	-0.019198
2682.000000	-0.004593
2683.000000	-0.001727
2684.000000	0.000276
2685.000000	0.013008
2686.000000	0.026450
2687.000000	0.028629
2688.000000	0.021381
2689.000000	0.010686
2690.000000	0.005298
2691.000000	0.010987
2692.000000	0.018828
2693.000000	0.018591
2694.000000	0.009534
2695.000000	-0.004763
2696.000000	-0.012923
2697.000000	-0.005981
2698.000000	0.007595
2699.000000	0.016567
2700.000000	0.016059
2701.000000	0.005031
2702.000000	-0.008576
2703.000000	-0.016357
2704.000000	-0.017040
2705.000000	-0.011809
2706.000000	-0.004551
2707.000000	0.001264
2708.000000	0.006538
2709.000000	0.012905
2710.000000	0.020553
2711.000000	0.028796
2712.000000	0.034880
2713.000000	0.035915
2714.000000	0.030514
2715.000000	0.018965
2716.000000	0.006739
2717.000000	-0.000377
2718.000000	-0.000529
2719.000000	0.006916
2720.000000	0.021631
2721.000000	0.041416
2722.000000	0.057551
2723.000000	0.061444
2724.000000	0.051540
2725.000000	0.030255
2726.000000	0.008856
2727.000000	-0.001554
2728.000000	0.000628
2729.000000	0.013341
2730.000000	0.029363
2731.000000	0.041729
2732.000000	0.049668
2733.000000	0.053137
2734.000000	0.048797
2735.000000	0.034227
2736.000000	0.013965
2737.000000	-0.004432
2738.000000	-0.008289
2739.000000	0.010525
2740.000000	0.036856
2741.000000	0.052762
2742.000000	0.052436
2743.000000	0.034852
2744.000000	0.005974
2745.000000	-0.024961
2746.000000	-0.042621
2747.000000	-0.034764
2748.000000	-0.007619
2749.000000	0.024953
2750.000000	0.037028
2751.000000	0.013758
2752.000000	-0.003347
2753.000000	0.022703
2754.000000	0.054468
2755.000000	0.050052
2756.000000	0.024157
2757.000000	0.001378
2758.000000	-0.010717
2759.000000	-0.011188
2760.000000	-0.008582
2761.000000	-0.010057
2762.000000	-0.007717
2763.000000	0.004241
2764.000000	0.008186
2765.000000	-0.010208
2766.000000	-0.028619
2767.000000	-0.024351
2768.000000	-0.009859
2769.000000	-0.002699
2770.000000	-0.005674
2771.000000	-0.016022
2772.000000	-0.023467
2773.000000	-0.019380
2774.000000	-0.009232
2775.000000	-0.001293
2776.000000	-0.000919
2777.000000	-0.009546
2778.000000	-0.015853
2779.000000	-0.009725
2780.000000	0.001373
2781.000000	0.007311
2782.000000	0.004873
2783.000000	-0.005839
2784.000000	-0.018363
2785.000000	-0.026028
2786.000000	-0.027694
2787.000000	-0.026045
2788.000000	-0.033544
2789.000000	-0.056144
2790.000000	-0.063992
2791.000000	-0.032413
2792.000000	0.006740
2793.000000	0.017426
2794.000000	0.003366
2795.000000	-0.020386
2796.000000	-0.033208
2797.000000	-0.020807
2798.000000	0.000232
2799.000000	0.009600
2800.000000	0.002972
2801.000000	-0.016728
2802.000000	-0.033556
2803.000000	-0.033216
2804.000000	-0.021025
2805.000000	-0.006405
2806.000000	0.004407
2807.000000	0.007007
2808.000000	0.001132
2809.000000	-0.011783
2810.000000	-0.027640
2811.000000	-0.040540
2812.000000	-0.040033
2813.000000	-0.019894
2814.000000	0.004650
2815.000000	0.016776
2816.000000	0.014721
2817.000000	0.001591
2818.000000	-0.015082
2819.000000	-0.027433
2820.000000	-0.030688
2821.000000	-0.022656
2822.000000	-0.008383
2823.000000	0.004750
2824.000000	0.007260
2825.000000	-0.005832
2826.000000	-0.019388
2827.000000	-0.018406
2828.000000	-0.008550
2829.000000	0.000839
2830.000000	0.006369
2831.000000	0.006903
2832.000000	0.004363
2833.000000	0.001329
2834.000000	-0.000044
2835.000000	0.002019
2836.000000	0.008205
2837.000000	0.018789
2838.000000	0.033498
2839.000000	0.050452
2840.000000	0.061877
2841.000000	0.061544
2842.000000	0.055278
2843.000000	0.051901
2844.000000	0.060153
2845.000000	0.086036
2846.000000	0.124668
2847.000000	0.167672
2848.000000	0.203584
2849.000000	0.223892
2850.000000	0.234974
2851.000000	0.245568
2852.000000	0.258951
2853.000000	0.275024
2854.000000	0.285630
2855.000000	0.286579
2856.000000	0.297605
2857.000000	0.335323
2858.000000	0.379941
2859.000000	0.404231
2860.000000	0.387626
2861.000000	0.328004
2862.000000	0.290353
2863.000000	0.329007
2864.000000	0.388584
2865.000000	0.407791
2866.000000	0.411420
2867.000000	0.434177
2868.000000	0.464324
2869.000000	0.483120
2870.000000	0.490238
2871.000000	0.491089
2872.000000	0.495610
2873.000000	0.510740
2874.000000	0.526892
2875.000000	0.535416
2876.000000	0.547926
2877.000000	0.574242
2878.000000	0.596752
2879.000000	0.598688
2880.000000	0.594107
2881.000000	0.599528
2882.000000	0.610497
2883.000000	0.618195
2884.000000	0.617306
2885.000000	0.606277
2886.000000	0.595108
2887.000000	0.594135
2888.000000	0.603489
2889.000000	0.617556
2890.000000	0.617952
2891.000000	0.590521
2892.000000	0.550791
2893.000000	0.520601
2894.000000	0.517346
2895.000000	0.549939
2896.000000	0.597819
2897.000000	0.636351
2898.000000	0.654079
2899.000000	0.648611
2900.000000	0.640639
2901.000000	0.649527
2902.000000	0.666234
2903.000000	0.677928
2904.000000	0.685004
2905.000000	0.691819
2906.000000	0.705355
2907.000000	0.730104
2908.000000	0.757974
2909.000000	0.778527
2910.000000	0.784522
2911.000000	0.773672
2912.000000	0.760311
2913.000000	0.761851
2914.000000	0.791379
2915.000000	0.849684
2916.000000	0.892671
2917.000000	0.883494
2918.000000	0.859189
2919.000000	0.861892
2920.000000	0.880257
2921.000000	0.894362
2922.000000	0.903454
2923.000000	0.911241
2924.000000	0.920107
2925.000000	0.931140
2926.000000	0.941555
2927.000000	0.950080
2928.000000	0.965369
2929.000000	0.990958
2930.000000	1.000000
2931.000000	0.972396
2932.000000	0.945427
2933.000000	0.955338
2934.000000	0.976836
2935.000000	0.979009
2936.000000	0.969989
2937.000000	0.964965
2938.000000	0.968300
2939.000000	0.977237
2940.000000	0.971361
2941.000000	0.935356
2942.000000	0.891969
2943.000000	0.864071
2944.000000	0.836971
2945.000000	0.795513
2946.000000	0.760238
2947.000000	0.752985
2948.000000	0.765078
2949.000000	0.779815
2950.000000	0.778906
2951.000000	0.749552
2952.000000	0.702491
2953.000000	0.654512
2954.000000	0.623057
2955.000000	0.618192
2956.000000	0.619825
2957.000000	0.609280
2958.000000	0.603707
2959.000000	0.619077
2960.000000	0.630817
2961.000000	0.614932
2962.000000	0.590295
2963.000000	0.580930
2964.000000	0.588590
2965.000000	0.607008
2966.000000	0.620094
2967.000000	0.613347
2968.000000	0.588436
2969.000000	0.551923
2970.000000	0.513763
2971.000000	0.484391
2972.000000	0.472770
2973.000000	0.482258
2974.000000	0.495273
2975.000000	0.493467
2976.000000	0.476378
2977.000000	0.448936
2978.000000	0.419747
2979.000000	0.396886
2980.000000	0.382637
2981.000000	0.376823
2982.000000	0.375210
2983.000000	0.372981
2984.000000	0.367040
2985.000000	0.355544
2986.000000	0.339941
2987.000000	0.322491
2988.000000	0.305410
2989.000000	0.291785
2990.000000	0.288229
2991.000000	0.297542
2992.000000	0.303734
2993.000000	0.291133
2994.000000	0.264111
2995.000000	0.232753
2996.000000	0.209941
2997.000000	0.202240
2998.000000	0.188155
2999.000000	0.150923
3000.000000	0.120764
3001.000000	0.126059
3002.000000	0.140855
3003.000000	0.134934
3004.000000	0.115353
3005.000000	0.096528
3006.000000	0.085038
3007.000000	0.083215
3008.000000	0.084243
3009.000000	0.080736
3010.000000	0.072176
3011.000000	0.060923
3012.000000	0.053970
3013.000000	0.055448
3014.000000	0.053414
3015.000000	0.037678
3016.000000	0.021153
3017.000000	0.018204
3018.000000	0.025904
3019.000000	0.036143
3020.000000	0.037360
3021.000000	0.021386
3022.000000	-0.002935
3023.000000	-0.023546
3024.000000	-0.032544
3025.000000	-0.026223
3026.000000	-0.013504
3027.000000	-0.003734
3028.000000	0.004681
3029.000000	0.013515
3030.000000	0.014337
3031.000000	0.000274
3032.000000	-0.019122
3033.000000	-0.031434
3034.000000	-0.029223
3035.000000	-0.010983
3036.000000	0.006038
3037.000000	0.005541
3038.000000	-0.006220
3039.000000	-0.017429
3040.000000	-0.016565
3041.000000	0.000877
3042.000000	0.011633
3043.000000	-0.002257
3044.000000	-0.009787
3045.000000	0.017070
3046.000000	0.045443
3047.000000	0.041168
3048.000000	0.025817
3049.000000	0.026072
3050.000000	0.033331
3051.000000	0.033773
3052.000000	0.027985
3053.000000	0.020893
3054.000000	0.020367
3055.000000	0.031623
3056.000000	0.046309
3057.000000	0.056265
3058.000000	0.067659
3059.000000	0.085857
3060.000000	0.098685
3061.000000	0.095412
3062.000000	0.088630
3063.000000	0.091088
3064.000000	0.092859
3065.000000	0.083134
3066.000000	0.070269
3067.000000	0.064042
3068.000000	0.060763
3069.000000	0.054156
3070.000000	0.041070
3071.000000	0.023062
3072.000000	0.017388
3073.000000	0.036239
3074.000000	0.055845
3075.000000	0.051916
3076.000000	0.034032
3077.000000	0.017918
3078.000000	0.010008
3079.000000	0.011530
3080.000000	0.012185
3081.000000	0.002877
3082.000000	-0.009154
3083.000000	-0.014214
3084.000000	-0.009129
3085.000000	0.005577
3086.000000	0.021099
3087.000000	0.028890
3088.000000	0.029707
3089.000000	0.024263
3090.000000	0.003778
3091.000000	-0.033154
3092.000000	-0.048966
3093.000000	-0.014747
3094.000000	0.024811
3095.000000	0.023091
3096.000000	-0.000629
3097.000000	-0.017153
3098.000000	-0.023516
3099.000000	-0.024028
3100.000000	-0.025877
3101.000000	-0.033495
3102.000000	-0.037413
3103.000000	-0.029263
3104.000000	-0.018979
3105.000000	-0.017420
3106.000000	-0.020854
3107.000000	-0.023277
3108.000000	-0.024189
3109.000000	-0.024147
3110.000000	-0.022447
3111.000000	-0.019916
3112.000000	-0.024782
3113.000000	-0.042091
3114.000000	-0.056776
3115.000000	-0.053916
3116.000000	-0.039297
3117.000000	-0.024043
3118.000000	-0.019922
3119.000000	-0.031469
3120.000000	-0.033641
3121.000000	-0.005861
3122.000000	0.025013
3123.000000	0.030864
3124.000000	0.025977
3125.000000	0.027444
3126.000000	0.021178
3127.000000	-0.005356
3128.000000	-0.027306
3129.000000	-0.020571
3130.000000	-0.001434
3131.000000	0.007922
3132.000000	0.002098
3133.000000	-0.016045
3134.000000	-0.027382
3135.000000	-0.016085
3136.000000	0.004213
3137.000000	0.016810
3138.000000	0.022178
3139.000000	0.023253
3140.000000	0.015639
3141.000000	-0.003237
3142.000000	-0.021338
3143.000000	-0.026583
3144.000000	-0.021332
3145.000000	-0.011994
3146.000000	-0.006737
3147.000000	-0.010990
3148.000000	-0.017475
3149.000000	-0.017660
3150.000000	-0.010706
3151.000000	0.000700
3152.000000	0.007460
3153.000000	0.003427
3154.000000	0.000671
3155.000000	0.008865
3156.000000	0.009891
3157.000000	-0.011951
3158.000000	-0.034888
3159.000000	-0.035680
3160.000000	-0.022698
3161.000000	-0.009881
3162.000000	-0.001819
3163.000000	-0.000101
3164.000000	-0.003662
3165.000000	-0.010308
3166.000000	-0.015976
3167.000000	-0.016727
3168.000000	-0.010977
3169.000000	0.000573
3170.000000	0.010425
3171.000000	0.011301
3172.000000	0.003585
3173.000000	-0.009664
3174.000000	-0.022360
3175.000000	-0.028462
3176.000000	-0.025139
3177.000000	-0.012863
3178.000000	-0.002118
3179.000000	-0.001577
3180.000000	-0.002657
3181.000000	0.003691
3182.000000	0.011140
3183.000000	0.010953
3184.000000	0.000140
3185.000000	-0.019504
3186.000000	-0.032793
3187.000000	-0.027084
3188.000000	-0.013288
3189.000000	-0.004206
3190.000000	0.003357
3191.000000	0.014502
3192.000000	0.025949
3193.000000	0.032296
3194.000000	0.028042
3195.000000	0.011781
3196.000000	-0.001418
3197.000000	0.001426
3198.000000	0.008461
3199.000000	0.005797
3200.000000	-0.003768
3201.000000	-0.012957
3202.000000	-0.013270
3203.000000	-0.000647
3204.000000	0.009974
3205.000000	0.005308
3206.000000	-0.002330
3207.000000	0.001143
3208.000000	0.011274
3209.000000	0.020422
3210.000000	0.026736
3211.000000	0.030112
3212.000000	0.031655
3213.000000	0.031646
3214.000000	0.025864
3215.000000	0.011683
3216.000000	-0.002645
3217.000000	-0.009052
3218.000000	-0.011078
3219.000000	-0.013587
3220.000000	-0.015137
3221.000000	-0.012326
3222.000000	-0.000221
3223.000000	0.019690
3224.000000	0.018698
3225.000000	-0.020976
3226.000000	-0.046160
3227.000000	-0.010396
3228.000000	0.034960
3229.000000	0.033308
3230.000000	0.004884
3231.000000	-0.015880
3232.000000	-0.014595
3233.000000	0.011502
3234.000000	0.038706
3235.000000	0.043638
3236.000000	0.030676
3237.000000	0.011146
3238.000000	-0.003602
3239.000000	-0.006278
3240.000000	-0.005855
3241.000000	-0.010094
3242.000000	-0.005648
3243.000000	0.017905
3244.000000	0.038168
3245.000000	0.034464
3246.000000	0.025819
3247.000000	0.032314
3248.000000	0.038547
3249.000000	0.027078
3250.000000	0.007787
3251.000000	-0.004658
3252.000000	-0.003757
3253.000000	0.011887
3254.000000	0.031443
3255.000000	0.043159
3256.000000	0.043839
3257.000000	0.034219
3258.000000	0.022191
3259.000000	0.015557
3260.000000	0.014587
3261.000000	0.017714
3262.000000	0.023556
3263.000000	0.031574
3264.000000	0.044402
3265.000000	0.062811
3266.000000	0.076927
3267.000000	0.078221
3268.000000	0.074176
3269.000000	0.073311
3270.000000	0.072290
3271.000000	0.065735
3272.000000	0.051970
3273.000000	0.032140
3274.000000	0.014981
3275.000000	0.009324
3276.000000	0.016784
3277.000000	0.035487
3278.000000	0.056813
3279.000000	0.072246
3280.000000	0.080414
3281.000000	0.082032
3282.000000	0.079007
3283.000000	0.072730
3284.000000	0.061336
3285.000000	0.045158
3286.000000	0.036565
3287.000000	0.045220
3288.000000	0.057929
3289.000000	0.060430
3290.000000	0.057040
3291.000000	0.054880
3292.000000	0.053698
3293.000000	0.051841
3294.000000	0.049426
3295.000000	0.047779
3296.000000	0.051291
3297.000000	0.062875
3298.000000	0.076457
3299.000000	0.084891
3300.000000	0.085735
3301.000000	0.078620
3302.000000	0.066774
3303.000000	0.053600
3304.000000	0.039608
3305.000000	0.025848
3306.000000	0.018425
3307.000000	0.022973
3308.000000	0.038180
3309.000000	0.059240
3310.000000	0.074327
3311.000000	0.075273
3312.000000	0.075558
3313.000000	0.088885
3314.000000	0.108196
3315.000000	0.121570
3316.000000	0.118397
3317.000000	0.093647
3318.000000	0.063297
3319.000000	0.043736
3320.000000	0.032006
3321.000000	0.024432
3322.000000	0.033820
3323.000000	0.067192
3324.000000	0.091947
3325.000000	0.077474
3326.000000	0.040747
3327.000000	0.009350
3328.000000	0.005712
3329.000000	0.040054
3330.000000	0.078912
3331.000000	0.089132
3332.000000	0.082493
3333.000000	0.077806
3334.000000	0.077065
3335.000000	0.077756
3336.000000	0.076151
3337.000000	0.070834
3338.000000	0.070866
3339.000000	0.082024
3340.000000	0.086474
3341.000000	0.068773
3342.000000	0.046649
3343.000000	0.040176
3344.000000	0.045646
3345.000000	0.054309
3346.000000	0.061025
3347.000000	0.062176
3348.000000	0.056605
3349.000000	0.045901
3350.000000	0.040169
3351.000000	0.047524
3352.000000	0.059610
3353.000000	0.064976
3354.000000	0.056253
3355.000000	0.031943
3356.000000	0.009945
3357.000000	0.007510
3358.000000	0.019893
3359.000000	0.035696
3360.000000	0.038912
3361.000000	0.020423
3362.000000	0.003264
3363.000000	0.009544
3364.000000	0.025507
3365.000000	0.032832
3366.000000	0.030808
3367.000000	0.024736
3368.000000	0.026345
3369.000000	0.042575
3370.000000	0.054781
3371.000000	0.045961
3372.000000	0.031282
3373.000000	0.029055
3374.000000	0.038000
3375.000000	0.051390
3376.000000	0.060296
3377.000000	0.058392
3378.000000	0.051954
3379.000000	0.049226
3380.000000	0.053714
3381.000000	0.065493
3382.000000	0.075644
3383.000000	0.075281
3384.000000	0.064654
3385.000000	0.047963
3386.000000	0.036065
3387.000000	0.036319
3388.000000	0.035425
3389.000000	0.022491
3390.000000	0.016900
3391.000000	0.034982
3392.000000	0.050563
3393.000000	0.038680
3394.000000	0.021711
3395.000000	0.024769
3396.000000	0.036561
3397.000000	0.040159
3398.000000	0.032507
3399.000000	0.016655
3400.000000	0.006219
3401.000000	0.012727
3402.000000	0.028804
3403.000000	0.043125
3404.000000	0.047475
3405.000000	0.037398
3406.000000	0.020361
3407.000000	0.004759
3408.000000	-0.009224
3409.000000	-0.020963
3410.000000	-0.019869
3411.000000	0.000296
3412.000000	0.018410
3413.000000	0.016673
3414.000000	0.017949
3415.000000	0.042807
3416.000000	0.061980
3417.000000	0.046550
3418.000000	0.018823
3419.000000	0.006960
3420.000000	0.011329
3421.000000	0.024297
3422.000000	0.034035
3423.000000	0.031056
3424.000000	0.019438
3425.000000	0.006982
3426.000000	0.002819
3427.000000	0.013116
3428.000000	0.030845
3429.000000	0.045735
3430.000000	0.047746
3431.000000	0.031770
3432.000000	0.012192
3433.000000	0.003661
3434.000000	0.002395
3435.000000	0.002695
3436.000000	0.009620
3437.000000	0.025904
3438.000000	0.034212
3439.000000	0.019654
3440.000000	-0.002810
3441.000000	-0.014121
3442.000000	-0.008660
3443.000000	0.011633
3444.000000	0.028033
3445.000000	0.023619
3446.000000	0.005483
3447.000000	-0.014243
3448.000000	-0.027267
3449.000000	-0.028000
3450.000000	-0.017821
3451.000000	-0.000092
3452.000000	0.020861
3453.000000	0.039568
3454.000000	0.046959
3455.000000	0.036382
3456.000000	0.014467
3457.000000	-0.008821
3458.000000	-0.023459
3459.000000	-0.022041
3460.000000	-0.007690
3461.000000	0.013061
3462.000000	0.030580
3463.000000	0.036963
3464.000000	0.034329
3465.000000	0.026473
3466.000000	0.013865
3467.000000	-0.001491
3468.000000	-0.008142
3469.000000	0.001647
3470.000000	0.011277
3471.000000	0.004788
3472.000000	-0.006899
3473.000000	-0.008979
3474.000000	0.002019
3475.000000	0.023712
3476.000000	0.041647
3477.000000	0.043473
3478.000000	0.037331
3479.000000	0.034492
3480.000000	0.038266
3481.000000	0.047144
3482.000000	0.048297
3483.000000	0.031483
3484.000000	0.008140
3485.000000	-0.006986
3486.000000	-0.007589
3487.000000	0.006448
3488.000000	0.018930
3489.000000	0.016536
3490.000000	0.013764
3491.000000	0.023126
3492.000000	0.021364
3493.000000	-0.010641
3494.000000	-0.039687
3495.000000	-0.032199
3496.000000	-0.005441
3497.000000	0.015314
3498.000000	0.023602
3499.000000	0.019575
3500.000000	0.011043
3501.000000	0.005122
3502.000000	-0.001517
3503.000000	-0.012441
3504.000000	-0.021744
3505.000000	-0.022155
3506.000000	-0.010437
3507.000000	0.012341
3508.000000	0.031901
3509.000000	0.034223
3510.000000	0.019516
3511.000000	-0.005588
3512.000000	-0.023008
3513.000000	-0.017912
3514.000000	0.000067
3515.000000	0.015929
3516.000000	0.017659
3517.000000	0.000557
3518.000000	-0.013798
3519.000000	-0.006077
3520.000000	0.007777
3521.000000	0.009146
3522.000000	0.003974
3523.000000	0.001372
3524.000000	-0.001441
3525.000000	-0.007496
3526.000000	-0.008929
3527.000000	0.000409
3528.000000	0.008897
3529.000000	0.004435
3530.000000	-0.009238
3531.000000	-0.023572
3532.000000	-0.026618
3533.000000	-0.012075
3534.000000	0.000369
3535.000000	-0.008707
3536.000000	-0.031667
3537.000000	-0.052781
3538.000000	-0.051004
3539.000000	-0.015366
3540.000000	0.019490
3541.000000	0.020443
3542.000000	0.006081
3543.000000	0.001443
3544.000000	0.005675
3545.000000	0.013258
3546.000000	0.025920
3547.000000	0.042971
3548.000000	0.046803
3549.000000	0.024923
3550.000000	0.002204
3551.000000	0.002421
3552.000000	0.007577
3553.000000	-0.002612
3554.000000	-0.015806
3555.000000	-0.016084
3556.000000	-0.005826
3557.000000	0.008010
3558.000000	0.018439
3559.000000	0.020265
3560.000000	0.015460
3561.000000	0.007618
3562.000000	-0.000359
3563.000000	-0.006334
3564.000000	-0.010538
3565.000000	-0.013106
3566.000000	-0.011429
3567.000000	-0.002965
3568.000000	0.011812
3569.000000	0.028351
3570.000000	0.028811
3571.000000	0.001865
3572.000000	-0.024460
3573.000000	-0.022531
3574.000000	-0.005641
3575.000000	0.006172
3576.000000	0.006823
3577.000000	-0.004917
3578.000000	-0.024812
3579.000000	-0.044349
3580.000000	-0.043373
3581.000000	-0.010338
3582.000000	0.020222
3583.000000	0.014529
3584.000000	-0.012107
3585.000000	-0.035187
3586.000000	-0.042552
3587.000000	-0.030501
3588.000000	-0.016816
3589.000000	-0.018095
3590.000000	-0.024700
3591.000000	-0.024023
3592.000000	-0.017800
3593.000000	-0.011794
3594.000000	-0.013543
3595.000000	-0.026382
3596.000000	-0.035066
3597.000000	-0.025310
3598.000000	-0.005235
3599.000000	0.011434
3600.000000	0.010973
