400.000000	-0.016112
401.000000	0.001363
402.000000	0.012006
403.000000	0.016285
404.000000	0.014669
405.000000	0.008703
406.000000	0.004244
407.000000	0.006156
408.000000	0.011006
409.000000	0.014128
410.000000	0.014206
411.000000	0.011466
412.000000	0.008963
413.000000	0.009242
414.000000	0.009996
415.000000	0.007985
416.000000	0.001094
417.000000	-0.010707
418.000000	-0.020231
419.000000	-0.020313
420.000000	-0.011098
421.000000	0.004602
422.000000	0.020600
423.000000	0.031002
424.000000	0.034449
425.000000	0.030950
426.000000	0.021440
427.000000	0.007801
428.000000	-0.005238
429.000000	-0.013385
430.000000	-0.016949
431.000000	-0.017574
432.000000	-0.017644
433.000000	-0.018897
434.000000	-0.019735
435.000000	-0.018125
436.000000	-0.013618
437.000000	-0.006423
438.000000	0.002205
439.000000	0.010810
440.000000	0.018170
441.000000	0.023200
442.000000	0.025109
443.000000	0.023229
444.000000	0.017071
445.000000	0.006837
446.000000	-0.004699
447.000000	-0.013816
448.000000	-0.015591
449.000000	-0.007060
450.000000	0.005708
451.000000	0.015354
452.000000	0.018393
453.000000	0.013494
454.000000	0.004075
455.000000	-0.005615
456.000000	-0.012753
457.000000	-0.015071
458.000000	-0.011088
459.000000	-0.001244
460.000000	0.007128
461.000000	0.006788
462.000000	-0.002228
463.000000	-0.016928
464.000000	-0.029779
465.000000	-0.033811
466.000000	-0.028854
467.000000	-0.016681
468.000000	-0.000043
469.000000	0.016883
470.000000	0.025180
471.000000	0.017789
472.000000	-0.000179
473.000000	-0.020053
474.000000	-0.031093
475.000000	-0.026079
476.000000	-0.013947
477.000000	-0.005727
478.000000	-0.004676
479.000000	-0.010522
480.000000	-0.016666
481.000000	-0.017030
482.000000	-0.013963
483.000000	-0.011548
484.000000	-0.012378
485.000000	-0.017049
486.000000	-0.019651
487.000000	-0.014484
488.000000	-0.003185
489.000000	0.010231
490.000000	0.019576
491.000000	0.020004
492.000000	0.014225
493.000000	0.006442
494.000000	-0.000712
495.000000	-0.005198
496.000000	-0.005767
497.000000	-0.001890
498.000000	0.004887
499.000000	0.012521
500.000000	0.019053
501.000000	0.022894
502.000000	0.023836
503.000000	0.022133
504.000000	0.018503
505.000000	0.013860
506.000000	0.009446
507.000000	0.006463
508.000000	0.005640
509.000000	0.007301
510.000000	0.010623
511.000000	0.013826
512.000000	0.012435
513.000000	0.003056
514.000000	-0.010681
515.000000	-0.023468
516.000000	-0.030303
517.000000	-0.027573
518.000000	-0.016927
519.000000	-0.001423
520.000000	0.015500
521.000000	0.030085
522.000000	0.037698
523.000000	0.035114
524.000000	0.025631
525.000000	0.013831
526.000000	0.002905
527.000000	-0.004739
528.000000	-0.008423
529.000000	-0.008047
530.000000	-0.004085
531.000000	0.002752
532.000000	0.011386
533.000000	0.020117
534.000000	0.025122
535.000000	0.023264
536.000000	0.016279
537.000000	0.007948
538.000000	0.005364
539.000000	0.013284
540.000000	0.023800
541.000000	0.027268
542.000000	0.019753
543.000000	0.001045
544.000000	-0.019863
545.000000	-0.033500
546.000000	-0.037677
547.000000	-0.032366
548.000000	-0.018911
549.000000	-0.000585
550.000000	0.012996
551.000000	0.013191
552.000000	0.001605
553.000000	-0.016082
554.000000	-0.028151
555.000000	-0.025395
556.000000	-0.014710
557.000000	-0.005725
558.000000	-0.002894
559.000000	-0.007456
560.000000	-0.012967
561.000000	-0.012935
562.000000	-0.008374
563.000000	-0.002191
564.000000	0.002628
565.000000	0.003788
566.000000	0.001843
567.000000	-0.001897
568.000000	-0.005935
569.000000	-0.008613
570.000000	-0.007800
571.000000	-0.002372
572.000000	0.004310
573.000000	0.008354
574.000000	0.008241
575.000000	0.003822
576.000000	-0.001956
577.000000	-0.005981
578.000000	-0.007593
579.000000	-0.006840
580.000000	-0.004154
581.000000	-0.000496
582.000000	0.001433
583.000000	-0.000647
584.000000	-0.005605
585.000000	-0.011145
586.000000	-0.013723
587.000000	-0.010687
588.000000	-0.004191
589.000000	0.002665
590.000000	0.007807
591.000000	0.009465
592.000000	0.006061
593.000000	-0.002928
594.000000	-0.013996
595.000000	-0.022935
596.000000	-0.026759
597.000000	-0.024028
598.000000	-0.018268
599.000000	-0.013238
600.000000	-0.008674
601.000000	-0.003140
602.000000	0.005458
603.000000	0.017784
604.000000	0.028133
605.000000	0.030587
606.000000	0.024735
607.000000	0.012710
608.000000	0.001304
609.000000	-0.003745
610.000000	-0.005591
611.000000	-0.008955
612.000000	-0.015945
613.000000	-0.026389
614.000000	-0.033620
615.000000	-0.031616
616.000000	-0.023428
617.000000	-0.014443
618.000000	-0.010308
619.000000	-0.014210
620.000000	-0.019243
621.000000	-0.017863
622.000000	-0.010079
623.000000	0.001285
624.000000	0.009710
625.000000	0.010005
626.000000	0.006004
627.000000	0.002992
628.000000	0.003048
629.000000	0.006403
630.000000	0.009108
631.000000	0.007516
632.000000	0.003383
633.000000	-0.000354
634.000000	-0.001434
635.000000	0.001137
636.000000	0.003962
637.000000	0.003703
638.000000	0.001638
639.000000	0.000462
640.000000	0.003915
641.000000	0.013529
642.000000	0.020968
643.000000	0.017712
644.000000	0.004374
645.000000	-0.014088
646.000000	-0.024484
647.000000	-0.016480
648.000000	0.000596
649.000000	0.013954
650.000000	0.016621
651.000000	0.006140
652.000000	-0.007692
653.000000	-0.014814
654.000000	-0.016373
655.000000	-0.016337
656.000000	-0.018748
657.000000	-0.025547
658.000000	-0.030187
659.000000	-0.026045
660.000000	-0.014694
661.000000	-0.000576
662.000000	0.008576
663.000000	0.007185
664.000000	0.001597
665.000000	-0.000301
666.000000	0.003629
667.000000	0.012690
668.000000	0.020599
669.000000	0.021396
670.000000	0.015998
671.000000	0.007000
672.000000	-0.003161
673.000000	-0.012175
674.000000	-0.018096
675.000000	-0.019469
676.000000	-0.016447
677.000000	-0.009732
678.000000	-0.000615
679.000000	0.008733
680.000000	0.013204
681.000000	0.008606
682.000000	-0.002658
683.000000	-0.015634
684.000000	-0.021758
685.000000	-0.014909
686.000000	-0.002352
687.000000	0.006751
688.000000	0.009052
689.000000	0.004215
690.000000	-0.001847
691.000000	-0.003380
692.000000	-0.001523
693.000000	0.001067
694.000000	0.002551
695.000000	0.001907
696.000000	0.000575
697.000000	0.000221
698.000000	0.000952
699.000000	0.002438
700.000000	0.004148
701.000000	0.005500
702.000000	0.005891
703.000000	0.004838
704.000000	0.002347
705.000000	-0.001402
706.000000	-0.006011
707.000000	-0.010696
708.000000	-0.013342
709.000000	-0.012021
710.000000	-0.006898
711.000000	0.000691
712.000000	0.006812
713.000000	0.008125
714.000000	0.006257
715.000000	0.003850
716.000000	0.002643
717.000000	0.003404
718.000000	0.003932
719.000000	0.002348
720.000000	0.001037
721.000000	0.003290
722.000000	0.011776
723.000000	0.027081
724.000000	0.042101
725.000000	0.049566
726.000000	0.049241
727.000000	0.043290
728.000000	0.036445
729.000000	0.032289
730.000000	0.027237
731.000000	0.017167
732.000000	0.002978
733.000000	-0.012073
734.000000	-0.020329
735.000000	-0.015861
736.000000	-0.004066
737.000000	0.007640
738.000000	0.015089
739.000000	0.016276
740.000000	0.014613
741.000000	0.014029
742.000000	0.015119
743.000000	0.017592
744.000000	0.020960
745.000000	0.024414
746.000000	0.026067
747.000000	0.024623
748.000000	0.022221
749.000000	0.021931
750.000000	0.027119
751.000000	0.039031
752.000000	0.050133
753.000000	0.052693
754.000000	0.046955
755.000000	0.036247
756.000000	0.028268
757.000000	0.028936
758.000000	0.032680
759.000000	0.032350
760.000000	0.025954
761.000000	0.014114
762.000000	0.002736
763.000000	-0.002656
764.000000	-0.003357
765.000000	-0.002167
766.000000	-0.001098
767.000000	-0.001601
768.000000	-0.003671
769.000000	-0.006762
770.000000	-0.009623
771.000000	-0.010900
772.000000	-0.009525
773.000000	-0.004696
774.000000	0.003629
775.000000	0.014519
776.000000	0.023916
777.000000	0.026970
778.000000	0.018774
779.000000	-0.002094
780.000000	-0.023070
781.000000	-0.030948
782.000000	-0.023943
783.000000	-0.004689
784.000000	0.017924
785.000000	0.035101
786.000000	0.044693
787.000000	0.046540
788.000000	0.041803
789.000000	0.032597
790.000000	0.023521
791.000000	0.018581
792.000000	0.016914
793.000000	0.016592
794.000000	0.016306
795.000000	0.015330
796.000000	0.014661
797.000000	0.015115
798.000000	0.015072
799.000000	0.012524
800.000000	0.006338
801.000000	-0.003389
802.000000	-0.012513
803.000000	-0.016733
804.000000	-0.015166
805.000000	-0.008049
806.000000	0.003316
807.000000	0.016620
808.000000	0.026577
809.000000	0.028510
810.000000	0.023143
811.000000	0.013176
812.000000	0.003797
813.000000	-0.000418
814.000000	0.000176
815.000000	0.003935
816.000000	0.008999
817.000000	0.013250
818.000000	0.013766
819.000000	0.008541
820.000000	0.000032
821.000000	-0.008417
822.000000	-0.014393
823.000000	-0.015941
824.000000	-0.012024
825.000000	-0.002462
826.000000	0.010405
827.000000	0.023657
828.000000	0.034579
829.000000	0.040480
830.000000	0.038566
831.000000	0.027531
832.000000	0.012120
833.000000	-0.001655
834.000000	-0.008764
835.000000	-0.006784
836.000000	-0.002721
837.000000	-0.003863
838.000000	-0.009184
839.000000	-0.015269
840.000000	-0.017457
841.000000	-0.012306
842.000000	-0.002491
843.000000	0.008128
844.000000	0.017064
845.000000	0.022289
846.000000	0.022222
847.000000	0.016198
848.000000	0.006766
849.000000	-0.002831
850.000000	-0.009774
851.000000	-0.011289
852.000000	-0.004344
853.000000	0.011913
854.000000	0.029357
855.000000	0.039183
856.000000	0.038845
857.000000	0.029466
858.000000	0.020585
859.000000	0.020449
860.000000	0.023710
861.000000	0.022715
862.000000	0.014178
863.000000	-0.001679
864.000000	-0.014975
865.000000	-0.016647
866.000000	-0.010556
867.000000	-0.003372
868.000000	-0.000070
869.000000	-0.002758
870.000000	-0.003761
871.000000	0.004058
872.000000	0.015912
873.000000	0.024227
874.000000	0.022216
875.000000	0.007521
876.000000	-0.005299
877.000000	-0.002243
878.000000	0.011541
879.000000	0.025329
880.000000	0.025257
881.000000	0.003222
882.000000	-0.022676
883.000000	-0.032606
884.000000	-0.026003
885.000000	-0.009018
886.000000	0.004606
887.000000	0.003934
888.000000	-0.003145
889.000000	-0.006244
890.000000	-0.003793
891.000000	0.002219
892.000000	0.004401
893.000000	-0.002725
894.000000	-0.011567
895.000000	-0.013174
896.000000	-0.006237
897.000000	0.006700
898.000000	0.015309
899.000000	0.010746
900.000000	-0.002102
901.000000	-0.015567
902.000000	-0.024582
903.000000	-0.025376
904.000000	-0.016765
905.000000	0.000341
906.000000	0.019230
907.000000	0.032519
908.000000	0.035951
909.000000	0.027874
910.000000	0.013940
911.000000	0.000690
912.000000	-0.009089
913.000000	-0.013786
914.000000	-0.012736
915.000000	-0.005897
916.000000	0.005226
917.000000	0.018416
918.000000	0.030156
919.000000	0.036906
920.000000	0.036325
921.000000	0.028357
922.000000	0.020886
923.000000	0.021177
924.000000	0.026071
925.000000	0.029628
926.000000	0.025209
927.000000	0.009692
928.000000	-0.005269
929.000000	-0.007556
930.000000	0.002029
931.000000	0.018557
932.000000	0.033499
933.000000	0.039940
934.000000	0.041020
935.000000	0.041147
936.000000	0.039761
937.000000	0.034653
938.000000	0.021992
939.000000	0.000418
940.000000	-0.019907
941.000000	-0.028539
942.000000	-0.025424
943.000000	-0.014806
944.000000	-0.007748
945.000000	-0.012431
946.000000	-0.018702
947.000000	-0.014781
948.000000	-0.000705
949.000000	0.017961
950.000000	0.025346
951.000000	0.009680
952.000000	-0.014113
953.000000	-0.027663
954.000000	-0.025513
955.000000	-0.008979
956.000000	0.006428
957.000000	0.006831
958.000000	-0.000927
959.000000	-0.006262
960.000000	-0.004340
961.000000	0.006395
962.000000	0.020133
963.000000	0.030312
964.000000	0.034719
965.000000	0.032563
966.000000	0.024389
967.000000	0.011752
968.000000	-0.001089
969.000000	-0.010109
970.000000	-0.014928
971.000000	-0.016095
972.000000	-0.014219
973.000000	-0.009591
974.000000	-0.001167
975.000000	0.011180
976.000000	0.022571
977.000000	0.027596
978.000000	0.023715
979.000000	0.011733
980.000000	0.002955
981.000000	0.007529
982.000000	0.020472
983.000000	0.033374
984.000000	0.039255
985.000000	0.034663
986.000000	0.028846
987.000000	0.031028
988.000000	0.037643
989.000000	0.042158
990.000000	0.038953
991.000000	0.025790
992.000000	0.013054
993.000000	0.011258
994.000000	0.018789
995.000000	0.030775
996.000000	0.041416
997.000000	0.046731
998.000000	0.050932
999.000000	0.058849
1000.000000	0.069575
1001.000000	0.080628
1002.000000	0.088964
1003.000000	0.092584
1004.000000	0.094243
1005.000000	0.096818
1006.000000	0.098910
1007.000000	0.097982
1008.000000	0.091207
1009.000000	0.077208
1010.000000	0.060696
1011.000000	0.047112
1012.000000	0.038723
1013.000000	0.036673
1014.000000	0.040781
1015.000000	0.049102
1016.000000	0.053971
1017.000000	0.048610
1018.000000	0.035519
1019.000000	0.020241
1020.000000	0.011212
1021.000000	0.014755
1022.000000	0.025856
1023.000000	0.037631
1024.000000	0.047042
1025.000000	0.052343
1026.000000	0.053106
1027.000000	0.050272
1028.000000	0.048924
1029.000000	0.053733
1030.000000	0.063565
1031.000000	0.075206
1032.000000	0.082911
1033.000000	0.082018
1034.000000	0.074713
1035.000000	0.064617
1036.000000	0.054232
1037.000000	0.045671
1038.000000	0.040619
1039.000000	0.040578
1040.000000	0.046760
1041.000000	0.059478
1042.000000	0.075733
1043.000000	0.091295
1044.000000	0.100324
1045.000000	0.098700
1046.000000	0.090804
1047.000000	0.082558
1048.000000	0.077539
1049.000000	0.078412
1050.000000	0.086537
1051.000000	0.101894
1052.000000	0.120239
1053.000000	0.136728
1054.000000	0.148327
1055.000000	0.152765
1056.000000	0.149004
1057.000000	0.137521
1058.000000	0.123620
1059.000000	0.112796
1060.000000	0.106471
1061.000000	0.104333
1062.000000	0.103193
1063.000000	0.100952
1064.000000	0.102751
1065.000000	0.113616
1066.000000	0.130879
1067.000000	0.148816
1068.000000	0.157186
1069.000000	0.148381
1070.000000	0.129839
1071.000000	0.111524
1072.000000	0.098468
1073.000000	0.093834
1074.000000	0.098251
1075.000000	0.109974
1076.000000	0.120311
1077.000000	0.121159
1078.000000	0.113727
1079.000000	0.103104
1080.000000	0.100599
1081.000000	0.113562
1082.000000	0.127284
1083.000000	0.125537
1084.000000	0.108074
1085.000000	0.080903
1086.000000	0.059063
1087.000000	0.055092
1088.000000	0.062493
1089.000000	0.071212
1090.000000	0.076010
1091.000000	0.073364
1092.000000	0.061804
1093.000000	0.042484
1094.000000	0.025013
1095.000000	0.018800
1096.000000	0.024015
1097.000000	0.037197
1098.000000	0.049614
1099.000000	0.054004
1100.000000	0.054272
1101.000000	0.055701
1102.000000	0.057939
1103.000000	0.058678
1104.000000	0.053431
1105.000000	0.039661
1106.000000	0.024803
1107.000000	0.016916
1108.000000	0.016580
1109.000000	0.021691
1110.000000	0.026882
1111.000000	0.027685
1112.000000	0.026495
1113.000000	0.026591
1114.000000	0.027925
1115.000000	0.029400
1116.000000	0.029050
1117.000000	0.025758
1118.000000	0.022661
1119.000000	0.023294
1120.000000	0.028540
1121.000000	0.038333
1122.000000	0.051466
1123.000000	0.065373
1124.000000	0.073192
1125.000000	0.069290
1126.000000	0.057255
1127.000000	0.043481
1128.000000	0.036378
1129.000000	0.040811
1130.000000	0.045457
1131.000000	0.038479
1132.000000	0.022176
1133.000000	0.002986
1134.000000	-0.010234
1135.000000	-0.011204
1136.000000	-0.006360
1137.000000	-0.003703
1138.000000	-0.004779
1139.000000	-0.009195
1140.000000	-0.015270
1141.000000	-0.020746
1142.000000	-0.022340
1143.000000	-0.017925
1144.000000	-0.011014
1145.000000	-0.006391
1146.000000	-0.008290
1147.000000	-0.018102
1148.000000	-0.026389
1149.000000	-0.024193
1150.000000	-0.015302
1151.000000	-0.006559
1152.000000	-0.004291
1153.000000	-0.012115
1154.000000	-0.023334
1155.000000	-0.030275
1156.000000	-0.031670
1157.000000	-0.028092
1158.000000	-0.021070
1159.000000	-0.012865
1160.000000	-0.007702
1161.000000	-0.008474
1162.000000	-0.010781
1163.000000	-0.009053
1164.000000	-0.000324
1165.000000	0.015544
1166.000000	0.029991
1167.000000	0.034622
1168.000000	0.030402
1169.000000	0.020746
1170.000000	0.009523
1171.000000	0.000973
1172.000000	0.000379
1173.000000	0.010382
1174.000000	0.022001
1175.000000	0.025009
1176.000000	0.015808
1177.000000	-0.004617
1178.000000	-0.023569
1179.000000	-0.029042
1180.000000	-0.023505
1181.000000	-0.012689
1182.000000	-0.000883
1183.000000	0.008489
1184.000000	0.014038
1185.000000	0.014758
1186.000000	0.009152
1187.000000	-0.003361
1188.000000	-0.019195
1189.000000	-0.032656
1190.000000	-0.033790
1191.000000	-0.016580
1192.000000	0.004978
1193.000000	0.015079
1194.000000	0.010693
1195.000000	-0.005787
1196.000000	-0.023062
1197.000000	-0.030326
1198.000000	-0.027647
1199.000000	-0.017917
1200.000000	-0.004459
1201.000000	0.009127
1202.000000	0.018553
1203.000000	0.021310
1204.000000	0.022698
1205.000000	0.028376
1206.000000	0.037639
1207.000000	0.047730
1208.000000	0.054043
1209.000000	0.053361
1210.000000	0.049873
1211.000000	0.048245
1212.000000	0.047654
1213.000000	0.045818
1214.000000	0.040127
1215.000000	0.029757
1216.000000	0.021375
1217.000000	0.021314
1218.000000	0.027098
1219.000000	0.034110
1220.000000	0.037982
1221.000000	0.036672
1222.000000	0.037192
1223.000000	0.046096
1224.000000	0.059047
1225.000000	0.069541
1226.000000	0.073302
1227.000000	0.069371
1228.000000	0.067823
1229.000000	0.077201
1230.000000	0.088870
1231.000000	0.091688
1232.000000	0.081648
1233.000000	0.060602
1234.000000	0.046689
1235.000000	0.055695
1236.000000	0.077707
1237.000000	0.098069
1238.000000	0.108851
1239.000000	0.106051
1240.000000	0.094656
1241.000000	0.081425
1242.000000	0.071222
1243.000000	0.067629
1244.000000	0.070985
1245.000000	0.079937
1246.000000	0.089602
1247.000000	0.095652
1248.000000	0.099502
1249.000000	0.103177
1250.000000	0.105408
1251.000000	0.103836
1252.000000	0.095036
1253.000000	0.077060
1254.000000	0.054940
1255.000000	0.035137
1256.000000	0.022851
1257.000000	0.022475
1258.000000	0.036423
1259.000000	0.063750
1260.000000	0.092039
1261.000000	0.108877
1262.000000	0.113344
1263.000000	0.108005
1264.000000	0.097873
1265.000000	0.087752
1266.000000	0.079147
1267.000000	0.072535
1268.000000	0.067563
1269.000000	0.063666
1270.000000	0.060251
1271.000000	0.057095
1272.000000	0.055491
1273.000000	0.056401
1274.000000	0.057940
1275.000000	0.057751
1276.000000	0.054444
1277.000000	0.047118
1278.000000	0.035874
1279.000000	0.022478
1280.000000	0.014357
1281.000000	0.018446
1282.000000	0.034036
1283.000000	0.056401
1284.000000	0.072373
1285.000000	0.071321
1286.000000	0.061197
1287.000000	0.053028
1288.000000	0.051572
1289.000000	0.059027
1290.000000	0.073631
1291.000000	0.091749
1292.000000	0.106208
1293.000000	0.110821
1294.000000	0.106894
1295.000000	0.098238
1296.000000	0.091196
1297.000000	0.090739
1298.000000	0.093820
1299.000000	0.096235
1300.000000	0.097187
1301.000000	0.096895
1302.000000	0.096248
1303.000000	0.095613
1304.000000	0.092600
1305.000000	0.086333
1306.000000	0.084741
1307.000000	0.094150
1308.000000	0.105666
1309.000000	0.110136
1310.000000	0.112590
1311.000000	0.118324
1312.000000	0.119515
1313.000000	0.109752
1314.000000	0.101390
1315.000000	0.105613
1316.000000	0.110164
1317.000000	0.101987
1318.000000	0.088270
1319.000000	0.079440
1320.000000	0.078627
1321.000000	0.086026
1322.000000	0.097377
1323.000000	0.107932
1324.000000	0.115456
1325.000000	0.118634
1326.000000	0.117329
1327.000000	0.111972
1328.000000	0.104083
1329.000000	0.096640
1330.000000	0.097374
1331.000000	0.112209
1332.000000	0.135094
1333.000000	0.157043
1334.000000	0.169304
1335.000000	0.166321
1336.000000	0.155100
1337.000000	0.144488
1338.000000	0.138127
1339.000000	0.137679
1340.000000	0.142080
1341.000000	0.148055
1342.000000	0.146208
1343.000000	0.129665
1344.000000	0.107766
1345.000000	0.092114
1346.000000	0.087158
1347.000000	0.093316
1348.000000	0.102036
1349.000000	0.104991
1350.000000	0.103733
1351.000000	0.101558
1352.000000	0.098853
1353.000000	0.095012
1354.000000	0.088358
1355.000000	0.077934
1356.000000	0.066728
1357.000000	0.058057
1358.000000	0.052623
1359.000000	0.050293
1360.000000	0.050223
1361.000000	0.051509
1362.000000	0.053727
1363.000000	0.056799
1364.000000	0.061563
1365.000000	0.068869
1366.000000	0.078693
1367.000000	0.090205
1368.000000	0.100211
1369.000000	0.105494
1370.000000	0.105118
1371.000000	0.099077
1372.000000	0.088814
1373.000000	0.076645
1374.000000	0.066938
1375.000000	0.062607
1376.000000	0.058706
1377.000000	0.050101
1378.000000	0.038758
1379.000000	0.029345
1380.000000	0.030244
1381.000000	0.046597
1382.000000	0.066883
1383.000000	0.078253
1384.000000	0.079213
1385.000000	0.071812
1386.000000	0.060911
1387.000000	0.050373
1388.000000	0.037250
1389.000000	0.019008
1390.000000	0.001580
1391.000000	-0.007874
1392.000000	-0.005750
1393.000000	0.007906
1394.000000	0.022008
1395.000000	0.026692
1396.000000	0.028034
1397.000000	0.034515
1398.000000	0.048317
1399.000000	0.068171
1400.000000	0.085320
1401.000000	0.091776
1402.000000	0.090109
1403.000000	0.084866
1404.000000	0.077934
1405.000000	0.070318
1406.000000	0.062144
1407.000000	0.053496
1408.000000	0.045154
1409.000000	0.038433
1410.000000	0.036077
1411.000000	0.040639
1412.000000	0.052463
1413.000000	0.068224
1414.000000	0.072134
1415.000000	0.052208
1416.000000	0.024145
1417.000000	0.007739
1418.000000	0.011488
1419.000000	0.035204
1420.000000	0.055241
1421.000000	0.050077
1422.000000	0.030153
1423.000000	0.011954
1424.000000	0.004180
1425.000000	0.012086
1426.000000	0.034923
1427.000000	0.067526
1428.000000	0.093062
1429.000000	0.096851
1430.000000	0.084477
1431.000000	0.067406
1432.000000	0.060361
1433.000000	0.072582
1434.000000	0.088135
1435.000000	0.090362
1436.000000	0.084901
1437.000000	0.081797
1438.000000	0.086426
1439.000000	0.098725
1440.000000	0.101526
1441.000000	0.081564
1442.000000	0.058276
1443.000000	0.054663
1444.000000	0.075271
1445.000000	0.115861
1446.000000	0.155505
1447.000000	0.174372
1448.000000	0.173710
1449.000000	0.160251
1450.000000	0.141589
1451.000000	0.125355
1452.000000	0.118462
1453.000000	0.124202
1454.000000	0.132094
1455.000000	0.131836
1456.000000	0.127618
1457.000000	0.126404
1458.000000	0.131770
1459.000000	0.143286
1460.000000	0.147877
1461.000000	0.133764
1462.000000	0.106995
1463.000000	0.077622
1464.000000	0.053896
1465.000000	0.043045
1466.000000	0.049996
1467.000000	0.074332
1468.000000	0.096542
1469.000000	0.097947
1470.000000	0.082278
1471.000000	0.060168
1472.000000	0.047459
1473.000000	0.054759
1474.000000	0.066530
1475.000000	0.065617
1476.000000	0.054534
1477.000000	0.040405
1478.000000	0.029126
1479.000000	0.023931
1480.000000	0.018647
1481.000000	0.008815
1482.000000	0.006245
1483.000000	0.022540
1484.000000	0.052202
1485.000000	0.082304
1486.000000	0.087291
1487.000000	0.050473
1488.000000	0.003231
1489.000000	-0.019435
1490.000000	-0.016126
1491.000000	0.004286
1492.000000	0.025463
1493.000000	0.033917
1494.000000	0.035038
1495.000000	0.036766
1496.000000	0.038353
1497.000000	0.037190
1498.000000	0.031915
1499.000000	0.021878
1500.000000	0.008037
1501.000000	-0.007325
1502.000000	-0.018230
1503.000000	-0.019476
1504.000000	-0.012652
1505.000000	-0.001972
1506.000000	0.004641
1507.000000	0.001134
1508.000000	-0.007357
1509.000000	-0.014297
1510.000000	-0.018755
1511.000000	-0.021328
1512.000000	-0.023129
1513.000000	-0.024984
1514.000000	-0.026067
1515.000000	-0.025196
1516.000000	-0.021436
1517.000000	-0.014427
1518.000000	-0.005868
1519.000000	0.001422
1520.000000	0.002217
1521.000000	-0.006360
1522.000000	-0.015376
1523.000000	-0.015605
1524.000000	-0.008472
1525.000000	0.001290
1526.000000	0.006360
1527.000000	0.001587
1528.000000	-0.006900
1529.000000	-0.011540
1530.000000	-0.010326
1531.000000	-0.003188
1532.000000	0.007743
1533.000000	0.018141
1534.000000	0.017111
1535.000000	-0.000890
1536.000000	-0.013436
1537.000000	-0.001153
1538.000000	0.015155
1539.000000	0.012366
1540.000000	-0.001734
1541.000000	-0.013734
1542.000000	-0.018622
1543.000000	-0.013881
1544.000000	0.001427
1545.000000	0.023698
1546.000000	0.032747
1547.000000	0.013966
1548.000000	-0.008354
1549.000000	-0.008691
1550.000000	0.004519
1551.000000	0.016474
1552.000000	0.020872
1553.000000	0.015625
1554.000000	0.006996
1555.000000	0.002316
1556.000000	0.004840
1557.000000	0.015611
1558.000000	0.030905
1559.000000	0.045785
1560.000000	0.055232
1561.000000	0.056613
1562.000000	0.056922
1563.000000	0.062788
1564.000000	0.069754
1565.000000	0.071615
1566.000000	0.066259
1567.000000	0.054170
1568.000000	0.042128
1569.000000	0.036981
1570.000000	0.039549
1571.000000	0.048777
1572.000000	0.062150
1573.000000	0.076707
1574.000000	0.089168
1575.000000	0.097296
1576.000000	0.103359
1577.000000	0.109663
1578.000000	0.114170
1579.000000	0.114275
1580.000000	0.109450
1581.000000	0.100679
1582.000000	0.092926
1583.000000	0.090706
1584.000000	0.092767
1585.000000	0.096284
1586.000000	0.097922
1587.000000	0.094431
1588.000000	0.083415
1589.000000	0.065398
1590.000000	0.051719
1591.000000	0.052292
1592.000000	0.060508
1593.000000	0.066659
1594.000000	0.065162
1595.000000	0.055149
1596.000000	0.050480
1597.000000	0.062747
1598.000000	0.079753
1599.000000	0.086657
1600.000000	0.081832
1601.000000	0.068701
1602.000000	0.057677
1603.000000	0.057659
1604.000000	0.064494
1605.000000	0.071550
1606.000000	0.075338
1607.000000	0.073838
1608.000000	0.067780
1609.000000	0.059960
1610.000000	0.058703
1611.000000	0.070420
1612.000000	0.088331
1613.000000	0.103403
1614.000000	0.110771
1615.000000	0.107554
1616.000000	0.094639
1617.000000	0.075789
1618.000000	0.062486
1619.000000	0.064068
1620.000000	0.073556
1621.000000	0.080721
1622.000000	0.078629
1623.000000	0.065115
1624.000000	0.053780
1625.000000	0.056524
1626.000000	0.062681
1627.000000	0.059383
1628.000000	0.047520
1629.000000	0.033063
1630.000000	0.028534
1631.000000	0.041908
1632.000000	0.056408
1633.000000	0.054645
1634.000000	0.041545
1635.000000	0.027174
1636.000000	0.019847
1637.000000	0.024687
1638.000000	0.035800
1639.000000	0.045731
1640.000000	0.051807
1641.000000	0.053265
1642.000000	0.052208
1643.000000	0.051712
1644.000000	0.055881
1645.000000	0.066945
1646.000000	0.078604
1647.000000	0.084471
1648.000000	0.086334
1649.000000	0.087832
1650.000000	0.091826
1651.000000	0.100286
1652.000000	0.112387
1653.000000	0.125406
1654.000000	0.131811
1655.000000	0.125555
1656.000000	0.111331
1657.000000	0.097124
1658.000000	0.093341
1659.000000	0.106663
1660.000000	0.126443
1661.000000	0.140351
1662.000000	0.146646
1663.000000	0.146643
1664.000000	0.143292
1665.000000	0.140127
1666.000000	0.141393
1667.000000	0.149437
1668.000000	0.158301
1669.000000	0.161557
1670.000000	0.159195
1671.000000	0.153161
1672.000000	0.146798
1673.000000	0.141824
1674.000000	0.132070
1675.000000	0.113144
1676.000000	0.095650
1677.000000	0.091126
1678.000000	0.099849
1679.000000	0.116356
1680.000000	0.123482
1681.000000	0.108817
1682.000000	0.090670
1683.000000	0.089035
1684.000000	0.099923
1685.000000	0.113185
1686.000000	0.118001
1687.000000	0.107459
1688.000000	0.090949
1689.000000	0.079397
1690.000000	0.073575
1691.000000	0.071570
1692.000000	0.070885
1693.000000	0.068855
1694.000000	0.062724
1695.000000	0.051412
1696.000000	0.040634
1697.000000	0.035729
1698.000000	0.033740
1699.000000	0.030892
1700.000000	0.028438
1701.000000	0.028163
1702.000000	0.028947
1703.000000	0.029338
1704.000000	0.029456
1705.000000	0.029695
1706.000000	0.029965
1707.000000	0.030144
1708.000000	0.030474
1709.000000	0.031045
1710.000000	0.030983
1711.000000	0.030047
1712.000000	0.031492
1713.000000	0.036191
1714.000000	0.032001
1715.000000	0.009887
1716.000000	-0.013726
1717.000000	-0.022289
1718.000000	-0.024223
1719.000000	-0.030594
1720.000000	-0.038087
1721.000000	-0.040988
1722.000000	-0.038367
1723.000000	-0.031076
1724.000000	-0.022308
1725.000000	-0.015282
1726.000000	-0.010964
1727.000000	-0.009133
1728.000000	-0.007062
1729.000000	-0.001391
1730.000000	0.011275
1731.000000	0.031423
1732.000000	0.047879
1733.000000	0.050227
1734.000000	0.042745
1735.000000	0.032776
1736.000000	0.025242
1737.000000	0.022746
1738.000000	0.021044
1739.000000	0.015800
1740.000000	0.009147
1741.000000	0.004330
1742.000000	0.002572
1743.000000	0.004294
1744.000000	0.008733
1745.000000	0.014257
1746.000000	0.016937
1747.000000	0.013876
1748.000000	0.008616
1749.000000	0.005300
1750.000000	0.004050
1751.000000	0.003383
1752.000000	-0.000587
1753.000000	-0.010237
1754.000000	-0.019508
1755.000000	-0.021881
1756.000000	-0.017424
1757.000000	-0.008211
1758.000000	0.002251
1759.000000	0.010168
1760.000000	0.012026
1761.000000	0.005543
1762.000000	-0.006905
1763.000000	-0.021252
1764.000000	-0.031313
1765.000000	-0.031349
1766.000000	-0.019510
1767.000000	0.001277
1768.000000	0.012885
1769.000000	0.000578
1770.000000	-0.021603
1771.000000	-0.035549
1772.000000	-0.035644
1773.000000	-0.021797
1774.000000	-0.003533
1775.000000	0.009398
1776.000000	0.015964
1777.000000	0.017275
1778.000000	0.014304
1779.000000	0.008320
1780.000000	0.001906
1781.000000	-0.001964
1782.000000	-0.000074
1783.000000	0.009196
1784.000000	0.020847
1785.000000	0.028691
1786.000000	0.028401
1787.000000	0.017269
1788.000000	-0.002806
1789.000000	-0.026114
1790.000000	-0.036296
1791.000000	-0.021668
1792.000000	0.000116
1793.000000	0.008853
1794.000000	0.003488
1795.000000	-0.010146
1796.000000	-0.017812
1797.000000	-0.008833
1798.000000	0.004818
1799.000000	0.009725
1800.000000	0.009342
1801.000000	0.009990
1802.000000	0.012595
1803.000000	0.015272
1804.000000	0.010289
1805.000000	-0.006794
1806.000000	-0.021404
1807.000000	-0.019542
1808.000000	-0.008510
1809.000000	0.000150
1810.000000	-0.000746
1811.000000	-0.013103
1812.000000	-0.022064
1813.000000	-0.015005
1814.000000	-0.005006
1815.000000	-0.006919
1816.000000	-0.016993
1817.000000	-0.026251
1818.000000	-0.023423
1819.000000	-0.002671
1820.000000	0.017815
1821.000000	0.020405
1822.000000	0.013745
1823.000000	0.010066
1824.000000	0.009675
1825.000000	0.009591
1826.000000	0.005605
1827.000000	-0.004840
1828.000000	-0.016459
1829.000000	-0.023005
1830.000000	-0.022217
1831.000000	-0.013780
1832.000000	-0.001176
1833.000000	0.010355
1834.000000	0.012342
1835.000000	-0.000240
1836.000000	-0.015397
1837.000000	-0.020539
1838.000000	-0.017714
1839.000000	-0.012482
1840.000000	-0.009816
1841.000000	-0.013112
1842.000000	-0.020037
1843.000000	-0.026067
1844.000000	-0.023644
1845.000000	-0.007921
1846.000000	0.012058
1847.000000	0.024575
1848.000000	0.021090
1849.000000	-0.000587
1850.000000	-0.020431
1851.000000	-0.019935
1852.000000	-0.008888
1853.000000	-0.001250
1854.000000	0.000635
1855.000000	-0.001601
1856.000000	-0.002029
1857.000000	0.003663
1858.000000	0.009021
1859.000000	0.007628
1860.000000	0.003975
1861.000000	0.004109
1862.000000	0.009408
1863.000000	0.019162
1864.000000	0.028988
1865.000000	0.034186
1866.000000	0.032450
1867.000000	0.023362
1868.000000	0.011664
1869.000000	0.002582
1870.000000	-0.001882
1871.000000	-0.001657
1872.000000	-0.001175
1873.000000	-0.003737
1874.000000	-0.003614
1875.000000	0.004839
1876.000000	0.017891
1877.000000	0.029688
1878.000000	0.035265
1879.000000	0.031044
1880.000000	0.018113
1881.000000	-0.000068
1882.000000	-0.015208
1883.000000	-0.019824
1884.000000	-0.014482
1885.000000	-0.002357
1886.000000	0.010985
1887.000000	0.019893
1888.000000	0.020752
1889.000000	0.012080
1890.000000	-0.001130
1891.000000	-0.012892
1892.000000	-0.019742
1893.000000	-0.019600
1894.000000	-0.013413
1895.000000	-0.004170
1896.000000	0.000000
1897.000000	-0.006522
1898.000000	-0.014173
1899.000000	-0.012635
1900.000000	-0.003751
1901.000000	0.006745
1902.000000	0.009717
1903.000000	-0.000610
1904.000000	-0.013157
1905.000000	-0.016141
1906.000000	-0.011829
1907.000000	-0.005573
1908.000000	-0.001023
1909.000000	-0.000773
1910.000000	-0.004913
1911.000000	-0.011668
1912.000000	-0.014320
1913.000000	-0.007707
1914.000000	0.002172
1915.000000	0.007956
1916.000000	0.008008
1917.000000	0.003440
1918.000000	0.000637
1919.000000	0.004182
1920.000000	0.006186
1921.000000	-0.001207
1922.000000	-0.013254
1923.000000	-0.022876
1924.000000	-0.026258
1925.000000	-0.021772
1926.000000	-0.013293
1927.000000	-0.005301
1928.000000	0.000787
1929.000000	0.004272
1930.000000	0.004245
1931.000000	0.000218
1932.000000	-0.006418
1933.000000	-0.013418
1934.000000	-0.017014
1935.000000	-0.014722
1936.000000	-0.010712
1937.000000	-0.009507
1938.000000	-0.010381
1939.000000	-0.011078
1940.000000	-0.008480
1941.000000	-0.001001
1942.000000	0.005960
1943.000000	0.007482
1944.000000	0.007531
1945.000000	0.009938
1946.000000	0.009102
1947.000000	-0.000135
1948.000000	-0.011737
1949.000000	-0.018622
1950.000000	-0.020723
1951.000000	-0.019444
1952.000000	-0.015047
1953.000000	-0.008336
1954.000000	-0.003409
1955.000000	-0.004121
1956.000000	-0.010060
1957.000000	-0.017412
1958.000000	-0.013021
1959.000000	0.011728
1960.000000	0.037958
1961.000000	0.045487
1962.000000	0.036417
1963.000000	0.019097
1964.000000	0.004596
1965.000000	0.001739
1966.000000	0.007672
1967.000000	0.016367
1968.000000	0.020790
1969.000000	0.016113
1970.000000	0.007336
1971.000000	0.001524
1972.000000	0.004174
1973.000000	0.017167
1974.000000	0.029486
1975.000000	0.030557
1976.000000	0.024464
1977.000000	0.017951
1978.000000	0.013730
1979.000000	0.012877
1980.000000	0.013954
1981.000000	0.014389
1982.000000	0.009574
1983.000000	-0.003355
1984.000000	-0.018270
1985.000000	-0.027792
1986.000000	-0.028548
1987.000000	-0.019239
1988.000000	-0.002867
1989.000000	0.015111
1990.000000	0.023726
1991.000000	0.015756
1992.000000	0.004494
1993.000000	0.004379
1994.000000	0.013932
1995.000000	0.027059
1996.000000	0.035132
1997.000000	0.031686
1998.000000	0.021440
1999.000000	0.010770
2000.000000	0.001485
2001.000000	-0.005353
2002.000000	-0.007093
2003.000000	-0.001486
2004.000000	0.010532
2005.000000	0.025508
2006.000000	0.033108
2007.000000	0.025277
2008.000000	0.009962
2009.000000	-0.002614
2010.000000	-0.009129
2011.000000	-0.008712
2012.000000	-0.003383
2013.000000	0.004381
2014.000000	0.013165
2015.000000	0.021239
2016.000000	0.024543
2017.000000	0.020191
2018.000000	0.012320
2019.000000	0.006345
2020.000000	0.005762
2021.000000	0.011425
2022.000000	0.015535
2023.000000	0.010944
2024.000000	0.001756
2025.000000	-0.006304
2026.000000	-0.012267
2027.000000	-0.016221
2028.000000	-0.017711
2029.000000	-0.015197
2030.000000	-0.003339
2031.000000	0.019631
2032.000000	0.037394
2033.000000	0.034822
2034.000000	0.019632
2035.000000	0.004436
2036.000000	-0.001420
2037.000000	0.006550
2038.000000	0.016642
2039.000000	0.017267
2040.000000	0.013469
2041.000000	0.012398
2042.000000	0.012977
2043.000000	0.012468
2044.000000	0.009706
2045.000000	0.004936
2046.000000	0.002462
2047.000000	0.005116
2048.000000	0.005789
2049.000000	-0.001974
2050.000000	-0.012075
2051.000000	-0.016639
2052.000000	-0.013225
2053.000000	-0.002718
2054.000000	0.006120
2055.000000	0.005037
2056.000000	-0.004314
2057.000000	-0.016611
2058.000000	-0.021758
2059.000000	-0.011542
2060.000000	0.009942
2061.000000	0.033388
2062.000000	0.040952
2063.000000	0.021353
2064.000000	-0.001884
2065.000000	-0.005219
2066.000000	0.000158
2067.000000	-0.001697
2068.000000	-0.011019
2069.000000	-0.021707
2070.000000	-0.018034
2071.000000	0.009431
2072.000000	0.035293
2073.000000	0.034537
2074.000000	0.018482
2075.000000	0.004269
2076.000000	-0.004008
2077.000000	-0.007165
2078.000000	-0.012609
2079.000000	-0.025356
2080.000000	-0.034254
2081.000000	-0.028667
2082.000000	-0.016192
2083.000000	-0.007087
2084.000000	-0.004020
2085.000000	-0.006802
2086.000000	-0.011403
2087.000000	-0.013553
2088.000000	-0.011876
2089.000000	-0.005863
2090.000000	0.004411
2091.000000	0.017681
2092.000000	0.028500
2093.000000	0.031472
2094.000000	0.025599
2095.000000	0.013702
2096.000000	0.009495
2097.000000	0.022769
2098.000000	0.036741
2099.000000	0.033756
2100.000000	0.019257
2101.000000	0.004134
2102.000000	-0.002034
2103.000000	0.006942
2104.000000	0.024986
2105.000000	0.042643
2106.000000	0.049192
2107.000000	0.037662
2108.000000	0.017344
2109.000000	0.000105
2110.000000	-0.008150
2111.000000	-0.005477
2112.000000	0.000185
2113.000000	0.000709
2114.000000	-0.002900
2115.000000	-0.007225
2116.000000	-0.008328
2117.000000	-0.003277
2118.000000	0.006327
2119.000000	0.017214
2120.000000	0.023973
2121.000000	0.022857
2122.000000	0.018902
2123.000000	0.017177
2124.000000	0.014083
2125.000000	0.005544
2126.000000	-0.005754
2127.000000	-0.015218
2128.000000	-0.017388
2129.000000	-0.008685
2130.000000	0.006077
2131.000000	0.021004
2132.000000	0.034267
2133.000000	0.044335
2134.000000	0.046812
2135.000000	0.037893
2136.000000	0.018994
2137.000000	-0.004924
2138.000000	-0.019935
2139.000000	-0.015771
2140.000000	-0.005749
2141.000000	-0.004429
2142.000000	-0.007762
2143.000000	-0.008082
2144.000000	-0.001875
2145.000000	0.011141
2146.000000	0.022460
2147.000000	0.023498
2148.000000	0.014150
2149.000000	-0.001846
2150.000000	-0.013857
2151.000000	-0.012267
2152.000000	0.001564
2153.000000	0.021974
2154.000000	0.037062
2155.000000	0.036690
2156.000000	0.024007
2157.000000	0.006254
2158.000000	-0.006241
2159.000000	-0.005662
2160.000000	0.002671
2161.000000	0.010182
2162.000000	0.008410
2163.000000	-0.006939
2164.000000	-0.023592
2165.000000	-0.027833
2166.000000	-0.016739
2167.000000	0.007488
2168.000000	0.032928
2169.000000	0.047158
2170.000000	0.045468
2171.000000	0.028642
2172.000000	0.011713
2173.000000	0.008149
2174.000000	0.010894
2175.000000	0.010159
2176.000000	0.005742
2177.000000	0.000227
2178.000000	-0.002237
2179.000000	0.002306
2180.000000	0.015468
2181.000000	0.035234
2182.000000	0.047426
2183.000000	0.040259
2184.000000	0.023677
2185.000000	0.010467
2186.000000	0.003046
2187.000000	0.000448
2188.000000	-0.001466
2189.000000	-0.005017
2190.000000	-0.002071
2191.000000	0.013536
2192.000000	0.029640
2193.000000	0.033454
2194.000000	0.028031
2195.000000	0.020415
2196.000000	0.017770
2197.000000	0.025321
2198.000000	0.040414
2199.000000	0.057055
2200.000000	0.063771
2201.000000	0.052344
2202.000000	0.033069
2203.000000	0.018731
2204.000000	0.013567
2205.000000	0.017641
2206.000000	0.022878
2207.000000	0.021189
2208.000000	0.012570
2209.000000	0.000449
2210.000000	-0.006097
2211.000000	-0.000142
2212.000000	0.010989
2213.000000	0.017297
2214.000000	0.012339
2215.000000	-0.004509
2216.000000	-0.014144
2217.000000	0.000255
2218.000000	0.026661
2219.000000	0.048471
2220.000000	0.059618
2221.000000	0.058196
2222.000000	0.048402
2223.000000	0.036376
2224.000000	0.029921
2225.000000	0.034712
2226.000000	0.046241
2227.000000	0.058009
2228.000000	0.065728
2229.000000	0.065798
2230.000000	0.055154
2231.000000	0.032283
2232.000000	0.001349
2233.000000	-0.028838
2234.000000	-0.036573
2235.000000	-0.008548
2236.000000	0.022052
2237.000000	0.022024
2238.000000	0.004596
2239.000000	-0.007892
2240.000000	-0.003075
2241.000000	0.021716
2242.000000	0.040334
2243.000000	0.029143
2244.000000	0.003372
2245.000000	-0.015372
2246.000000	-0.018842
2247.000000	-0.005199
2248.000000	0.015106
2249.000000	0.028976
2250.000000	0.025007
2251.000000	-0.000752
2252.000000	-0.024136
2253.000000	-0.023144
2254.000000	-0.012544
2255.000000	-0.010470
2256.000000	-0.011751
2257.000000	-0.006757
2258.000000	0.008688
2259.000000	0.033326
2260.000000	0.049628
2261.000000	0.043189
2262.000000	0.028376
2263.000000	0.022064
2264.000000	0.022402
2265.000000	0.024115
2266.000000	0.026963
2267.000000	0.032256
2268.000000	0.042484
2269.000000	0.057311
2270.000000	0.063930
2271.000000	0.052472
2272.000000	0.037295
2273.000000	0.034177
2274.000000	0.040340
2275.000000	0.048368
2276.000000	0.050839
2277.000000	0.042864
2278.000000	0.029702
2279.000000	0.017726
2280.000000	0.007629
2281.000000	0.000290
2282.000000	0.003025
2283.000000	0.021033
2284.000000	0.044605
2285.000000	0.060686
2286.000000	0.057755
2287.000000	0.031975
2288.000000	0.008705
2289.000000	0.011266
2290.000000	0.025636
2291.000000	0.032878
2292.000000	0.031745
2293.000000	0.025530
2294.000000	0.018002
2295.000000	0.011762
2296.000000	0.004277
2297.000000	-0.005457
2298.000000	-0.007192
2299.000000	0.006640
2300.000000	0.021640
2301.000000	0.022503
2302.000000	0.012274
2303.000000	-0.000843
2304.000000	-0.006362
2305.000000	0.001551
2306.000000	0.007850
2307.000000	-0.000258
2308.000000	-0.005659
2309.000000	0.008356
2310.000000	0.026977
2311.000000	0.031572
2312.000000	0.019737
2313.000000	-0.003179
2314.000000	-0.017035
2315.000000	-0.006043
2316.000000	0.013373
2317.000000	0.022371
2318.000000	0.024644
2319.000000	0.026810
2320.000000	0.024650
2321.000000	0.012988
2322.000000	-0.006353
2323.000000	-0.026591
2324.000000	-0.028100
2325.000000	0.001613
2326.000000	0.033672
2327.000000	0.039256
2328.000000	0.031141
2329.000000	0.028523
2330.000000	0.034667
2331.000000	0.046736
2332.000000	0.053402
2333.000000	0.045754
2334.000000	0.033032
2335.000000	0.026299
2336.000000	0.025745
2337.000000	0.028340
2338.000000	0.029044
2339.000000	0.023638
2340.000000	0.013199
2341.000000	0.001121
2342.000000	-0.005221
2343.000000	-0.000441
2344.000000	0.008899
2345.000000	0.015774
2346.000000	0.023247
2347.000000	0.034809
2348.000000	0.045575
2349.000000	0.049305
2350.000000	0.042704
2351.000000	0.025421
2352.000000	0.005940
2353.000000	-0.005651
2354.000000	-0.001677
2355.000000	0.019809
2356.000000	0.040264
2357.000000	0.041259
2358.000000	0.025304
2359.000000	0.001675
2360.000000	-0.014220
2361.000000	-0.011207
2362.000000	-0.001194
2363.000000	0.001702
2364.000000	-0.002398
2365.000000	-0.009007
2366.000000	-0.010396
2367.000000	-0.000278
2368.000000	0.018637
2369.000000	0.040271
2370.000000	0.054067
2371.000000	0.052477
2372.000000	0.044466
2373.000000	0.040092
2374.000000	0.037263
2375.000000	0.031922
2376.000000	0.024287
2377.000000	0.016154
2378.000000	0.011342
2379.000000	0.013659
2380.000000	0.024853
2381.000000	0.042815
2382.000000	0.052080
2383.000000	0.039652
2384.000000	0.015779
2385.000000	-0.004996
2386.000000	-0.014177
2387.000000	-0.007419
2388.000000	0.009076
2389.000000	0.025297
2390.000000	0.026559
2391.000000	0.004104
2392.000000	-0.022437
2393.000000	-0.032211
2394.000000	-0.027858
2395.000000	-0.016890
2396.000000	-0.002800
2397.000000	0.012190
2398.000000	0.026936
2399.000000	0.039062
2400.000000	0.040188
2401.000000	0.024877
2402.000000	0.005467
2403.000000	-0.004695
2404.000000	-0.005995
2405.000000	-0.002295
2406.000000	0.002379
2407.000000	0.004776
2408.000000	0.004921
2409.000000	0.004145
2410.000000	0.005735
2411.000000	0.011882
2412.000000	0.018431
2413.000000	0.020978
2414.000000	0.020464
2415.000000	0.019055
2416.000000	0.018461
2417.000000	0.019693
2418.000000	0.021435
2419.000000	0.021354
2420.000000	0.015396
2421.000000	0.001939
2422.000000	-0.009175
2423.000000	-0.008455
2424.000000	0.000714
2425.000000	0.012310
2426.000000	0.022624
2427.000000	0.029751
2428.000000	0.036698
2429.000000	0.045246
2430.000000	0.047375
2431.000000	0.035680
2432.000000	0.015020
2433.000000	-0.006458
2434.000000	-0.019705
2435.000000	-0.017931
2436.000000	-0.004276
2437.000000	0.014137
2438.000000	0.024170
2439.000000	0.017282
2440.000000	0.009326
2441.000000	0.015671
2442.000000	0.025365
2443.000000	0.025554
2444.000000	0.022112
2445.000000	0.023718
2446.000000	0.031547
2447.000000	0.041739
2448.000000	0.037786
2449.000000	0.010819
2450.000000	-0.004822
2451.000000	0.020742
2452.000000	0.056337
2453.000000	0.065420
2454.000000	0.051013
2455.000000	0.026694
2456.000000	0.008687
2457.000000	0.008272
2458.000000	0.014294
2459.000000	0.013956
2460.000000	0.010339
2461.000000	0.009477
2462.000000	0.013336
2463.000000	0.021239
2464.000000	0.025992
2465.000000	0.020963
2466.000000	0.008269
2467.000000	-0.005392
2468.000000	-0.003752
2469.000000	0.021942
2470.000000	0.040825
2471.000000	0.024951
2472.000000	-0.002329
2473.000000	-0.012409
2474.000000	-0.006952
2475.000000	0.004534
2476.000000	0.011449
2477.000000	0.007494
2478.000000	0.004684
2479.000000	0.013709
2480.000000	0.021659
2481.000000	0.015816
2482.000000	0.007819
2483.000000	0.011766
2484.000000	0.027233
2485.000000	0.048982
2486.000000	0.067052
2487.000000	0.072070
2488.000000	0.061755
2489.000000	0.040063
2490.000000	0.028824
2491.000000	0.043449
2492.000000	0.055802
2493.000000	0.037949
2494.000000	0.006298
2495.000000	-0.014744
2496.000000	-0.013123
2497.000000	0.012426
2498.000000	0.032358
2499.000000	0.021421
2500.000000	0.002331
2501.000000	0.001543
2502.000000	0.012481
2503.000000	0.022302
2504.000000	0.026108
2505.000000	0.021757
2506.000000	0.010184
2507.000000	-0.006571
2508.000000	-0.025127
2509.000000	-0.040500
2510.000000	-0.042643
2511.000000	-0.024573
2512.000000	0.003380
2513.000000	0.028397
2514.000000	0.045020
2515.000000	0.050778
2516.000000	0.047787
2517.000000	0.039483
2518.000000	0.030005
2519.000000	0.023409
2520.000000	0.022730
2521.000000	0.028459
2522.000000	0.031924
2523.000000	0.025210
2524.000000	0.012573
2525.000000	0.000823
2526.000000	-0.005199
2527.000000	-0.002545
2528.000000	0.006138
2529.000000	0.016912
2530.000000	0.026254
2531.000000	0.031392
2532.000000	0.032124
2533.000000	0.029102
2534.000000	0.023827
2535.000000	0.018394
2536.000000	0.016443
2537.000000	0.020931
2538.000000	0.030549
2539.000000	0.041212
2540.000000	0.041985
2541.000000	0.025503
2542.000000	0.005526
2543.000000	-0.002400
2544.000000	0.003298
2545.000000	0.018837
2546.000000	0.032982
2547.000000	0.035076
2548.000000	0.024225
2549.000000	0.005332
2550.000000	-0.003287
2551.000000	0.011970
2552.000000	0.032432
2553.000000	0.037398
2554.000000	0.030319
2555.000000	0.019750
2556.000000	0.010506
2557.000000	0.005475
2558.000000	0.003572
2559.000000	0.002676
2560.000000	0.000480
2561.000000	-0.003746
2562.000000	-0.004243
2563.000000	0.003032
2564.000000	0.008764
2565.000000	0.004297
2566.000000	-0.003037
2567.000000	-0.004398
2568.000000	-0.000886
2569.000000	0.002910
2570.000000	-0.001600
2571.000000	-0.017048
2572.000000	-0.018229
2573.000000	0.013460
2574.000000	0.042373
2575.000000	0.033443
2576.000000	0.008159
2577.000000	-0.003999
2578.000000	0.001864
2579.000000	0.021060
2580.000000	0.035148
2581.000000	0.028736
2582.000000	0.012372
2583.000000	-0.000104
2584.000000	-0.007623
2585.000000	-0.010700
2586.000000	-0.003412
2587.000000	0.017662
2588.000000	0.039483
2589.000000	0.047837
2590.000000	0.040253
2591.000000	0.021126
2592.000000	0.010567
2593.000000	0.022557
2594.000000	0.030832
2595.000000	0.009914
2596.000000	-0.022273
2597.000000	-0.041268
2598.000000	-0.039853
2599.000000	-0.018438
2600.000000	0.009304
2601.000000	0.027810
2602.000000	0.027224
2603.000000	0.005246
2604.000000	-0.015909
2605.000000	-0.016453
2606.000000	-0.010837
2607.000000	-0.015442
2608.000000	-0.020143
2609.000000	-0.012691
2610.000000	0.001146
2611.000000	0.011833
2612.000000	0.012793
2613.000000	0.003249
2614.000000	0.002683
2615.000000	0.025432
2616.000000	0.045009
2617.000000	0.034807
2618.000000	0.008566
2619.000000	-0.012392
2620.000000	-0.016775
2621.000000	-0.000224
2622.000000	0.023907
2623.000000	0.038645
2624.000000	0.030244
2625.000000	-0.004903
2626.000000	-0.033067
2627.000000	-0.023993
2628.000000	0.001335
2629.000000	0.016130
2630.000000	0.021625
2631.000000	0.024557
2632.000000	0.025671
2633.000000	0.024074
2634.000000	0.018326
2635.000000	0.009154
2636.000000	0.006509
2637.000000	0.017825
2638.000000	0.031248
2639.000000	0.033661
2640.000000	0.026195
2641.000000	0.014607
2642.000000	0.008903
2643.000000	0.016968
2644.000000	0.033958
2645.000000	0.050714
2646.000000	0.053554
2647.000000	0.033676
2648.000000	0.006309
2649.000000	-0.011364
2650.000000	-0.018377
2651.000000	-0.017568
2652.000000	-0.010780
2653.000000	-0.000431
2654.000000	0.007771
2655.000000	0.008730
2656.000000	0.003095
2657.000000	-0.005430
2658.000000	-0.006664
2659.000000	0.006833
2660.000000	0.025064
2661.000000	0.036305
2662.000000	0.039367
2663.000000	0.035473
2664.000000	0.024949
2665.000000	0.009169
2666.000000	-0.005417
2667.000000	-0.011863
2668.000000	-0.006311
2669.000000	0.010979
2670.000000	0.026361
2671.000000	0.027230
2672.000000	0.018540
2673.000000	0.008708
2674.000000	0.002457
2675.000000	0.002738
2676.000000	0.009124
2677.000000	0.019824
2678.000000	0.030977
2679.000000	0.038702
2680.000000	0.041117
2681.000000	0.038204
2682.000000	0.035395
2683.000000	0.036959
2684.000000	0.037044
2685.000000	0.029108
2686.000000	0.013954
2687.000000	-0.004839
2688.000000	-0.019928
2689.000000	-0.024567
2690.000000	-0.018164
2691.000000	-0.003585
2692.000000	0.008633
2693.000000	0.009564
2694.000000	0.004388
2695.000000	0.000128
2696.000000	-0.002921
2697.000000	-0.005421
2698.000000	-0.005120
2699.000000	-0.000269
2700.000000	0.005962
2701.000000	0.009200
2702.000000	0.005190
2703.000000	-0.008124
2704.000000	-0.024127
2705.000000	-0.035165
2706.000000	-0.038109
2707.000000	-0.032489
2708.000000	-0.023941
2709.000000	-0.017097
2710.000000	-0.006476
2711.000000	0.013722
2712.000000	0.040466
2713.000000	0.066937
2714.000000	0.079982
2715.000000	0.069289
2716.000000	0.042232
2717.000000	0.013078
2718.000000	0.005979
2719.000000	0.035666
2720.000000	0.069305
2721.000000	0.072586
2722.000000	0.052859
2723.000000	0.027803
2724.000000	0.014747
2725.000000	0.024088
2726.000000	0.038832
2727.000000	0.041350
2728.000000	0.038859
2729.000000	0.040892
2730.000000	0.041388
2731.000000	0.033563
2732.000000	0.023342
2733.000000	0.018788
2734.000000	0.023812
2735.000000	0.038921
2736.000000	0.055151
2737.000000	0.061706
2738.000000	0.049914
2739.000000	0.018010
2740.000000	-0.010280
2741.000000	-0.013233
2742.000000	-0.002619
2743.000000	0.004939
2744.000000	0.006894
2745.000000	0.004228
2746.000000	-0.002049
2747.000000	-0.010759
2748.000000	-0.020096
2749.000000	-0.027610
2750.000000	-0.028899
2751.000000	-0.020547
2752.000000	-0.005024
2753.000000	0.012526
2754.000000	0.022149
2755.000000	0.016080
2756.000000	0.000103
2757.000000	-0.016146
2758.000000	-0.021190
2759.000000	-0.006819
2760.000000	0.020255
2761.000000	0.047687
2762.000000	0.055520
2763.000000	0.029379
2764.000000	-0.015171
2765.000000	-0.055044
2766.000000	-0.066998
2767.000000	-0.038605
2768.000000	-0.000838
2769.000000	0.013223
2770.000000	0.005487
2771.000000	-0.011636
2772.000000	-0.018712
2773.000000	-0.002594
2774.000000	0.017685
2775.000000	0.021883
2776.000000	0.017084
2777.000000	0.013921
2778.000000	0.009882
2779.000000	0.001223
2780.000000	-0.007581
2781.000000	-0.011656
2782.000000	-0.012748
2783.000000	-0.013741
2784.000000	-0.015451
2785.000000	-0.016964
2786.000000	-0.012511
2787.000000	0.000986
2788.000000	0.010998
2789.000000	0.005660
2790.000000	-0.008630
2791.000000	-0.021652
2792.000000	-0.026166
2793.000000	-0.018383
2794.000000	-0.005337
2795.000000	0.004309
2796.000000	0.006211
2797.000000	-0.000728
2798.000000	-0.008932
2799.000000	-0.011806
2800.000000	-0.015343
2801.000000	-0.025074
2802.000000	-0.032106
2803.000000	-0.027015
2804.000000	-0.012687
2805.000000	0.004849
2806.000000	0.019300
2807.000000	0.025267
2808.000000	0.021189
2809.000000	0.007697
2810.000000	-0.009642
2811.000000	-0.023376
2812.000000	-0.023442
2813.000000	-0.005148
2814.000000	0.012094
2815.000000	0.010312
2816.000000	0.001403
2817.000000	0.000266
2818.000000	0.003946
2819.000000	0.005789
2820.000000	0.002205
2821.000000	-0.008005
2822.000000	-0.019548
2823.000000	-0.027838
2824.000000	-0.037602
2825.000000	-0.052189
2826.000000	-0.060111
2827.000000	-0.049903
2828.000000	-0.025041
2829.000000	0.006142
2830.000000	0.030811
2831.000000	0.038510
2832.000000	0.032786
2833.000000	0.021188
2834.000000	0.013265
2835.000000	0.015867
2836.000000	0.023060
2837.000000	0.027712
2838.000000	0.030685
2839.000000	0.035633
2840.000000	0.049375
2841.000000	0.074427
2842.000000	0.092924
2843.000000	0.089161
2844.000000	0.076457
2845.000000	0.072969
2846.000000	0.087173
2847.000000	0.119427
2848.000000	0.147300
2849.000000	0.151600
2850.000000	0.148884
2851.000000	0.158530
2852.000000	0.175451
2853.000000	0.190016
2854.000000	0.198881
2855.000000	0.202701
2856.000000	0.211844
2857.000000	0.234748
2858.000000	0.262428
2859.000000	0.281961
2860.000000	0.282088
2861.000000	0.259559
2862.000000	0.241491
2863.000000	0.253591
2864.000000	0.285566
2865.000000	0.319377
2866.000000	0.342001
2867.000000	0.345585
2868.000000	0.337937
2869.000000	0.331445
2870.000000	0.341146
2871.000000	0.377873
2872.000000	0.433007
2873.000000	0.491097
2874.000000	0.528822
2875.000000	0.528891
2876.000000	0.505993
2877.000000	0.480818
2878.000000	0.466069
2879.000000	0.467729
2880.000000	0.472889
2881.000000	0.469128
2882.000000	0.464858
2883.000000	0.469922
2884.000000	0.479058
2885.000000	0.483225
2886.000000	0.473379
2887.000000	0.448216
2888.000000	0.437399
2889.000000	0.464372
2890.000000	0.496740
2891.000000	0.500596
2892.000000	0.491820
2893.000000	0.492476
2894.000000	0.499577
2895.000000	0.505918
2896.000000	0.512476
2897.000000	0.522006
2898.000000	0.536188
2899.000000	0.554558
2900.000000	0.569160
2901.000000	0.572976
2902.000000	0.570248
2903.000000	0.569039
2904.000000	0.581448
2905.000000	0.613321
2906.000000	0.641470
2907.000000	0.645630
2908.000000	0.646257
2909.000000	0.667571
2910.000000	0.708110
2911.000000	0.756959
2912.000000	0.791066
2913.000000	0.792160
2914.000000	0.773240
2915.000000	0.753140
2916.000000	0.742781
2917.000000	0.748423
2918.000000	0.765611
2919.000000	0.787943
2920.000000	0.811948
2921.000000	0.835781
2922.000000	0.861160
2923.000000	0.888991
2924.000000	0.913362
2925.000000	0.927298
2926.000000	0.926384
2927.000000	0.910369
2928.000000	0.893095
2929.000000	0.890782
2930.000000	0.915071
2931.000000	0.965777
2932.000000	1.000000
2933.000000	0.979648
2934.000000	0.928593
2935.000000	0.881323
2936.000000	0.852847
2937.000000	0.849667
2938.000000	0.863753
2939.000000	0.883627
2940.000000	0.898561
2941.000000	0.897676
2942.000000	0.868729
2943.000000	0.810077
2944.000000	0.763830
2945.000000	0.765533
2946.000000	0.780709
2947.000000	0.769390
2948.000000	0.739668
2949.000000	0.709703
2950.000000	0.689861
2951.000000	0.684942
2952.000000	0.685280
2953.000000	0.678781
2954.000000	0.658119
2955.000000	0.619889
2956.000000	0.571598
2957.000000	0.527500
2958.000000	0.517911
2959.000000	0.559787
2960.000000	0.600575
2961.000000	0.591053
2962.000000	0.564843
2963.000000	0.563775
2964.000000	0.579670
2965.000000	0.593235
2966.000000	0.590715
2967.000000	0.567402
2968.000000	0.549228
2969.000000	0.558497
2970.000000	0.572344
2971.000000	0.563060
2972.000000	0.528720
2973.000000	0.479777
2974.000000	0.450405
2975.000000	0.466061
2976.000000	0.493600
2977.000000	0.496029
2978.000000	0.479566
2979.000000	0.459950
2980.000000	0.447786
2981.000000	0.447188
2982.000000	0.441423
2983.000000	0.416896
2984.000000	0.393410
2985.000000	0.388917
2986.000000	0.380585
2987.000000	0.347546
2988.000000	0.317589
2989.000000	0.318785
2990.000000	0.331672
2991.000000	0.332309
2992.000000	0.326358
2993.000000	0.322613
2994.000000	0.312795
2995.000000	0.285229
2996.000000	0.231733
2997.000000	0.155863
2998.000000	0.104637
2999.000000	0.117719
3000.000000	0.161904
3001.000000	0.192257
3002.000000	0.189797
3003.000000	0.150566
3004.000000	0.104753
3005.000000	0.082642
3006.000000	0.080762
3007.000000	0.087367
3008.000000	0.091372
3009.000000	0.085372
3010.000000	0.076012
3011.000000	0.071394
3012.000000	0.071399
3013.000000	0.072979
3014.000000	0.069599
3015.000000	0.058491
3016.000000	0.055445
3017.000000	0.072678
3018.000000	0.089558
3019.000000	0.084833
3020.000000	0.067624
3021.000000	0.052138
3022.000000	0.042547
3023.000000	0.038556
3024.000000	0.032035
3025.000000	0.016411
3026.000000	-0.000825
3027.000000	-0.008819
3028.000000	0.002667
3029.000000	0.034591
3030.000000	0.051393
3031.000000	0.024459
3032.000000	-0.010526
3033.000000	-0.014891
3034.000000	-0.002308
3035.000000	0.005517
3036.000000	0.007091
3037.000000	0.005965
3038.000000	0.005640
3039.000000	0.008131
3040.000000	0.009545
3041.000000	0.007219
3042.000000	0.009304
3043.000000	0.020802
3044.000000	0.023308
3045.000000	0.003648
3046.000000	-0.007011
3047.000000	0.018928
3048.000000	0.050453
3049.000000	0.053130
3050.000000	0.037453
3051.000000	0.022143
3052.000000	0.013888
3053.000000	0.014206
3054.000000	0.015960
3055.000000	0.013512
3056.000000	0.015857
3057.000000	0.032919
3058.000000	0.063690
3059.000000	0.100709
3060.000000	0.121649
3061.000000	0.109881
3062.000000	0.086449
3063.000000	0.076111
3064.000000	0.080795
3065.000000	0.094422
3066.000000	0.101697
3067.000000	0.089203
3068.000000	0.060243
3069.000000	0.024002
3070.000000	-0.003535
3071.000000	-0.008955
3072.000000	0.004075
3073.000000	0.025967
3074.000000	0.040543
3075.000000	0.034792
3076.000000	0.014973
3077.000000	-0.006653
3078.000000	-0.013074
3079.000000	0.007190
3080.000000	0.038751
3081.000000	0.061539
3082.000000	0.063622
3083.000000	0.040162
3084.000000	0.006554
3085.000000	-0.019180
3086.000000	-0.028755
3087.000000	-0.020826
3088.000000	-0.012061
3089.000000	-0.017566
3090.000000	-0.028190
3091.000000	-0.030413
3092.000000	-0.017511
3093.000000	0.009819
3094.000000	0.027984
3095.000000	0.016389
3096.000000	-0.010671
3097.000000	-0.032769
3098.000000	-0.039842
3099.000000	-0.027749
3100.000000	-0.005682
3101.000000	0.014650
3102.000000	0.024789
3103.000000	0.018949
3104.000000	-0.001230
3105.000000	-0.029641
3106.000000	-0.049734
3107.000000	-0.049281
3108.000000	-0.043790
3109.000000	-0.047959
3110.000000	-0.045503
3111.000000	-0.020792
3112.000000	0.008210
3113.000000	0.020143
3114.000000	0.013649
3115.000000	-0.005279
3116.000000	-0.021242
3117.000000	-0.020732
3118.000000	-0.007212
3119.000000	0.010905
3120.000000	0.022373
3121.000000	0.018871
3122.000000	0.006599
3123.000000	-0.004753
3124.000000	-0.006055
3125.000000	0.006957
3126.000000	0.019645
3127.000000	0.018889
3128.000000	0.016551
3129.000000	0.024734
3130.000000	0.031508
3131.000000	0.023592
3132.000000	0.006317
3133.000000	-0.009843
3134.000000	-0.012475
3135.000000	0.004567
3136.000000	0.020408
3137.000000	0.016076
3138.000000	0.007242
3139.000000	0.011995
3140.000000	0.023458
3141.000000	0.029007
3142.000000	0.017994
3143.000000	-0.010479
3144.000000	-0.020275
3145.000000	0.018511
3146.000000	0.073823
3147.000000	0.104691
3148.000000	0.096450
3149.000000	0.049280
3150.000000	-0.003563
3151.000000	-0.028460
3152.000000	-0.023417
3153.000000	0.002569
3154.000000	0.028156
3155.000000	0.035059
3156.000000	0.029556
3157.000000	0.020315
3158.000000	0.000996
3159.000000	-0.030514
3160.000000	-0.044405
3161.000000	-0.017248
3162.000000	0.016945
3163.000000	0.020580
3164.000000	-0.000821
3165.000000	-0.029632
3166.000000	-0.042928
3167.000000	-0.024880
3168.000000	0.006676
3169.000000	0.029232
3170.000000	0.035274
3171.000000	0.023587
3172.000000	0.003149
3173.000000	-0.015198
3174.000000	-0.023363
3175.000000	-0.018135
3176.000000	-0.013076
3177.000000	-0.019850
3178.000000	-0.025748
3179.000000	-0.016928
3180.000000	0.000611
3181.000000	0.016398
3182.000000	0.021910
3183.000000	0.013352
3184.000000	0.003908
3185.000000	0.007789
3186.000000	0.026348
3187.000000	0.053692
3188.000000	0.067789
3189.000000	0.053323
3190.000000	0.037968
3191.000000	0.046755
3192.000000	0.051153
3193.000000	0.023717
3194.000000	-0.005090
3195.000000	-0.003256
3196.000000	0.009536
3197.000000	0.009095
3198.000000	0.004903
3199.000000	0.010368
3200.000000	0.020919
3201.000000	0.027447
3202.000000	0.020658
3203.000000	-0.002798
3204.000000	-0.022295
3205.000000	-0.018259
3206.000000	0.000719
3207.000000	0.020357
3208.000000	0.031777
3209.000000	0.030428
3210.000000	0.023656
3211.000000	0.019334
3212.000000	0.015534
3213.000000	0.010064
3214.000000	0.009478
3215.000000	0.018220
3216.000000	0.023550
3217.000000	0.014721
3218.000000	0.006132
3219.000000	0.012594
3220.000000	0.025409
3221.000000	0.031324
3222.000000	0.022386
3223.000000	-0.001531
3224.000000	-0.014524
3225.000000	0.003025
3226.000000	0.019584
3227.000000	0.004343
3228.000000	-0.019469
3229.000000	-0.021727
3230.000000	0.001231
3231.000000	0.042586
3232.000000	0.080068
3233.000000	0.092754
3234.000000	0.080578
3235.000000	0.051480
3236.000000	0.024576
3237.000000	0.016360
3238.000000	0.021655
3239.000000	0.029811
3240.000000	0.029949
3241.000000	0.016891
3242.000000	0.008478
3243.000000	0.019010
3244.000000	0.025600
3245.000000	0.008428
3246.000000	-0.002861
3247.000000	0.019022
3248.000000	0.042485
3249.000000	0.033689
3250.000000	0.008676
3251.000000	-0.008835
3252.000000	-0.014300
3253.000000	-0.008563
3254.000000	0.005168
3255.000000	0.022979
3256.000000	0.040513
3257.000000	0.053532
3258.000000	0.058727
3259.000000	0.055262
3260.000000	0.051252
3261.000000	0.053386
3262.000000	0.053698
3263.000000	0.046118
3264.000000	0.046826
3265.000000	0.068439
3266.000000	0.087066
3267.000000	0.078932
3268.000000	0.057225
3269.000000	0.039435
3270.000000	0.023285
3271.000000	0.004558
3272.000000	-0.008954
3273.000000	-0.007954
3274.000000	0.010875
3275.000000	0.045892
3276.000000	0.081612
3277.000000	0.101762
3278.000000	0.100746
3279.000000	0.079176
3280.000000	0.051809
3281.000000	0.035443
3282.000000	0.040906
3283.000000	0.070024
3284.000000	0.094585
3285.000000	0.087695
3286.000000	0.057757
3287.000000	0.023354
3288.000000	0.008482
3289.000000	0.027270
3290.000000	0.048968
3291.000000	0.043990
3292.000000	0.032273
3293.000000	0.039743
3294.000000	0.066745
3295.000000	0.103626
3296.000000	0.126305
3297.000000	0.116165
3298.000000	0.090862
3299.000000	0.070301
3300.000000	0.047110
3301.000000	0.014868
3302.000000	-0.001771
3303.000000	0.015203
3304.000000	0.026154
3305.000000	-0.002516
3306.000000	-0.022609
3307.000000	0.012078
3308.000000	0.057968
3309.000000	0.065034
3310.000000	0.047215
3311.000000	0.032216
3312.000000	0.038837
3313.000000	0.075696
3314.000000	0.119585
3315.000000	0.144541
3316.000000	0.145423
3317.000000	0.125485
3318.000000	0.100754
3319.000000	0.085814
3320.000000	0.076712
3321.000000	0.068185
3322.000000	0.068263
3323.000000	0.081605
3324.000000	0.086100
3325.000000	0.063184
3326.000000	0.035261
3327.000000	0.027331
3328.000000	0.033822
3329.000000	0.041724
3330.000000	0.038842
3331.000000	0.019421
3332.000000	0.002651
3333.000000	0.009112
3334.000000	0.040003
3335.000000	0.086842
3336.000000	0.121814
3337.000000	0.119824
3338.000000	0.085999
3339.000000	0.036387
3340.000000	0.000514
3341.000000	0.001481
3342.000000	0.023216
3343.000000	0.044405
3344.000000	0.061931
3345.000000	0.074643
3346.000000	0.071061
3347.000000	0.045453
3348.000000	0.025415
3349.000000	0.036589
3350.000000	0.063479
3351.000000	0.083488
3352.000000	0.086742
3353.000000	0.071167
3354.000000	0.053155
3355.000000	0.049379
3356.000000	0.059161
3357.000000	0.075740
3358.000000	0.085381
3359.000000	0.077142
3360.000000	0.058231
3361.000000	0.040103
3362.000000	0.033060
3363.000000	0.043006
3364.000000	0.059416
3365.000000	0.068397
3366.000000	0.059023
3367.000000	0.030863
3368.000000	0.022504
3369.000000	0.061268
3370.000000	0.090404
3371.000000	0.058726
3372.000000	0.021389
3373.000000	0.037701
3374.000000	0.077253
3375.000000	0.097183
3376.000000	0.094536
3377.000000	0.077453
3378.000000	0.058545
3379.000000	0.048326
3380.000000	0.044464
3381.000000	0.043208
3382.000000	0.047993
3383.000000	0.059327
3384.000000	0.058815
3385.000000	0.034622
3386.000000	0.020040
3387.000000	0.045084
3388.000000	0.081523
3389.000000	0.094107
3390.000000	0.077755
3391.000000	0.040376
3392.000000	0.011655
3393.000000	0.015846
3394.000000	0.033696
3395.000000	0.041164
3396.000000	0.038561
3397.000000	0.033203
3398.000000	0.036061
3399.000000	0.054089
3400.000000	0.074514
3401.000000	0.082828
3402.000000	0.077303
3403.000000	0.060846
3404.000000	0.042110
3405.000000	0.029371
3406.000000	0.023651
3407.000000	0.025634
3408.000000	0.041910
3409.000000	0.071848
3410.000000	0.080039
3411.000000	0.039852
3412.000000	-0.005440
3413.000000	-0.010539
3414.000000	0.008050
3415.000000	0.023233
3416.000000	0.027362
3417.000000	0.020609
3418.000000	0.014989
3419.000000	0.020700
3420.000000	0.028836
3421.000000	0.029098
3422.000000	0.024730
3423.000000	0.021280
3424.000000	0.019969
3425.000000	0.020953
3426.000000	0.024468
3427.000000	0.030257
3428.000000	0.036022
3429.000000	0.038752
3430.000000	0.034636
3431.000000	0.024609
3432.000000	0.029380
3433.000000	0.063616
3434.000000	0.098032
3435.000000	0.102533
3436.000000	0.087751
3437.000000	0.071701
3438.000000	0.061217
3439.000000	0.056435
3440.000000	0.041875
3441.000000	0.008361
3442.000000	-0.012457
3443.000000	0.007875
3444.000000	0.044209
3445.000000	0.063710
3446.000000	0.056404
3447.000000	0.023913
3448.000000	-0.008608
3449.000000	-0.016605
3450.000000	-0.001449
3451.000000	0.027244
3452.000000	0.052812
3453.000000	0.060357
3454.000000	0.049094
3455.000000	0.023240
3456.000000	-0.007091
3457.000000	-0.029260
3458.000000	-0.026434
3459.000000	0.008837
3460.000000	0.042288
3461.000000	0.042082
3462.000000	0.027819
3463.000000	0.024117
3464.000000	0.024222
3465.000000	0.017952
3466.000000	0.012776
3467.000000	0.015302
3468.000000	0.011030
3469.000000	-0.011582
3470.000000	-0.031124
3471.000000	-0.026288
3472.000000	-0.009113
3473.000000	0.004262
3474.000000	0.014647
3475.000000	0.026032
3476.000000	0.038174
3477.000000	0.048234
3478.000000	0.047207
3479.000000	0.029675
3480.000000	0.010730
3481.000000	0.004826
3482.000000	0.003366
3483.000000	-0.002843
3484.000000	-0.002334
3485.000000	0.015391
3486.000000	0.036293
3487.000000	0.044928
3488.000000	0.044782
3489.000000	0.042188
3490.000000	0.035931
3491.000000	0.024335
3492.000000	0.011421
3493.000000	0.002336
3494.000000	0.001035
3495.000000	0.009981
3496.000000	0.026877
3497.000000	0.045007
3498.000000	0.044743
3499.000000	0.014106
3500.000000	-0.015390
3501.000000	-0.012627
3502.000000	0.008420
3503.000000	0.024353
3504.000000	0.019170
3505.000000	-0.011561
3506.000000	-0.033395
3507.000000	-0.015573
3508.000000	0.019028
3509.000000	0.040179
3510.000000	0.041876
3511.000000	0.027072
3512.000000	0.010336
3513.000000	0.005670
3514.000000	0.013200
3515.000000	0.028722
3516.000000	0.044577
3517.000000	0.052996
3518.000000	0.049232
3519.000000	0.031525
3520.000000	0.007050
3521.000000	-0.014430
3522.000000	-0.021748
3523.000000	-0.009704
3524.000000	0.001617
3525.000000	-0.005033
3526.000000	-0.010261
3527.000000	0.005549
3528.000000	0.026263
3529.000000	0.031900
3530.000000	0.022844
3531.000000	0.005429
3532.000000	-0.010563
3533.000000	-0.017361
3534.000000	-0.018673
3535.000000	-0.018929
3536.000000	-0.013952
3537.000000	-0.001471
3538.000000	0.004563
3539.000000	-0.007261
3540.000000	-0.021986
3541.000000	-0.023610
3542.000000	-0.018333
3543.000000	-0.015476
3544.000000	-0.014657
3545.000000	-0.013453
3546.000000	-0.010982
3547.000000	-0.006558
3548.000000	0.001275
3549.000000	0.011636
3550.000000	0.013531
3551.000000	-0.000723
3552.000000	-0.015440
3553.000000	-0.015395
3554.000000	-0.010573
3555.000000	-0.012458
3556.000000	-0.013327
3557.000000	-0.003955
3558.000000	0.011676
3559.000000	0.026493
3560.000000	0.034280
3561.000000	0.031521
3562.000000	0.024655
3563.000000	0.021013
3564.000000	0.021534
3565.000000	0.024551
3566.000000	0.024365
3567.000000	0.017024
3568.000000	0.009592
3569.000000	0.009625
3570.000000	0.015617
3571.000000	0.022804
3572.000000	0.022450
3573.000000	0.010281
3574.000000	0.003845
3575.000000	0.017821
3576.000000	0.033576
3577.000000	0.031863
3578.000000	0.024278
3579.000000	0.023796
3580.000000	0.018047
3581.000000	-0.003619
3582.000000	-0.019636
3583.000000	-0.009832
3584.000000	0.008178
3585.000000	0.012627
3586.000000	0.002918
3587.000000	-0.014855
3588.000000	-0.029020
3589.000000	-0.030123
3590.000000	-0.023169
3591.000000	-0.015071
3592.000000	-0.005907
3593.000000	0.005690
3594.000000	0.020051
3595.000000	0.035677
3596.000000	0.044794
3597.000000	0.040237
3598.000000	0.023542
3599.000000	-0.001580
3600.000000	-0.031418
