400.000000	-0.004811
401.000000	-0.009797
402.000000	-0.009110
403.000000	-0.004967
404.000000	0.000415
405.000000	0.004229
406.000000	0.001301
407.000000	-0.011709
408.000000	-0.028433
409.000000	-0.041178
410.000000	-0.046667
411.000000	-0.043414
412.000000	-0.032674
413.000000	-0.017166
414.000000	-0.002736
415.000000	0.004503
416.000000	0.000494
417.000000	-0.015258
418.000000	-0.031048
419.000000	-0.035006
420.000000	-0.026801
421.000000	-0.010340
422.000000	0.005071
423.000000	0.011228
424.000000	0.009737
425.000000	0.004408
426.000000	-0.001944
427.000000	-0.006816
428.000000	-0.007960
429.000000	-0.004040
430.000000	0.002872
431.000000	0.009740
432.000000	0.013076
433.000000	0.010304
434.000000	0.002951
435.000000	-0.006479
436.000000	-0.015677
437.000000	-0.022132
438.000000	-0.022340
439.000000	-0.014184
440.000000	-0.002083
441.000000	0.008283
442.000000	0.012724
443.000000	0.009217
444.000000	0.002921
445.000000	-0.000679
446.000000	-0.001992
447.000000	-0.003424
448.000000	-0.009488
449.000000	-0.022841
450.000000	-0.036597
451.000000	-0.042887
452.000000	-0.039449
453.000000	-0.027687
454.000000	-0.018062
455.000000	-0.019804
456.000000	-0.028178
457.000000	-0.035038
458.000000	-0.032568
459.000000	-0.016987
460.000000	-0.000310
461.000000	0.004446
462.000000	-0.003937
463.000000	-0.022015
464.000000	-0.039506
465.000000	-0.046866
466.000000	-0.044357
467.000000	-0.034777
468.000000	-0.021265
469.000000	-0.007891
470.000000	-0.002101
471.000000	-0.009527
472.000000	-0.025161
473.000000	-0.040892
474.000000	-0.046829
475.000000	-0.036481
476.000000	-0.018725
477.000000	-0.004414
478.000000	0.003055
479.000000	0.003585
480.000000	0.002831
481.000000	0.006499
482.000000	0.014750
483.000000	0.026223
484.000000	0.039005
485.000000	0.050246
486.000000	0.053897
487.000000	0.045015
488.000000	0.026280
489.000000	0.002942
490.000000	-0.017087
491.000000	-0.027508
492.000000	-0.031123
493.000000	-0.032345
494.000000	-0.032933
495.000000	-0.033333
496.000000	-0.031394
497.000000	-0.025161
498.000000	-0.016069
499.000000	-0.006375
500.000000	0.001769
501.000000	0.006460
502.000000	0.006689
503.000000	0.001998
504.000000	-0.006773
505.000000	-0.018283
506.000000	-0.030479
507.000000	-0.041114
508.000000	-0.047868
509.000000	-0.048824
510.000000	-0.043756
511.000000	-0.033461
512.000000	-0.021127
513.000000	-0.010365
514.000000	-0.004067
515.000000	-0.004629
516.000000	-0.013172
517.000000	-0.028176
518.000000	-0.038842
519.000000	-0.035047
520.000000	-0.018663
521.000000	0.003821
522.000000	0.019447
523.000000	0.017729
524.000000	0.004541
525.000000	-0.011000
526.000000	-0.023162
527.000000	-0.027884
528.000000	-0.024401
529.000000	-0.013705
530.000000	-0.000520
531.000000	0.009640
532.000000	0.011830
533.000000	0.003610
534.000000	-0.008004
535.000000	-0.015238
536.000000	-0.016750
537.000000	-0.013590
538.000000	-0.009942
539.000000	-0.009632
540.000000	-0.011909
541.000000	-0.015076
542.000000	-0.018211
543.000000	-0.020921
544.000000	-0.024143
545.000000	-0.028423
546.000000	-0.031405
547.000000	-0.030184
548.000000	-0.022572
549.000000	-0.008501
550.000000	0.004320
551.000000	0.008059
552.000000	0.002163
553.000000	-0.011167
554.000000	-0.025995
555.000000	-0.036722
556.000000	-0.042822
557.000000	-0.044993
558.000000	-0.043760
559.000000	-0.039658
560.000000	-0.033432
561.000000	-0.025869
562.000000	-0.017701
563.000000	-0.009647
564.000000	-0.002428
565.000000	0.003022
566.000000	0.004920
567.000000	0.001876
568.000000	-0.005082
569.000000	-0.014007
570.000000	-0.021687
571.000000	-0.025520
572.000000	-0.026599
573.000000	-0.026734
574.000000	-0.026916
575.000000	-0.027994
576.000000	-0.031080
577.000000	-0.036226
578.000000	-0.038980
579.000000	-0.035562
580.000000	-0.029389
581.000000	-0.024196
582.000000	-0.017784
583.000000	-0.008920
584.000000	-0.006179
585.000000	-0.016252
586.000000	-0.028485
587.000000	-0.031543
588.000000	-0.028720
589.000000	-0.025933
590.000000	-0.024959
591.000000	-0.026121
592.000000	-0.028053
593.000000	-0.029415
594.000000	-0.030667
595.000000	-0.032597
596.000000	-0.035515
597.000000	-0.039063
598.000000	-0.040704
599.000000	-0.038151
600.000000	-0.032308
601.000000	-0.024720
602.000000	-0.016299
603.000000	-0.008220
604.000000	-0.003336
605.000000	-0.003760
606.000000	-0.006974
607.000000	-0.009747
608.000000	-0.010613
609.000000	-0.010015
610.000000	-0.014252
611.000000	-0.027250
612.000000	-0.037581
613.000000	-0.034659
614.000000	-0.026617
615.000000	-0.023492
616.000000	-0.024212
617.000000	-0.025021
618.000000	-0.022532
619.000000	-0.015308
620.000000	-0.009343
621.000000	-0.010863
622.000000	-0.019587
623.000000	-0.032808
624.000000	-0.044638
625.000000	-0.049822
626.000000	-0.048838
627.000000	-0.043637
628.000000	-0.036334
629.000000	-0.029535
630.000000	-0.027632
631.000000	-0.033570
632.000000	-0.042712
633.000000	-0.048951
634.000000	-0.047878
635.000000	-0.038037
636.000000	-0.028091
637.000000	-0.026636
638.000000	-0.031884
639.000000	-0.038842
640.000000	-0.040068
641.000000	-0.030560
642.000000	-0.017526
643.000000	-0.009510
644.000000	-0.008196
645.000000	-0.012172
646.000000	-0.014493
647.000000	-0.009662
648.000000	-0.003494
649.000000	-0.003457
650.000000	-0.012313
651.000000	-0.028860
652.000000	-0.040754
653.000000	-0.037069
654.000000	-0.023686
655.000000	-0.010610
656.000000	-0.007533
657.000000	-0.019885
658.000000	-0.036350
659.000000	-0.044395
660.000000	-0.043362
661.000000	-0.036580
662.000000	-0.031440
663.000000	-0.034056
664.000000	-0.041352
665.000000	-0.048003
666.000000	-0.048865
667.000000	-0.041388
668.000000	-0.033222
669.000000	-0.031877
670.000000	-0.034104
671.000000	-0.035149
672.000000	-0.034985
673.000000	-0.034795
674.000000	-0.035866
675.000000	-0.038280
676.000000	-0.037200
677.000000	-0.029391
678.000000	-0.022950
679.000000	-0.025902
680.000000	-0.034657
681.000000	-0.043412
682.000000	-0.049128
683.000000	-0.049432
684.000000	-0.041864
685.000000	-0.026122
686.000000	-0.010644
687.000000	-0.004380
688.000000	-0.009603
689.000000	-0.024947
690.000000	-0.041173
691.000000	-0.049350
692.000000	-0.049669
693.000000	-0.044518
694.000000	-0.035966
695.000000	-0.025556
696.000000	-0.013052
697.000000	0.001640
698.000000	0.016260
699.000000	0.028016
700.000000	0.034340
701.000000	0.033334
702.000000	0.025569
703.000000	0.012740
704.000000	-0.001411
705.000000	-0.012306
706.000000	-0.014060
707.000000	-0.003161
708.000000	0.013095
709.000000	0.026066
710.000000	0.032515
711.000000	0.031920
712.000000	0.029195
713.000000	0.029338
714.000000	0.032233
715.000000	0.036518
716.000000	0.040966
717.000000	0.044262
718.000000	0.044602
719.000000	0.040982
720.000000	0.036084
721.000000	0.033401
722.000000	0.035981
723.000000	0.045290
724.000000	0.056904
725.000000	0.065628
726.000000	0.069077
727.000000	0.065818
728.000000	0.055431
729.000000	0.038759
730.000000	0.020680
731.000000	0.006332
732.000000	-0.002153
733.000000	-0.003994
734.000000	-0.000795
735.000000	0.005258
736.000000	0.012048
737.000000	0.017632
738.000000	0.020700
739.000000	0.020374
740.000000	0.016876
741.000000	0.010858
742.000000	0.003585
743.000000	-0.003572
744.000000	-0.009424
745.000000	-0.013014
746.000000	-0.014118
747.000000	-0.012969
748.000000	-0.010894
749.000000	-0.009521
750.000000	-0.010580
751.000000	-0.014732
752.000000	-0.018248
753.000000	-0.017492
754.000000	-0.013581
755.000000	-0.009508
756.000000	-0.011016
757.000000	-0.021832
758.000000	-0.034865
759.000000	-0.041840
760.000000	-0.040554
761.000000	-0.031979
762.000000	-0.023701
763.000000	-0.022606
764.000000	-0.026151
765.000000	-0.029812
766.000000	-0.030556
767.000000	-0.026380
768.000000	-0.017913
769.000000	-0.006873
770.000000	0.003303
771.000000	0.008997
772.000000	0.007593
773.000000	-0.001934
774.000000	-0.015238
775.000000	-0.027135
776.000000	-0.034450
777.000000	-0.034745
778.000000	-0.026521
779.000000	-0.010206
780.000000	0.007009
781.000000	0.017855
782.000000	0.021518
783.000000	0.020247
784.000000	0.022094
785.000000	0.032641
786.000000	0.041780
787.000000	0.039414
788.000000	0.031167
789.000000	0.024756
790.000000	0.020554
791.000000	0.016723
792.000000	0.009941
793.000000	-0.001600
794.000000	-0.012150
795.000000	-0.016310
796.000000	-0.017638
797.000000	-0.020595
798.000000	-0.024294
799.000000	-0.026717
800.000000	-0.026665
801.000000	-0.024006
802.000000	-0.022056
803.000000	-0.023933
804.000000	-0.028501
805.000000	-0.033435
806.000000	-0.035895
807.000000	-0.034076
808.000000	-0.030837
809.000000	-0.029497
810.000000	-0.030549
811.000000	-0.033506
812.000000	-0.036787
813.000000	-0.038762
814.000000	-0.038695
815.000000	-0.036130
816.000000	-0.030850
817.000000	-0.022734
818.000000	-0.011828
819.000000	0.001144
820.000000	0.012897
821.000000	0.019958
822.000000	0.020674
823.000000	0.014256
824.000000	0.001555
825.000000	-0.015012
826.000000	-0.028418
827.000000	-0.031566
828.000000	-0.021703
829.000000	-0.000294
830.000000	0.018679
831.000000	0.022199
832.000000	0.013623
833.000000	0.000449
834.000000	-0.009646
835.000000	-0.011090
836.000000	-0.006907
837.000000	-0.001530
838.000000	0.003566
839.000000	0.007737
840.000000	0.010699
841.000000	0.012395
842.000000	0.013322
843.000000	0.013967
844.000000	0.014229
845.000000	0.013789
846.000000	0.012056
847.000000	0.008825
848.000000	0.005704
849.000000	0.004316
850.000000	0.004540
851.000000	0.005407
852.000000	0.004292
853.000000	-0.000267
854.000000	-0.003425
855.000000	-0.000049
856.000000	0.009851
857.000000	0.023277
858.000000	0.030417
859.000000	0.022957
860.000000	0.005370
861.000000	-0.015107
862.000000	-0.032987
863.000000	-0.043966
864.000000	-0.046743
865.000000	-0.041676
866.000000	-0.032771
867.000000	-0.024613
868.000000	-0.020459
869.000000	-0.021587
870.000000	-0.022698
871.000000	-0.018538
872.000000	-0.010620
873.000000	-0.002201
874.000000	0.003241
875.000000	0.003053
876.000000	-0.001893
877.000000	-0.009681
878.000000	-0.017734
879.000000	-0.023331
880.000000	-0.023834
881.000000	-0.018528
882.000000	-0.014323
883.000000	-0.017850
884.000000	-0.027017
885.000000	-0.036655
886.000000	-0.038012
887.000000	-0.025281
888.000000	-0.008010
889.000000	0.002660
890.000000	0.004569
891.000000	-0.000754
892.000000	-0.006013
893.000000	-0.004941
894.000000	-0.001158
895.000000	0.000146
896.000000	-0.002597
897.000000	-0.009260
898.000000	-0.016553
899.000000	-0.021246
900.000000	-0.023522
901.000000	-0.024384
902.000000	-0.024703
903.000000	-0.025452
904.000000	-0.028135
905.000000	-0.033366
906.000000	-0.037672
907.000000	-0.037243
908.000000	-0.031005
909.000000	-0.020515
910.000000	-0.015124
911.000000	-0.022515
912.000000	-0.035899
913.000000	-0.045584
914.000000	-0.044729
915.000000	-0.030607
916.000000	-0.014102
917.000000	-0.006383
918.000000	-0.006142
919.000000	-0.008876
920.000000	-0.009769
921.000000	-0.005581
922.000000	0.000302
923.000000	0.003674
924.000000	0.003679
925.000000	0.000470
926.000000	-0.005108
927.000000	-0.011313
928.000000	-0.013516
929.000000	-0.008121
930.000000	0.001446
931.000000	0.009587
932.000000	0.009048
933.000000	-0.004607
934.000000	-0.022890
935.000000	-0.036145
936.000000	-0.042977
937.000000	-0.044907
938.000000	-0.046865
939.000000	-0.052539
940.000000	-0.057247
941.000000	-0.055596
942.000000	-0.047736
943.000000	-0.035962
944.000000	-0.025610
945.000000	-0.021605
946.000000	-0.024172
947.000000	-0.031888
948.000000	-0.041425
949.000000	-0.048332
950.000000	-0.045564
951.000000	-0.028882
952.000000	-0.007871
953.000000	0.006256
954.000000	0.009585
955.000000	0.001998
956.000000	-0.008725
957.000000	-0.014677
958.000000	-0.015322
959.000000	-0.012119
960.000000	-0.007128
961.000000	-0.003075
962.000000	-0.004739
963.000000	-0.015200
964.000000	-0.028686
965.000000	-0.038044
966.000000	-0.039438
967.000000	-0.031351
968.000000	-0.018232
969.000000	-0.005615
970.000000	0.002580
971.000000	0.003389
972.000000	-0.003959
973.000000	-0.018348
974.000000	-0.033324
975.000000	-0.042704
976.000000	-0.046735
977.000000	-0.047203
978.000000	-0.045630
979.000000	-0.042718
980.000000	-0.036148
981.000000	-0.024093
982.000000	-0.009706
983.000000	0.002806
984.000000	0.010005
985.000000	0.009315
986.000000	0.000853
987.000000	-0.013369
988.000000	-0.026450
989.000000	-0.030899
990.000000	-0.021755
991.000000	0.001216
992.000000	0.021861
993.000000	0.024733
994.000000	0.013609
995.000000	-0.002546
996.000000	-0.013227
997.000000	-0.010506
998.000000	0.001706
999.000000	0.017095
1000.000000	0.031566
1001.000000	0.041800
1002.000000	0.045359
1003.000000	0.042202
1004.000000	0.040981
1005.000000	0.049390
1006.000000	0.062598
1007.000000	0.072253
1008.000000	0.068453
1009.000000	0.045526
1010.000000	0.016262
1011.000000	-0.005008
1012.000000	-0.016266
1013.000000	-0.019401
1014.000000	-0.019629
1015.000000	-0.021612
1016.000000	-0.024477
1017.000000	-0.026132
1018.000000	-0.025145
1019.000000	-0.020285
1020.000000	-0.010451
1021.000000	0.003780
1022.000000	0.015259
1023.000000	0.017283
1024.000000	0.011503
1025.000000	0.002432
1026.000000	-0.002335
1027.000000	0.003034
1028.000000	0.014234
1029.000000	0.025413
1030.000000	0.034672
1031.000000	0.041466
1032.000000	0.046710
1033.000000	0.051854
1034.000000	0.059016
1035.000000	0.069983
1036.000000	0.084557
1037.000000	0.101759
1038.000000	0.119470
1039.000000	0.137388
1040.000000	0.163621
1041.000000	0.205977
1042.000000	0.262665
1043.000000	0.328276
1044.000000	0.392525
1045.000000	0.446309
1046.000000	0.490132
1047.000000	0.527352
1048.000000	0.563139
1049.000000	0.603467
1050.000000	0.655727
1051.000000	0.723445
1052.000000	0.793270
1053.000000	0.850211
1054.000000	0.889584
1055.000000	0.910822
1056.000000	0.919514
1057.000000	0.921213
1058.000000	0.915159
1059.000000	0.899563
1060.000000	0.874825
1061.000000	0.842184
1062.000000	0.804056
1063.000000	0.761733
1064.000000	0.710843
1065.000000	0.647644
1066.000000	0.576582
1067.000000	0.505469
1068.000000	0.447393
1069.000000	0.410807
1070.000000	0.380342
1071.000000	0.338770
1072.000000	0.285243
1073.000000	0.225435
1074.000000	0.174740
1075.000000	0.146708
1076.000000	0.137793
1077.000000	0.140669
1078.000000	0.149980
1079.000000	0.160928
1080.000000	0.168978
1081.000000	0.171131
1082.000000	0.170277
1083.000000	0.169814
1084.000000	0.169281
1085.000000	0.166661
1086.000000	0.157570
1087.000000	0.140142
1088.000000	0.124959
1089.000000	0.122790
1090.000000	0.132717
1091.000000	0.149260
1092.000000	0.160376
1093.000000	0.156499
1094.000000	0.144528
1095.000000	0.133777
1096.000000	0.126765
1097.000000	0.123497
1098.000000	0.120713
1099.000000	0.115811
1100.000000	0.112089
1101.000000	0.112886
1102.000000	0.115819
1103.000000	0.116471
1104.000000	0.108023
1105.000000	0.087009
1106.000000	0.065780
1107.000000	0.057341
1108.000000	0.061507
1109.000000	0.073383
1110.000000	0.082424
1111.000000	0.080143
1112.000000	0.071946
1113.000000	0.065319
1114.000000	0.062169
1115.000000	0.062567
1116.000000	0.064812
1117.000000	0.066051
1118.000000	0.060600
1119.000000	0.044378
1120.000000	0.022540
1121.000000	0.003157
1122.000000	-0.003262
1123.000000	0.009642
1124.000000	0.029209
1125.000000	0.041317
1126.000000	0.045031
1127.000000	0.043528
1128.000000	0.043262
1129.000000	0.048714
1130.000000	0.053208
1131.000000	0.049232
1132.000000	0.037086
1133.000000	0.019455
1134.000000	0.000764
1135.000000	-0.015049
1136.000000	-0.027737
1137.000000	-0.037646
1138.000000	-0.043815
1139.000000	-0.045126
1140.000000	-0.041131
1141.000000	-0.033299
1142.000000	-0.030103
1143.000000	-0.038492
1144.000000	-0.052320
1145.000000	-0.062371
1146.000000	-0.060241
1147.000000	-0.042596
1148.000000	-0.025558
1149.000000	-0.025195
1150.000000	-0.037907
1151.000000	-0.055044
1152.000000	-0.067425
1153.000000	-0.068397
1154.000000	-0.061941
1155.000000	-0.053634
1156.000000	-0.044794
1157.000000	-0.035737
1158.000000	-0.027040
1159.000000	-0.020064
1160.000000	-0.019037
1161.000000	-0.026472
1162.000000	-0.035137
1163.000000	-0.036471
1164.000000	-0.026336
1165.000000	-0.005278
1166.000000	0.011830
1167.000000	0.011245
1168.000000	-0.001931
1169.000000	-0.018457
1170.000000	-0.031366
1171.000000	-0.035946
1172.000000	-0.034224
1173.000000	-0.029658
1174.000000	-0.024701
1175.000000	-0.021397
1176.000000	-0.021170
1177.000000	-0.025187
1178.000000	-0.034210
1179.000000	-0.046986
1180.000000	-0.054614
1181.000000	-0.048376
1182.000000	-0.027943
1183.000000	0.002170
1184.000000	0.026463
1185.000000	0.031195
1186.000000	0.020640
1187.000000	0.002952
1188.000000	-0.016207
1189.000000	-0.032232
1190.000000	-0.042250
1191.000000	-0.045275
1192.000000	-0.046122
1193.000000	-0.049599
1194.000000	-0.054675
1195.000000	-0.057801
1196.000000	-0.051208
1197.000000	-0.030062
1198.000000	-0.005490
1199.000000	0.009828
1200.000000	0.012978
1201.000000	0.004732
1202.000000	-0.009148
1203.000000	-0.022283
1204.000000	-0.030808
1205.000000	-0.032450
1206.000000	-0.028803
1207.000000	-0.022788
1208.000000	-0.018781
1209.000000	-0.019111
1210.000000	-0.016470
1211.000000	-0.004021
1212.000000	0.013559
1213.000000	0.028565
1214.000000	0.032704
1215.000000	0.021276
1216.000000	0.004533
1217.000000	-0.005817
1218.000000	-0.007194
1219.000000	0.000139
1220.000000	0.013663
1221.000000	0.029300
1222.000000	0.038975
1223.000000	0.036816
1224.000000	0.029747
1225.000000	0.027059
1226.000000	0.034702
1227.000000	0.054186
1228.000000	0.072583
1229.000000	0.077225
1230.000000	0.070906
1231.000000	0.059969
1232.000000	0.049499
1233.000000	0.043200
1234.000000	0.040511
1235.000000	0.040261
1236.000000	0.043106
1237.000000	0.049720
1238.000000	0.059033
1239.000000	0.069173
1240.000000	0.076810
1241.000000	0.078486
1242.000000	0.071699
1243.000000	0.055663
1244.000000	0.035505
1245.000000	0.019305
1246.000000	0.021053
1247.000000	0.047877
1248.000000	0.073535
1249.000000	0.070842
1250.000000	0.042209
1251.000000	0.001308
1252.000000	-0.022733
1253.000000	-0.008108
1254.000000	0.022251
1255.000000	0.040408
1256.000000	0.043158
1257.000000	0.035174
1258.000000	0.027921
1259.000000	0.030501
1260.000000	0.035762
1261.000000	0.034860
1262.000000	0.028422
1263.000000	0.019655
1264.000000	0.012618
1265.000000	0.011096
1266.000000	0.016939
1267.000000	0.029624
1268.000000	0.041085
1269.000000	0.042497
1270.000000	0.029551
1271.000000	0.003148
1272.000000	-0.019495
1273.000000	-0.022059
1274.000000	-0.008149
1275.000000	0.013709
1276.000000	0.035224
1277.000000	0.048607
1278.000000	0.047840
1279.000000	0.030625
1280.000000	0.007766
1281.000000	-0.008377
1282.000000	-0.012330
1283.000000	-0.002316
1284.000000	0.015547
1285.000000	0.033227
1286.000000	0.042924
1287.000000	0.039295
1288.000000	0.026590
1289.000000	0.012955
1290.000000	0.012527
1291.000000	0.034670
1292.000000	0.063656
1293.000000	0.080857
1294.000000	0.081151
1295.000000	0.064215
1296.000000	0.035433
1297.000000	0.004332
1298.000000	-0.008687
1299.000000	0.011616
1300.000000	0.048969
1301.000000	0.079808
1302.000000	0.082918
1303.000000	0.049018
1304.000000	0.014218
1305.000000	0.014902
1306.000000	0.043143
1307.000000	0.080423
1308.000000	0.110152
1309.000000	0.119824
1310.000000	0.111329
1311.000000	0.091573
1312.000000	0.073141
1313.000000	0.067626
1314.000000	0.076972
1315.000000	0.096738
1316.000000	0.106577
1317.000000	0.090677
1318.000000	0.067260
1319.000000	0.058214
1320.000000	0.066050
1321.000000	0.084863
1322.000000	0.094463
1323.000000	0.079082
1324.000000	0.054928
1325.000000	0.041907
1326.000000	0.042741
1327.000000	0.054379
1328.000000	0.067867
1329.000000	0.075157
1330.000000	0.077728
1331.000000	0.079121
1332.000000	0.081602
1333.000000	0.086902
1334.000000	0.095881
1335.000000	0.107851
1336.000000	0.116788
1337.000000	0.117721
1338.000000	0.115216
1339.000000	0.115454
1340.000000	0.121521
1341.000000	0.133376
1342.000000	0.141548
1343.000000	0.137684
1344.000000	0.127336
1345.000000	0.118392
1346.000000	0.114195
1347.000000	0.115578
1348.000000	0.117890
1349.000000	0.116324
1350.000000	0.110936
1351.000000	0.103004
1352.000000	0.093816
1353.000000	0.084751
1354.000000	0.077526
1355.000000	0.072620
1356.000000	0.065231
1357.000000	0.051571
1358.000000	0.037204
1359.000000	0.029950
1360.000000	0.037313
1361.000000	0.062185
1362.000000	0.089321
1363.000000	0.103236
1364.000000	0.105626
1365.000000	0.102511
1366.000000	0.100044
1367.000000	0.103099
1368.000000	0.111315
1369.000000	0.122060
1370.000000	0.128855
1371.000000	0.125635
1372.000000	0.111840
1373.000000	0.090277
1374.000000	0.071716
1375.000000	0.065336
1376.000000	0.065990
1377.000000	0.066465
1378.000000	0.065620
1379.000000	0.064665
1380.000000	0.068139
1381.000000	0.078987
1382.000000	0.090449
1383.000000	0.095329
1384.000000	0.094409
1385.000000	0.090721
1386.000000	0.088338
1387.000000	0.088848
1388.000000	0.082861
1389.000000	0.062658
1390.000000	0.038180
1391.000000	0.022523
1392.000000	0.023742
1393.000000	0.044370
1394.000000	0.069894
1395.000000	0.085246
1396.000000	0.090184
1397.000000	0.088230
1398.000000	0.083127
1399.000000	0.078842
1400.000000	0.080003
1401.000000	0.088219
1402.000000	0.092364
1403.000000	0.081939
1404.000000	0.061705
1405.000000	0.041700
1406.000000	0.037826
1407.000000	0.060133
1408.000000	0.089405
1409.000000	0.104516
1410.000000	0.105970
1411.000000	0.100135
1412.000000	0.095194
1413.000000	0.096086
1414.000000	0.092943
1415.000000	0.076902
1416.000000	0.057917
1417.000000	0.048944
1418.000000	0.056114
1419.000000	0.080847
1420.000000	0.112535
1421.000000	0.138037
1422.000000	0.146094
1423.000000	0.129436
1424.000000	0.094870
1425.000000	0.055160
1426.000000	0.032817
1427.000000	0.043920
1428.000000	0.069068
1429.000000	0.085110
1430.000000	0.089356
1431.000000	0.085452
1432.000000	0.081909
1433.000000	0.085878
1434.000000	0.094207
1435.000000	0.102332
1436.000000	0.110340
1437.000000	0.119043
1438.000000	0.127485
1439.000000	0.132924
1440.000000	0.127232
1441.000000	0.105558
1442.000000	0.081546
1443.000000	0.070552
1444.000000	0.076296
1445.000000	0.096826
1446.000000	0.119141
1447.000000	0.131183
1448.000000	0.135723
1449.000000	0.138085
1450.000000	0.138984
1451.000000	0.137850
1452.000000	0.133597
1453.000000	0.126225
1454.000000	0.120602
1455.000000	0.121163
1456.000000	0.125751
1457.000000	0.130778
1458.000000	0.133531
1459.000000	0.132710
1460.000000	0.131799
1461.000000	0.133925
1462.000000	0.136018
1463.000000	0.134250
1464.000000	0.127969
1465.000000	0.118129
1466.000000	0.108939
1467.000000	0.103300
1468.000000	0.095614
1469.000000	0.080607
1470.000000	0.062795
1471.000000	0.049318
1472.000000	0.048019
1473.000000	0.061759
1474.000000	0.072777
1475.000000	0.064534
1476.000000	0.045994
1477.000000	0.031159
1478.000000	0.028686
1479.000000	0.040805
1480.000000	0.049374
1481.000000	0.038729
1482.000000	0.023484
1483.000000	0.021877
1484.000000	0.036358
1485.000000	0.062304
1486.000000	0.082578
1487.000000	0.082306
1488.000000	0.068165
1489.000000	0.050920
1490.000000	0.036138
1491.000000	0.027409
1492.000000	0.025628
1493.000000	0.028820
1494.000000	0.026223
1495.000000	0.009237
1496.000000	-0.013315
1497.000000	-0.029658
1498.000000	-0.033641
1499.000000	-0.023781
1500.000000	-0.011646
1501.000000	-0.008335
1502.000000	-0.010026
1503.000000	-0.010590
1504.000000	-0.009585
1505.000000	-0.008663
1506.000000	-0.012168
1507.000000	-0.022720
1508.000000	-0.033343
1509.000000	-0.036904
1510.000000	-0.035245
1511.000000	-0.032456
1512.000000	-0.032656
1513.000000	-0.038657
1514.000000	-0.048022
1515.000000	-0.056689
1516.000000	-0.059354
1517.000000	-0.051943
1518.000000	-0.036557
1519.000000	-0.018693
1520.000000	-0.011254
1521.000000	-0.022868
1522.000000	-0.037660
1523.000000	-0.038357
1524.000000	-0.026593
1525.000000	-0.009947
1526.000000	-0.000869
1527.000000	-0.007711
1528.000000	-0.017555
1529.000000	-0.016782
1530.000000	-0.010231
1531.000000	-0.006441
1532.000000	-0.010306
1533.000000	-0.023033
1534.000000	-0.034746
1535.000000	-0.036298
1536.000000	-0.032555
1537.000000	-0.030203
1538.000000	-0.029194
1539.000000	-0.026966
1540.000000	-0.017642
1541.000000	0.001460
1542.000000	0.016923
1543.000000	0.015707
1544.000000	0.002364
1545.000000	-0.014155
1546.000000	-0.024899
1547.000000	-0.023813
1548.000000	-0.016410
1549.000000	-0.010122
1550.000000	-0.008481
1551.000000	-0.013053
1552.000000	-0.021449
1553.000000	-0.029380
1554.000000	-0.028924
1555.000000	-0.014536
1556.000000	0.006180
1557.000000	0.023963
1558.000000	0.036086
1559.000000	0.041962
1560.000000	0.043034
1561.000000	0.040724
1562.000000	0.034341
1563.000000	0.023771
1564.000000	0.013327
1565.000000	0.008015
1566.000000	0.011198
1567.000000	0.025447
1568.000000	0.051818
1569.000000	0.086841
1570.000000	0.110450
1571.000000	0.105107
1572.000000	0.079966
1573.000000	0.052294
1574.000000	0.045110
1575.000000	0.072294
1576.000000	0.105405
1577.000000	0.114204
1578.000000	0.103587
1579.000000	0.086491
1580.000000	0.072901
1581.000000	0.068967
1582.000000	0.068473
1583.000000	0.064613
1584.000000	0.060606
1585.000000	0.061075
1586.000000	0.066239
1587.000000	0.074760
1588.000000	0.083479
1589.000000	0.088675
1590.000000	0.086188
1591.000000	0.073949
1592.000000	0.058680
1593.000000	0.048404
1594.000000	0.047564
1595.000000	0.057129
1596.000000	0.067738
1597.000000	0.070320
1598.000000	0.067273
1599.000000	0.063267
1600.000000	0.060577
1601.000000	0.060466
1602.000000	0.062553
1603.000000	0.066813
1604.000000	0.076301
1605.000000	0.092372
1606.000000	0.106511
1607.000000	0.109005
1608.000000	0.095232
1609.000000	0.065238
1610.000000	0.032637
1611.000000	0.011703
1612.000000	0.005766
1613.000000	0.014246
1614.000000	0.031861
1615.000000	0.051701
1616.000000	0.065039
1617.000000	0.065638
1618.000000	0.059039
1619.000000	0.052734
1620.000000	0.050242
1621.000000	0.053323
1622.000000	0.060669
1623.000000	0.068912
1624.000000	0.069518
1625.000000	0.056150
1626.000000	0.036418
1627.000000	0.020552
1628.000000	0.015312
1629.000000	0.025472
1630.000000	0.051320
1631.000000	0.088248
1632.000000	0.116537
1633.000000	0.118574
1634.000000	0.100273
1635.000000	0.073406
1636.000000	0.049655
1637.000000	0.037892
1638.000000	0.035848
1639.000000	0.039742
1640.000000	0.050890
1641.000000	0.070311
1642.000000	0.092744
1643.000000	0.111132
1644.000000	0.117507
1645.000000	0.107713
1646.000000	0.093744
1647.000000	0.088185
1648.000000	0.089834
1649.000000	0.094146
1650.000000	0.096982
1651.000000	0.095295
1652.000000	0.089984
1653.000000	0.083754
1654.000000	0.082575
1655.000000	0.091228
1656.000000	0.106461
1657.000000	0.122494
1658.000000	0.131454
1659.000000	0.128156
1660.000000	0.120248
1661.000000	0.116261
1662.000000	0.115419
1663.000000	0.114893
1664.000000	0.112942
1665.000000	0.108715
1666.000000	0.103833
1667.000000	0.100558
1668.000000	0.101241
1669.000000	0.107192
1670.000000	0.115470
1671.000000	0.122095
1672.000000	0.123172
1673.000000	0.116895
1674.000000	0.109720
1675.000000	0.107806
1676.000000	0.107844
1677.000000	0.105261
1678.000000	0.099885
1679.000000	0.093778
1680.000000	0.093536
1681.000000	0.103525
1682.000000	0.114648
1683.000000	0.116723
1684.000000	0.108681
1685.000000	0.092506
1686.000000	0.073289
1687.000000	0.057529
1688.000000	0.054255
1689.000000	0.068231
1690.000000	0.084648
1691.000000	0.087391
1692.000000	0.074711
1693.000000	0.050873
1694.000000	0.029852
1695.000000	0.023786
1696.000000	0.027772
1697.000000	0.033645
1698.000000	0.037244
1699.000000	0.036612
1700.000000	0.034596
1701.000000	0.034287
1702.000000	0.034950
1703.000000	0.035255
1704.000000	0.035305
1705.000000	0.035459
1706.000000	0.035659
1707.000000	0.035802
1708.000000	0.036014
1709.000000	0.036353
1710.000000	0.036368
1711.000000	0.035932
1712.000000	0.036722
1713.000000	0.039190
1714.000000	0.037077
1715.000000	0.024929
1716.000000	0.007222
1717.000000	-0.009898
1718.000000	-0.023525
1719.000000	-0.031570
1720.000000	-0.031980
1721.000000	-0.023939
1722.000000	-0.011557
1723.000000	-0.000233
1724.000000	0.004407
1725.000000	-0.001821
1726.000000	-0.017089
1727.000000	-0.037256
1728.000000	-0.054937
1729.000000	-0.062254
1730.000000	-0.052612
1731.000000	-0.024619
1732.000000	0.003602
1733.000000	0.014215
1734.000000	0.010063
1735.000000	-0.000953
1736.000000	-0.011368
1737.000000	-0.015268
1738.000000	-0.012497
1739.000000	-0.005232
1740.000000	0.000763
1741.000000	0.000186
1742.000000	-0.006839
1743.000000	-0.018287
1744.000000	-0.029955
1745.000000	-0.036847
1746.000000	-0.032979
1747.000000	-0.016013
1748.000000	0.000806
1749.000000	0.003754
1750.000000	-0.007240
1751.000000	-0.026629
1752.000000	-0.040055
1753.000000	-0.035240
1754.000000	-0.017034
1755.000000	0.005035
1756.000000	0.019868
1757.000000	0.018166
1758.000000	-0.000601
1759.000000	-0.031303
1760.000000	-0.054940
1761.000000	-0.055840
1762.000000	-0.045524
1763.000000	-0.038908
1764.000000	-0.037291
1765.000000	-0.038018
1766.000000	-0.036240
1767.000000	-0.028865
1768.000000	-0.022011
1769.000000	-0.021736
1770.000000	-0.024645
1771.000000	-0.025607
1772.000000	-0.022008
1773.000000	-0.012535
1774.000000	0.001427
1775.000000	0.016570
1776.000000	0.024586
1777.000000	0.018668
1778.000000	0.003021
1779.000000	-0.015516
1780.000000	-0.030573
1781.000000	-0.036825
1782.000000	-0.032660
1783.000000	-0.019503
1784.000000	-0.007225
1785.000000	-0.004747
1786.000000	-0.008759
1787.000000	-0.013085
1788.000000	-0.012316
1789.000000	-0.005112
1790.000000	-0.005654
1791.000000	-0.024494
1792.000000	-0.042144
1793.000000	-0.037671
1794.000000	-0.014386
1795.000000	0.016069
1796.000000	0.032984
1797.000000	0.020917
1798.000000	-0.005415
1799.000000	-0.027268
1800.000000	-0.039935
1801.000000	-0.042671
1802.000000	-0.036552
1803.000000	-0.023347
1804.000000	-0.005786
1805.000000	0.011362
1806.000000	0.016125
1807.000000	0.000079
1808.000000	-0.023789
1809.000000	-0.039074
1810.000000	-0.037089
1811.000000	-0.016647
1812.000000	0.001174
1813.000000	-0.003005
1814.000000	-0.019499
1815.000000	-0.033380
1816.000000	-0.037824
1817.000000	-0.029540
1818.000000	-0.011275
1819.000000	0.009946
1820.000000	0.016015
1821.000000	-0.005544
1822.000000	-0.033607
1823.000000	-0.044017
1824.000000	-0.034079
1825.000000	-0.009510
1826.000000	0.011804
1827.000000	0.014280
1828.000000	0.003730
1829.000000	-0.009481
1830.000000	-0.018171
1831.000000	-0.017595
1832.000000	-0.009559
1833.000000	0.000984
1834.000000	0.003052
1835.000000	-0.010638
1836.000000	-0.026533
1837.000000	-0.030225
1838.000000	-0.024719
1839.000000	-0.017034
1840.000000	-0.012826
1841.000000	-0.015508
1842.000000	-0.020867
1843.000000	-0.022777
1844.000000	-0.015074
1845.000000	0.004902
1846.000000	0.025751
1847.000000	0.033854
1848.000000	0.020768
1849.000000	-0.014033
1850.000000	-0.044569
1851.000000	-0.046635
1852.000000	-0.029623
1853.000000	-0.009314
1854.000000	0.006562
1855.000000	0.013642
1856.000000	0.012989
1857.000000	0.007424
1858.000000	0.001361
1859.000000	-0.001537
1860.000000	-0.002216
1861.000000	-0.002454
1862.000000	-0.002760
1863.000000	-0.003028
1864.000000	-0.001962
1865.000000	0.001062
1866.000000	0.002789
1867.000000	0.000628
1868.000000	-0.001468
1869.000000	0.000957
1870.000000	0.007812
1871.000000	0.016585
1872.000000	0.019611
1873.000000	0.011360
1874.000000	0.000000
1875.000000	-0.005595
1876.000000	-0.007431
1877.000000	-0.009924
1878.000000	-0.016264
1879.000000	-0.028124
1880.000000	-0.042345
1881.000000	-0.053761
1882.000000	-0.054000
1883.000000	-0.037483
1884.000000	-0.012999
1885.000000	0.007836
1886.000000	0.016460
1887.000000	0.009248
1888.000000	-0.000735
1889.000000	-0.000033
1890.000000	0.009675
1891.000000	0.022475
1892.000000	0.030641
1893.000000	0.027155
1894.000000	0.009653
1895.000000	-0.018587
1896.000000	-0.036353
1897.000000	-0.026843
1898.000000	-0.008814
1899.000000	-0.004228
1900.000000	-0.012298
1901.000000	-0.024821
1902.000000	-0.026667
1903.000000	-0.008310
1904.000000	0.010427
1905.000000	0.008674
1906.000000	-0.009279
1907.000000	-0.033030
1908.000000	-0.052884
1909.000000	-0.060441
1910.000000	-0.051756
1911.000000	-0.026845
1912.000000	0.002901
1913.000000	0.025033
1914.000000	0.034247
1915.000000	0.028744
1916.000000	0.013594
1917.000000	-0.003715
1918.000000	-0.012903
1919.000000	-0.006776
1920.000000	0.006733
1921.000000	0.017445
1922.000000	0.021331
1923.000000	0.016964
1924.000000	0.007169
1925.000000	-0.003483
1926.000000	-0.007690
1927.000000	-0.000919
1928.000000	0.007548
1929.000000	0.008515
1930.000000	0.006958
1931.000000	0.010098
1932.000000	0.019978
1933.000000	0.035207
1934.000000	0.045829
1935.000000	0.042202
1936.000000	0.024503
1937.000000	-0.002286
1938.000000	-0.023791
1939.000000	-0.026260
1940.000000	-0.007829
1941.000000	0.025416
1942.000000	0.047469
1943.000000	0.037677
1944.000000	0.016718
1945.000000	0.009068
1946.000000	0.013059
1947.000000	0.020584
1948.000000	0.023919
1949.000000	0.018560
1950.000000	0.012501
1951.000000	0.013944
1952.000000	0.019426
1953.000000	0.022872
1954.000000	0.019421
1955.000000	0.005936
1956.000000	-0.015054
1957.000000	-0.037148
1958.000000	-0.044135
1959.000000	-0.024835
1960.000000	0.001988
1961.000000	0.015067
1962.000000	0.013077
1963.000000	0.000725
1964.000000	-0.013100
1965.000000	-0.020392
1966.000000	-0.020864
1967.000000	-0.016422
1968.000000	-0.010026
1969.000000	-0.004400
1970.000000	-0.000271
1971.000000	0.002304
1972.000000	0.003952
1973.000000	0.005466
1974.000000	0.007624
1975.000000	0.009638
1976.000000	0.004478
1977.000000	-0.012660
1978.000000	-0.031439
1979.000000	-0.038965
1980.000000	-0.027254
1981.000000	0.004105
1982.000000	0.030126
1983.000000	0.028835
1984.000000	0.015691
1985.000000	0.010659
1986.000000	0.014304
1987.000000	0.021546
1988.000000	0.024125
1989.000000	0.015832
1990.000000	0.001839
1991.000000	-0.010312
1992.000000	-0.014974
1993.000000	-0.008595
1994.000000	0.005896
1995.000000	0.023427
1996.000000	0.036843
1997.000000	0.038747
1998.000000	0.022853
1999.000000	-0.010706
2000.000000	-0.037230
2001.000000	-0.033979
2002.000000	-0.010612
2003.000000	0.015225
2004.000000	0.026340
2005.000000	0.014027
2006.000000	0.003057
2007.000000	0.016676
2008.000000	0.038542
2009.000000	0.047158
2010.000000	0.039997
2011.000000	0.020651
2012.000000	-0.001789
2013.000000	-0.017903
2014.000000	-0.022461
2015.000000	-0.014076
2016.000000	-0.002551
2017.000000	0.002622
2018.000000	0.004385
2019.000000	0.008231
2020.000000	0.017412
2021.000000	0.031220
2022.000000	0.035335
2023.000000	0.018161
2024.000000	-0.007392
2025.000000	-0.025053
2026.000000	-0.029622
2027.000000	-0.020296
2028.000000	-0.002794
2029.000000	0.014641
2030.000000	0.020189
2031.000000	0.007011
2032.000000	-0.008237
2033.000000	-0.008210
2034.000000	0.003688
2035.000000	0.018844
2036.000000	0.028549
2037.000000	0.026610
2038.000000	0.016993
2039.000000	0.006476
2040.000000	0.002923
2041.000000	0.011211
2042.000000	0.023183
2043.000000	0.028731
2044.000000	0.022974
2045.000000	0.005311
2046.000000	-0.012960
2047.000000	-0.021040
2048.000000	-0.022016
2049.000000	-0.020807
2050.000000	-0.015763
2051.000000	-0.004592
2052.000000	0.010999
2053.000000	0.027271
2054.000000	0.036366
2055.000000	0.032858
2056.000000	0.025157
2057.000000	0.022322
2058.000000	0.022158
2059.000000	0.020513
2060.000000	0.016657
2061.000000	0.011590
2062.000000	0.009821
2063.000000	0.014500
2064.000000	0.019825
2065.000000	0.018689
2066.000000	0.007711
2067.000000	-0.013394
2068.000000	-0.036263
2069.000000	-0.050210
2070.000000	-0.043907
2071.000000	-0.012841
2072.000000	0.019592
2073.000000	0.030595
2074.000000	0.027665
2075.000000	0.023327
2076.000000	0.019933
2077.000000	0.016188
2078.000000	0.006380
2079.000000	-0.012157
2080.000000	-0.025492
2081.000000	-0.021493
2082.000000	-0.011808
2083.000000	-0.010671
2084.000000	-0.018873
2085.000000	-0.032481
2086.000000	-0.042120
2087.000000	-0.038382
2088.000000	-0.017188
2089.000000	0.019422
2090.000000	0.050248
2091.000000	0.055494
2092.000000	0.040136
2093.000000	0.015947
2094.000000	-0.002897
2095.000000	-0.006024
2096.000000	-0.000693
2097.000000	0.003488
2098.000000	0.005129
2099.000000	0.005354
2100.000000	0.007121
2101.000000	0.012826
2102.000000	0.020783
2103.000000	0.026801
2104.000000	0.020759
2105.000000	-0.002540
2106.000000	-0.022677
2107.000000	-0.019793
2108.000000	-0.001889
2109.000000	0.017378
2110.000000	0.029592
2111.000000	0.030525
2112.000000	0.027454
2113.000000	0.028386
2114.000000	0.032743
2115.000000	0.037945
2116.000000	0.041992
2117.000000	0.042991
2118.000000	0.038909
2119.000000	0.028199
2120.000000	0.011399
2121.000000	-0.008193
2122.000000	-0.018326
2123.000000	-0.010131
2124.000000	0.002768
2125.000000	0.005894
2126.000000	0.003836
2127.000000	0.005964
2128.000000	0.021705
2129.000000	0.052898
2130.000000	0.070965
2131.000000	0.050668
2132.000000	0.010531
2133.000000	-0.023357
2134.000000	-0.038408
2135.000000	-0.028596
2136.000000	-0.000632
2137.000000	0.033304
2138.000000	0.051907
2139.000000	0.040246
2140.000000	0.018014
2141.000000	0.007601
2142.000000	0.007569
2143.000000	0.011055
2144.000000	0.013315
2145.000000	0.012332
2146.000000	0.014875
2147.000000	0.025884
2148.000000	0.034185
2149.000000	0.030004
2150.000000	0.025276
2151.000000	0.032573
2152.000000	0.045311
2153.000000	0.050853
2154.000000	0.031509
2155.000000	-0.019093
2156.000000	-0.057011
2157.000000	-0.042051
2158.000000	0.000661
2159.000000	0.035488
2160.000000	0.050067
2161.000000	0.041197
2162.000000	0.019041
2163.000000	-0.004834
2164.000000	-0.026610
2165.000000	-0.042511
2166.000000	-0.041189
2167.000000	-0.015995
2168.000000	0.013362
2169.000000	0.024493
2170.000000	0.010660
2171.000000	-0.023565
2172.000000	-0.044018
2173.000000	-0.023356
2174.000000	0.008872
2175.000000	0.019291
2176.000000	0.016106
2177.000000	0.015333
2178.000000	0.022655
2179.000000	0.038162
2180.000000	0.049904
2181.000000	0.047063
2182.000000	0.035376
2183.000000	0.023519
2184.000000	0.015361
2185.000000	0.012409
2186.000000	0.011521
2187.000000	0.008739
2188.000000	0.001492
2189.000000	-0.009720
2190.000000	-0.013499
2191.000000	-0.001501
2192.000000	0.011492
2193.000000	0.010415
2194.000000	0.002181
2195.000000	-0.002079
2196.000000	0.003657
2197.000000	0.020220
2198.000000	0.032789
2199.000000	0.028736
2200.000000	0.019853
2201.000000	0.019097
2202.000000	0.019658
2203.000000	0.012636
2204.000000	0.000537
2205.000000	-0.010072
2206.000000	-0.007783
2207.000000	0.013216
2208.000000	0.031521
2209.000000	0.027140
2210.000000	0.012941
2211.000000	0.006043
2212.000000	0.007702
2213.000000	0.014166
2214.000000	0.017524
2215.000000	0.011060
2216.000000	-0.002998
2217.000000	-0.019329
2218.000000	-0.029172
2219.000000	-0.025805
2220.000000	-0.014088
2221.000000	-0.001329
2222.000000	0.006963
2223.000000	0.007288
2224.000000	0.002381
2225.000000	-0.003393
2226.000000	-0.005372
2227.000000	-0.000692
2228.000000	0.006020
2229.000000	0.009202
2230.000000	0.007029
2231.000000	-0.000421
2232.000000	-0.009199
2233.000000	-0.013917
2234.000000	-0.007302
2235.000000	0.013474
2236.000000	0.031576
2237.000000	0.030815
2238.000000	0.017244
2239.000000	0.001826
2240.000000	-0.007063
2241.000000	-0.004946
2242.000000	-0.000337
2243.000000	-0.001889
2244.000000	-0.005809
2245.000000	-0.007346
2246.000000	-0.010351
2247.000000	-0.018427
2248.000000	-0.025570
2249.000000	-0.023714
2250.000000	-0.006157
2251.000000	0.028166
2252.000000	0.059131
2253.000000	0.066558
2254.000000	0.051230
2255.000000	0.021355
2256.000000	-0.006131
2257.000000	-0.015751
2258.000000	-0.006580
2259.000000	0.013954
2260.000000	0.019580
2261.000000	-0.008440
2262.000000	-0.039871
2263.000000	-0.042779
2264.000000	-0.027423
2265.000000	-0.011727
2266.000000	-0.002092
2267.000000	0.000171
2268.000000	0.002592
2269.000000	0.011822
2270.000000	0.022169
2271.000000	0.026133
2272.000000	0.021326
2273.000000	0.008005
2274.000000	-0.008107
2275.000000	-0.020493
2276.000000	-0.024933
2277.000000	-0.019377
2278.000000	-0.008148
2279.000000	0.003238
2280.000000	0.010855
2281.000000	0.011952
2282.000000	0.006871
2283.000000	-0.002700
2284.000000	-0.012792
2285.000000	-0.019197
2286.000000	-0.019029
2287.000000	-0.011173
2288.000000	-0.000272
2289.000000	0.009213
2290.000000	0.019319
2291.000000	0.031485
2292.000000	0.038254
2293.000000	0.031946
2294.000000	0.012886
2295.000000	-0.014343
2296.000000	-0.036136
2297.000000	-0.040655
2298.000000	-0.032143
2299.000000	-0.019072
2300.000000	-0.010741
2301.000000	-0.013453
2302.000000	-0.020703
2303.000000	-0.023417
2304.000000	-0.015046
2305.000000	0.005146
2306.000000	0.017170
2307.000000	0.005550
2308.000000	-0.006405
2309.000000	0.005415
2310.000000	0.029529
2311.000000	0.047670
2312.000000	0.050010
2313.000000	0.032764
2314.000000	0.007879
2315.000000	-0.010364
2316.000000	-0.014068
2317.000000	0.000081
2318.000000	0.023448
2319.000000	0.045055
2320.000000	0.056495
2321.000000	0.052208
2322.000000	0.035462
2323.000000	0.013271
2324.000000	-0.001198
2325.000000	0.002711
2326.000000	0.019451
2327.000000	0.038819
2328.000000	0.048190
2329.000000	0.038089
2330.000000	0.014073
2331.000000	-0.013633
2332.000000	-0.031151
2333.000000	-0.028430
2334.000000	-0.014387
2335.000000	-0.000195
2336.000000	0.012913
2337.000000	0.024900
2338.000000	0.030556
2339.000000	0.024997
2340.000000	0.009798
2341.000000	-0.010693
2342.000000	-0.027512
2343.000000	-0.033194
2344.000000	-0.030891
2345.000000	-0.026119
2346.000000	-0.023242
2347.000000	-0.024584
2348.000000	-0.025472
2349.000000	-0.020623
2350.000000	-0.009315
2351.000000	0.005768
2352.000000	0.012874
2353.000000	0.003591
2354.000000	-0.008075
2355.000000	-0.006356
2356.000000	0.009156
2357.000000	0.033203
2358.000000	0.053225
2359.000000	0.056912
2360.000000	0.040256
2361.000000	0.006931
2362.000000	-0.016959
2363.000000	-0.009989
2364.000000	0.008108
2365.000000	0.013860
2366.000000	0.009983
2367.000000	0.005333
2368.000000	0.007148
2369.000000	0.019976
2370.000000	0.039220
2371.000000	0.056910
2372.000000	0.060723
2373.000000	0.042779
2374.000000	0.017316
2375.000000	0.000358
2376.000000	-0.007060
2377.000000	-0.007561
2378.000000	-0.003431
2379.000000	0.004354
2380.000000	0.019701
2381.000000	0.040769
2382.000000	0.037835
2383.000000	-0.009633
2384.000000	-0.057511
2385.000000	-0.059233
2386.000000	-0.023132
2387.000000	0.026826
2388.000000	0.059043
2389.000000	0.049471
2390.000000	0.011907
2391.000000	-0.029494
2392.000000	-0.046974
2393.000000	-0.024214
2394.000000	0.005754
2395.000000	0.007841
2396.000000	-0.011931
2397.000000	-0.035697
2398.000000	-0.039331
2399.000000	-0.009620
2400.000000	0.016736
2401.000000	0.005578
2402.000000	-0.017185
2403.000000	-0.020392
2404.000000	-0.011952
2405.000000	-0.006593
2406.000000	-0.007264
2407.000000	-0.012044
2408.000000	-0.011317
2409.000000	0.001808
2410.000000	0.015613
2411.000000	0.019155
2412.000000	0.023204
2413.000000	0.038093
2414.000000	0.050708
2415.000000	0.046468
2416.000000	0.028377
2417.000000	0.006024
2418.000000	-0.002245
2419.000000	0.014069
2420.000000	0.025334
2421.000000	0.004705
2422.000000	-0.023380
2423.000000	-0.029251
2424.000000	-0.013592
2425.000000	0.014426
2426.000000	0.042055
2427.000000	0.058033
2428.000000	0.060634
2429.000000	0.050931
2430.000000	0.031653
2431.000000	0.008056
2432.000000	-0.006157
2433.000000	0.000108
2434.000000	0.019065
2435.000000	0.038726
2436.000000	0.049177
2437.000000	0.044099
2438.000000	0.029482
2439.000000	0.013749
2440.000000	0.002751
2441.000000	0.001048
2442.000000	0.010607
2443.000000	0.030161
2444.000000	0.048093
2445.000000	0.052473
2446.000000	0.040457
2447.000000	0.014710
2448.000000	-0.009146
2449.000000	-0.015169
2450.000000	0.000897
2451.000000	0.035632
2452.000000	0.066580
2453.000000	0.073244
2454.000000	0.061985
2455.000000	0.045214
2456.000000	0.032697
2457.000000	0.029049
2458.000000	0.020943
2459.000000	-0.001253
2460.000000	-0.014438
2461.000000	0.002009
2462.000000	0.026072
2463.000000	0.031877
2464.000000	0.020755
2465.000000	0.001734
2466.000000	-0.012590
2467.000000	-0.012579
2468.000000	-0.004005
2469.000000	0.004076
2470.000000	0.004880
2471.000000	-0.003653
2472.000000	-0.006972
2473.000000	0.008210
2474.000000	0.033496
2475.000000	0.055264
2476.000000	0.060670
2477.000000	0.041498
2478.000000	0.007273
2479.000000	-0.026340
2480.000000	-0.036855
2481.000000	-0.011101
2482.000000	0.020005
2483.000000	0.024511
2484.000000	0.010400
2485.000000	-0.005210
2486.000000	-0.008588
2487.000000	0.006436
2488.000000	0.019190
2489.000000	0.011353
2490.000000	0.000845
2491.000000	0.006349
2492.000000	0.013366
2493.000000	0.005430
2494.000000	-0.008595
2495.000000	-0.015835
2496.000000	-0.012695
2497.000000	-0.001956
2498.000000	-0.002615
2499.000000	-0.028222
2500.000000	-0.054315
2501.000000	-0.054441
2502.000000	-0.032198
2503.000000	0.000685
2504.000000	0.030001
2505.000000	0.044202
2506.000000	0.044856
2507.000000	0.038472
2508.000000	0.038219
2509.000000	0.051242
2510.000000	0.053941
2511.000000	0.025566
2512.000000	-0.012485
2513.000000	-0.033235
2514.000000	-0.029547
2515.000000	-0.002981
2516.000000	0.029955
2517.000000	0.050510
2518.000000	0.045914
2519.000000	0.013225
2520.000000	-0.017161
2521.000000	-0.017492
2522.000000	-0.003936
2523.000000	0.001083
2524.000000	-0.005971
2525.000000	-0.022366
2526.000000	-0.039178
2527.000000	-0.047253
2528.000000	-0.042701
2529.000000	-0.025416
2530.000000	-0.005148
2531.000000	0.006897
2532.000000	0.003550
2533.000000	-0.015696
2534.000000	-0.028736
2535.000000	-0.017135
2536.000000	0.000241
2537.000000	0.002280
2538.000000	-0.003814
2539.000000	-0.006833
2540.000000	-0.007869
2541.000000	-0.009996
2542.000000	-0.011924
2543.000000	-0.011955
2544.000000	-0.011129
2545.000000	-0.011437
2546.000000	-0.015933
2547.000000	-0.024803
2548.000000	-0.025701
2549.000000	-0.008142
2550.000000	0.018377
2551.000000	0.039920
2552.000000	0.044785
2553.000000	0.026574
2554.000000	-0.002117
2555.000000	-0.026068
2556.000000	-0.038567
2557.000000	-0.036785
2558.000000	-0.024914
2559.000000	-0.008905
2560.000000	0.005291
2561.000000	0.011848
2562.000000	0.005445
2563.000000	-0.014434
2564.000000	-0.029582
2565.000000	-0.023012
2566.000000	-0.001334
2567.000000	0.022610
2568.000000	0.034659
2569.000000	0.024125
2570.000000	-0.004471
2571.000000	-0.039154
2572.000000	-0.053356
2573.000000	-0.028797
2574.000000	0.005043
2575.000000	0.016640
2576.000000	0.014052
2577.000000	0.012286
2578.000000	0.014565
2579.000000	0.019541
2580.000000	0.019380
2581.000000	0.008496
2582.000000	-0.003205
2583.000000	-0.005592
2584.000000	-0.003115
2585.000000	-0.001624
2586.000000	0.002019
2587.000000	0.011688
2588.000000	0.025220
2589.000000	0.038398
2590.000000	0.044846
2591.000000	0.038965
2592.000000	0.020440
2593.000000	-0.006461
2594.000000	-0.024423
2595.000000	-0.019893
2596.000000	-0.007405
2597.000000	-0.004327
2598.000000	-0.011271
2599.000000	-0.024003
2600.000000	-0.035657
2601.000000	-0.040185
2602.000000	-0.037449
2603.000000	-0.029228
2604.000000	-0.019054
2605.000000	-0.011479
2606.000000	-0.013379
2607.000000	-0.026845
2608.000000	-0.032508
2609.000000	-0.013277
2610.000000	0.017363
2611.000000	0.039538
2612.000000	0.038386
2613.000000	0.009035
2614.000000	-0.018454
2615.000000	-0.016259
2616.000000	-0.000453
2617.000000	0.006880
2618.000000	0.003498
2619.000000	-0.006954
2620.000000	-0.017119
2621.000000	-0.020062
2622.000000	-0.014255
2623.000000	-0.001140
2624.000000	0.011378
2625.000000	0.014404
2626.000000	0.001545
2627.000000	-0.026652
2628.000000	-0.044377
2629.000000	-0.029700
2630.000000	-0.001471
2631.000000	0.016403
2632.000000	0.020565
2633.000000	0.014630
2634.000000	0.009541
2635.000000	0.012960
2636.000000	0.012098
2637.000000	-0.003989
2638.000000	-0.018403
2639.000000	-0.014367
2640.000000	-0.003440
2641.000000	0.000240
2642.000000	0.000548
2643.000000	0.004283
2644.000000	0.011922
2645.000000	0.020443
2646.000000	0.019144
2647.000000	0.000264
2648.000000	-0.024523
2649.000000	-0.041209
2650.000000	-0.045871
2651.000000	-0.038187
2652.000000	-0.022137
2653.000000	-0.003151
2654.000000	0.011848
2655.000000	0.016919
2656.000000	0.011548
2657.000000	-0.002085
2658.000000	-0.016446
2659.000000	-0.024775
2660.000000	-0.028768
2661.000000	-0.031209
2662.000000	-0.030782
2663.000000	-0.026370
2664.000000	-0.021743
2665.000000	-0.020417
2666.000000	-0.020014
2667.000000	-0.016816
2668.000000	-0.007654
2669.000000	0.007175
2670.000000	0.014056
2671.000000	0.002474
2672.000000	-0.012377
2673.000000	-0.014797
2674.000000	-0.012776
2675.000000	-0.016336
2676.000000	-0.019945
2677.000000	-0.016292
2678.000000	-0.006497
2679.000000	0.003885
2680.000000	-0.000023
2681.000000	-0.025690
2682.000000	-0.041650
2683.000000	-0.020799
2684.000000	0.007575
2685.000000	0.010203
2686.000000	-0.005718
2687.000000	-0.024185
2688.000000	-0.034448
2689.000000	-0.029985
2690.000000	-0.015930
2691.000000	0.000111
2692.000000	0.012302
2693.000000	0.015271
2694.000000	0.003727
2695.000000	-0.022482
2696.000000	-0.043030
2697.000000	-0.039634
2698.000000	-0.022668
2699.000000	-0.007509
2700.000000	-0.000880
2701.000000	-0.004740
2702.000000	-0.010631
2703.000000	-0.011017
2704.000000	-0.012447
2705.000000	-0.021422
2706.000000	-0.030150
2707.000000	-0.030791
2708.000000	-0.029592
2709.000000	-0.033085
2710.000000	-0.034861
2711.000000	-0.027647
2712.000000	-0.013643
2713.000000	0.001131
2714.000000	0.004860
2715.000000	-0.008857
2716.000000	-0.018969
2717.000000	-0.006718
2718.000000	0.010022
2719.000000	0.011496
2720.000000	0.007065
2721.000000	0.008001
2722.000000	0.004108
2723.000000	-0.013931
2724.000000	-0.030459
2725.000000	-0.028608
2726.000000	-0.011645
2727.000000	0.009871
2728.000000	0.016363
2729.000000	-0.005294
2730.000000	-0.033385
2731.000000	-0.043813
2732.000000	-0.037797
2733.000000	-0.022805
2734.000000	-0.005977
2735.000000	0.007032
2736.000000	0.016180
2737.000000	0.022837
2738.000000	0.028405
2739.000000	0.032370
2740.000000	0.026510
2741.000000	0.007104
2742.000000	-0.003874
2743.000000	0.012041
2744.000000	0.033564
2745.000000	0.035688
2746.000000	0.018257
2747.000000	-0.010373
2748.000000	-0.032647
2749.000000	-0.034012
2750.000000	-0.021131
2751.000000	-0.004547
2752.000000	0.010883
2753.000000	0.021714
2754.000000	0.024468
2755.000000	0.017501
2756.000000	0.006546
2757.000000	-0.002002
2758.000000	-0.006466
2759.000000	-0.007404
2760.000000	-0.009596
2761.000000	-0.017730
2762.000000	-0.031915
2763.000000	-0.047597
2764.000000	-0.046162
2765.000000	-0.015400
2766.000000	0.017216
2767.000000	0.023223
2768.000000	0.009889
2769.000000	-0.007629
2770.000000	-0.018337
2771.000000	-0.015475
2772.000000	-0.005064
2773.000000	0.004263
2774.000000	0.006200
2775.000000	-0.000628
2776.000000	-0.000196
2777.000000	0.018346
2778.000000	0.027740
2779.000000	0.003930
2780.000000	-0.026231
2781.000000	-0.031922
2782.000000	-0.017362
2783.000000	0.003166
2784.000000	0.010165
2785.000000	-0.009310
2786.000000	-0.036778
2787.000000	-0.052638
2788.000000	-0.064251
2789.000000	-0.078987
2790.000000	-0.077310
2791.000000	-0.043899
2792.000000	-0.007206
2793.000000	0.002171
2794.000000	-0.011167
2795.000000	-0.033228
2796.000000	-0.047665
2797.000000	-0.043787
2798.000000	-0.035880
2799.000000	-0.038652
2800.000000	-0.043515
2801.000000	-0.040731
2802.000000	-0.039260
2803.000000	-0.047823
2804.000000	-0.055480
2805.000000	-0.050153
2806.000000	-0.034884
2807.000000	-0.017097
2808.000000	-0.006623
2809.000000	-0.010895
2810.000000	-0.025344
2811.000000	-0.041605
2812.000000	-0.048120
2813.000000	-0.037568
2814.000000	-0.022765
2815.000000	-0.017708
2816.000000	-0.020988
2817.000000	-0.028273
2818.000000	-0.038936
2819.000000	-0.052206
2820.000000	-0.063030
2821.000000	-0.065776
2822.000000	-0.056762
2823.000000	-0.035957
2824.000000	-0.015969
2825.000000	-0.009453
2826.000000	-0.016599
2827.000000	-0.032347
2828.000000	-0.043101
2829.000000	-0.038083
2830.000000	-0.026323
2831.000000	-0.019510
2832.000000	-0.020146
2833.000000	-0.026855
2834.000000	-0.031929
2835.000000	-0.028633
2836.000000	-0.020465
2837.000000	-0.011566
2838.000000	0.001571
2839.000000	0.021306
2840.000000	0.037750
2841.000000	0.042510
2842.000000	0.045418
2843.000000	0.056858
2844.000000	0.071183
2845.000000	0.080300
2846.000000	0.082351
2847.000000	0.079829
2848.000000	0.086382
2849.000000	0.111670
2850.000000	0.138232
2851.000000	0.148392
2852.000000	0.150734
2853.000000	0.158547
2854.000000	0.177671
2855.000000	0.209274
2856.000000	0.243268
2857.000000	0.268783
2858.000000	0.283068
2859.000000	0.286593
2860.000000	0.284605
2861.000000	0.281171
2862.000000	0.270863
2863.000000	0.253499
2864.000000	0.259378
2865.000000	0.309298
2866.000000	0.355574
2867.000000	0.351942
2868.000000	0.326316
2869.000000	0.316712
2870.000000	0.327370
2871.000000	0.352489
2872.000000	0.379886
2873.000000	0.401668
2874.000000	0.433496
2875.000000	0.483484
2876.000000	0.505992
2877.000000	0.465011
2878.000000	0.416800
2879.000000	0.421359
2880.000000	0.461393
2881.000000	0.504313
2882.000000	0.533652
2883.000000	0.540514
2884.000000	0.530160
2885.000000	0.511163
2886.000000	0.491192
2887.000000	0.476858
2888.000000	0.471455
2889.000000	0.475303
2890.000000	0.480144
2891.000000	0.479155
2892.000000	0.479818
2893.000000	0.489484
2894.000000	0.500672
2895.000000	0.504759
2896.000000	0.503390
2897.000000	0.501303
2898.000000	0.505340
2899.000000	0.520315
2900.000000	0.540812
2901.000000	0.558808
2902.000000	0.566070
2903.000000	0.559415
2904.000000	0.556078
2905.000000	0.571719
2906.000000	0.595277
2907.000000	0.613622
2908.000000	0.632076
2909.000000	0.658860
2910.000000	0.695341
2911.000000	0.738293
2912.000000	0.772984
2913.000000	0.784785
2914.000000	0.770976
2915.000000	0.738371
2916.000000	0.719992
2917.000000	0.742483
2918.000000	0.780752
2919.000000	0.806836
2920.000000	0.833007
2921.000000	0.873418
2922.000000	0.909496
2923.000000	0.920135
2924.000000	0.906808
2925.000000	0.880222
2926.000000	0.865434
2927.000000	0.881958
2928.000000	0.912792
2929.000000	0.935800
2930.000000	0.944817
2931.000000	0.941230
2932.000000	0.940658
2933.000000	0.956516
2934.000000	0.979161
2935.000000	0.995288
2936.000000	1.000000
2937.000000	0.992084
2938.000000	0.976665
2939.000000	0.959664
2940.000000	0.943868
2941.000000	0.930989
2942.000000	0.921586
2943.000000	0.917932
2944.000000	0.930308
2945.000000	0.959452
2946.000000	0.959927
2947.000000	0.894436
2948.000000	0.804420
2949.000000	0.740812
2950.000000	0.713789
2951.000000	0.718277
2952.000000	0.728975
2953.000000	0.722161
2954.000000	0.700673
2955.000000	0.674775
2956.000000	0.657877
2957.000000	0.658798
2958.000000	0.664859
2959.000000	0.661175
2960.000000	0.645536
2961.000000	0.622129
2962.000000	0.608045
2963.000000	0.617713
2964.000000	0.641999
2965.000000	0.665665
2966.000000	0.672624
2967.000000	0.651813
2968.000000	0.613130
2969.000000	0.571653
2970.000000	0.542238
2971.000000	0.534476
2972.000000	0.537138
2973.000000	0.535617
2974.000000	0.522620
2975.000000	0.496411
2976.000000	0.470164
2977.000000	0.456968
2978.000000	0.454650
2979.000000	0.457254
2980.000000	0.458961
2981.000000	0.455624
2982.000000	0.449639
2983.000000	0.443140
2984.000000	0.430665
2985.000000	0.408822
2986.000000	0.390084
2987.000000	0.385753
2988.000000	0.386591
2989.000000	0.382062
2990.000000	0.376992
2991.000000	0.376531
2992.000000	0.371768
2993.000000	0.352194
2994.000000	0.314983
2995.000000	0.262738
2996.000000	0.212111
2997.000000	0.180356
2998.000000	0.173100
2999.000000	0.187406
3000.000000	0.197716
3001.000000	0.184778
3002.000000	0.177190
3003.000000	0.199870
3004.000000	0.215180
3005.000000	0.185772
3006.000000	0.138027
3007.000000	0.107298
3008.000000	0.101112
3009.000000	0.114596
3010.000000	0.121099
3011.000000	0.098631
3012.000000	0.065629
3013.000000	0.045910
3014.000000	0.044387
3015.000000	0.059890
3016.000000	0.085806
3017.000000	0.111387
3018.000000	0.114778
3019.000000	0.082348
3020.000000	0.044470
3021.000000	0.033310
3022.000000	0.044217
3023.000000	0.062461
3024.000000	0.069815
3025.000000	0.054160
3026.000000	0.031294
3027.000000	0.018134
3028.000000	0.008165
3029.000000	-0.006999
3030.000000	-0.019792
3031.000000	-0.021989
3032.000000	-0.018680
3033.000000	-0.016669
3034.000000	-0.016303
3035.000000	-0.016769
3036.000000	-0.019074
3037.000000	-0.023917
3038.000000	-0.028941
3039.000000	-0.031613
3040.000000	-0.031758
3041.000000	-0.030611
3042.000000	-0.032685
3043.000000	-0.038650
3044.000000	-0.030512
3045.000000	0.003649
3046.000000	0.032791
3047.000000	0.028115
3048.000000	0.012746
3049.000000	0.014764
3050.000000	0.030144
3051.000000	0.046352
3052.000000	0.048916
3053.000000	0.028403
3054.000000	-0.002521
3055.000000	-0.026312
3056.000000	-0.028020
3057.000000	0.000096
3058.000000	0.039518
3059.000000	0.068824
3060.000000	0.081224
3061.000000	0.078034
3062.000000	0.078369
3063.000000	0.096274
3064.000000	0.107720
3065.000000	0.089478
3066.000000	0.059604
3067.000000	0.041100
3068.000000	0.035459
3069.000000	0.037444
3070.000000	0.036390
3071.000000	0.026547
3072.000000	0.027252
3073.000000	0.053076
3074.000000	0.074448
3075.000000	0.061402
3076.000000	0.026542
3077.000000	-0.008721
3078.000000	-0.030328
3079.000000	-0.029965
3080.000000	-0.014956
3081.000000	0.004113
3082.000000	0.019255
3083.000000	0.024772
3084.000000	0.021513
3085.000000	0.012272
3086.000000	0.001075
3087.000000	-0.008292
3088.000000	-0.014230
3089.000000	-0.016944
3090.000000	-0.021681
3091.000000	-0.030112
3092.000000	-0.024578
3093.000000	0.004991
3094.000000	0.018962
3095.000000	-0.016012
3096.000000	-0.058431
3097.000000	-0.061642
3098.000000	-0.033221
3099.000000	0.004752
3100.000000	0.026419
3101.000000	0.014513
3102.000000	-0.010092
3103.000000	-0.022434
3104.000000	-0.019343
3105.000000	-0.006814
3106.000000	-0.005724
3107.000000	-0.030414
3108.000000	-0.054207
3109.000000	-0.050353
3110.000000	-0.032838
3111.000000	-0.022805
3112.000000	-0.029284
3113.000000	-0.052152
3114.000000	-0.066775
3115.000000	-0.050872
3116.000000	-0.016081
3117.000000	0.016825
3118.000000	0.024444
3119.000000	-0.005600
3120.000000	-0.038943
3121.000000	-0.040082
3122.000000	-0.015705
3123.000000	0.015845
3124.000000	0.031807
3125.000000	0.016375
3126.000000	-0.014007
3127.000000	-0.037820
3128.000000	-0.045484
3129.000000	-0.035477
3130.000000	-0.026576
3131.000000	-0.035194
3132.000000	-0.047991
3133.000000	-0.046872
3134.000000	-0.024491
3135.000000	0.016179
3136.000000	0.041620
3137.000000	0.026031
3138.000000	0.005009
3139.000000	0.013986
3140.000000	0.026326
3141.000000	0.010327
3142.000000	-0.023920
3143.000000	-0.056282
3144.000000	-0.068257
3145.000000	-0.048630
3146.000000	-0.013709
3147.000000	0.016553
3148.000000	0.035145
3149.000000	0.040127
3150.000000	0.036885
3151.000000	0.031209
3152.000000	0.023164
3153.000000	0.014099
3154.000000	0.016231
3155.000000	0.035324
3156.000000	0.040465
3157.000000	0.005076
3158.000000	-0.043413
3159.000000	-0.070938
3160.000000	-0.070897
3161.000000	-0.047362
3162.000000	-0.019634
3163.000000	-0.006663
3164.000000	-0.010758
3165.000000	-0.026649
3166.000000	-0.035389
3167.000000	-0.020602
3168.000000	0.010128
3169.000000	0.041233
3170.000000	0.049174
3171.000000	0.021776
3172.000000	0.000281
3173.000000	0.020733
3174.000000	0.044976
3175.000000	0.031465
3176.000000	-0.000693
3177.000000	-0.023875
3178.000000	-0.037047
3179.000000	-0.043859
3180.000000	-0.040122
3181.000000	-0.023316
3182.000000	-0.005456
3183.000000	0.000767
3184.000000	-0.005520
3185.000000	-0.019520
3186.000000	-0.025583
3187.000000	-0.012966
3188.000000	-0.001411
3189.000000	-0.008488
3190.000000	-0.012608
3191.000000	0.007387
3192.000000	0.031764
3193.000000	0.038152
3194.000000	0.034522
3195.000000	0.033663
3196.000000	0.037281
3197.000000	0.042995
3198.000000	0.043158
3199.000000	0.030724
3200.000000	0.006318
3201.000000	-0.023831
3202.000000	-0.038745
3203.000000	-0.023550
3204.000000	-0.002539
3205.000000	-0.000007
3206.000000	-0.001103
3207.000000	0.011044
3208.000000	0.022235
3209.000000	0.018226
3210.000000	0.015659
3211.000000	0.029879
3212.000000	0.040166
3213.000000	0.025017
3214.000000	-0.004144
3215.000000	-0.028479
3216.000000	-0.032420
3217.000000	-0.008366
3218.000000	0.022683
3219.000000	0.037743
3220.000000	0.034500
3221.000000	0.018863
3222.000000	0.008960
3223.000000	0.015848
3224.000000	0.010089
3225.000000	-0.029550
3226.000000	-0.050993
3227.000000	-0.010589
3228.000000	0.028310
3229.000000	0.004314
3230.000000	-0.029116
3231.000000	-0.012791
3232.000000	0.020533
3233.000000	0.028342
3234.000000	0.021018
3235.000000	0.018541
3236.000000	0.026369
3237.000000	0.042499
3238.000000	0.049591
3239.000000	0.033876
3240.000000	0.011210
3241.000000	-0.000373
3242.000000	-0.003739
3243.000000	-0.004117
3244.000000	0.004703
3245.000000	0.026062
3246.000000	0.040378
3247.000000	0.030587
3248.000000	0.012606
3249.000000	0.005758
3250.000000	0.010002
3251.000000	0.020185
3252.000000	0.030085
3253.000000	0.035584
3254.000000	0.042060
3255.000000	0.054734
3256.000000	0.068700
3257.000000	0.077047
3258.000000	0.074974
3259.000000	0.061757
3260.000000	0.050871
3261.000000	0.053796
3262.000000	0.059847
3263.000000	0.058257
3264.000000	0.060101
3265.000000	0.074820
3266.000000	0.083468
3267.000000	0.069374
3268.000000	0.053358
3269.000000	0.056158
3270.000000	0.060691
3271.000000	0.048099
3272.000000	0.030251
3273.000000	0.022782
3274.000000	0.025656
3275.000000	0.034311
3276.000000	0.041761
3277.000000	0.044402
3278.000000	0.054581
3279.000000	0.081193
3280.000000	0.103376
3281.000000	0.100633
3282.000000	0.083687
3283.000000	0.069903
3284.000000	0.071998
3285.000000	0.094460
3286.000000	0.113519
3287.000000	0.106977
3288.000000	0.087192
3289.000000	0.072413
3290.000000	0.069887
3291.000000	0.081518
3292.000000	0.098850
3293.000000	0.111753
3294.000000	0.113779
3295.000000	0.101970
3296.000000	0.083649
3297.000000	0.067943
3298.000000	0.060897
3299.000000	0.064735
3300.000000	0.069466
3301.000000	0.065962
3302.000000	0.060772
3303.000000	0.063295
3304.000000	0.078649
3305.000000	0.105447
3306.000000	0.120568
3307.000000	0.104644
3308.000000	0.075053
3309.000000	0.054649
3310.000000	0.051456
3311.000000	0.066161
3312.000000	0.084941
3313.000000	0.093405
3314.000000	0.089400
3315.000000	0.075532
3316.000000	0.061210
3317.000000	0.055123
3318.000000	0.056270
3319.000000	0.061250
3320.000000	0.066749
3321.000000	0.071087
3322.000000	0.079034
3323.000000	0.092689
3324.000000	0.097012
3325.000000	0.081014
3326.000000	0.067062
3327.000000	0.076629
3328.000000	0.094265
3329.000000	0.100164
3330.000000	0.094022
3331.000000	0.081428
3332.000000	0.072039
3333.000000	0.073615
3334.000000	0.082258
3335.000000	0.091368
3336.000000	0.095202
3337.000000	0.090227
3338.000000	0.080884
3339.000000	0.072537
3340.000000	0.066266
3341.000000	0.061113
3342.000000	0.052247
3343.000000	0.037371
3344.000000	0.028193
3345.000000	0.037124
3346.000000	0.065388
3347.000000	0.106822
3348.000000	0.136918
3349.000000	0.135214
3350.000000	0.115782
3351.000000	0.097516
3352.000000	0.084062
3353.000000	0.073840
3354.000000	0.059609
3355.000000	0.037787
3356.000000	0.025072
3357.000000	0.037284
3358.000000	0.066434
3359.000000	0.096959
3360.000000	0.106800
3361.000000	0.082077
3362.000000	0.048129
3363.000000	0.031396
3364.000000	0.023498
3365.000000	0.014554
3366.000000	0.023500
3367.000000	0.062332
3368.000000	0.086469
3369.000000	0.058218
3370.000000	0.024028
3371.000000	0.032675
3372.000000	0.058108
3373.000000	0.066550
3374.000000	0.068145
3375.000000	0.076879
3376.000000	0.078181
3377.000000	0.058369
3378.000000	0.035863
3379.000000	0.029925
3380.000000	0.031080
3381.000000	0.027061
3382.000000	0.023162
3383.000000	0.028310
3384.000000	0.048390
3385.000000	0.081206
3386.000000	0.095263
3387.000000	0.066244
3388.000000	0.027833
3389.000000	0.017072
3390.000000	0.026428
3391.000000	0.039922
3392.000000	0.052351
3393.000000	0.059993
3394.000000	0.054261
3395.000000	0.030957
3396.000000	0.008311
3397.000000	0.004147
3398.000000	0.012235
3399.000000	0.022274
3400.000000	0.031747
3401.000000	0.039965
3402.000000	0.045785
3403.000000	0.047464
3404.000000	0.041330
3405.000000	0.026831
3406.000000	0.017831
3407.000000	0.026561
3408.000000	0.044307
3409.000000	0.057884
3410.000000	0.057173
3411.000000	0.039352
3412.000000	0.027732
3413.000000	0.041206
3414.000000	0.054858
3415.000000	0.042276
3416.000000	0.014869
3417.000000	-0.009188
3418.000000	-0.022463
3419.000000	-0.021312
3420.000000	-0.006492
3421.000000	0.017945
3422.000000	0.039172
3423.000000	0.045548
3424.000000	0.038950
3425.000000	0.025499
3426.000000	0.014756
3427.000000	0.013398
3428.000000	0.013110
3429.000000	0.005069
3430.000000	-0.006594
3431.000000	-0.013232
3432.000000	-0.001084
3433.000000	0.034425
3434.000000	0.056004
3435.000000	0.032375
3436.000000	-0.001830
3437.000000	-0.008944
3438.000000	-0.005068
3439.000000	-0.011798
3440.000000	-0.018953
3441.000000	-0.012914
3442.000000	0.001916
3443.000000	0.017133
3444.000000	0.026348
3445.000000	0.026050
3446.000000	0.022239
3447.000000	0.021539
3448.000000	0.023567
3449.000000	0.026660
3450.000000	0.031038
3451.000000	0.037375
3452.000000	0.046264
3453.000000	0.056050
3454.000000	0.056151
3455.000000	0.037831
3456.000000	0.008661
3457.000000	-0.018172
3458.000000	-0.023318
3459.000000	0.003172
3460.000000	0.027471
3461.000000	0.020182
3462.000000	0.013414
3463.000000	0.038362
3464.000000	0.061063
3465.000000	0.045569
3466.000000	0.013149
3467.000000	-0.006336
3468.000000	-0.005888
3469.000000	0.012222
3470.000000	0.031501
3471.000000	0.035520
3472.000000	0.022313
3473.000000	-0.002078
3474.000000	-0.014058
3475.000000	0.004283
3476.000000	0.030550
3477.000000	0.037598
3478.000000	0.019590
3479.000000	-0.017133
3480.000000	-0.038813
3481.000000	-0.019814
3482.000000	0.005608
3483.000000	0.001523
3484.000000	-0.014815
3485.000000	-0.018802
3486.000000	-0.009622
3487.000000	0.005992
3488.000000	0.014906
3489.000000	0.007607
3490.000000	-0.004525
3491.000000	-0.008090
3492.000000	-0.002490
3493.000000	0.007989
3494.000000	0.012327
3495.000000	0.002741
3496.000000	-0.008882
3497.000000	-0.009260
3498.000000	0.000786
3499.000000	0.015379
3500.000000	0.022532
3501.000000	0.012670
3502.000000	-0.008005
3503.000000	-0.028836
3504.000000	-0.037106
3505.000000	-0.024450
3506.000000	-0.001967
3507.000000	0.015196
3508.000000	0.015170
3509.000000	-0.006793
3510.000000	-0.030244
3511.000000	-0.033914
3512.000000	-0.018459
3513.000000	0.006378
3514.000000	0.016413
3515.000000	-0.004202
3516.000000	-0.023547
3517.000000	-0.012209
3518.000000	0.001413
3519.000000	-0.011194
3520.000000	-0.021194
3521.000000	0.000813
3522.000000	0.029143
3523.000000	0.033014
3524.000000	0.016342
3525.000000	-0.007712
3526.000000	-0.023704
3527.000000	-0.020584
3528.000000	-0.007172
3529.000000	0.004373
3530.000000	0.008389
3531.000000	0.002571
3532.000000	-0.008464
3533.000000	-0.017659
3534.000000	-0.015114
3535.000000	0.005045
3536.000000	0.029760
3537.000000	0.041786
3538.000000	0.026077
3539.000000	-0.018765
3540.000000	-0.041751
3541.000000	0.000366
3542.000000	0.067481
3543.000000	0.107199
3544.000000	0.101306
3545.000000	0.051634
3546.000000	0.006012
3547.000000	0.006454
3548.000000	0.025721
3549.000000	0.029006
3550.000000	0.020491
3551.000000	0.010171
3552.000000	-0.007695
3553.000000	-0.035480
3554.000000	-0.046355
3555.000000	-0.018967
3556.000000	0.016922
3557.000000	0.028956
3558.000000	0.025533
3559.000000	0.022934
3560.000000	0.028228
3561.000000	0.041777
3562.000000	0.046314
3563.000000	0.027419
3564.000000	-0.000316
3565.000000	-0.017344
3566.000000	-0.013310
3567.000000	0.014406
3568.000000	0.046673
3569.000000	0.060626
3570.000000	0.040206
3571.000000	-0.016166
3572.000000	-0.058961
3573.000000	-0.044836
3574.000000	-0.006297
3575.000000	0.013595
3576.000000	0.005405
3577.000000	-0.024317
3578.000000	-0.038716
3579.000000	-0.010960
3580.000000	0.015368
3581.000000	-0.002279
3582.000000	-0.031905
3583.000000	-0.036066
3584.000000	-0.030077
3585.000000	-0.035707
3586.000000	-0.047783
3587.000000	-0.055485
3588.000000	-0.052361
3589.000000	-0.035639
3590.000000	-0.012912
3591.000000	0.006129
3592.000000	0.013770
3593.000000	0.006011
3594.000000	-0.008274
3595.000000	-0.018788
3596.000000	-0.022416
3597.000000	-0.019224
3598.000000	-0.014830
3599.000000	-0.016237
3600.000000	-0.030451
