400.000000	-0.012241
401.000000	0.009303
402.000000	0.023599
403.000000	0.030401
404.000000	0.029462
405.000000	0.021441
406.000000	0.010614
407.000000	0.001390
408.000000	-0.004902
409.000000	-0.007818
410.000000	-0.007363
411.000000	-0.003885
412.000000	0.001335
413.000000	0.006710
414.000000	0.010352
415.000000	0.010494
416.000000	0.006168
417.000000	-0.002319
418.000000	-0.010341
419.000000	-0.013315
420.000000	-0.011145
421.000000	-0.005385
422.000000	0.000290
423.000000	0.002543
424.000000	0.001496
425.000000	-0.001827
426.000000	-0.006267
427.000000	-0.010312
428.000000	-0.011179
429.000000	-0.006739
430.000000	0.001260
431.000000	0.009966
432.000000	0.015993
433.000000	0.016871
434.000000	0.014330
435.000000	0.010784
436.000000	0.007170
437.000000	0.003787
438.000000	-0.000161
439.000000	-0.005209
440.000000	-0.009765
441.000000	-0.011879
442.000000	-0.010290
443.000000	-0.004500
444.000000	0.003628
445.000000	0.011832
446.000000	0.018612
447.000000	0.022695
448.000000	0.022956
449.000000	0.018894
450.000000	0.012364
451.000000	0.005593
452.000000	-0.000066
453.000000	-0.003712
454.000000	-0.005385
455.000000	-0.005507
456.000000	-0.005094
457.000000	-0.005278
458.000000	-0.007052
459.000000	-0.010871
460.000000	-0.015171
461.000000	-0.018156
462.000000	-0.019117
463.000000	-0.017409
464.000000	-0.011553
465.000000	-0.001523
466.000000	0.006058
467.000000	0.005516
468.000000	0.001619
469.000000	-0.000265
470.000000	-0.002819
471.000000	-0.009166
472.000000	-0.016142
473.000000	-0.020051
474.000000	-0.021368
475.000000	-0.021472
476.000000	-0.021204
477.000000	-0.021186
478.000000	-0.021702
479.000000	-0.022777
480.000000	-0.023732
481.000000	-0.023932
482.000000	-0.023616
483.000000	-0.023182
484.000000	-0.022797
485.000000	-0.022276
486.000000	-0.020261
487.000000	-0.015583
488.000000	-0.008997
489.000000	-0.001888
490.000000	0.003761
491.000000	0.006389
492.000000	0.006724
493.000000	0.006005
494.000000	0.005218
495.000000	0.005418
496.000000	0.008201
497.000000	0.014256
498.000000	0.020110
499.000000	0.021571
500.000000	0.015740
501.000000	0.002336
502.000000	-0.009726
503.000000	-0.011756
504.000000	-0.005146
505.000000	0.005087
506.000000	0.009502
507.000000	0.001092
508.000000	-0.013000
509.000000	-0.023367
510.000000	-0.025685
511.000000	-0.018394
512.000000	-0.005891
513.000000	0.006423
514.000000	0.015101
515.000000	0.017474
516.000000	0.012043
517.000000	-0.000035
518.000000	-0.008152
519.000000	-0.002528
520.000000	0.013842
521.000000	0.032970
522.000000	0.039657
523.000000	0.022833
524.000000	-0.004854
525.000000	-0.026906
526.000000	-0.035158
527.000000	-0.026507
528.000000	-0.009783
529.000000	0.004902
530.000000	0.014231
531.000000	0.016871
532.000000	0.012619
533.000000	0.002872
534.000000	-0.005705
535.000000	-0.006810
536.000000	-0.000860
537.000000	0.009067
538.000000	0.015962
539.000000	0.014112
540.000000	0.006911
541.000000	-0.000528
542.000000	-0.005335
543.000000	-0.006049
544.000000	-0.004597
545.000000	-0.003001
546.000000	-0.000261
547.000000	0.005250
548.000000	0.014644
549.000000	0.027126
550.000000	0.034778
551.000000	0.030244
552.000000	0.015538
553.000000	-0.003608
554.000000	-0.015965
555.000000	-0.013183
556.000000	-0.003930
557.000000	0.000591
558.000000	-0.003954
559.000000	-0.017363
560.000000	-0.028144
561.000000	-0.025704
562.000000	-0.014315
563.000000	-0.001869
564.000000	0.004146
565.000000	-0.000712
566.000000	-0.009092
567.000000	-0.012552
568.000000	-0.010088
569.000000	-0.003268
570.000000	0.003489
571.000000	0.006136
572.000000	0.004972
573.000000	0.001399
574.000000	-0.003103
575.000000	-0.006658
576.000000	-0.005878
577.000000	0.001350
578.000000	0.010538
579.000000	0.015896
580.000000	0.013028
581.000000	0.000103
582.000000	-0.015848
583.000000	-0.026981
584.000000	-0.031059
585.000000	-0.027677
586.000000	-0.018145
587.000000	-0.004775
588.000000	0.007823
589.000000	0.015193
590.000000	0.015782
591.000000	0.009540
592.000000	-0.000474
593.000000	-0.010697
594.000000	-0.018646
595.000000	-0.022375
596.000000	-0.021001
597.000000	-0.014904
598.000000	-0.008453
599.000000	-0.005805
600.000000	-0.006278
601.000000	-0.007730
602.000000	-0.007019
603.000000	-0.002230
604.000000	0.002644
605.000000	0.003093
606.000000	-0.001555
607.000000	-0.010317
608.000000	-0.019438
609.000000	-0.025225
610.000000	-0.027000
611.000000	-0.024984
612.000000	-0.019980
613.000000	-0.013468
614.000000	-0.009062
615.000000	-0.009709
616.000000	-0.013553
617.000000	-0.017490
618.000000	-0.018222
619.000000	-0.013518
620.000000	-0.005597
621.000000	0.002492
622.000000	0.008847
623.000000	0.011875
624.000000	0.010084
625.000000	0.003164
626.000000	-0.004552
627.000000	-0.008392
628.000000	-0.006972
629.000000	-0.000915
630.000000	0.004406
631.000000	0.003886
632.000000	-0.001775
633.000000	-0.010369
634.000000	-0.019467
635.000000	-0.026556
636.000000	-0.028995
637.000000	-0.024962
638.000000	-0.016020
639.000000	-0.004853
640.000000	0.004771
641.000000	0.010106
642.000000	0.013567
643.000000	0.018166
644.000000	0.024142
645.000000	0.030552
646.000000	0.034511
647.000000	0.033323
648.000000	0.026983
649.000000	0.016389
650.000000	0.003350
651.000000	-0.009239
652.000000	-0.015046
653.000000	-0.009383
654.000000	0.002427
655.000000	0.012698
656.000000	0.014305
657.000000	0.003694
658.000000	-0.008963
659.000000	-0.012758
660.000000	-0.007563
661.000000	0.003032
662.000000	0.011354
663.000000	0.011296
664.000000	0.007092
665.000000	0.004596
666.000000	0.005797
667.000000	0.010933
668.000000	0.017095
669.000000	0.020995
670.000000	0.020971
671.000000	0.016085
672.000000	0.006682
673.000000	-0.005598
674.000000	-0.015216
675.000000	-0.017087
676.000000	-0.011836
677.000000	-0.001757
678.000000	0.009880
679.000000	0.019475
680.000000	0.023066
681.000000	0.017860
682.000000	0.006089
683.000000	-0.008041
684.000000	-0.017460
685.000000	-0.016674
686.000000	-0.009361
687.000000	-0.000929
688.000000	0.005471
689.000000	0.007629
690.000000	0.004836
691.000000	-0.002539
692.000000	-0.011321
693.000000	-0.017976
694.000000	-0.020330
695.000000	-0.017781
696.000000	-0.014653
697.000000	-0.015032
698.000000	-0.017136
699.000000	-0.017685
700.000000	-0.013280
701.000000	-0.002395
702.000000	0.008885
703.000000	0.014091
704.000000	0.012814
705.000000	0.006820
706.000000	0.000497
707.000000	-0.002170
708.000000	-0.001444
709.000000	0.001339
710.000000	0.004793
711.000000	0.007274
712.000000	0.006148
713.000000	-0.000156
714.000000	-0.007958
715.000000	-0.012729
716.000000	-0.011792
717.000000	-0.004381
718.000000	0.004486
719.000000	0.010086
720.000000	0.014671
721.000000	0.020928
722.000000	0.026295
723.000000	0.028005
724.000000	0.027704
725.000000	0.027772
726.000000	0.029113
727.000000	0.031359
728.000000	0.030522
729.000000	0.023623
730.000000	0.015326
731.000000	0.010750
732.000000	0.009185
733.000000	0.008464
734.000000	0.006436
735.000000	0.001925
736.000000	-0.002343
737.000000	-0.003249
738.000000	0.000013
739.000000	0.006432
740.000000	0.010052
741.000000	0.005735
742.000000	-0.003443
743.000000	-0.012538
744.000000	-0.017339
745.000000	-0.015164
746.000000	-0.008719
747.000000	-0.001473
748.000000	0.005449
749.000000	0.011590
750.000000	0.016834
751.000000	0.021214
752.000000	0.025009
753.000000	0.028402
754.000000	0.030937
755.000000	0.031897
756.000000	0.030159
757.000000	0.025061
758.000000	0.018187
759.000000	0.011402
760.000000	0.005439
761.000000	0.000426
762.000000	-0.004787
763.000000	-0.011137
764.000000	-0.017418
765.000000	-0.022021
766.000000	-0.023852
767.000000	-0.022100
768.000000	-0.016574
769.000000	-0.007678
770.000000	0.002416
771.000000	0.011198
772.000000	0.016567
773.000000	0.016952
774.000000	0.012500
775.000000	0.004451
776.000000	-0.003288
777.000000	-0.006112
778.000000	0.000700
779.000000	0.019042
780.000000	0.039395
781.000000	0.051452
782.000000	0.053187
783.000000	0.045767
784.000000	0.034864
785.000000	0.026071
786.000000	0.020149
787.000000	0.016724
788.000000	0.015699
789.000000	0.017082
790.000000	0.021009
791.000000	0.026928
792.000000	0.031398
793.000000	0.030842
794.000000	0.024016
795.000000	0.011498
796.000000	-0.001192
797.000000	-0.008575
798.000000	-0.010289
799.000000	-0.007419
800.000000	-0.001708
801.000000	0.004539
802.000000	0.007444
803.000000	0.004113
804.000000	-0.002823
805.000000	-0.009210
806.000000	-0.010310
807.000000	-0.003504
808.000000	0.004776
809.000000	0.007515
810.000000	0.004427
811.000000	-0.002425
812.000000	-0.008309
813.000000	-0.009114
814.000000	-0.005883
815.000000	-0.000761
816.000000	0.004860
817.000000	0.009793
818.000000	0.012918
819.000000	0.013566
820.000000	0.012796
821.000000	0.011869
822.000000	0.011132
823.000000	0.010183
824.000000	0.006542
825.000000	-0.001181
826.000000	-0.007925
827.000000	-0.007876
828.000000	0.001349
829.000000	0.018753
830.000000	0.033242
831.000000	0.034552
832.000000	0.025832
833.000000	0.013578
834.000000	0.004244
835.000000	0.002157
836.000000	0.003164
837.000000	0.002351
838.000000	0.000224
839.000000	-0.001210
840.000000	0.000623
841.000000	0.006919
842.000000	0.012775
843.000000	0.013272
844.000000	0.009510
845.000000	0.004931
846.000000	0.006326
847.000000	0.017676
848.000000	0.028360
849.000000	0.027813
850.000000	0.020277
851.000000	0.013220
852.000000	0.012194
853.000000	0.019622
854.000000	0.027334
855.000000	0.027607
856.000000	0.025107
857.000000	0.025102
858.000000	0.022879
859.000000	0.013691
860.000000	0.002642
861.000000	-0.004139
862.000000	-0.006263
863.000000	-0.005243
864.000000	-0.004467
865.000000	-0.006461
866.000000	-0.008447
867.000000	-0.006710
868.000000	0.000889
869.000000	0.014302
870.000000	0.026294
871.000000	0.029883
872.000000	0.026291
873.000000	0.018921
874.000000	0.011686
875.000000	0.007186
876.000000	0.002261
877.000000	-0.006314
878.000000	-0.016254
879.000000	-0.023752
880.000000	-0.024430
881.000000	-0.016283
882.000000	-0.007356
883.000000	-0.005973
884.000000	-0.011515
885.000000	-0.020237
886.000000	-0.024824
887.000000	-0.019597
888.000000	-0.008985
889.000000	0.000956
890.000000	0.007770
891.000000	0.010345
892.000000	0.009348
893.000000	0.006205
894.000000	0.003607
895.000000	0.003898
896.000000	0.006772
897.000000	0.010358
898.000000	0.009184
899.000000	-0.000430
900.000000	-0.011399
901.000000	-0.015366
902.000000	-0.009656
903.000000	0.004742
904.000000	0.017873
905.000000	0.020492
906.000000	0.015156
907.000000	0.007014
908.000000	-0.000226
909.000000	-0.004143
910.000000	-0.006039
911.000000	-0.007760
912.000000	-0.009610
913.000000	-0.011477
914.000000	-0.013132
915.000000	-0.014181
916.000000	-0.013678
917.000000	-0.010846
918.000000	-0.006145
919.000000	-0.000372
920.000000	0.005555
921.000000	0.010820
922.000000	0.015134
923.000000	0.018313
924.000000	0.020071
925.000000	0.020140
926.000000	0.018435
927.000000	0.015145
928.000000	0.011374
929.000000	0.008275
930.000000	0.006273
931.000000	0.005538
932.000000	0.005943
933.000000	0.007199
934.000000	0.008674
935.000000	0.009760
936.000000	0.010298
937.000000	0.010326
938.000000	0.010234
939.000000	0.009897
940.000000	0.006777
941.000000	-0.001175
942.000000	-0.011635
943.000000	-0.020461
944.000000	-0.020613
945.000000	-0.007715
946.000000	0.009043
947.000000	0.018919
948.000000	0.018520
949.000000	0.007664
950.000000	-0.008330
951.000000	-0.022997
952.000000	-0.030784
953.000000	-0.027688
954.000000	-0.014980
955.000000	0.002913
956.000000	0.014215
957.000000	0.009685
958.000000	-0.002428
959.000000	-0.011064
960.000000	-0.011419
961.000000	-0.002528
962.000000	0.007462
963.000000	0.010539
964.000000	0.008334
965.000000	0.004609
966.000000	0.001996
967.000000	0.002344
968.000000	0.005510
969.000000	0.010928
970.000000	0.018338
971.000000	0.027328
972.000000	0.036582
973.000000	0.043856
974.000000	0.044115
975.000000	0.033771
976.000000	0.017828
977.000000	0.003007
978.000000	-0.005697
979.000000	-0.005605
980.000000	-0.001586
981.000000	0.001019
982.000000	0.002530
983.000000	0.004587
984.000000	0.008454
985.000000	0.014541
986.000000	0.020209
987.000000	0.022745
988.000000	0.022199
989.000000	0.019411
990.000000	0.015626
991.000000	0.012247
992.000000	0.010895
993.000000	0.012740
994.000000	0.016933
995.000000	0.022095
996.000000	0.026758
997.000000	0.030080
998.000000	0.033825
999.000000	0.039881
1000.000000	0.048041
1001.000000	0.057940
1002.000000	0.070671
1003.000000	0.086082
1004.000000	0.097577
1005.000000	0.100296
1006.000000	0.102773
1007.000000	0.111068
1008.000000	0.107969
1009.000000	0.079270
1010.000000	0.046071
1011.000000	0.031933
1012.000000	0.034961
1013.000000	0.046212
1014.000000	0.054020
1015.000000	0.049922
1016.000000	0.040980
1017.000000	0.036250
1018.000000	0.037226
1019.000000	0.042973
1020.000000	0.050409
1021.000000	0.055927
1022.000000	0.055987
1023.000000	0.048383
1024.000000	0.036196
1025.000000	0.024322
1026.000000	0.019643
1027.000000	0.026824
1028.000000	0.039669
1029.000000	0.050641
1030.000000	0.057711
1031.000000	0.060794
1032.000000	0.062070
1033.000000	0.063464
1034.000000	0.063606
1035.000000	0.060916
1036.000000	0.056270
1037.000000	0.051392
1038.000000	0.048939
1039.000000	0.051104
1040.000000	0.057278
1041.000000	0.066092
1042.000000	0.075935
1043.000000	0.085236
1044.000000	0.092832
1045.000000	0.097680
1046.000000	0.098812
1047.000000	0.096175
1048.000000	0.093314
1049.000000	0.092563
1050.000000	0.087817
1051.000000	0.074535
1052.000000	0.062857
1053.000000	0.063476
1054.000000	0.074612
1055.000000	0.090012
1056.000000	0.097997
1057.000000	0.089786
1058.000000	0.073609
1059.000000	0.060146
1060.000000	0.052854
1061.000000	0.052409
1062.000000	0.055568
1063.000000	0.058694
1064.000000	0.060479
1065.000000	0.060503
1066.000000	0.059574
1067.000000	0.059107
1068.000000	0.061715
1069.000000	0.068558
1070.000000	0.073796
1071.000000	0.071393
1072.000000	0.061539
1073.000000	0.046919
1074.000000	0.033968
1075.000000	0.028645
1076.000000	0.031256
1077.000000	0.040368
1078.000000	0.053258
1079.000000	0.066597
1080.000000	0.075914
1081.000000	0.077763
1082.000000	0.073925
1083.000000	0.067160
1084.000000	0.058927
1085.000000	0.050178
1086.000000	0.041152
1087.000000	0.032436
1088.000000	0.026718
1089.000000	0.026328
1090.000000	0.030055
1091.000000	0.035313
1092.000000	0.037572
1093.000000	0.033567
1094.000000	0.027052
1095.000000	0.022825
1096.000000	0.022856
1097.000000	0.028024
1098.000000	0.037690
1099.000000	0.050222
1100.000000	0.061543
1101.000000	0.067632
1102.000000	0.067150
1103.000000	0.059832
1104.000000	0.047046
1105.000000	0.031437
1106.000000	0.019137
1107.000000	0.015580
1108.000000	0.019923
1109.000000	0.029003
1110.000000	0.036659
1111.000000	0.037713
1112.000000	0.033910
1113.000000	0.028188
1114.000000	0.021318
1115.000000	0.013401
1116.000000	0.004014
1117.000000	-0.006165
1118.000000	-0.011543
1119.000000	-0.007250
1120.000000	0.003766
1121.000000	0.016145
1122.000000	0.022689
1123.000000	0.018595
1124.000000	0.010487
1125.000000	0.006984
1126.000000	0.013261
1127.000000	0.030112
1128.000000	0.044257
1129.000000	0.043647
1130.000000	0.035223
1131.000000	0.028738
1132.000000	0.026190
1133.000000	0.025642
1134.000000	0.017156
1135.000000	-0.005614
1136.000000	-0.026655
1137.000000	-0.029832
1138.000000	-0.020877
1139.000000	-0.010509
1140.000000	-0.007532
1141.000000	-0.016685
1142.000000	-0.028360
1143.000000	-0.032090
1144.000000	-0.028314
1145.000000	-0.020479
1146.000000	-0.013171
1147.000000	-0.010130
1148.000000	-0.010573
1149.000000	-0.012626
1150.000000	-0.014566
1151.000000	-0.014811
1152.000000	-0.012194
1153.000000	-0.006056
1154.000000	0.002641
1155.000000	0.012231
1156.000000	0.019840
1157.000000	0.022655
1158.000000	0.019318
1159.000000	0.010300
1160.000000	0.001929
1161.000000	-0.000244
1162.000000	0.000377
1163.000000	-0.001313
1164.000000	-0.008258
1165.000000	-0.020822
1166.000000	-0.031205
1167.000000	-0.032150
1168.000000	-0.026745
1169.000000	-0.020160
1170.000000	-0.015548
1171.000000	-0.014118
1172.000000	-0.011332
1173.000000	-0.003133
1174.000000	0.006848
1175.000000	0.013665
1176.000000	0.014791
1177.000000	0.009301
1178.000000	0.000273
1179.000000	-0.008820
1180.000000	-0.016909
1181.000000	-0.023438
1182.000000	-0.027493
1183.000000	-0.027865
1184.000000	-0.022527
1185.000000	-0.010955
1186.000000	0.000538
1187.000000	0.005306
1188.000000	0.002195
1189.000000	-0.007250
1190.000000	-0.016176
1191.000000	-0.018280
1192.000000	-0.014764
1193.000000	-0.008515
1194.000000	-0.001657
1195.000000	0.003937
1196.000000	0.006634
1197.000000	0.005778
1198.000000	0.004396
1199.000000	0.005687
1200.000000	0.009871
1201.000000	0.016052
1202.000000	0.021861
1203.000000	0.025164
1204.000000	0.026252
1205.000000	0.026107
1206.000000	0.026051
1207.000000	0.027470
1208.000000	0.031654
1209.000000	0.038948
1210.000000	0.046008
1211.000000	0.049425
1212.000000	0.049214
1213.000000	0.046457
1214.000000	0.043088
1215.000000	0.041229
1216.000000	0.042915
1217.000000	0.049190
1218.000000	0.057231
1219.000000	0.063387
1220.000000	0.064574
1221.000000	0.059260
1222.000000	0.051547
1223.000000	0.046014
1224.000000	0.043513
1225.000000	0.043968
1226.000000	0.047316
1227.000000	0.054194
1228.000000	0.068015
1229.000000	0.090316
1230.000000	0.112349
1231.000000	0.124331
1232.000000	0.122624
1233.000000	0.108464
1234.000000	0.096441
1235.000000	0.099767
1236.000000	0.112792
1237.000000	0.126187
1238.000000	0.134782
1239.000000	0.135920
1240.000000	0.132850
1241.000000	0.129213
1242.000000	0.124319
1243.000000	0.116927
1244.000000	0.107920
1245.000000	0.099104
1246.000000	0.093864
1247.000000	0.094499
1248.000000	0.097394
1249.000000	0.098395
1250.000000	0.097099
1251.000000	0.094560
1252.000000	0.093901
1253.000000	0.096652
1254.000000	0.095884
1255.000000	0.085204
1256.000000	0.068806
1257.000000	0.054033
1258.000000	0.050239
1259.000000	0.062836
1260.000000	0.079473
1261.000000	0.086728
1262.000000	0.084677
1263.000000	0.077208
1264.000000	0.069962
1265.000000	0.067483
1266.000000	0.068171
1267.000000	0.069181
1268.000000	0.068842
1269.000000	0.066050
1270.000000	0.060786
1271.000000	0.054227
1272.000000	0.051252
1273.000000	0.055916
1274.000000	0.065265
1275.000000	0.074862
1276.000000	0.081341
1277.000000	0.082107
1278.000000	0.076569
1279.000000	0.066034
1280.000000	0.057398
1281.000000	0.057371
1282.000000	0.066324
1283.000000	0.081196
1284.000000	0.091546
1285.000000	0.088795
1286.000000	0.079195
1287.000000	0.071345
1288.000000	0.068388
1289.000000	0.071256
1290.000000	0.077485
1291.000000	0.084114
1292.000000	0.089597
1293.000000	0.092871
1294.000000	0.093401
1295.000000	0.090966
1296.000000	0.086065
1297.000000	0.080339
1298.000000	0.079282
1299.000000	0.087273
1300.000000	0.100368
1301.000000	0.112590
1302.000000	0.118157
1303.000000	0.113708
1304.000000	0.105379
1305.000000	0.100121
1306.000000	0.098665
1307.000000	0.100158
1308.000000	0.103637
1309.000000	0.108649
1310.000000	0.116885
1311.000000	0.128895
1312.000000	0.138515
1313.000000	0.139324
1314.000000	0.130574
1315.000000	0.114983
1316.000000	0.103451
1317.000000	0.105258
1318.000000	0.115031
1319.000000	0.124690
1320.000000	0.129983
1321.000000	0.128331
1322.000000	0.120007
1323.000000	0.107063
1324.000000	0.095809
1325.000000	0.092017
1326.000000	0.095036
1327.000000	0.102010
1328.000000	0.107688
1329.000000	0.108155
1330.000000	0.107240
1331.000000	0.109402
1332.000000	0.113871
1333.000000	0.118544
1334.000000	0.121224
1335.000000	0.120641
1336.000000	0.119345
1337.000000	0.120116
1338.000000	0.122840
1339.000000	0.126554
1340.000000	0.129791
1341.000000	0.130798
1342.000000	0.127193
1343.000000	0.117406
1344.000000	0.103745
1345.000000	0.089388
1346.000000	0.077106
1347.000000	0.069428
1348.000000	0.068330
1349.000000	0.074160
1350.000000	0.081304
1351.000000	0.084037
1352.000000	0.082164
1353.000000	0.077676
1354.000000	0.075794
1355.000000	0.080005
1356.000000	0.083637
1357.000000	0.079982
1358.000000	0.072337
1359.000000	0.066621
1360.000000	0.069231
1361.000000	0.082916
1362.000000	0.095342
1363.000000	0.094367
1364.000000	0.083696
1365.000000	0.070728
1366.000000	0.061791
1367.000000	0.060766
1368.000000	0.062801
1369.000000	0.062358
1370.000000	0.059869
1371.000000	0.057079
1372.000000	0.055013
1373.000000	0.054352
1374.000000	0.055130
1375.000000	0.056649
1376.000000	0.055944
1377.000000	0.050430
1378.000000	0.041322
1379.000000	0.031340
1380.000000	0.025433
1381.000000	0.026839
1382.000000	0.029709
1383.000000	0.027884
1384.000000	0.023045
1385.000000	0.018989
1386.000000	0.020145
1387.000000	0.028815
1388.000000	0.038160
1389.000000	0.040762
1390.000000	0.036011
1391.000000	0.025503
1392.000000	0.012844
1393.000000	0.003134
1394.000000	0.005453
1395.000000	0.025165
1396.000000	0.048796
1397.000000	0.060965
1398.000000	0.057517
1399.000000	0.040576
1400.000000	0.026166
1401.000000	0.027893
1402.000000	0.035795
1403.000000	0.036938
1404.000000	0.030078
1405.000000	0.018146
1406.000000	0.009098
1407.000000	0.009417
1408.000000	0.014667
1409.000000	0.019098
1410.000000	0.022629
1411.000000	0.026572
1412.000000	0.032153
1413.000000	0.039579
1414.000000	0.045080
1415.000000	0.044890
1416.000000	0.039248
1417.000000	0.029735
1418.000000	0.019293
1419.000000	0.011806
1420.000000	0.013554
1421.000000	0.027898
1422.000000	0.044112
1423.000000	0.050539
1424.000000	0.045890
1425.000000	0.033349
1426.000000	0.023628
1427.000000	0.025860
1428.000000	0.035335
1429.000000	0.044782
1430.000000	0.050513
1431.000000	0.050268
1432.000000	0.043896
1433.000000	0.033945
1434.000000	0.031634
1435.000000	0.045929
1436.000000	0.068106
1437.000000	0.086179
1438.000000	0.092812
1439.000000	0.085740
1440.000000	0.078334
1441.000000	0.083304
1442.000000	0.095072
1443.000000	0.104922
1444.000000	0.109860
1445.000000	0.109623
1446.000000	0.109144
1447.000000	0.112962
1448.000000	0.118851
1449.000000	0.123622
1450.000000	0.127008
1451.000000	0.129608
1452.000000	0.132560
1453.000000	0.136625
1454.000000	0.140531
1455.000000	0.142672
1456.000000	0.142156
1457.000000	0.138486
1458.000000	0.132048
1459.000000	0.124005
1460.000000	0.117748
1461.000000	0.115657
1462.000000	0.113833
1463.000000	0.107804
1464.000000	0.097072
1465.000000	0.083055
1466.000000	0.070869
1467.000000	0.065331
1468.000000	0.066379
1469.000000	0.072370
1470.000000	0.080217
1471.000000	0.086538
1472.000000	0.088221
1473.000000	0.083481
1474.000000	0.075586
1475.000000	0.068616
1476.000000	0.064854
1477.000000	0.065619
1478.000000	0.070183
1479.000000	0.076051
1480.000000	0.075698
1481.000000	0.064323
1482.000000	0.053034
1483.000000	0.053798
1484.000000	0.066104
1485.000000	0.083814
1486.000000	0.090753
1487.000000	0.075083
1488.000000	0.052350
1489.000000	0.040447
1490.000000	0.039264
1491.000000	0.043398
1492.000000	0.044285
1493.000000	0.035637
1494.000000	0.023428
1495.000000	0.014971
1496.000000	0.010657
1497.000000	0.009170
1498.000000	0.009278
1499.000000	0.010056
1500.000000	0.011718
1501.000000	0.014050
1502.000000	0.013995
1503.000000	0.008796
1504.000000	-0.000264
1505.000000	-0.010389
1506.000000	-0.016764
1507.000000	-0.016393
1508.000000	-0.015573
1509.000000	-0.020737
1510.000000	-0.029567
1511.000000	-0.037613
1512.000000	-0.040641
1513.000000	-0.036145
1514.000000	-0.028320
1515.000000	-0.022127
1516.000000	-0.018886
1517.000000	-0.018787
1518.000000	-0.021139
1519.000000	-0.024815
1520.000000	-0.027821
1521.000000	-0.028397
1522.000000	-0.026585
1523.000000	-0.022990
1524.000000	-0.018669
1525.000000	-0.014757
1526.000000	-0.012241
1527.000000	-0.011397
1528.000000	-0.009791
1529.000000	-0.005264
1530.000000	0.000546
1531.000000	0.005293
1532.000000	0.007612
1533.000000	0.007075
1534.000000	0.006032
1535.000000	0.006721
1536.000000	0.008142
1537.000000	0.008672
1538.000000	0.007429
1539.000000	0.003863
1540.000000	-0.001999
1541.000000	-0.009251
1542.000000	-0.014043
1543.000000	-0.013230
1544.000000	-0.009428
1545.000000	-0.006391
1546.000000	-0.006674
1547.000000	-0.010359
1548.000000	-0.008855
1549.000000	0.004885
1550.000000	0.023042
1551.000000	0.035703
1552.000000	0.039433
1553.000000	0.034089
1554.000000	0.026217
1555.000000	0.022917
1556.000000	0.026828
1557.000000	0.038246
1558.000000	0.052550
1559.000000	0.063989
1560.000000	0.067222
1561.000000	0.059389
1562.000000	0.047164
1563.000000	0.038301
1564.000000	0.035353
1565.000000	0.039018
1566.000000	0.047786
1567.000000	0.058975
1568.000000	0.067417
1569.000000	0.069428
1570.000000	0.069741
1571.000000	0.073778
1572.000000	0.081296
1573.000000	0.090208
1574.000000	0.096725
1575.000000	0.097971
1576.000000	0.096436
1577.000000	0.095298
1578.000000	0.095121
1579.000000	0.095785
1580.000000	0.097046
1581.000000	0.098685
1582.000000	0.100718
1583.000000	0.102937
1584.000000	0.103993
1585.000000	0.102627
1586.000000	0.099077
1587.000000	0.094111
1588.000000	0.089132
1589.000000	0.085209
1590.000000	0.081445
1591.000000	0.076780
1592.000000	0.071478
1593.000000	0.066182
1594.000000	0.061724
1595.000000	0.058982
1596.000000	0.058831
1597.000000	0.061726
1598.000000	0.066447
1599.000000	0.071449
1600.000000	0.075571
1601.000000	0.077877
1602.000000	0.077935
1603.000000	0.075727
1604.000000	0.072373
1605.000000	0.069028
1606.000000	0.065859
1607.000000	0.062857
1608.000000	0.060300
1609.000000	0.058788
1610.000000	0.059929
1611.000000	0.064902
1612.000000	0.072173
1613.000000	0.079502
1614.000000	0.084539
1615.000000	0.085078
1616.000000	0.079602
1617.000000	0.068644
1618.000000	0.060262
1619.000000	0.061581
1620.000000	0.068482
1621.000000	0.074415
1622.000000	0.074365
1623.000000	0.065710
1624.000000	0.053871
1625.000000	0.045137
1626.000000	0.041223
1627.000000	0.042240
1628.000000	0.046471
1629.000000	0.051536
1630.000000	0.054241
1631.000000	0.052231
1632.000000	0.047339
1633.000000	0.042277
1634.000000	0.039100
1635.000000	0.039320
1636.000000	0.042938
1637.000000	0.048924
1638.000000	0.053619
1639.000000	0.053907
1640.000000	0.051459
1641.000000	0.049346
1642.000000	0.051441
1643.000000	0.061480
1644.000000	0.081855
1645.000000	0.110108
1646.000000	0.125739
1647.000000	0.112021
1648.000000	0.085368
1649.000000	0.067798
1650.000000	0.070591
1651.000000	0.095269
1652.000000	0.115046
1653.000000	0.106184
1654.000000	0.085450
1655.000000	0.075153
1656.000000	0.079271
1657.000000	0.095346
1658.000000	0.113521
1659.000000	0.124318
1660.000000	0.127172
1661.000000	0.124235
1662.000000	0.119618
1663.000000	0.117454
1664.000000	0.120013
1665.000000	0.128208
1666.000000	0.139377
1667.000000	0.149941
1668.000000	0.156231
1669.000000	0.155727
1670.000000	0.150587
1671.000000	0.144275
1672.000000	0.140808
1673.000000	0.142660
1674.000000	0.145576
1675.000000	0.145206
1676.000000	0.143534
1677.000000	0.143471
1678.000000	0.145307
1679.000000	0.148009
1680.000000	0.147886
1681.000000	0.141639
1682.000000	0.130196
1683.000000	0.115765
1684.000000	0.101453
1685.000000	0.090281
1686.000000	0.084039
1687.000000	0.083041
1688.000000	0.082938
1689.000000	0.079876
1690.000000	0.076659
1691.000000	0.076709
1692.000000	0.079260
1693.000000	0.081909
1694.000000	0.079875
1695.000000	0.070323
1696.000000	0.060564
1697.000000	0.057745
1698.000000	0.058213
1699.000000	0.057102
1700.000000	0.055480
1701.000000	0.055259
1702.000000	0.055782
1703.000000	0.056027
1704.000000	0.056084
1705.000000	0.056229
1706.000000	0.056386
1707.000000	0.056465
1708.000000	0.056688
1709.000000	0.057132
1710.000000	0.056990
1711.000000	0.056043
1712.000000	0.057292
1713.000000	0.061544
1714.000000	0.057594
1715.000000	0.036617
1716.000000	0.011324
1717.000000	-0.004540
1718.000000	-0.014630
1719.000000	-0.024508
1720.000000	-0.029962
1721.000000	-0.026071
1722.000000	-0.014843
1723.000000	-0.000739
1724.000000	0.008887
1725.000000	0.008270
1726.000000	0.000875
1727.000000	-0.008000
1728.000000	-0.014969
1729.000000	-0.017687
1730.000000	-0.016062
1731.000000	-0.010804
1732.000000	-0.003580
1733.000000	0.003418
1734.000000	0.006842
1735.000000	0.003890
1736.000000	-0.004906
1737.000000	-0.016933
1738.000000	-0.024596
1739.000000	-0.022397
1740.000000	-0.018201
1741.000000	-0.019959
1742.000000	-0.022617
1743.000000	-0.020291
1744.000000	-0.016796
1745.000000	-0.016647
1746.000000	-0.017463
1747.000000	-0.016706
1748.000000	-0.018110
1749.000000	-0.024157
1750.000000	-0.026055
1751.000000	-0.016465
1752.000000	-0.005143
1753.000000	-0.002647
1754.000000	-0.005653
1755.000000	-0.008713
1756.000000	-0.011773
1757.000000	-0.015816
1758.000000	-0.020571
1759.000000	-0.024934
1760.000000	-0.025733
1761.000000	-0.020992
1762.000000	-0.015591
1763.000000	-0.014648
1764.000000	-0.017366
1765.000000	-0.021279
1766.000000	-0.023166
1767.000000	-0.021039
1768.000000	-0.018607
1769.000000	-0.019163
1770.000000	-0.018656
1771.000000	-0.012666
1772.000000	-0.002651
1773.000000	0.007757
1774.000000	0.012108
1775.000000	0.006231
1776.000000	-0.002106
1777.000000	-0.004397
1778.000000	-0.001107
1779.000000	0.004989
1780.000000	0.010855
1781.000000	0.013742
1782.000000	0.012319
1783.000000	0.006764
1784.000000	0.001890
1785.000000	0.001872
1786.000000	0.003699
1787.000000	0.002877
1788.000000	-0.003853
1789.000000	-0.017199
1790.000000	-0.028922
1791.000000	-0.030765
1792.000000	-0.023360
1793.000000	-0.010023
1794.000000	0.004088
1795.000000	0.013642
1796.000000	0.014466
1797.000000	0.005391
1798.000000	-0.003882
1799.000000	-0.003985
1800.000000	0.002257
1801.000000	0.009378
1802.000000	0.013551
1803.000000	0.012233
1804.000000	0.006369
1805.000000	-0.002121
1806.000000	-0.010921
1807.000000	-0.017678
1808.000000	-0.020296
1809.000000	-0.017458
1810.000000	-0.010702
1811.000000	-0.003334
1812.000000	-0.002869
1813.000000	-0.014353
1814.000000	-0.028740
1815.000000	-0.035469
1816.000000	-0.032014
1817.000000	-0.018895
1818.000000	-0.000779
1819.000000	0.016209
1820.000000	0.024253
1821.000000	0.018010
1822.000000	0.003731
1823.000000	-0.010321
1824.000000	-0.019425
1825.000000	-0.020721
1826.000000	-0.015237
1827.000000	-0.006085
1828.000000	-0.000808
1829.000000	-0.005113
1830.000000	-0.012930
1831.000000	-0.016535
1832.000000	-0.013367
1833.000000	-0.003808
1834.000000	0.005136
1835.000000	0.006859
1836.000000	0.002975
1837.000000	-0.003123
1838.000000	-0.009146
1839.000000	-0.013188
1840.000000	-0.013764
1841.000000	-0.009621
1842.000000	-0.000019
1843.000000	0.013897
1844.000000	0.023953
1845.000000	0.022965
1846.000000	0.014739
1847.000000	0.005734
1848.000000	0.002044
1849.000000	0.006731
1850.000000	0.011100
1851.000000	0.006463
1852.000000	-0.004070
1853.000000	-0.014820
1854.000000	-0.021621
1855.000000	-0.021354
1856.000000	-0.013575
1857.000000	-0.000842
1858.000000	0.004949
1859.000000	-0.005000
1860.000000	-0.017767
1861.000000	-0.018465
1862.000000	-0.006072
1863.000000	0.014553
1864.000000	0.028881
1865.000000	0.025282
1866.000000	0.013374
1867.000000	0.005141
1868.000000	0.000774
1869.000000	-0.002274
1870.000000	-0.005701
1871.000000	-0.010428
1872.000000	-0.015121
1873.000000	-0.018459
1874.000000	-0.021430
1875.000000	-0.024672
1876.000000	-0.025115
1877.000000	-0.019700
1878.000000	-0.009116
1879.000000	0.003463
1880.000000	0.008660
1881.000000	-0.000348
1882.000000	-0.013961
1883.000000	-0.020701
1884.000000	-0.017984
1885.000000	-0.006434
1886.000000	0.009401
1887.000000	0.023473
1888.000000	0.027656
1889.000000	0.017358
1890.000000	0.004209
1891.000000	0.000515
1892.000000	0.005054
1893.000000	0.012654
1894.000000	0.015853
1895.000000	0.009821
1896.000000	0.002528
1897.000000	0.002146
1898.000000	0.004837
1899.000000	0.005121
1900.000000	0.002951
1901.000000	0.000020
1902.000000	-0.000456
1903.000000	0.003492
1904.000000	0.007329
1905.000000	0.006358
1906.000000	0.001754
1907.000000	-0.003847
1908.000000	-0.007821
1909.000000	-0.007873
1910.000000	-0.002995
1911.000000	0.006250
1912.000000	0.014309
1913.000000	0.016039
1914.000000	0.012923
1915.000000	0.007984
1916.000000	0.003768
1917.000000	0.002302
1918.000000	0.004030
1919.000000	0.007825
1920.000000	0.007880
1921.000000	-0.000044
1922.000000	-0.009221
1923.000000	-0.011813
1924.000000	-0.006496
1925.000000	0.004499
1926.000000	0.011226
1927.000000	0.005738
1928.000000	-0.004213
1929.000000	-0.009217
1930.000000	-0.008925
1931.000000	-0.005237
1932.000000	-0.000000
1933.000000	0.005492
1934.000000	0.012085
1935.000000	0.019590
1936.000000	0.021529
1937.000000	0.012542
1938.000000	-0.001962
1939.000000	-0.014470
1940.000000	-0.019814
1941.000000	-0.015392
1942.000000	-0.006531
1943.000000	0.001224
1944.000000	0.009387
1945.000000	0.019461
1946.000000	0.025846
1947.000000	0.022504
1948.000000	0.008742
1949.000000	-0.012027
1950.000000	-0.025311
1951.000000	-0.019767
1952.000000	-0.007718
1953.000000	-0.003866
1954.000000	-0.008769
1955.000000	-0.018733
1956.000000	-0.027190
1957.000000	-0.027689
1958.000000	-0.017104
1959.000000	0.003919
1960.000000	0.022985
1961.000000	0.028172
1962.000000	0.021191
1963.000000	0.007590
1964.000000	-0.005365
1965.000000	-0.012220
1966.000000	-0.016474
1967.000000	-0.021454
1968.000000	-0.020848
1969.000000	-0.008956
1970.000000	0.007827
1971.000000	0.020658
1972.000000	0.022991
1973.000000	0.012808
1974.000000	0.003893
1975.000000	0.008033
1976.000000	0.013215
1977.000000	0.006294
1978.000000	-0.006610
1979.000000	-0.015000
1980.000000	-0.010140
1981.000000	0.010860
1982.000000	0.029261
1983.000000	0.027485
1984.000000	0.014224
1985.000000	0.002405
1986.000000	-0.004371
1987.000000	-0.005554
1988.000000	-0.003456
1989.000000	-0.000387
1990.000000	0.004230
1991.000000	0.010631
1992.000000	0.014814
1993.000000	0.013099
1994.000000	0.007350
1995.000000	0.000885
1996.000000	-0.002700
1997.000000	-0.000884
1998.000000	0.004271
1999.000000	0.009711
2000.000000	0.013002
2001.000000	0.012733
2002.000000	0.010955
2003.000000	0.010337
2004.000000	0.012549
2005.000000	0.017467
2006.000000	0.018789
2007.000000	0.011619
2008.000000	0.002867
2009.000000	-0.000057
2010.000000	0.000462
2011.000000	-0.000128
2012.000000	-0.005258
2013.000000	-0.015435
2014.000000	-0.020604
2015.000000	-0.012257
2016.000000	0.001372
2017.000000	0.010033
2018.000000	0.012148
2019.000000	0.008937
2020.000000	0.004142
2021.000000	0.001810
2022.000000	0.004685
2023.000000	0.012981
2024.000000	0.018110
2025.000000	0.012504
2026.000000	0.001484
2027.000000	-0.006952
2028.000000	-0.006991
2029.000000	0.003642
2030.000000	0.015248
2031.000000	0.018600
2032.000000	0.018325
2033.000000	0.020496
2034.000000	0.023100
2035.000000	0.022718
2036.000000	0.018387
2037.000000	0.011408
2038.000000	0.009684
2039.000000	0.018739
2040.000000	0.027984
2041.000000	0.026507
2042.000000	0.018214
2043.000000	0.010143
2044.000000	0.007051
2045.000000	0.011130
2046.000000	0.016584
2047.000000	0.017532
2048.000000	0.015722
2049.000000	0.014395
2050.000000	0.015128
2051.000000	0.018505
2052.000000	0.022804
2053.000000	0.025374
2054.000000	0.022145
2055.000000	0.010841
2056.000000	-0.002232
2057.000000	-0.009988
2058.000000	-0.010798
2059.000000	-0.005021
2060.000000	0.004478
2061.000000	0.014055
2062.000000	0.019453
2063.000000	0.017993
2064.000000	0.013905
2065.000000	0.011104
2066.000000	0.005320
2067.000000	-0.007383
2068.000000	-0.021421
2069.000000	-0.028278
2070.000000	-0.017233
2071.000000	0.015051
2072.000000	0.040172
2073.000000	0.032243
2074.000000	0.007181
2075.000000	-0.012462
2076.000000	-0.019407
2077.000000	-0.012844
2078.000000	-0.002578
2079.000000	0.001331
2080.000000	-0.001573
2081.000000	-0.008596
2082.000000	-0.014051
2083.000000	-0.013017
2084.000000	-0.006626
2085.000000	0.002050
2086.000000	0.008237
2087.000000	0.007951
2088.000000	0.002058
2089.000000	-0.006191
2090.000000	-0.008864
2091.000000	0.000046
2092.000000	0.014174
2093.000000	0.024648
2094.000000	0.024937
2095.000000	0.012844
2096.000000	0.001151
2097.000000	0.001399
2098.000000	0.005179
2099.000000	0.002486
2100.000000	-0.003113
2101.000000	-0.005455
2102.000000	-0.001577
2103.000000	0.008431
2104.000000	0.015452
2105.000000	0.011595
2106.000000	0.002883
2107.000000	-0.002867
2108.000000	-0.004591
2109.000000	-0.003142
2110.000000	-0.000298
2111.000000	0.002102
2112.000000	0.002887
2113.000000	0.001670
2114.000000	0.000515
2115.000000	0.001358
2116.000000	0.003166
2117.000000	0.004364
2118.000000	0.004177
2119.000000	0.002313
2120.000000	-0.000375
2121.000000	-0.002533
2122.000000	-0.001950
2123.000000	0.002670
2124.000000	0.008105
2125.000000	0.010675
2126.000000	0.009392
2127.000000	0.004441
2128.000000	-0.001988
2129.000000	-0.007275
2130.000000	-0.009087
2131.000000	-0.005847
2132.000000	0.001280
2133.000000	0.010109
2134.000000	0.017118
2135.000000	0.019085
2136.000000	0.015324
2137.000000	0.007032
2138.000000	0.000405
2139.000000	-0.000141
2140.000000	-0.002304
2141.000000	-0.012846
2142.000000	-0.022674
2143.000000	-0.020964
2144.000000	-0.005825
2145.000000	0.019395
2146.000000	0.039320
2147.000000	0.040155
2148.000000	0.026459
2149.000000	0.007737
2150.000000	-0.005064
2151.000000	-0.003932
2152.000000	0.005952
2153.000000	0.015178
2154.000000	0.010603
2155.000000	-0.013951
2156.000000	-0.033079
2157.000000	-0.023488
2158.000000	-0.001910
2159.000000	0.009943
2160.000000	0.010485
2161.000000	0.004458
2162.000000	0.001810
2163.000000	0.009822
2164.000000	0.019909
2165.000000	0.022185
2166.000000	0.017439
2167.000000	0.009520
2168.000000	0.003846
2169.000000	0.005209
2170.000000	0.014326
2171.000000	0.029403
2172.000000	0.042672
2173.000000	0.047243
2174.000000	0.045724
2175.000000	0.042363
2176.000000	0.038472
2177.000000	0.034473
2178.000000	0.030167
2179.000000	0.025210
2180.000000	0.019289
2181.000000	0.012301
2182.000000	0.004958
2183.000000	-0.001416
2184.000000	-0.003870
2185.000000	-0.000254
2186.000000	0.006754
2187.000000	0.013285
2188.000000	0.015535
2189.000000	0.011564
2190.000000	0.006829
2191.000000	0.006163
2192.000000	0.004513
2193.000000	-0.002966
2194.000000	-0.010394
2195.000000	-0.010453
2196.000000	-0.000810
2197.000000	0.017131
2198.000000	0.031982
2199.000000	0.034006
2200.000000	0.030038
2201.000000	0.028404
2202.000000	0.026813
2203.000000	0.021451
2204.000000	0.013017
2205.000000	0.003996
2206.000000	-0.000496
2207.000000	0.003379
2208.000000	0.011716
2209.000000	0.019354
2210.000000	0.023863
2211.000000	0.024277
2212.000000	0.022759
2213.000000	0.021786
2214.000000	0.021960
2215.000000	0.021740
2216.000000	0.012893
2217.000000	-0.008799
2218.000000	-0.024808
2219.000000	-0.017542
2220.000000	0.004102
2221.000000	0.025780
2222.000000	0.037860
2223.000000	0.035072
2224.000000	0.024869
2225.000000	0.016970
2226.000000	0.017426
2227.000000	0.028334
2228.000000	0.039645
2229.000000	0.040718
2230.000000	0.030694
2231.000000	0.012564
2232.000000	-0.005065
2233.000000	-0.013501
2234.000000	-0.009335
2235.000000	0.006735
2236.000000	0.022849
2237.000000	0.028082
2238.000000	0.026399
2239.000000	0.024539
2240.000000	0.025435
2241.000000	0.028640
2242.000000	0.023981
2243.000000	0.005010
2244.000000	-0.010089
2245.000000	-0.004458
2246.000000	0.008818
2247.000000	0.013117
2248.000000	0.007617
2249.000000	-0.002828
2250.000000	-0.006451
2251.000000	0.004604
2252.000000	0.015633
2253.000000	0.012686
2254.000000	0.007387
2255.000000	0.012878
2256.000000	0.022805
2257.000000	0.027060
2258.000000	0.020027
2259.000000	0.000784
2260.000000	-0.017314
2261.000000	-0.021411
2262.000000	-0.014930
2263.000000	-0.004263
2264.000000	0.008595
2265.000000	0.022085
2266.000000	0.031984
2267.000000	0.033994
2268.000000	0.026166
2269.000000	0.009629
2270.000000	-0.004530
2271.000000	-0.005937
2272.000000	0.002980
2273.000000	0.016149
2274.000000	0.025741
2275.000000	0.025208
2276.000000	0.014897
2277.000000	-0.001286
2278.000000	-0.012093
2279.000000	-0.008102
2280.000000	0.005449
2281.000000	0.020252
2282.000000	0.030364
2283.000000	0.031922
2284.000000	0.027008
2285.000000	0.019407
2286.000000	0.013766
2287.000000	0.012571
2288.000000	0.008808
2289.000000	-0.003037
2290.000000	-0.012978
2291.000000	-0.011159
2292.000000	-0.003745
2293.000000	0.000649
2294.000000	-0.000362
2295.000000	-0.005217
2296.000000	-0.002806
2297.000000	0.014687
2298.000000	0.032348
2299.000000	0.034078
2300.000000	0.021756
2301.000000	0.002415
2302.000000	-0.014277
2303.000000	-0.019770
2304.000000	-0.012621
2305.000000	0.003560
2306.000000	0.012068
2307.000000	-0.000116
2308.000000	-0.018167
2309.000000	-0.024079
2310.000000	-0.014981
2311.000000	0.006446
2312.000000	0.030427
2313.000000	0.046156
2314.000000	0.045783
2315.000000	0.027163
2316.000000	0.008013
2317.000000	0.005506
2318.000000	0.014765
2319.000000	0.026227
2320.000000	0.033634
2321.000000	0.033002
2322.000000	0.026128
2323.000000	0.017201
2324.000000	0.014189
2325.000000	0.021640
2326.000000	0.026635
2327.000000	0.017167
2328.000000	0.002348
2329.000000	-0.005677
2330.000000	-0.003743
2331.000000	0.007412
2332.000000	0.020408
2333.000000	0.027947
2334.000000	0.029707
2335.000000	0.026643
2336.000000	0.017854
2337.000000	0.003562
2338.000000	-0.009649
2339.000000	-0.015006
2340.000000	-0.011337
2341.000000	-0.000291
2342.000000	0.010803
2343.000000	0.014962
2344.000000	0.012285
2345.000000	0.005422
2346.000000	0.000160
2347.000000	0.001206
2348.000000	0.005811
2349.000000	0.009619
2350.000000	0.009312
2351.000000	0.003548
2352.000000	-0.002161
2353.000000	-0.002564
2354.000000	-0.000320
2355.000000	0.001127
2356.000000	0.003115
2357.000000	0.007371
2358.000000	0.012411
2359.000000	0.015897
2360.000000	0.015296
2361.000000	0.009238
2362.000000	0.001193
2363.000000	-0.005237
2364.000000	-0.010758
2365.000000	-0.016159
2366.000000	-0.018247
2367.000000	-0.013892
2368.000000	-0.004198
2369.000000	0.008060
2370.000000	0.017669
2371.000000	0.020230
2372.000000	0.017037
2373.000000	0.011560
2374.000000	0.010277
2375.000000	0.017479
2376.000000	0.025694
2377.000000	0.026267
2378.000000	0.017560
2379.000000	0.002169
2380.000000	-0.007404
2381.000000	-0.000683
2382.000000	0.014789
2383.000000	0.027790
2384.000000	0.030413
2385.000000	0.018555
2386.000000	0.000012
2387.000000	-0.015123
2388.000000	-0.019475
2389.000000	-0.009539
2390.000000	0.005429
2391.000000	0.014882
2392.000000	0.015864
2393.000000	0.009436
2394.000000	0.005139
2395.000000	0.011481
2396.000000	0.024350
2397.000000	0.036168
2398.000000	0.038100
2399.000000	0.024854
2400.000000	0.006576
2401.000000	-0.005731
2402.000000	-0.013064
2403.000000	-0.018694
2404.000000	-0.022996
2405.000000	-0.025288
2406.000000	-0.023567
2407.000000	-0.016073
2408.000000	-0.003348
2409.000000	0.011544
2410.000000	0.017749
2411.000000	0.007981
2412.000000	-0.002979
2413.000000	-0.000135
2414.000000	0.010300
2415.000000	0.018541
2416.000000	0.021721
2417.000000	0.020303
2418.000000	0.021168
2419.000000	0.028123
2420.000000	0.026279
2421.000000	0.003645
2422.000000	-0.021465
2423.000000	-0.028873
2424.000000	-0.021240
2425.000000	-0.006678
2426.000000	0.007744
2427.000000	0.017205
2428.000000	0.024823
2429.000000	0.033824
2430.000000	0.039925
2431.000000	0.038096
2432.000000	0.027839
2433.000000	0.010925
2434.000000	-0.006330
2435.000000	-0.017391
2436.000000	-0.019399
2437.000000	-0.011905
2438.000000	-0.000433
2439.000000	0.008037
2440.000000	0.006668
2441.000000	-0.006996
2442.000000	-0.018029
2443.000000	-0.011823
2444.000000	0.007573
2445.000000	0.030866
2446.000000	0.046437
2447.000000	0.044950
2448.000000	0.028537
2449.000000	0.005295
2450.000000	-0.004283
2451.000000	0.014481
2452.000000	0.040614
2453.000000	0.050065
2454.000000	0.042138
2455.000000	0.023242
2456.000000	0.004870
2457.000000	-0.003124
2458.000000	-0.002514
2459.000000	0.001513
2460.000000	0.001759
2461.000000	-0.006265
2462.000000	-0.014212
2463.000000	-0.013465
2464.000000	-0.007173
2465.000000	-0.000833
2466.000000	0.002428
2467.000000	0.002291
2468.000000	0.007311
2469.000000	0.022664
2470.000000	0.031136
2471.000000	0.017869
2472.000000	-0.000176
2473.000000	-0.003387
2474.000000	0.006625
2475.000000	0.022287
2476.000000	0.033385
2477.000000	0.032204
2478.000000	0.023659
2479.000000	0.015614
2480.000000	0.015109
2481.000000	0.025574
2482.000000	0.036825
2483.000000	0.038572
2484.000000	0.033726
2485.000000	0.028117
2486.000000	0.026053
2487.000000	0.029239
2488.000000	0.030494
2489.000000	0.023457
2490.000000	0.013937
2491.000000	0.009335
2492.000000	0.011250
2493.000000	0.018057
2494.000000	0.021034
2495.000000	0.012390
2496.000000	-0.004848
2497.000000	-0.022760
2498.000000	-0.024661
2499.000000	0.000253
2500.000000	0.030509
2501.000000	0.043367
2502.000000	0.043307
2503.000000	0.039223
2504.000000	0.030434
2505.000000	0.015131
2506.000000	-0.003447
2507.000000	-0.019801
2508.000000	-0.024436
2509.000000	-0.012209
2510.000000	0.000605
2511.000000	-0.000914
2512.000000	-0.004869
2513.000000	0.002479
2514.000000	0.015404
2515.000000	0.024717
2516.000000	0.026827
2517.000000	0.021632
2518.000000	0.017392
2519.000000	0.021078
2520.000000	0.026150
2521.000000	0.024940
2522.000000	0.018783
2523.000000	0.010390
2524.000000	-0.001015
2525.000000	-0.015846
2526.000000	-0.029581
2527.000000	-0.036534
2528.000000	-0.031315
2529.000000	-0.011280
2530.000000	0.015519
2531.000000	0.038784
2532.000000	0.049943
2533.000000	0.043876
2534.000000	0.027554
2535.000000	0.010575
2536.000000	0.000949
2537.000000	0.004075
2538.000000	0.016505
2539.000000	0.030946
2540.000000	0.033583
2541.000000	0.016246
2542.000000	-0.000136
2543.000000	0.003525
2544.000000	0.009841
2545.000000	-0.000248
2546.000000	-0.016016
2547.000000	-0.020809
2548.000000	-0.004050
2549.000000	0.034963
2550.000000	0.063520
2551.000000	0.052947
2552.000000	0.024124
2553.000000	0.005078
2554.000000	0.002859
2555.000000	0.016321
2556.000000	0.032519
2557.000000	0.038354
2558.000000	0.031927
2559.000000	0.017240
2560.000000	0.010709
2561.000000	0.024323
2562.000000	0.039946
2563.000000	0.038631
2564.000000	0.028312
2565.000000	0.021143
2566.000000	0.019278
2567.000000	0.021600
2568.000000	0.023923
2569.000000	0.022233
2570.000000	0.016275
2571.000000	0.008499
2572.000000	0.008409
2573.000000	0.022415
2574.000000	0.037504
2575.000000	0.039961
2576.000000	0.032694
2577.000000	0.022253
2578.000000	0.013126
2579.000000	0.008254
2580.000000	0.006440
2581.000000	0.005755
2582.000000	0.005481
2583.000000	0.005595
2584.000000	0.007638
2585.000000	0.012516
2586.000000	0.017035
2587.000000	0.018160
2588.000000	0.017579
2589.000000	0.018033
2590.000000	0.021736
2591.000000	0.029648
2592.000000	0.038234
2593.000000	0.042484
2594.000000	0.035984
2595.000000	0.015963
2596.000000	-0.004373
2597.000000	-0.011397
2598.000000	-0.005769
2599.000000	0.007420
2600.000000	0.019659
2601.000000	0.023214
2602.000000	0.016887
2603.000000	0.002841
2604.000000	-0.009849
2605.000000	-0.012736
2606.000000	-0.006788
2607.000000	0.003658
2608.000000	0.010218
2609.000000	0.006849
2610.000000	0.000917
2611.000000	0.001783
2612.000000	0.013369
2613.000000	0.034018
2614.000000	0.045182
2615.000000	0.031035
2616.000000	0.003531
2617.000000	-0.020355
2618.000000	-0.031331
2619.000000	-0.024614
2620.000000	-0.005767
2621.000000	0.016660
2622.000000	0.032526
2623.000000	0.033476
2624.000000	0.019885
2625.000000	-0.002918
2626.000000	-0.018525
2627.000000	-0.014287
2628.000000	-0.003685
2629.000000	-0.001176
2630.000000	0.000997
2631.000000	0.012274
2632.000000	0.026606
2633.000000	0.034516
2634.000000	0.028311
2635.000000	0.006048
2636.000000	-0.013005
2637.000000	-0.010336
2638.000000	0.008340
2639.000000	0.031064
2640.000000	0.045123
2641.000000	0.041820
2642.000000	0.029271
2643.000000	0.018254
2644.000000	0.013389
2645.000000	0.015338
2646.000000	0.015084
2647.000000	0.004675
2648.000000	-0.009903
2649.000000	-0.020728
2650.000000	-0.026081
2651.000000	-0.026290
2652.000000	-0.023659
2653.000000	-0.020423
2654.000000	-0.016564
2655.000000	-0.011568
2656.000000	-0.005178
2657.000000	0.002162
2658.000000	0.007462
2659.000000	0.007848
2660.000000	0.003455
2661.000000	-0.004026
2662.000000	-0.009679
2663.000000	-0.009808
2664.000000	-0.008809
2665.000000	-0.011331
2666.000000	-0.014949
2667.000000	-0.015366
2668.000000	-0.007878
2669.000000	0.008236
2670.000000	0.017353
2671.000000	0.007048
2672.000000	-0.005967
2673.000000	-0.004541
2674.000000	0.001095
2675.000000	-0.002036
2676.000000	-0.010501
2677.000000	-0.017306
2678.000000	-0.017604
2679.000000	-0.009792
2680.000000	-0.003085
2681.000000	-0.005214
2682.000000	-0.007143
2683.000000	-0.000156
2684.000000	0.006424
2685.000000	0.003002
2686.000000	-0.003057
2687.000000	-0.003206
2688.000000	-0.001129
2689.000000	-0.002853
2690.000000	-0.011541
2691.000000	-0.025828
2692.000000	-0.029095
2693.000000	-0.008519
2694.000000	0.018299
2695.000000	0.031071
2696.000000	0.029186
2697.000000	0.017941
2698.000000	0.006594
2699.000000	0.003125
2700.000000	0.006454
2701.000000	0.012498
2702.000000	0.014222
2703.000000	0.006722
2704.000000	-0.003419
2705.000000	-0.008406
2706.000000	-0.007078
2707.000000	-0.000244
2708.000000	0.010031
2709.000000	0.021136
2710.000000	0.029517
2711.000000	0.032511
2712.000000	0.031945
2713.000000	0.030969
2714.000000	0.033526
2715.000000	0.041820
2716.000000	0.050315
2717.000000	0.052673
2718.000000	0.047082
2719.000000	0.034620
2720.000000	0.023405
2721.000000	0.020604
2722.000000	0.022550
2723.000000	0.023750
2724.000000	0.022242
2725.000000	0.018461
2726.000000	0.018887
2727.000000	0.027055
2728.000000	0.028677
2729.000000	0.012190
2730.000000	-0.005244
2731.000000	-0.004970
2732.000000	0.008905
2733.000000	0.026733
2734.000000	0.039474
2735.000000	0.040421
2736.000000	0.031587
2737.000000	0.017970
2738.000000	0.007787
2739.000000	0.007950
2740.000000	0.016932
2741.000000	0.030157
2742.000000	0.039294
2743.000000	0.037544
2744.000000	0.027977
2745.000000	0.015654
2746.000000	0.003720
2747.000000	-0.005439
2748.000000	-0.010570
2749.000000	-0.010498
2750.000000	-0.003234
2751.000000	0.011577
2752.000000	0.026928
2753.000000	0.035150
2754.000000	0.033295
2755.000000	0.021553
2756.000000	0.007953
2757.000000	0.001214
2758.000000	0.004982
2759.000000	0.019369
2760.000000	0.035422
2761.000000	0.042594
2762.000000	0.033019
2763.000000	0.005285
2764.000000	-0.018874
2765.000000	-0.018618
2766.000000	0.000187
2767.000000	0.024022
2768.000000	0.035467
2769.000000	0.021834
2770.000000	-0.006746
2771.000000	-0.034590
2772.000000	-0.046616
2773.000000	-0.033474
2774.000000	-0.008137
2775.000000	0.013178
2776.000000	0.023593
2777.000000	0.020509
2778.000000	0.009097
2779.000000	-0.004142
2780.000000	-0.015153
2781.000000	-0.021034
2782.000000	-0.021053
2783.000000	-0.015633
2784.000000	-0.007655
2785.000000	-0.000728
2786.000000	0.001074
2787.000000	-0.005371
2788.000000	-0.018931
2789.000000	-0.035668
2790.000000	-0.044686
2791.000000	-0.037674
2792.000000	-0.023620
2793.000000	-0.013574
2794.000000	-0.009537
2795.000000	-0.010256
2796.000000	-0.010513
2797.000000	-0.005757
2798.000000	0.001922
2799.000000	0.009035
2800.000000	0.013127
2801.000000	0.011358
2802.000000	-0.001687
2803.000000	-0.026839
2804.000000	-0.044027
2805.000000	-0.036067
2806.000000	-0.018236
2807.000000	-0.010420
2808.000000	-0.018494
2809.000000	-0.039906
2810.000000	-0.052401
2811.000000	-0.038618
2812.000000	-0.020485
2813.000000	-0.020631
2814.000000	-0.025213
2815.000000	-0.018374
2816.000000	-0.012671
2817.000000	-0.021717
2818.000000	-0.034937
2819.000000	-0.038935
2820.000000	-0.033234
2821.000000	-0.022490
2822.000000	-0.018973
2823.000000	-0.030337
2824.000000	-0.038156
2825.000000	-0.026418
2826.000000	-0.014845
2827.000000	-0.022452
2828.000000	-0.029681
2829.000000	-0.015484
2830.000000	0.008585
2831.000000	0.025626
2832.000000	0.029946
2833.000000	0.021499
2834.000000	0.011616
2835.000000	0.011140
2836.000000	0.017580
2837.000000	0.024772
2838.000000	0.025197
2839.000000	0.015590
2840.000000	0.011062
2841.000000	0.025143
2842.000000	0.046664
2843.000000	0.061871
2844.000000	0.071379
2845.000000	0.079432
2846.000000	0.090432
2847.000000	0.106447
2848.000000	0.120051
2849.000000	0.125483
2850.000000	0.133131
2851.000000	0.151862
2852.000000	0.168302
2853.000000	0.170199
2854.000000	0.172033
2855.000000	0.189533
2856.000000	0.216677
2857.000000	0.243053
2858.000000	0.262429
2859.000000	0.271903
2860.000000	0.277713
2861.000000	0.285966
2862.000000	0.293114
2863.000000	0.295390
2864.000000	0.297812
2865.000000	0.306058
2866.000000	0.319671
2867.000000	0.335687
2868.000000	0.347254
2869.000000	0.350712
2870.000000	0.359050
2871.000000	0.385900
2872.000000	0.430819
2873.000000	0.485460
2874.000000	0.523928
2875.000000	0.525918
2876.000000	0.511028
2877.000000	0.503557
2878.000000	0.506692
2879.000000	0.516442
2880.000000	0.521200
2881.000000	0.512440
2882.000000	0.501561
2883.000000	0.501049
2884.000000	0.507804
2885.000000	0.514037
2886.000000	0.508790
2887.000000	0.487323
2888.000000	0.472931
2889.000000	0.486259
2890.000000	0.509299
2891.000000	0.520647
2892.000000	0.523954
2893.000000	0.528209
2894.000000	0.538701
2895.000000	0.556449
2896.000000	0.569097
2897.000000	0.565067
2898.000000	0.549263
2899.000000	0.532717
2900.000000	0.534491
2901.000000	0.565495
2902.000000	0.596004
2903.000000	0.598880
2904.000000	0.597978
2905.000000	0.619293
2906.000000	0.646389
2907.000000	0.658997
2908.000000	0.663943
2909.000000	0.673055
2910.000000	0.691068
2911.000000	0.717907
2912.000000	0.741362
2913.000000	0.749215
2914.000000	0.741369
2915.000000	0.724894
2916.000000	0.723423
2917.000000	0.754254
2918.000000	0.792787
2919.000000	0.812212
2920.000000	0.818782
2921.000000	0.827070
2922.000000	0.851883
2923.000000	0.900347
2924.000000	0.948648
2925.000000	0.969618
2926.000000	0.953623
2927.000000	0.906685
2928.000000	0.879920
2929.000000	0.914218
2930.000000	0.964478
2931.000000	0.980091
2932.000000	0.974396
2933.000000	0.971833
2934.000000	0.977295
2935.000000	0.989248
2936.000000	1.000000
2937.000000	1.002291
2938.000000	0.996757
2939.000000	0.986192
2940.000000	0.974130
2941.000000	0.961504
2942.000000	0.938106
2943.000000	0.896700
2944.000000	0.853085
2945.000000	0.823360
2946.000000	0.801785
2947.000000	0.781585
2948.000000	0.773688
2949.000000	0.786309
2950.000000	0.799104
2951.000000	0.789469
2952.000000	0.754315
2953.000000	0.700249
2954.000000	0.653139
2955.000000	0.633982
2956.000000	0.625033
2957.000000	0.607428
2958.000000	0.596569
2959.000000	0.607485
2960.000000	0.619430
2961.000000	0.612394
2962.000000	0.605072
2963.000000	0.617872
2964.000000	0.639334
2965.000000	0.651693
2966.000000	0.643813
2967.000000	0.611954
2968.000000	0.575323
2969.000000	0.552858
2970.000000	0.539489
2971.000000	0.525726
2972.000000	0.508424
2973.000000	0.489654
2974.000000	0.486021
2975.000000	0.507938
2976.000000	0.526522
2977.000000	0.513582
2978.000000	0.482992
2979.000000	0.456353
2980.000000	0.444112
2981.000000	0.448656
2982.000000	0.451269
2983.000000	0.436521
2984.000000	0.423212
2985.000000	0.428418
2986.000000	0.428092
2987.000000	0.397836
2988.000000	0.352967
2989.000000	0.315182
2990.000000	0.291975
2991.000000	0.284735
2992.000000	0.284619
2993.000000	0.280880
2994.000000	0.265387
2995.000000	0.233713
2996.000000	0.193645
2997.000000	0.156351
2998.000000	0.134316
2999.000000	0.134414
3000.000000	0.139772
3001.000000	0.133894
3002.000000	0.125549
3003.000000	0.126256
3004.000000	0.133287
3005.000000	0.139929
3006.000000	0.137784
3007.000000	0.120383
3008.000000	0.090654
3009.000000	0.055411
3010.000000	0.027615
3011.000000	0.019027
3012.000000	0.030457
3013.000000	0.055732
3014.000000	0.071704
3015.000000	0.060159
3016.000000	0.039597
3017.000000	0.031992
3018.000000	0.036511
3019.000000	0.046004
3020.000000	0.050864
3021.000000	0.043821
3022.000000	0.029404
3023.000000	0.014489
3024.000000	0.003523
3025.000000	-0.001467
3026.000000	-0.005716
3027.000000	-0.013869
3028.000000	-0.020937
3029.000000	-0.021737
3030.000000	-0.019939
3031.000000	-0.019696
3032.000000	-0.018234
3033.000000	-0.013383
3034.000000	-0.012310
3035.000000	-0.020536
3036.000000	-0.027673
3037.000000	-0.022705
3038.000000	-0.008017
3039.000000	0.009408
3040.000000	0.017592
3041.000000	0.008491
3042.000000	-0.005206
3043.000000	-0.009950
3044.000000	-0.009494
3045.000000	-0.009095
3046.000000	-0.002737
3047.000000	0.013894
3048.000000	0.027033
3049.000000	0.023722
3050.000000	0.012306
3051.000000	0.004764
3052.000000	0.006323
3053.000000	0.018433
3054.000000	0.034204
3055.000000	0.045838
3056.000000	0.050249
3057.000000	0.046286
3058.000000	0.035827
3059.000000	0.024776
3060.000000	0.032111
3061.000000	0.068155
3062.000000	0.095540
3063.000000	0.080765
3064.000000	0.053494
3065.000000	0.047776
3066.000000	0.052038
3067.000000	0.047780
3068.000000	0.034435
3069.000000	0.018127
3070.000000	0.013831
3071.000000	0.030924
3072.000000	0.047546
3073.000000	0.041701
3074.000000	0.022088
3075.000000	0.003648
3076.000000	-0.004407
3077.000000	0.001725
3078.000000	0.009923
3079.000000	0.008484
3080.000000	0.003305
3081.000000	0.002156
3082.000000	0.002710
3083.000000	0.000988
3084.000000	-0.003500
3085.000000	-0.009484
3086.000000	-0.012154
3087.000000	-0.008168
3088.000000	-0.003585
3089.000000	-0.004480
3090.000000	-0.007572
3091.000000	-0.008225
3092.000000	-0.005733
3093.000000	-0.001431
3094.000000	-0.000895
3095.000000	-0.008998
3096.000000	-0.023560
3097.000000	-0.039368
3098.000000	-0.046127
3099.000000	-0.036371
3100.000000	-0.019025
3101.000000	-0.006059
3102.000000	-0.005221
3103.000000	-0.018166
3104.000000	-0.026396
3105.000000	-0.014686
3106.000000	-0.001044
3107.000000	-0.004145
3108.000000	-0.012090
3109.000000	-0.010887
3110.000000	-0.008746
3111.000000	-0.014982
3112.000000	-0.021141
3113.000000	-0.017144
3114.000000	-0.004180
3115.000000	0.012532
3116.000000	0.022918
3117.000000	0.018860
3118.000000	0.004919
3119.000000	-0.010690
3120.000000	-0.017812
3121.000000	-0.010284
3122.000000	0.000143
3123.000000	0.001707
3124.000000	0.000512
3125.000000	0.003106
3126.000000	-0.000059
3127.000000	-0.016630
3128.000000	-0.030558
3129.000000	-0.026628
3130.000000	-0.016649
3131.000000	-0.015645
3132.000000	-0.024471
3133.000000	-0.038404
3134.000000	-0.044571
3135.000000	-0.033720
3136.000000	-0.019237
3137.000000	-0.015291
3138.000000	-0.016531
3139.000000	-0.016774
3140.000000	-0.026021
3141.000000	-0.050669
3142.000000	-0.066510
3143.000000	-0.051182
3144.000000	-0.020300
3145.000000	0.004357
3146.000000	0.014336
3147.000000	0.007386
3148.000000	-0.007263
3149.000000	-0.018665
3150.000000	-0.020477
3151.000000	-0.009923
3152.000000	0.006110
3153.000000	0.018075
3154.000000	0.015450
3155.000000	-0.006318
3156.000000	-0.026920
3157.000000	-0.026241
3158.000000	-0.009810
3159.000000	0.009939
3160.000000	0.018606
3161.000000	0.007826
3162.000000	-0.004648
3163.000000	-0.000775
3164.000000	0.012523
3165.000000	0.022985
3166.000000	0.021957
3167.000000	0.005698
3168.000000	-0.013504
3169.000000	-0.023048
3170.000000	-0.025129
3171.000000	-0.024164
3172.000000	-0.018676
3173.000000	-0.007918
3174.000000	0.000036
3175.000000	-0.001777
3176.000000	-0.007045
3177.000000	-0.008556
3178.000000	-0.008767
3179.000000	-0.010892
3180.000000	-0.011497
3181.000000	-0.007675
3182.000000	-0.005270
3183.000000	-0.010004
3184.000000	-0.018351
3185.000000	-0.023951
3186.000000	-0.018370
3187.000000	0.001345
3188.000000	0.014142
3189.000000	0.001973
3190.000000	-0.017179
3191.000000	-0.021981
3192.000000	-0.013726
3193.000000	0.000215
3194.000000	0.010792
3195.000000	0.011191
3196.000000	0.005221
3197.000000	-0.001529
3198.000000	-0.006962
3199.000000	-0.010306
3200.000000	-0.012604
3201.000000	-0.014864
3202.000000	-0.016141
3203.000000	-0.014935
3204.000000	-0.009478
3205.000000	0.000723
3206.000000	0.010788
3207.000000	0.016360
3208.000000	0.020542
3209.000000	0.026514
3210.000000	0.030296
3211.000000	0.027461
3212.000000	0.018944
3213.000000	0.007309
3214.000000	-0.003744
3215.000000	-0.010875
3216.000000	-0.013334
3217.000000	-0.010862
3218.000000	-0.002580
3219.000000	0.011246
3220.000000	0.025143
3221.000000	0.032625
3222.000000	0.028358
3223.000000	0.011342
3224.000000	-0.003250
3225.000000	-0.001776
3226.000000	0.007107
3227.000000	0.012203
3228.000000	0.014466
3229.000000	0.016458
3230.000000	0.015037
3231.000000	0.008334
3232.000000	0.005293
3233.000000	0.013615
3234.000000	0.025220
3235.000000	0.029711
3236.000000	0.023218
3237.000000	0.006293
3238.000000	-0.009341
3239.000000	-0.012391
3240.000000	-0.004450
3241.000000	0.008408
3242.000000	0.015075
3243.000000	0.009267
3244.000000	0.009040
3245.000000	0.029043
3246.000000	0.045946
3247.000000	0.036534
3248.000000	0.016029
3249.000000	0.004514
3250.000000	0.003072
3251.000000	0.007734
3252.000000	0.013336
3253.000000	0.016156
3254.000000	0.019442
3255.000000	0.026760
3256.000000	0.035984
3257.000000	0.043300
3258.000000	0.043846
3259.000000	0.035156
3260.000000	0.025410
3261.000000	0.023823
3262.000000	0.033115
3263.000000	0.051684
3264.000000	0.067131
3265.000000	0.069654
3266.000000	0.070633
3267.000000	0.080500
3268.000000	0.084722
3269.000000	0.069696
3270.000000	0.050495
3271.000000	0.043432
3272.000000	0.041086
3273.000000	0.033576
3274.000000	0.024910
3275.000000	0.021941
3276.000000	0.029019
3277.000000	0.046052
3278.000000	0.057689
3279.000000	0.051853
3280.000000	0.044818
3281.000000	0.053484
3282.000000	0.068912
3283.000000	0.078168
3284.000000	0.078190
3285.000000	0.070859
3286.000000	0.067946
3287.000000	0.078238
3288.000000	0.088685
3289.000000	0.085411
3290.000000	0.073069
3291.000000	0.060828
3292.000000	0.057400
3293.000000	0.067241
3294.000000	0.078232
3295.000000	0.077265
3296.000000	0.063837
3297.000000	0.042944
3298.000000	0.028971
3299.000000	0.033031
3300.000000	0.043765
3301.000000	0.048888
3302.000000	0.054890
3303.000000	0.068537
3304.000000	0.078922
3305.000000	0.076330
3306.000000	0.073494
3307.000000	0.081745
3308.000000	0.084360
3309.000000	0.064903
3310.000000	0.036128
3311.000000	0.016393
3312.000000	0.017279
3313.000000	0.042975
3314.000000	0.074885
3315.000000	0.092691
3316.000000	0.091970
3317.000000	0.075521
3318.000000	0.059130
3319.000000	0.056891
3320.000000	0.063127
3321.000000	0.070040
3322.000000	0.081118
3323.000000	0.098616
3324.000000	0.108577
3325.000000	0.098915
3326.000000	0.081236
3327.000000	0.071065
3328.000000	0.075914
3329.000000	0.095694
3330.000000	0.107914
3331.000000	0.092674
3332.000000	0.062820
3333.000000	0.037778
3334.000000	0.030529
3335.000000	0.047002
3336.000000	0.071352
3337.000000	0.085598
3338.000000	0.085000
3339.000000	0.071014
3340.000000	0.056645
3341.000000	0.054347
3342.000000	0.062825
3343.000000	0.077055
3344.000000	0.090840
3345.000000	0.097823
3346.000000	0.092189
3347.000000	0.072856
3348.000000	0.057126
3349.000000	0.059728
3350.000000	0.066722
3351.000000	0.062866
3352.000000	0.056390
3353.000000	0.057531
3354.000000	0.061096
3355.000000	0.060553
3356.000000	0.059450
3357.000000	0.063170
3358.000000	0.074347
3359.000000	0.091919
3360.000000	0.102769
3361.000000	0.096126
3362.000000	0.082642
3363.000000	0.074249
3364.000000	0.066575
3365.000000	0.054796
3366.000000	0.048576
3367.000000	0.056254
3368.000000	0.066382
3369.000000	0.067430
3370.000000	0.067325
3371.000000	0.073918
3372.000000	0.075305
3373.000000	0.060237
3374.000000	0.039827
3375.000000	0.027937
3376.000000	0.027050
3377.000000	0.035430
3378.000000	0.045840
3379.000000	0.051657
3380.000000	0.054228
3381.000000	0.056187
3382.000000	0.057347
3383.000000	0.056780
3384.000000	0.053414
3385.000000	0.047314
3386.000000	0.043227
3387.000000	0.045431
3388.000000	0.051640
3389.000000	0.057739
3390.000000	0.058874
3391.000000	0.051668
3392.000000	0.039397
3393.000000	0.027327
3394.000000	0.022039
3395.000000	0.027778
3396.000000	0.038127
3397.000000	0.045212
3398.000000	0.045985
3399.000000	0.040795
3400.000000	0.038736
3401.000000	0.046739
3402.000000	0.054326
3403.000000	0.049678
3404.000000	0.033005
3405.000000	0.010772
3406.000000	0.002431
3407.000000	0.021163
3408.000000	0.042078
3409.000000	0.039474
3410.000000	0.022490
3411.000000	0.007932
3412.000000	0.008451
3413.000000	0.028359
3414.000000	0.042766
3415.000000	0.030117
3416.000000	0.011389
3417.000000	0.009312
3418.000000	0.011097
3419.000000	0.002248
3420.000000	-0.003039
3421.000000	0.010376
3422.000000	0.032715
3423.000000	0.048936
3424.000000	0.047863
3425.000000	0.025956
3426.000000	0.006351
3427.000000	0.011067
3428.000000	0.030963
3429.000000	0.048994
3430.000000	0.047656
3431.000000	0.020299
3432.000000	0.004155
3433.000000	0.029594
3434.000000	0.055653
3435.000000	0.041106
3436.000000	0.014996
3437.000000	0.012500
3438.000000	0.023066
3439.000000	0.029398
3440.000000	0.032954
3441.000000	0.037102
3442.000000	0.034109
3443.000000	0.018445
3444.000000	0.004505
3445.000000	0.006301
3446.000000	0.016403
3447.000000	0.023750
3448.000000	0.024209
3449.000000	0.018324
3450.000000	0.018436
3451.000000	0.034236
3452.000000	0.053023
3453.000000	0.058488
3454.000000	0.042275
3455.000000	0.004427
3456.000000	-0.029364
3457.000000	-0.035397
3458.000000	-0.023595
3459.000000	-0.009378
3460.000000	0.003467
3461.000000	0.014128
3462.000000	0.022071
3463.000000	0.024800
3464.000000	0.011693
3465.000000	-0.019899
3466.000000	-0.032595
3467.000000	0.003020
3468.000000	0.044465
3469.000000	0.047165
3470.000000	0.030054
3471.000000	0.020551
3472.000000	0.016504
3473.000000	0.010306
3474.000000	0.002103
3475.000000	-0.004810
3476.000000	-0.002302
3477.000000	0.014035
3478.000000	0.028880
3479.000000	0.027342
3480.000000	0.015982
3481.000000	0.005461
3482.000000	0.001378
3483.000000	0.005054
3484.000000	0.005760
3485.000000	-0.005216
3486.000000	-0.016476
3487.000000	-0.014993
3488.000000	-0.001329
3489.000000	0.019349
3490.000000	0.037033
3491.000000	0.042429
3492.000000	0.033928
3493.000000	0.014655
3494.000000	-0.001025
3495.000000	0.000235
3496.000000	0.016474
3497.000000	0.039861
3498.000000	0.054404
3499.000000	0.048363
3500.000000	0.035176
3501.000000	0.029547
3502.000000	0.026067
3503.000000	0.016607
3504.000000	0.002283
3505.000000	-0.011305
3506.000000	-0.009867
3507.000000	0.014843
3508.000000	0.038201
3509.000000	0.035945
3510.000000	0.018142
3511.000000	0.001850
3512.000000	-0.002227
3513.000000	0.010141
3514.000000	0.023644
3515.000000	0.024238
3516.000000	0.022493
3517.000000	0.030034
3518.000000	0.038080
3519.000000	0.035805
3520.000000	0.024594
3521.000000	0.010275
3522.000000	0.004235
3523.000000	0.013662
3524.000000	0.023382
3525.000000	0.017650
3526.000000	0.000804
3527.000000	-0.017778
3528.000000	-0.028641
3529.000000	-0.025734
3530.000000	-0.016693
3531.000000	-0.010346
3532.000000	-0.006599
3533.000000	-0.003004
3534.000000	0.003368
3535.000000	0.013615
3536.000000	0.021029
3537.000000	0.019312
3538.000000	0.011614
3539.000000	0.003245
3540.000000	-0.001306
3541.000000	0.001418
3542.000000	0.011549
3543.000000	0.025873
3544.000000	0.031115
3545.000000	0.018551
3546.000000	0.007731
3547.000000	0.017581
3548.000000	0.036276
3549.000000	0.046206
3550.000000	0.037385
3551.000000	0.007270
3552.000000	-0.024524
3553.000000	-0.037569
3554.000000	-0.030323
3555.000000	-0.007818
3556.000000	0.017521
3557.000000	0.033321
3558.000000	0.034808
3559.000000	0.021541
3560.000000	0.002820
3561.000000	-0.011196
3562.000000	-0.016658
3563.000000	-0.012552
3564.000000	-0.002908
3565.000000	0.007498
3566.000000	0.015936
3567.000000	0.020098
3568.000000	0.017312
3569.000000	0.006820
3570.000000	-0.004114
3571.000000	-0.008831
3572.000000	-0.011103
3573.000000	-0.015712
3574.000000	-0.021045
3575.000000	-0.023508
3576.000000	-0.017965
3577.000000	-0.002078
3578.000000	0.013769
3579.000000	0.018413
3580.000000	0.010309
3581.000000	-0.005839
3582.000000	-0.009958
3583.000000	0.011905
3584.000000	0.033862
3585.000000	0.029176
3586.000000	0.007575
3587.000000	-0.013428
3588.000000	-0.021633
3589.000000	-0.010244
3590.000000	0.011225
3591.000000	0.029877
3592.000000	0.035595
3593.000000	0.023353
3594.000000	0.005705
3595.000000	-0.004410
3596.000000	-0.010092
3597.000000	-0.016947
3598.000000	-0.024551
3599.000000	-0.030974
3600.000000	-0.034287
