400.000000	0.026663
401.000000	0.017207
402.000000	0.013313
403.000000	0.013289
404.000000	0.015442
405.000000	0.017259
406.000000	0.012951
407.000000	-0.001195
408.000000	-0.017309
409.000000	-0.026335
410.000000	-0.026065
411.000000	-0.017619
412.000000	-0.008574
413.000000	-0.005957
414.000000	-0.008143
415.000000	-0.011476
416.000000	-0.012819
417.000000	-0.010307
418.000000	-0.006625
419.000000	-0.004877
420.000000	-0.005280
421.000000	-0.007016
422.000000	-0.008012
423.000000	-0.006758
424.000000	-0.005260
425.000000	-0.005983
426.000000	-0.009707
427.000000	-0.015883
428.000000	-0.020331
429.000000	-0.019271
430.000000	-0.014145
431.000000	-0.007863
432.000000	-0.003986
433.000000	-0.005183
434.000000	-0.009909
435.000000	-0.015785
436.000000	-0.021310
437.000000	-0.025179
438.000000	-0.025991
439.000000	-0.023174
440.000000	-0.019558
441.000000	-0.018474
442.000000	-0.021846
443.000000	-0.029338
444.000000	-0.032978
445.000000	-0.025542
446.000000	-0.010427
447.000000	0.005260
448.000000	0.010183
449.000000	-0.003410
450.000000	-0.024701
451.000000	-0.040210
452.000000	-0.044382
453.000000	-0.036412
454.000000	-0.026567
455.000000	-0.024789
456.000000	-0.028657
457.000000	-0.032648
458.000000	-0.031210
459.000000	-0.021211
460.000000	-0.009249
461.000000	-0.002766
462.000000	-0.002865
463.000000	-0.008168
464.000000	-0.013709
465.000000	-0.015018
466.000000	-0.013202
467.000000	-0.010608
468.000000	-0.008958
469.000000	-0.009762
470.000000	-0.014292
471.000000	-0.022918
472.000000	-0.032621
473.000000	-0.039433
474.000000	-0.038968
475.000000	-0.029052
476.000000	-0.016781
477.000000	-0.010023
478.000000	-0.010467
479.000000	-0.016795
480.000000	-0.021839
481.000000	-0.019504
482.000000	-0.013822
483.000000	-0.010821
484.000000	-0.014374
485.000000	-0.025545
486.000000	-0.036305
487.000000	-0.038624
488.000000	-0.033553
489.000000	-0.025109
490.000000	-0.020079
491.000000	-0.023182
492.000000	-0.028088
493.000000	-0.027206
494.000000	-0.018955
495.000000	-0.005202
496.000000	0.004397
497.000000	0.001741
498.000000	-0.007264
499.000000	-0.013680
500.000000	-0.010432
501.000000	0.005502
502.000000	0.022809
503.000000	0.029427
504.000000	0.024620
505.000000	0.011611
506.000000	-0.001878
507.000000	-0.009176
508.000000	-0.012331
509.000000	-0.014920
510.000000	-0.017923
511.000000	-0.020679
512.000000	-0.018552
513.000000	-0.007928
514.000000	0.006738
515.000000	0.019167
516.000000	0.023852
517.000000	0.018001
518.000000	0.008922
519.000000	0.004725
520.000000	0.006626
521.000000	0.013364
522.000000	0.020647
523.000000	0.024351
524.000000	0.024036
525.000000	0.020317
526.000000	0.014335
527.000000	0.007940
528.000000	0.005293
529.000000	0.009445
530.000000	0.016688
531.000000	0.021728
532.000000	0.019689
533.000000	0.008061
534.000000	-0.006604
535.000000	-0.016812
536.000000	-0.020350
537.000000	-0.016898
538.000000	-0.008437
539.000000	0.002424
540.000000	0.012851
541.000000	0.020266
542.000000	0.023340
543.000000	0.021630
544.000000	0.016975
545.000000	0.011488
546.000000	0.006086
547.000000	0.001360
548.000000	-0.002212
549.000000	-0.004270
550.000000	-0.004807
551.000000	-0.003803
552.000000	-0.000833
553.000000	0.004729
554.000000	0.013907
555.000000	0.026719
556.000000	0.038767
557.000000	0.045328
558.000000	0.044809
559.000000	0.037823
560.000000	0.030682
561.000000	0.029019
562.000000	0.030049
563.000000	0.029005
564.000000	0.021610
565.000000	0.005781
566.000000	-0.012293
567.000000	-0.025762
568.000000	-0.033416
569.000000	-0.036072
570.000000	-0.037012
571.000000	-0.038669
572.000000	-0.037626
573.000000	-0.030059
574.000000	-0.016375
575.000000	0.000113
576.000000	0.008697
577.000000	0.000987
578.000000	-0.014737
579.000000	-0.026664
580.000000	-0.025522
581.000000	-0.007603
582.000000	0.011097
583.000000	0.014097
584.000000	0.002696
585.000000	-0.015892
586.000000	-0.028562
587.000000	-0.025229
588.000000	-0.013781
589.000000	-0.004948
590.000000	-0.002863
591.000000	-0.008551
592.000000	-0.017215
593.000000	-0.023694
594.000000	-0.027195
595.000000	-0.028020
596.000000	-0.026472
597.000000	-0.022681
598.000000	-0.016096
599.000000	-0.006587
600.000000	0.003594
601.000000	0.011511
602.000000	0.013865
603.000000	0.009076
604.000000	0.002791
605.000000	0.000993
606.000000	0.003771
607.000000	0.008462
608.000000	0.007302
609.000000	-0.005758
610.000000	-0.024800
611.000000	-0.041695
612.000000	-0.051446
613.000000	-0.051405
614.000000	-0.045181
615.000000	-0.037215
616.000000	-0.029002
617.000000	-0.021239
618.000000	-0.014369
619.000000	-0.008719
620.000000	-0.004405
621.000000	-0.001419
622.000000	0.000526
623.000000	0.001857
624.000000	0.003268
625.000000	0.005027
626.000000	0.005429
627.000000	0.002695
628.000000	-0.003282
629.000000	-0.011583
630.000000	-0.018851
631.000000	-0.021930
632.000000	-0.020895
633.000000	-0.016661
634.000000	-0.010261
635.000000	-0.002522
636.000000	0.006667
637.000000	0.017271
638.000000	0.027725
639.000000	0.036040
640.000000	0.040048
641.000000	0.037917
642.000000	0.029344
643.000000	0.014943
644.000000	-0.002529
645.000000	-0.019104
646.000000	-0.028109
647.000000	-0.024820
648.000000	-0.015022
649.000000	-0.006266
650.000000	-0.002652
651.000000	-0.005416
652.000000	-0.007797
653.000000	-0.003403
654.000000	0.004676
655.000000	0.011073
656.000000	0.010791
657.000000	0.001531
658.000000	-0.008602
659.000000	-0.011192
660.000000	-0.006998
661.000000	0.000083
662.000000	0.002778
663.000000	-0.004251
664.000000	-0.015235
665.000000	-0.022322
666.000000	-0.020452
667.000000	-0.008015
668.000000	0.005571
669.000000	0.011912
670.000000	0.017720
671.000000	0.028507
672.000000	0.029869
673.000000	0.010244
674.000000	-0.010656
675.000000	-0.012105
676.000000	-0.000600
677.000000	0.010805
678.000000	0.010039
679.000000	-0.008885
680.000000	-0.028599
681.000000	-0.030849
682.000000	-0.017175
683.000000	0.003556
684.000000	0.012975
685.000000	-0.002254
686.000000	-0.025837
687.000000	-0.037653
688.000000	-0.031887
689.000000	-0.010301
690.000000	0.009354
691.000000	0.010819
692.000000	-0.000210
693.000000	-0.013291
694.000000	-0.020942
695.000000	-0.018677
696.000000	-0.011028
697.000000	-0.003788
698.000000	0.001228
699.000000	0.003332
700.000000	0.002370
701.000000	-0.001277
702.000000	-0.005616
703.000000	-0.008740
704.000000	-0.010712
705.000000	-0.012364
706.000000	-0.015647
707.000000	-0.021355
708.000000	-0.024530
709.000000	-0.020082
710.000000	-0.008151
711.000000	0.008239
712.000000	0.019763
713.000000	0.018735
714.000000	0.010330
715.000000	0.002241
716.000000	-0.000640
717.000000	0.003968
718.000000	0.010706
719.000000	0.013980
720.000000	0.014892
721.000000	0.016196
722.000000	0.020561
723.000000	0.029163
724.000000	0.037286
725.000000	0.040040
726.000000	0.037723
727.000000	0.032379
728.000000	0.027856
729.000000	0.026729
730.000000	0.024680
731.000000	0.016916
732.000000	0.003629
733.000000	-0.012672
734.000000	-0.025192
735.000000	-0.028270
736.000000	-0.025072
737.000000	-0.020396
738.000000	-0.016732
739.000000	-0.014943
740.000000	-0.011691
741.000000	-0.003835
742.000000	0.006775
743.000000	0.017200
744.000000	0.025134
745.000000	0.029665
746.000000	0.034821
747.000000	0.044160
748.000000	0.054412
749.000000	0.060453
750.000000	0.056575
751.000000	0.040243
752.000000	0.022212
753.000000	0.013959
754.000000	0.016568
755.000000	0.027214
756.000000	0.037830
757.000000	0.040832
758.000000	0.035817
759.000000	0.024432
760.000000	0.009334
761.000000	-0.005902
762.000000	-0.015045
763.000000	-0.013597
764.000000	-0.006652
765.000000	-0.001007
766.000000	-0.000677
767.000000	-0.007382
768.000000	-0.016457
769.000000	-0.022566
770.000000	-0.024091
771.000000	-0.020566
772.000000	-0.012415
773.000000	-0.001020
774.000000	0.009291
775.000000	0.014482
776.000000	0.014632
777.000000	0.011196
778.000000	0.007011
779.000000	0.004309
780.000000	0.001528
781.000000	-0.002547
782.000000	-0.003943
783.000000	0.000971
784.000000	0.009277
785.000000	0.017997
786.000000	0.030450
787.000000	0.047217
788.000000	0.051622
789.000000	0.030403
790.000000	0.001194
791.000000	-0.015986
792.000000	-0.022485
793.000000	-0.024208
794.000000	-0.023919
795.000000	-0.023370
796.000000	-0.023407
797.000000	-0.024437
798.000000	-0.026028
799.000000	-0.027517
800.000000	-0.028166
801.000000	-0.027167
802.000000	-0.023510
803.000000	-0.016690
804.000000	-0.008421
805.000000	-0.000998
806.000000	0.003180
807.000000	0.002824
808.000000	0.001194
809.000000	0.001897
810.000000	0.005394
811.000000	0.011041
812.000000	0.016938
813.000000	0.021162
814.000000	0.022972
815.000000	0.022061
816.000000	0.018679
817.000000	0.013377
818.000000	0.007351
819.000000	0.001775
820.000000	-0.002924
821.000000	-0.006528
822.000000	-0.008928
823.000000	-0.010150
824.000000	-0.010664
825.000000	-0.010642
826.000000	-0.008624
827.000000	-0.003121
828.000000	0.005836
829.000000	0.016640
830.000000	0.022890
831.000000	0.019148
832.000000	0.008610
833.000000	-0.003431
834.000000	-0.011939
835.000000	-0.013566
836.000000	-0.011473
837.000000	-0.009619
838.000000	-0.008640
839.000000	-0.008216
840.000000	-0.007526
841.000000	-0.005429
842.000000	0.000012
843.000000	0.010011
844.000000	0.022113
845.000000	0.032545
846.000000	0.035941
847.000000	0.028772
848.000000	0.016441
849.000000	0.005535
850.000000	-0.001566
851.000000	-0.004266
852.000000	-0.004886
853.000000	-0.005486
854.000000	-0.004153
855.000000	0.001489
856.000000	0.011709
857.000000	0.024947
858.000000	0.034447
859.000000	0.034779
860.000000	0.031028
861.000000	0.029090
862.000000	0.027608
863.000000	0.023864
864.000000	0.016969
865.000000	0.007153
866.000000	-0.002693
867.000000	-0.009250
868.000000	-0.010143
869.000000	-0.004740
870.000000	0.001547
871.000000	0.003340
872.000000	0.001429
873.000000	-0.001792
874.000000	-0.003674
875.000000	-0.002431
876.000000	0.000025
877.000000	0.001251
878.000000	0.000373
879.000000	-0.002957
880.000000	-0.008548
881.000000	-0.015943
882.000000	-0.024173
883.000000	-0.031759
884.000000	-0.035710
885.000000	-0.032513
886.000000	-0.018073
887.000000	0.008111
888.000000	0.031594
889.000000	0.037795
890.000000	0.026547
891.000000	0.003807
892.000000	-0.014372
893.000000	-0.014501
894.000000	-0.003433
895.000000	0.008357
896.000000	0.016239
897.000000	0.018340
898.000000	0.017952
899.000000	0.018176
900.000000	0.016178
901.000000	0.008521
902.000000	-0.004715
903.000000	-0.021164
904.000000	-0.032846
905.000000	-0.033057
906.000000	-0.025820
907.000000	-0.017344
908.000000	-0.011845
909.000000	-0.011707
910.000000	-0.013978
911.000000	-0.015291
912.000000	-0.015946
913.000000	-0.017020
914.000000	-0.019024
915.000000	-0.021526
916.000000	-0.020889
917.000000	-0.014233
918.000000	-0.004917
919.000000	0.002387
920.000000	0.003992
921.000000	-0.002009
922.000000	-0.011372
923.000000	-0.018202
924.000000	-0.016139
925.000000	-0.002427
926.000000	0.010809
927.000000	0.012079
928.000000	0.007325
929.000000	0.004709
930.000000	0.003842
931.000000	0.002587
932.000000	0.000358
933.000000	-0.002731
934.000000	-0.005310
935.000000	-0.006529
936.000000	-0.008863
937.000000	-0.014593
938.000000	-0.021890
939.000000	-0.027836
940.000000	-0.029250
941.000000	-0.023921
942.000000	-0.013767
943.000000	-0.002526
944.000000	0.002917
945.000000	-0.002349
946.000000	-0.012191
947.000000	-0.019063
948.000000	-0.020819
949.000000	-0.017735
950.000000	-0.014366
951.000000	-0.014927
952.000000	-0.017995
953.000000	-0.020957
954.000000	-0.022066
955.000000	-0.019843
956.000000	-0.013005
957.000000	-0.001482
958.000000	0.010140
959.000000	0.016939
960.000000	0.017295
961.000000	0.011573
962.000000	0.004778
963.000000	0.002137
964.000000	0.005119
965.000000	0.013683
966.000000	0.025514
967.000000	0.036155
968.000000	0.034867
969.000000	0.014366
970.000000	-0.012515
971.000000	-0.029784
972.000000	-0.028916
973.000000	-0.008462
974.000000	0.012184
975.000000	0.014409
976.000000	0.003564
977.000000	-0.009498
978.000000	-0.015882
979.000000	-0.009311
980.000000	0.007971
981.000000	0.030516
982.000000	0.048584
983.000000	0.052504
984.000000	0.037177
985.000000	0.003904
986.000000	-0.024986
987.000000	-0.028447
988.000000	-0.011579
989.000000	0.013752
990.000000	0.034770
991.000000	0.042033
992.000000	0.040344
993.000000	0.036947
994.000000	0.034589
995.000000	0.034729
996.000000	0.038160
997.000000	0.045132
998.000000	0.054396
999.000000	0.064196
1000.000000	0.072256
1001.000000	0.076193
1002.000000	0.073705
1003.000000	0.065233
1004.000000	0.062101
1005.000000	0.073020
1006.000000	0.085352
1007.000000	0.086224
1008.000000	0.083164
1009.000000	0.084452
1010.000000	0.080976
1011.000000	0.063926
1012.000000	0.043092
1013.000000	0.030249
1014.000000	0.026503
1015.000000	0.029453
1016.000000	0.033329
1017.000000	0.032752
1018.000000	0.027280
1019.000000	0.018244
1020.000000	0.009143
1021.000000	0.003626
1022.000000	0.003772
1023.000000	0.010441
1024.000000	0.021181
1025.000000	0.032386
1026.000000	0.039134
1027.000000	0.038157
1028.000000	0.034107
1029.000000	0.032521
1030.000000	0.034566
1031.000000	0.039865
1032.000000	0.046247
1033.000000	0.051444
1034.000000	0.054583
1035.000000	0.055348
1036.000000	0.054252
1037.000000	0.052164
1038.000000	0.050555
1039.000000	0.050754
1040.000000	0.052909
1041.000000	0.056916
1042.000000	0.062848
1043.000000	0.070820
1044.000000	0.080954
1045.000000	0.092700
1046.000000	0.102816
1047.000000	0.108217
1048.000000	0.109130
1049.000000	0.107056
1050.000000	0.105286
1051.000000	0.106932
1052.000000	0.112593
1053.000000	0.121671
1054.000000	0.131286
1055.000000	0.137577
1056.000000	0.135051
1057.000000	0.121075
1058.000000	0.106093
1059.000000	0.101242
1060.000000	0.107354
1061.000000	0.121191
1062.000000	0.133555
1063.000000	0.135603
1064.000000	0.125877
1065.000000	0.105948
1066.000000	0.082110
1067.000000	0.062811
1068.000000	0.060389
1069.000000	0.081267
1070.000000	0.104304
1071.000000	0.107051
1072.000000	0.089385
1073.000000	0.060219
1074.000000	0.042296
1075.000000	0.053511
1076.000000	0.078551
1077.000000	0.097455
1078.000000	0.104884
1079.000000	0.101157
1080.000000	0.094591
1081.000000	0.092779
1082.000000	0.092408
1083.000000	0.088534
1084.000000	0.080610
1085.000000	0.069700
1086.000000	0.058927
1087.000000	0.051111
1088.000000	0.045792
1089.000000	0.041946
1090.000000	0.039579
1091.000000	0.039077
1092.000000	0.041331
1093.000000	0.045908
1094.000000	0.046575
1095.000000	0.037562
1096.000000	0.020757
1097.000000	0.000907
1098.000000	-0.013448
1099.000000	-0.014701
1100.000000	-0.002767
1101.000000	0.019337
1102.000000	0.043695
1103.000000	0.060561
1104.000000	0.057768
1105.000000	0.029982
1106.000000	0.001617
1107.000000	-0.002180
1108.000000	0.016913
1109.000000	0.047676
1110.000000	0.067549
1111.000000	0.058681
1112.000000	0.033417
1113.000000	0.009188
1114.000000	-0.006406
1115.000000	-0.009153
1116.000000	0.001445
1117.000000	0.022533
1118.000000	0.041543
1119.000000	0.046791
1120.000000	0.039824
1121.000000	0.026647
1122.000000	0.017870
1123.000000	0.021896
1124.000000	0.033707
1125.000000	0.046306
1126.000000	0.058191
1127.000000	0.069470
1128.000000	0.081189
1129.000000	0.093508
1130.000000	0.102092
1131.000000	0.102605
1132.000000	0.095206
1133.000000	0.081479
1134.000000	0.064217
1135.000000	0.046161
1136.000000	0.028640
1137.000000	0.012359
1138.000000	-0.003057
1139.000000	-0.018210
1140.000000	-0.033526
1141.000000	-0.047543
1142.000000	-0.051413
1143.000000	-0.038340
1144.000000	-0.017129
1145.000000	-0.000207
1146.000000	0.001121
1147.000000	-0.018162
1148.000000	-0.039035
1149.000000	-0.042324
1150.000000	-0.032283
1151.000000	-0.018974
1152.000000	-0.012261
1153.000000	-0.017654
1154.000000	-0.023454
1155.000000	-0.017757
1156.000000	-0.005048
1157.000000	0.006478
1158.000000	0.010193
1159.000000	0.002328
1160.000000	-0.011003
1161.000000	-0.022222
1162.000000	-0.027785
1163.000000	-0.025759
1164.000000	-0.016614
1165.000000	-0.002910
1166.000000	0.006842
1167.000000	0.005231
1168.000000	-0.004810
1169.000000	-0.017944
1170.000000	-0.029578
1171.000000	-0.035943
1172.000000	-0.035833
1173.000000	-0.029633
1174.000000	-0.021547
1175.000000	-0.016103
1176.000000	-0.015320
1177.000000	-0.019437
1178.000000	-0.024072
1179.000000	-0.024799
1180.000000	-0.021624
1181.000000	-0.015790
1182.000000	-0.009059
1183.000000	-0.003656
1184.000000	-0.003124
1185.000000	-0.009196
1186.000000	-0.015037
1187.000000	-0.013501
1188.000000	-0.004768
1189.000000	0.007276
1190.000000	0.011261
1191.000000	-0.001152
1192.000000	-0.018682
1193.000000	-0.027866
1194.000000	-0.026122
1195.000000	-0.015466
1196.000000	-0.005435
1197.000000	-0.003936
1198.000000	-0.004846
1199.000000	-0.000612
1200.000000	0.007997
1201.000000	0.017275
1202.000000	0.020085
1203.000000	0.011395
1204.000000	-0.001984
1205.000000	-0.011918
1206.000000	-0.016821
1207.000000	-0.017290
1208.000000	-0.016097
1209.000000	-0.015110
1210.000000	-0.010397
1211.000000	0.001402
1212.000000	0.015569
1213.000000	0.025441
1214.000000	0.024646
1215.000000	0.011246
1216.000000	0.000754
1217.000000	0.007807
1218.000000	0.026098
1219.000000	0.044201
1220.000000	0.051147
1221.000000	0.040830
1222.000000	0.026125
1223.000000	0.020666
1224.000000	0.022138
1225.000000	0.024627
1226.000000	0.023775
1227.000000	0.017913
1228.000000	0.014579
1229.000000	0.020976
1230.000000	0.033757
1231.000000	0.047342
1232.000000	0.057769
1233.000000	0.062487
1234.000000	0.062983
1235.000000	0.061455
1236.000000	0.058904
1237.000000	0.056006
1238.000000	0.053339
1239.000000	0.051402
1240.000000	0.050475
1241.000000	0.050442
1242.000000	0.049812
1243.000000	0.047225
1244.000000	0.043211
1245.000000	0.039189
1246.000000	0.038250
1247.000000	0.042654
1248.000000	0.049671
1249.000000	0.055868
1250.000000	0.059988
1251.000000	0.061605
1252.000000	0.061440
1253.000000	0.060766
1254.000000	0.061922
1255.000000	0.066617
1256.000000	0.072978
1257.000000	0.078067
1258.000000	0.078260
1259.000000	0.071584
1260.000000	0.063345
1261.000000	0.059174
1262.000000	0.058717
1263.000000	0.059962
1264.000000	0.060252
1265.000000	0.057821
1266.000000	0.055119
1267.000000	0.054585
1268.000000	0.054382
1269.000000	0.051876
1270.000000	0.045506
1271.000000	0.035045
1272.000000	0.024534
1273.000000	0.018039
1274.000000	0.015464
1275.000000	0.015574
1276.000000	0.016740
1277.000000	0.016968
1278.000000	0.013191
1279.000000	0.004160
1280.000000	-0.003028
1281.000000	-0.000886
1282.000000	0.011277
1283.000000	0.030579
1284.000000	0.046626
1285.000000	0.050385
1286.000000	0.045777
1287.000000	0.039251
1288.000000	0.034412
1289.000000	0.033729
1290.000000	0.037968
1291.000000	0.046610
1292.000000	0.055707
1293.000000	0.061390
1294.000000	0.063549
1295.000000	0.063367
1296.000000	0.063451
1297.000000	0.065868
1298.000000	0.069099
1299.000000	0.071567
1300.000000	0.075053
1301.000000	0.081917
1302.000000	0.093474
1303.000000	0.108696
1304.000000	0.118238
1305.000000	0.114076
1306.000000	0.101787
1307.000000	0.089719
1308.000000	0.083691
1309.000000	0.086275
1310.000000	0.089564
1311.000000	0.085883
1312.000000	0.078948
1313.000000	0.074617
1314.000000	0.075922
1315.000000	0.084203
1316.000000	0.096866
1317.000000	0.110285
1318.000000	0.120647
1319.000000	0.124726
1320.000000	0.121831
1321.000000	0.112447
1322.000000	0.099238
1323.000000	0.085517
1324.000000	0.075023
1325.000000	0.070607
1326.000000	0.071142
1327.000000	0.074204
1328.000000	0.076156
1329.000000	0.074321
1330.000000	0.071065
1331.000000	0.070123
1332.000000	0.075659
1333.000000	0.091220
1334.000000	0.117467
1335.000000	0.150863
1336.000000	0.173978
1337.000000	0.171893
1338.000000	0.153642
1339.000000	0.133324
1340.000000	0.121363
1341.000000	0.123718
1342.000000	0.132169
1343.000000	0.137373
1344.000000	0.139663
1345.000000	0.141176
1346.000000	0.141579
1347.000000	0.139289
1348.000000	0.130189
1349.000000	0.111703
1350.000000	0.089965
1351.000000	0.072224
1352.000000	0.061475
1353.000000	0.058977
1354.000000	0.063290
1355.000000	0.072026
1356.000000	0.081716
1357.000000	0.089606
1358.000000	0.096901
1359.000000	0.105757
1360.000000	0.118190
1361.000000	0.133446
1362.000000	0.139850
1363.000000	0.127340
1364.000000	0.103238
1365.000000	0.078743
1366.000000	0.063184
1367.000000	0.062720
1368.000000	0.072697
1369.000000	0.085985
1370.000000	0.096378
1371.000000	0.098896
1372.000000	0.092544
1373.000000	0.078849
1374.000000	0.065427
1375.000000	0.058504
1376.000000	0.052655
1377.000000	0.041387
1378.000000	0.025579
1379.000000	0.008938
1380.000000	-0.000903
1381.000000	0.002160
1382.000000	0.014193
1383.000000	0.029047
1384.000000	0.041745
1385.000000	0.047996
1386.000000	0.045081
1387.000000	0.031922
1388.000000	0.012424
1389.000000	-0.007960
1390.000000	-0.022561
1391.000000	-0.025459
1392.000000	-0.014928
1393.000000	0.006976
1394.000000	0.027269
1395.000000	0.034815
1396.000000	0.036796
1397.000000	0.043040
1398.000000	0.055636
1399.000000	0.072386
1400.000000	0.081680
1401.000000	0.073965
1402.000000	0.057343
1403.000000	0.042437
1404.000000	0.032315
1405.000000	0.027337
1406.000000	0.024604
1407.000000	0.020796
1408.000000	0.014182
1409.000000	0.005207
1410.000000	0.001447
1411.000000	0.011190
1412.000000	0.038446
1413.000000	0.079801
1414.000000	0.106435
1415.000000	0.093374
1416.000000	0.056425
1417.000000	0.019475
1418.000000	-0.002062
1419.000000	-0.000044
1420.000000	0.013045
1421.000000	0.022791
1422.000000	0.027694
1423.000000	0.029795
1424.000000	0.032381
1425.000000	0.039356
1426.000000	0.055843
1427.000000	0.083818
1428.000000	0.111454
1429.000000	0.126445
1430.000000	0.128387
1431.000000	0.120684
1432.000000	0.110073
1433.000000	0.102983
1434.000000	0.101282
1435.000000	0.104857
1436.000000	0.110228
1437.000000	0.113511
1438.000000	0.112560
1439.000000	0.107055
1440.000000	0.102239
1441.000000	0.103030
1442.000000	0.107487
1443.000000	0.112398
1444.000000	0.116342
1445.000000	0.118801
1446.000000	0.121089
1447.000000	0.123974
1448.000000	0.124207
1449.000000	0.118902
1450.000000	0.110649
1451.000000	0.103587
1452.000000	0.102574
1453.000000	0.109801
1454.000000	0.116059
1455.000000	0.113114
1456.000000	0.108031
1457.000000	0.110467
1458.000000	0.125156
1459.000000	0.151460
1460.000000	0.172182
1461.000000	0.171569
1462.000000	0.156212
1463.000000	0.136987
1464.000000	0.119553
1465.000000	0.106920
1466.000000	0.096701
1467.000000	0.085896
1468.000000	0.074442
1469.000000	0.063140
1470.000000	0.053305
1471.000000	0.046348
1472.000000	0.043547
1473.000000	0.045305
1474.000000	0.048669
1475.000000	0.050641
1476.000000	0.051410
1477.000000	0.051815
1478.000000	0.052116
1479.000000	0.051850
1480.000000	0.048250
1481.000000	0.039197
1482.000000	0.027471
1483.000000	0.016821
1484.000000	0.009959
1485.000000	0.009074
1486.000000	0.015289
1487.000000	0.027500
1488.000000	0.036749
1489.000000	0.035155
1490.000000	0.026997
1491.000000	0.019711
1492.000000	0.021200
1493.000000	0.033848
1494.000000	0.037508
1495.000000	0.015247
1496.000000	-0.014477
1497.000000	-0.027925
1498.000000	-0.015632
1499.000000	0.020737
1500.000000	0.049258
1501.000000	0.041681
1502.000000	0.014705
1503.000000	-0.007731
1504.000000	-0.017676
1505.000000	-0.013620
1506.000000	-0.003843
1507.000000	0.003113
1508.000000	0.007435
1509.000000	0.010582
1510.000000	0.010368
1511.000000	0.004202
1512.000000	-0.008480
1513.000000	-0.025909
1514.000000	-0.039016
1515.000000	-0.039976
1516.000000	-0.033229
1517.000000	-0.025360
1518.000000	-0.019264
1519.000000	-0.015512
1520.000000	-0.009080
1521.000000	0.002984
1522.000000	0.009738
1523.000000	0.000850
1524.000000	-0.017667
1525.000000	-0.035044
1526.000000	-0.037818
1527.000000	-0.017273
1528.000000	0.013639
1529.000000	0.038910
1530.000000	0.051975
1531.000000	0.049962
1532.000000	0.035322
1533.000000	0.013931
1534.000000	0.000048
1535.000000	0.004652
1536.000000	0.017233
1537.000000	0.024683
1538.000000	0.024993
1539.000000	0.020623
1540.000000	0.020804
1541.000000	0.031357
1542.000000	0.037697
1543.000000	0.025778
1544.000000	0.004112
1545.000000	-0.013726
1546.000000	-0.016466
1547.000000	0.001129
1548.000000	0.022458
1549.000000	0.030846
1550.000000	0.031167
1551.000000	0.032240
1552.000000	0.037111
1553.000000	0.045852
1554.000000	0.052399
1555.000000	0.051688
1556.000000	0.048799
1557.000000	0.049378
1558.000000	0.051209
1559.000000	0.050144
1560.000000	0.042177
1561.000000	0.025858
1562.000000	0.009813
1563.000000	0.003240
1564.000000	0.007531
1565.000000	0.021492
1566.000000	0.041377
1567.000000	0.062186
1568.000000	0.076446
1569.000000	0.079295
1570.000000	0.078780
1571.000000	0.083747
1572.000000	0.093333
1573.000000	0.103628
1574.000000	0.108237
1575.000000	0.103288
1576.000000	0.097481
1577.000000	0.099959
1578.000000	0.109052
1579.000000	0.120480
1580.000000	0.130330
1581.000000	0.135486
1582.000000	0.135649
1583.000000	0.131598
1584.000000	0.125604
1585.000000	0.119802
1586.000000	0.114299
1587.000000	0.108489
1588.000000	0.100940
1589.000000	0.090015
1590.000000	0.074077
1591.000000	0.053571
1592.000000	0.037259
1593.000000	0.034482
1594.000000	0.048565
1595.000000	0.077570
1596.000000	0.104521
1597.000000	0.114744
1598.000000	0.117812
1599.000000	0.126339
1600.000000	0.140846
1601.000000	0.157341
1602.000000	0.165858
1603.000000	0.158934
1604.000000	0.145097
1605.000000	0.134578
1606.000000	0.128444
1607.000000	0.125260
1608.000000	0.122747
1609.000000	0.118657
1610.000000	0.111713
1611.000000	0.101913
1612.000000	0.093385
1613.000000	0.090161
1614.000000	0.091759
1615.000000	0.095940
1616.000000	0.097945
1617.000000	0.094072
1618.000000	0.087367
1619.000000	0.081784
1620.000000	0.078161
1621.000000	0.076435
1622.000000	0.076044
1623.000000	0.076386
1624.000000	0.077189
1625.000000	0.077901
1626.000000	0.076518
1627.000000	0.071551
1628.000000	0.065015
1629.000000	0.060114
1630.000000	0.061293
1631.000000	0.070074
1632.000000	0.075039
1633.000000	0.066023
1634.000000	0.050827
1635.000000	0.040553
1636.000000	0.041550
1637.000000	0.054833
1638.000000	0.064827
1639.000000	0.057952
1640.000000	0.045180
1641.000000	0.040872
1642.000000	0.048380
1643.000000	0.066805
1644.000000	0.089245
1645.000000	0.107625
1646.000000	0.115175
1647.000000	0.108943
1648.000000	0.099946
1649.000000	0.100590
1650.000000	0.114880
1651.000000	0.139991
1652.000000	0.154175
1653.000000	0.139204
1654.000000	0.109835
1655.000000	0.085770
1656.000000	0.073492
1657.000000	0.074520
1658.000000	0.083733
1659.000000	0.094332
1660.000000	0.099450
1661.000000	0.094990
1662.000000	0.088017
1663.000000	0.087147
1664.000000	0.096035
1665.000000	0.114796
1666.000000	0.134347
1667.000000	0.145736
1668.000000	0.149729
1669.000000	0.149099
1670.000000	0.144917
1671.000000	0.137898
1672.000000	0.129025
1673.000000	0.119705
1674.000000	0.112772
1675.000000	0.110949
1676.000000	0.115088
1677.000000	0.124650
1678.000000	0.135419
1679.000000	0.141595
1680.000000	0.134737
1681.000000	0.110852
1682.000000	0.086390
1683.000000	0.077894
1684.000000	0.081848
1685.000000	0.089601
1686.000000	0.092035
1687.000000	0.083930
1688.000000	0.076122
1689.000000	0.079146
1690.000000	0.086287
1691.000000	0.088334
1692.000000	0.083356
1693.000000	0.072452
1694.000000	0.061568
1695.000000	0.055681
1696.000000	0.051052
1697.000000	0.043378
1698.000000	0.034814
1699.000000	0.028533
1700.000000	0.025312
1701.000000	0.024959
1702.000000	0.025792
1703.000000	0.026191
1704.000000	0.026272
1705.000000	0.026470
1706.000000	0.026752
1707.000000	0.027002
1708.000000	0.027232
1709.000000	0.027475
1710.000000	0.027713
1711.000000	0.027933
1712.000000	0.028193
1713.000000	0.028510
1714.000000	0.028673
1715.000000	0.026603
1716.000000	0.012991
1717.000000	-0.017055
1718.000000	-0.043535
1719.000000	-0.046828
1720.000000	-0.033739
1721.000000	-0.017487
1722.000000	-0.010526
1723.000000	-0.018235
1724.000000	-0.018450
1725.000000	0.007361
1726.000000	0.035671
1727.000000	0.039571
1728.000000	0.020699
1729.000000	-0.008705
1730.000000	-0.022536
1731.000000	-0.002212
1732.000000	0.026899
1733.000000	0.036454
1734.000000	0.030155
1735.000000	0.018814
1736.000000	0.009623
1737.000000	0.006166
1738.000000	0.001214
1739.000000	-0.012076
1740.000000	-0.028183
1741.000000	-0.039602
1742.000000	-0.043247
1743.000000	-0.037860
1744.000000	-0.025069
1745.000000	-0.008278
1746.000000	0.004899
1747.000000	0.007868
1748.000000	0.002328
1749.000000	-0.007902
1750.000000	-0.018823
1751.000000	-0.026689
1752.000000	-0.028958
1753.000000	-0.024458
1754.000000	-0.016303
1755.000000	-0.008226
1756.000000	-0.002143
1757.000000	0.000893
1758.000000	0.001481
1759.000000	0.001159
1760.000000	0.003581
1761.000000	0.010778
1762.000000	0.016179
1763.000000	0.013364
1764.000000	0.005109
1765.000000	-0.003501
1766.000000	-0.007339
1767.000000	-0.004443
1768.000000	-0.005559
1769.000000	-0.019608
1770.000000	-0.035499
1771.000000	-0.040206
1772.000000	-0.032963
1773.000000	-0.017941
1774.000000	-0.006779
1775.000000	-0.008527
1776.000000	-0.014394
1777.000000	-0.013992
1778.000000	-0.008392
1779.000000	-0.001462
1780.000000	0.003195
1781.000000	0.002547
1782.000000	-0.004410
1783.000000	-0.016248
1784.000000	-0.023840
1785.000000	-0.019604
1786.000000	-0.009834
1787.000000	-0.003718
1788.000000	-0.008142
1789.000000	-0.024267
1790.000000	-0.032662
1791.000000	-0.017913
1792.000000	-0.001264
1793.000000	-0.005911
1794.000000	-0.026205
1795.000000	-0.047116
1796.000000	-0.044938
1797.000000	-0.006507
1798.000000	0.030495
1799.000000	0.029140
1800.000000	0.006352
1801.000000	-0.011431
1802.000000	-0.013558
1803.000000	0.001536
1804.000000	0.014869
1805.000000	0.010131
1806.000000	0.002246
1807.000000	0.007676
1808.000000	0.017784
1809.000000	0.019404
1810.000000	0.006336
1811.000000	-0.020654
1812.000000	-0.039910
1813.000000	-0.033079
1814.000000	-0.015906
1815.000000	-0.007749
1816.000000	-0.008335
1817.000000	-0.011867
1818.000000	-0.010099
1819.000000	0.001181
1820.000000	0.007583
1821.000000	-0.003488
1822.000000	-0.018855
1823.000000	-0.022796
1824.000000	-0.015171
1825.000000	-0.001572
1826.000000	0.005061
1827.000000	-0.004705
1828.000000	-0.018926
1829.000000	-0.023670
1830.000000	-0.018435
1831.000000	-0.006355
1832.000000	0.008326
1833.000000	0.021343
1834.000000	0.029466
1835.000000	0.030086
1836.000000	0.022051
1837.000000	0.006619
1838.000000	-0.006751
1839.000000	-0.008548
1840.000000	0.002760
1841.000000	0.022805
1842.000000	0.031590
1843.000000	0.014110
1844.000000	-0.009062
1845.000000	-0.014619
1846.000000	-0.003904
1847.000000	0.014720
1848.000000	0.029464
1849.000000	0.031532
1850.000000	0.027513
1851.000000	0.025098
1852.000000	0.020988
1853.000000	0.010709
1854.000000	-0.003911
1855.000000	-0.019088
1856.000000	-0.029515
1857.000000	-0.030397
1858.000000	-0.020516
1859.000000	-0.002102
1860.000000	0.012398
1861.000000	0.011478
1862.000000	-0.002386
1863.000000	-0.021191
1864.000000	-0.028800
1865.000000	-0.014182
1866.000000	0.005130
1867.000000	0.010213
1868.000000	0.005138
1869.000000	-0.001250
1870.000000	-0.004003
1871.000000	-0.000964
1872.000000	0.002750
1873.000000	0.002037
1874.000000	-0.000862
1875.000000	-0.002729
1876.000000	-0.003778
1877.000000	-0.004849
1878.000000	-0.005849
1879.000000	-0.005764
1880.000000	-0.000815
1881.000000	0.010358
1882.000000	0.016689
1883.000000	0.008752
1884.000000	-0.003896
1885.000000	-0.009796
1886.000000	-0.008857
1887.000000	-0.003562
1888.000000	0.004672
1889.000000	0.013800
1890.000000	0.018200
1891.000000	0.013854
1892.000000	0.006724
1893.000000	0.002845
1894.000000	-0.001437
1895.000000	-0.009560
1896.000000	-0.014397
1897.000000	-0.009425
1898.000000	-0.001100
1899.000000	0.002527
1900.000000	0.000000
1901.000000	-0.007622
1902.000000	-0.015815
1903.000000	-0.019766
1904.000000	-0.016959
1905.000000	-0.006600
1906.000000	0.007505
1907.000000	0.020501
1908.000000	0.027921
1909.000000	0.026064
1910.000000	0.013898
1911.000000	-0.006108
1912.000000	-0.020158
1913.000000	-0.017078
1914.000000	-0.007498
1915.000000	-0.004131
1916.000000	-0.006218
1917.000000	-0.009483
1918.000000	-0.009061
1919.000000	-0.001136
1920.000000	0.013321
1921.000000	0.029958
1922.000000	0.035702
1923.000000	0.020804
1924.000000	-0.002452
1925.000000	-0.019148
1926.000000	-0.025862
1927.000000	-0.022747
1928.000000	-0.012772
1929.000000	-0.000205
1930.000000	0.008309
1931.000000	0.007103
1932.000000	-0.003191
1933.000000	-0.018704
1934.000000	-0.028913
1935.000000	-0.024924
1936.000000	-0.011003
1937.000000	0.005348
1938.000000	0.016852
1939.000000	0.017791
1940.000000	0.008446
1941.000000	-0.007358
1942.000000	-0.017633
1943.000000	-0.012948
1944.000000	-0.002279
1945.000000	0.003185
1946.000000	0.001805
1947.000000	-0.005016
1948.000000	-0.013263
1949.000000	-0.018517
1950.000000	-0.017342
1951.000000	-0.007850
1952.000000	0.006644
1953.000000	0.021139
1954.000000	0.029082
1955.000000	0.025204
1956.000000	0.010919
1957.000000	-0.007336
1958.000000	-0.009719
1959.000000	0.016583
1960.000000	0.042858
1961.000000	0.039642
1962.000000	0.015982
1963.000000	-0.009614
1964.000000	-0.019304
1965.000000	-0.003231
1966.000000	0.017175
1967.000000	0.020032
1968.000000	0.012935
1969.000000	0.008274
1970.000000	0.008136
1971.000000	0.011492
1972.000000	0.015149
1973.000000	0.016190
1974.000000	0.014961
1975.000000	0.012104
1976.000000	0.006182
1977.000000	-0.003418
1978.000000	-0.011942
1979.000000	-0.014103
1980.000000	-0.007839
1981.000000	0.005212
1982.000000	0.011831
1983.000000	0.001015
1984.000000	-0.017798
1985.000000	-0.032019
1986.000000	-0.036908
1987.000000	-0.030905
1988.000000	-0.017329
1989.000000	-0.001417
1990.000000	0.008787
1991.000000	0.007758
1992.000000	0.002849
1993.000000	0.002637
1994.000000	0.007715
1995.000000	0.016188
1996.000000	0.024177
1997.000000	0.028412
1998.000000	0.030032
1999.000000	0.030572
2000.000000	0.028748
2001.000000	0.023179
2002.000000	0.014904
2003.000000	0.005651
2004.000000	-0.002522
2005.000000	-0.007647
2006.000000	-0.008444
2007.000000	-0.005224
2008.000000	-0.003973
2009.000000	-0.009598
2010.000000	-0.017030
2011.000000	-0.019383
2012.000000	-0.012494
2013.000000	0.003579
2014.000000	0.014610
2015.000000	0.008414
2016.000000	-0.004858
2017.000000	-0.012423
2018.000000	-0.013322
2019.000000	-0.010043
2020.000000	-0.007056
2021.000000	-0.008030
2022.000000	-0.011450
2023.000000	-0.015088
2024.000000	-0.019052
2025.000000	-0.023260
2026.000000	-0.024532
2027.000000	-0.019686
2028.000000	-0.008634
2029.000000	0.006472
2030.000000	0.017625
2031.000000	0.017923
2032.000000	0.010758
2033.000000	0.002128
2034.000000	-0.001834
2035.000000	0.003420
2036.000000	0.015952
2037.000000	0.029963
2038.000000	0.030704
2039.000000	0.008857
2040.000000	-0.014215
2041.000000	-0.016530
2042.000000	-0.004318
2043.000000	0.009999
2044.000000	0.017431
2045.000000	0.013355
2046.000000	0.007192
2047.000000	0.009596
2048.000000	0.022103
2049.000000	0.041875
2050.000000	0.057706
2051.000000	0.058953
2052.000000	0.045590
2053.000000	0.023368
2054.000000	0.010531
2055.000000	0.020007
2056.000000	0.030975
2057.000000	0.022736
2058.000000	0.008842
2059.000000	0.007417
2060.000000	0.020632
2061.000000	0.042694
2062.000000	0.051910
2063.000000	0.032505
2064.000000	0.008290
2065.000000	0.004542
2066.000000	0.012829
2067.000000	0.018600
2068.000000	0.016556
2069.000000	0.005995
2070.000000	-0.004633
2071.000000	-0.007244
2072.000000	-0.004373
2073.000000	0.000281
2074.000000	0.008983
2075.000000	0.023658
2076.000000	0.038922
2077.000000	0.047699
2078.000000	0.043459
2079.000000	0.025137
2080.000000	0.012976
2081.000000	0.023155
2082.000000	0.034282
2083.000000	0.023095
2084.000000	-0.003573
2085.000000	-0.030505
2086.000000	-0.039049
2087.000000	-0.019025
2088.000000	0.002409
2089.000000	-0.000428
2090.000000	-0.009978
2091.000000	-0.004399
2092.000000	0.012036
2093.000000	0.028541
2094.000000	0.034382
2095.000000	0.024059
2096.000000	0.012949
2097.000000	0.015504
2098.000000	0.021614
2099.000000	0.019407
2100.000000	0.014536
2101.000000	0.015797
2102.000000	0.027036
2103.000000	0.047842
2104.000000	0.065736
2105.000000	0.067916
2106.000000	0.052363
2107.000000	0.022973
2108.000000	-0.003492
2109.000000	-0.010856
2110.000000	0.001853
2111.000000	0.028056
2112.000000	0.046184
2113.000000	0.037614
2114.000000	0.010504
2115.000000	-0.020244
2116.000000	-0.039529
2117.000000	-0.036602
2118.000000	-0.018308
2119.000000	0.002672
2120.000000	0.007910
2121.000000	-0.012436
2122.000000	-0.028116
2123.000000	-0.011083
2124.000000	0.017819
2125.000000	0.031657
2126.000000	0.028026
2127.000000	0.012846
2128.000000	0.000797
2129.000000	0.004044
2130.000000	0.015938
2131.000000	0.026209
2132.000000	0.028910
2133.000000	0.021038
2134.000000	0.007046
2135.000000	-0.006944
2136.000000	-0.015593
2137.000000	-0.015679
2138.000000	-0.011668
2139.000000	-0.008641
2140.000000	-0.006464
2141.000000	-0.003854
2142.000000	-0.000155
2143.000000	0.004794
2144.000000	0.009792
2145.000000	0.013070
2146.000000	0.011960
2147.000000	0.005680
2148.000000	0.001890
2149.000000	0.007175
2150.000000	0.015377
2151.000000	0.019008
2152.000000	0.018010
2153.000000	0.015189
2154.000000	0.017392
2155.000000	0.028545
2156.000000	0.036859
2157.000000	0.031660
2158.000000	0.022442
2159.000000	0.020206
2160.000000	0.021807
2161.000000	0.020609
2162.000000	0.010170
2163.000000	-0.011362
2164.000000	-0.027660
2165.000000	-0.023801
2166.000000	-0.008643
2167.000000	0.004787
2168.000000	0.010579
2169.000000	0.006191
2170.000000	-0.004548
2171.000000	-0.015267
2172.000000	-0.015780
2173.000000	-0.000602
2174.000000	0.013143
2175.000000	0.009230
2176.000000	-0.002345
2177.000000	-0.007573
2178.000000	-0.002605
2179.000000	0.011225
2180.000000	0.022023
2181.000000	0.018576
2182.000000	0.002962
2183.000000	-0.018247
2184.000000	-0.033787
2185.000000	-0.034395
2186.000000	-0.023494
2187.000000	-0.008157
2188.000000	0.002626
2189.000000	0.003073
2190.000000	0.002145
2191.000000	0.009555
2192.000000	0.023297
2193.000000	0.038333
2194.000000	0.049233
2195.000000	0.051353
2196.000000	0.043592
2197.000000	0.026982
2198.000000	0.007540
2199.000000	-0.008274
2200.000000	-0.017204
2201.000000	-0.017608
2202.000000	-0.011087
2203.000000	-0.000371
2204.000000	0.010532
2205.000000	0.017739
2206.000000	0.019139
2207.000000	0.014154
2208.000000	0.006559
2209.000000	0.001389
2210.000000	0.004371
2211.000000	0.018268
2212.000000	0.033299
2213.000000	0.037961
2214.000000	0.026409
2215.000000	-0.000503
2216.000000	-0.020777
2217.000000	-0.015734
2218.000000	-0.001126
2219.000000	0.003864
2220.000000	0.000752
2221.000000	-0.004146
2222.000000	-0.006020
2223.000000	-0.002073
2224.000000	0.003948
2225.000000	0.008752
2226.000000	0.017423
2227.000000	0.033738
2228.000000	0.047857
2229.000000	0.049126
2230.000000	0.037241
2231.000000	0.015818
2232.000000	-0.006186
2233.000000	-0.019702
2234.000000	-0.020547
2235.000000	-0.008867
2236.000000	0.002752
2237.000000	0.003831
2238.000000	0.004766
2239.000000	0.018036
2240.000000	0.043581
2241.000000	0.073460
2242.000000	0.080750
2243.000000	0.046722
2244.000000	0.004402
2245.000000	-0.011455
2246.000000	-0.010944
2247.000000	-0.011847
2248.000000	-0.017851
2249.000000	-0.026962
2250.000000	-0.028564
2251.000000	-0.013761
2252.000000	0.010829
2253.000000	0.035342
2254.000000	0.052431
2255.000000	0.057356
2256.000000	0.053287
2257.000000	0.045074
2258.000000	0.036373
2259.000000	0.029084
2260.000000	0.019278
2261.000000	0.005102
2262.000000	-0.001148
2263.000000	0.011267
2264.000000	0.032720
2265.000000	0.050293
2266.000000	0.058274
2267.000000	0.054559
2268.000000	0.044261
2269.000000	0.033537
2270.000000	0.025491
2271.000000	0.021362
2272.000000	0.017987
2273.000000	0.012209
2274.000000	0.005285
2275.000000	-0.000499
2276.000000	-0.003169
2277.000000	-0.001518
2278.000000	0.002896
2279.000000	0.007277
2280.000000	0.006653
2281.000000	-0.001475
2282.000000	-0.007523
2283.000000	-0.002173
2284.000000	0.010751
2285.000000	0.023504
2286.000000	0.025793
2287.000000	0.011289
2288.000000	-0.007952
2289.000000	-0.017315
2290.000000	-0.010352
2291.000000	0.013682
2292.000000	0.040882
2293.000000	0.056047
2294.000000	0.053439
2295.000000	0.033366
2296.000000	0.010851
2297.000000	-0.000374
2298.000000	-0.006455
2299.000000	-0.015352
2300.000000	-0.022408
2301.000000	-0.021632
2302.000000	-0.014310
2303.000000	-0.003916
2304.000000	0.004609
2305.000000	0.007501
2306.000000	0.007169
2307.000000	0.007185
2308.000000	0.009583
2309.000000	0.015070
2310.000000	0.020578
2311.000000	0.022683
2312.000000	0.020326
2313.000000	0.013818
2314.000000	0.006593
2315.000000	0.003103
2316.000000	0.008740
2317.000000	0.025232
2318.000000	0.038716
2319.000000	0.036461
2320.000000	0.025861
2321.000000	0.018362
2322.000000	0.021480
2323.000000	0.037182
2324.000000	0.049154
2325.000000	0.043659
2326.000000	0.035561
2327.000000	0.040643
2328.000000	0.049780
2329.000000	0.050750
2330.000000	0.043849
2331.000000	0.033533
2332.000000	0.028379
2333.000000	0.033693
2334.000000	0.037590
2335.000000	0.028545
2336.000000	0.013671
2337.000000	0.002631
2338.000000	-0.003355
2339.000000	-0.005179
2340.000000	-0.003742
2341.000000	0.000374
2342.000000	0.007872
2343.000000	0.018473
2344.000000	0.026690
2345.000000	0.027913
2346.000000	0.026240
2347.000000	0.026401
2348.000000	0.026960
2349.000000	0.025016
2350.000000	0.017992
2351.000000	0.004638
2352.000000	-0.011304
2353.000000	-0.024282
2354.000000	-0.026501
2355.000000	-0.013476
2356.000000	0.003786
2357.000000	0.012854
2358.000000	0.011086
2359.000000	-0.000215
2360.000000	-0.013751
2361.000000	-0.022477
2362.000000	-0.026348
2363.000000	-0.026893
2364.000000	-0.024927
2365.000000	-0.021310
2366.000000	-0.017802
2367.000000	-0.015539
2368.000000	-0.012249
2369.000000	-0.004979
2370.000000	0.008557
2371.000000	0.027457
2372.000000	0.038746
2373.000000	0.032022
2374.000000	0.019250
2375.000000	0.014517
2376.000000	0.018021
2377.000000	0.026231
2378.000000	0.034582
2379.000000	0.039533
2380.000000	0.042680
2381.000000	0.045971
2382.000000	0.047622
2383.000000	0.045335
2384.000000	0.038478
2385.000000	0.027394
2386.000000	0.014648
2387.000000	0.003177
2388.000000	-0.004811
2389.000000	-0.007921
2390.000000	-0.007274
2391.000000	-0.005720
2392.000000	-0.010522
2393.000000	-0.025499
2394.000000	-0.036287
2395.000000	-0.028948
2396.000000	-0.009419
2397.000000	0.010936
2398.000000	0.018927
2399.000000	0.006966
2400.000000	-0.008301
2401.000000	-0.009861
2402.000000	-0.003466
2403.000000	0.001453
2404.000000	0.003501
2405.000000	0.003262
2406.000000	0.001188
2407.000000	-0.002256
2408.000000	-0.006433
2409.000000	-0.009735
2410.000000	-0.006843
2411.000000	0.003939
2412.000000	0.006110
2413.000000	-0.013368
2414.000000	-0.035486
2415.000000	-0.038695
2416.000000	-0.023325
2417.000000	0.001260
2418.000000	0.011454
2419.000000	-0.008580
2420.000000	-0.029351
2421.000000	-0.021947
2422.000000	-0.005108
2423.000000	-0.002095
2424.000000	-0.006593
2425.000000	-0.006491
2426.000000	0.003938
2427.000000	0.025499
2428.000000	0.045704
2429.000000	0.052671
2430.000000	0.050228
2431.000000	0.044542
2432.000000	0.035432
2433.000000	0.022581
2434.000000	0.011484
2435.000000	0.007420
2436.000000	0.009000
2437.000000	0.011906
2438.000000	0.006787
2439.000000	-0.011134
2440.000000	-0.023294
2441.000000	-0.013647
2442.000000	0.000433
2443.000000	0.000147
2444.000000	-0.005586
2445.000000	-0.003257
2446.000000	0.011282
2447.000000	0.034966
2448.000000	0.045231
2449.000000	0.025847
2450.000000	0.005403
2451.000000	0.012692
2452.000000	0.032485
2453.000000	0.043148
2454.000000	0.041435
2455.000000	0.030026
2456.000000	0.016924
2457.000000	0.009697
2458.000000	0.008852
2459.000000	0.012996
2460.000000	0.020208
2461.000000	0.028451
2462.000000	0.035759
2463.000000	0.040043
2464.000000	0.038662
2465.000000	0.030014
2466.000000	0.017205
2467.000000	0.005300
2468.000000	0.002483
2469.000000	0.012667
2470.000000	0.019570
2471.000000	0.009059
2472.000000	-0.004195
2473.000000	-0.003082
2474.000000	0.010464
2475.000000	0.028819
2476.000000	0.040657
2477.000000	0.036615
2478.000000	0.018885
2479.000000	-0.005300
2480.000000	-0.020112
2481.000000	-0.013862
2482.000000	-0.000020
2483.000000	0.005436
2484.000000	0.001666
2485.000000	-0.006600
2486.000000	-0.007492
2487.000000	0.006846
2488.000000	0.021072
2489.000000	0.019965
2490.000000	0.011989
2491.000000	0.007772
2492.000000	0.002907
2493.000000	-0.007582
2494.000000	-0.015904
2495.000000	-0.014846
2496.000000	-0.012284
2497.000000	-0.016451
2498.000000	-0.021934
2499.000000	-0.022521
2500.000000	-0.022464
2501.000000	-0.025718
2502.000000	-0.024602
2503.000000	-0.012465
2504.000000	0.001588
2505.000000	0.007098
2506.000000	0.003945
2507.000000	-0.003102
2508.000000	-0.000070
2509.000000	0.019886
2510.000000	0.025878
2511.000000	-0.006454
2512.000000	-0.037641
2513.000000	-0.026715
2514.000000	0.009451
2515.000000	0.042596
2516.000000	0.056752
2517.000000	0.045507
2518.000000	0.028382
2519.000000	0.024701
2520.000000	0.027072
2521.000000	0.023974
2522.000000	0.014080
2523.000000	0.000015
2524.000000	-0.009978
2525.000000	-0.008828
2526.000000	0.000236
2527.000000	0.010901
2528.000000	0.014812
2529.000000	0.007832
2530.000000	0.004732
2531.000000	0.019354
2532.000000	0.042904
2533.000000	0.061114
2534.000000	0.060454
2535.000000	0.034091
2536.000000	0.001228
2537.000000	-0.014979
2538.000000	-0.001612
2539.000000	0.039830
2540.000000	0.060412
2541.000000	0.022016
2542.000000	-0.022759
2543.000000	-0.019054
2544.000000	0.006328
2545.000000	0.014997
2546.000000	0.003875
2547.000000	-0.018480
2548.000000	-0.032285
2549.000000	-0.021719
2550.000000	0.001970
2551.000000	0.021793
2552.000000	0.024862
2553.000000	0.006589
2554.000000	-0.008525
2555.000000	0.002051
2556.000000	0.023878
2557.000000	0.036112
2558.000000	0.029257
2559.000000	0.003408
2560.000000	-0.014336
2561.000000	-0.000716
2562.000000	0.025158
2563.000000	0.039113
2564.000000	0.039088
2565.000000	0.029570
2566.000000	0.019128
2567.000000	0.015381
2568.000000	0.018062
2569.000000	0.023968
2570.000000	0.026021
2571.000000	0.019699
2572.000000	0.014571
2573.000000	0.019596
2574.000000	0.027211
2575.000000	0.028345
2576.000000	0.024416
2577.000000	0.019476
2578.000000	0.017624
2579.000000	0.021782
2580.000000	0.030131
2581.000000	0.038997
2582.000000	0.042027
2583.000000	0.034557
2584.000000	0.021345
2585.000000	0.010336
2586.000000	0.012796
2587.000000	0.035133
2588.000000	0.060993
2589.000000	0.071624
2590.000000	0.061434
2591.000000	0.033509
2592.000000	0.012492
2593.000000	0.016217
2594.000000	0.013740
2595.000000	-0.022551
2596.000000	-0.058163
2597.000000	-0.055414
2598.000000	-0.025970
2599.000000	0.007235
2600.000000	0.025558
2601.000000	0.017273
2602.000000	-0.005958
2603.000000	-0.027053
2604.000000	-0.030622
2605.000000	-0.008194
2606.000000	0.022726
2607.000000	0.042235
2608.000000	0.046802
2609.000000	0.038487
2610.000000	0.025337
2611.000000	0.015913
2612.000000	0.014836
2613.000000	0.023870
2614.000000	0.037284
2615.000000	0.048329
2616.000000	0.053674
2617.000000	0.051633
2618.000000	0.043673
2619.000000	0.032424
2620.000000	0.022016
2621.000000	0.015546
2622.000000	0.010478
2623.000000	0.003136
2624.000000	-0.009086
2625.000000	-0.023871
2626.000000	-0.020289
2627.000000	0.014966
2628.000000	0.046087
2629.000000	0.038045
2630.000000	0.008024
2631.000000	-0.016565
2632.000000	-0.019626
2633.000000	0.006050
2634.000000	0.043437
2635.000000	0.069629
2636.000000	0.062441
2637.000000	0.014543
2638.000000	-0.022700
2639.000000	-0.003745
2640.000000	0.034973
2641.000000	0.049188
2642.000000	0.045305
2643.000000	0.040562
2644.000000	0.044874
2645.000000	0.060603
2646.000000	0.067217
2647.000000	0.045801
2648.000000	0.006801
2649.000000	-0.031237
2650.000000	-0.046731
2651.000000	-0.026617
2652.000000	0.005052
2653.000000	0.020967
2654.000000	0.017903
2655.000000	0.001530
2656.000000	-0.010980
2657.000000	-0.004417
2658.000000	0.017074
2659.000000	0.041869
2660.000000	0.047782
2661.000000	0.020730
2662.000000	-0.010379
2663.000000	-0.015610
2664.000000	-0.003895
2665.000000	0.010022
2666.000000	0.027027
2667.000000	0.048375
2668.000000	0.061162
2669.000000	0.054051
2670.000000	0.036140
2671.000000	0.019932
2672.000000	0.011119
2673.000000	0.012031
2674.000000	0.018367
2675.000000	0.024363
2676.000000	0.025024
2677.000000	0.018355
2678.000000	0.013598
2679.000000	0.019269
2680.000000	0.029745
2681.000000	0.037117
2682.000000	0.038458
2683.000000	0.033076
2684.000000	0.024240
2685.000000	0.015725
2686.000000	0.009375
2687.000000	0.006379
2688.000000	0.007244
2689.000000	0.011887
2690.000000	0.018550
2691.000000	0.024808
2692.000000	0.027244
2693.000000	0.023616
2694.000000	0.017364
2695.000000	0.012930
2696.000000	0.013078
2697.000000	0.018760
2698.000000	0.025374
2699.000000	0.027939
2700.000000	0.025521
2701.000000	0.019054
2702.000000	0.012891
2703.000000	0.011065
2704.000000	0.012895
2705.000000	0.017674
2706.000000	0.029294
2707.000000	0.048843
2708.000000	0.061604
2709.000000	0.054816
2710.000000	0.039356
2711.000000	0.029736
2712.000000	0.031364
2713.000000	0.044004
2714.000000	0.053941
2715.000000	0.049101
2716.000000	0.037451
2717.000000	0.030996
2718.000000	0.037844
2719.000000	0.060719
2720.000000	0.084702
2721.000000	0.093627
2722.000000	0.083980
2723.000000	0.058112
2724.000000	0.029187
2725.000000	0.011207
2726.000000	0.010722
2727.000000	0.027403
2728.000000	0.040854
2729.000000	0.033281
2730.000000	0.017371
2731.000000	0.009726
2732.000000	0.012122
2733.000000	0.021673
2734.000000	0.031676
2735.000000	0.035738
2736.000000	0.032526
2737.000000	0.023248
2738.000000	0.014205
2739.000000	0.011705
2740.000000	0.016982
2741.000000	0.027606
2742.000000	0.031559
2743.000000	0.019078
2744.000000	-0.000990
2745.000000	-0.016392
2746.000000	-0.019867
2747.000000	-0.008053
2748.000000	0.011803
2749.000000	0.030003
2750.000000	0.037668
2751.000000	0.029575
2752.000000	0.014314
2753.000000	0.003063
2754.000000	0.003542
2755.000000	0.018649
2756.000000	0.035458
2757.000000	0.040865
2758.000000	0.036881
2759.000000	0.029456
2760.000000	0.025172
2761.000000	0.027426
2762.000000	0.026234
2763.000000	0.014186
2764.000000	0.007548
2765.000000	0.020810
2766.000000	0.037680
2767.000000	0.040167
2768.000000	0.034260
2769.000000	0.029348
2770.000000	0.024447
2771.000000	0.016697
2772.000000	0.006101
2773.000000	-0.003946
2774.000000	0.000653
2775.000000	0.027489
2776.000000	0.047421
2777.000000	0.034670
2778.000000	0.013627
2779.000000	0.012037
2780.000000	0.020883
2781.000000	0.025765
2782.000000	0.027526
2783.000000	0.029795
2784.000000	0.032120
2785.000000	0.030060
2786.000000	0.007307
2787.000000	-0.043198
2788.000000	-0.079641
2789.000000	-0.064640
2790.000000	-0.027411
2791.000000	-0.005737
2792.000000	-0.005065
2793.000000	-0.020026
2794.000000	-0.034309
2795.000000	-0.033249
2796.000000	-0.019702
2797.000000	-0.003025
2798.000000	-0.001049
2799.000000	-0.023887
2800.000000	-0.042313
2801.000000	-0.030329
2802.000000	-0.014201
2803.000000	-0.022268
2804.000000	-0.038912
2805.000000	-0.042581
2806.000000	-0.031946
2807.000000	-0.012348
2808.000000	0.004411
2809.000000	0.007991
2810.000000	0.000371
2811.000000	-0.013121
2812.000000	-0.026070
2813.000000	-0.032242
2814.000000	-0.027221
2815.000000	-0.010840
2816.000000	0.001886
2817.000000	-0.002692
2818.000000	-0.017574
2819.000000	-0.030709
2820.000000	-0.030495
2821.000000	-0.009706
2822.000000	0.021837
2823.000000	0.049391
2824.000000	0.055590
2825.000000	0.029880
2826.000000	-0.008413
2827.000000	-0.034324
2828.000000	-0.030218
2829.000000	0.010334
2830.000000	0.056270
2831.000000	0.074812
2832.000000	0.063808
2833.000000	0.032909
2834.000000	0.008359
2835.000000	0.012746
2836.000000	0.037435
2837.000000	0.065217
2838.000000	0.075798
2839.000000	0.058192
2840.000000	0.041740
2841.000000	0.055421
2842.000000	0.086448
2843.000000	0.115294
2844.000000	0.137227
2845.000000	0.152274
2846.000000	0.164693
2847.000000	0.177798
2848.000000	0.186878
2849.000000	0.189631
2850.000000	0.201394
2851.000000	0.233029
2852.000000	0.259844
2853.000000	0.258913
2854.000000	0.249937
2855.000000	0.257554
2856.000000	0.283524
2857.000000	0.321449
2858.000000	0.355171
2859.000000	0.369596
2860.000000	0.363636
2861.000000	0.342622
2862.000000	0.323563
2863.000000	0.323374
2864.000000	0.346914
2865.000000	0.389727
2866.000000	0.422157
2867.000000	0.420113
2868.000000	0.406956
2869.000000	0.410887
2870.000000	0.432000
2871.000000	0.461810
2872.000000	0.485625
2873.000000	0.493155
2874.000000	0.497928
2875.000000	0.513400
2876.000000	0.528926
2877.000000	0.533388
2878.000000	0.537876
2879.000000	0.553421
2880.000000	0.568605
2881.000000	0.569587
2882.000000	0.555275
2883.000000	0.529534
2884.000000	0.503315
2885.000000	0.487761
2886.000000	0.487690
2887.000000	0.504147
2888.000000	0.529398
2889.000000	0.553246
2890.000000	0.564407
2891.000000	0.556541
2892.000000	0.544172
2893.000000	0.543065
2894.000000	0.553100
2895.000000	0.569489
2896.000000	0.584666
2897.000000	0.592335
2898.000000	0.594058
2899.000000	0.593618
2900.000000	0.595823
2901.000000	0.602970
2902.000000	0.606291
2903.000000	0.598834
2904.000000	0.591963
2905.000000	0.598144
2906.000000	0.615933
2907.000000	0.640624
2908.000000	0.668381
2909.000000	0.695666
2910.000000	0.719274
2911.000000	0.736697
2912.000000	0.747872
2913.000000	0.753916
2914.000000	0.758225
2915.000000	0.762983
2916.000000	0.763259
2917.000000	0.758138
2918.000000	0.769869
2919.000000	0.813117
2920.000000	0.849028
2921.000000	0.842085
2922.000000	0.823630
2923.000000	0.833158
2924.000000	0.875911
2925.000000	0.940931
2926.000000	0.986713
2927.000000	0.978793
2928.000000	0.941408
2929.000000	0.910256
2930.000000	0.908191
2931.000000	0.945026
2932.000000	0.991266
2933.000000	1.013255
2934.000000	1.000000
2935.000000	0.954316
2936.000000	0.911572
2937.000000	0.904918
2938.000000	0.926065
2939.000000	0.953445
2940.000000	0.953821
2941.000000	0.907127
2942.000000	0.857662
2943.000000	0.847154
2944.000000	0.842687
2945.000000	0.807696
2946.000000	0.765672
2947.000000	0.746385
2948.000000	0.744671
2949.000000	0.746658
2950.000000	0.738575
2951.000000	0.711265
2952.000000	0.673935
2953.000000	0.639893
2954.000000	0.620493
2955.000000	0.620966
2956.000000	0.623996
2957.000000	0.613143
2958.000000	0.598027
2959.000000	0.591470
2960.000000	0.593046
2961.000000	0.598756
2962.000000	0.603566
2963.000000	0.603648
2964.000000	0.601048
2965.000000	0.598156
2966.000000	0.592867
2967.000000	0.582024
2968.000000	0.562748
2969.000000	0.535529
2970.000000	0.514038
2971.000000	0.508857
2972.000000	0.505019
2973.000000	0.488995
2974.000000	0.478560
2975.000000	0.489780
2976.000000	0.500598
2977.000000	0.487827
2978.000000	0.461902
2979.000000	0.439740
2980.000000	0.430572
2981.000000	0.436763
2982.000000	0.440910
2983.000000	0.427030
2984.000000	0.404573
2985.000000	0.384056
2986.000000	0.354820
2987.000000	0.309163
2988.000000	0.272401
2989.000000	0.268905
2990.000000	0.286255
2991.000000	0.304346
2992.000000	0.309119
2993.000000	0.292123
2994.000000	0.261301
2995.000000	0.228129
2996.000000	0.201815
2997.000000	0.188059
2998.000000	0.180805
2999.000000	0.173554
3000.000000	0.169793
3001.000000	0.173093
3002.000000	0.177380
3003.000000	0.174658
3004.000000	0.158899
3005.000000	0.127958
3006.000000	0.093256
3007.000000	0.068113
3008.000000	0.059885
3009.000000	0.071002
3010.000000	0.090147
3011.000000	0.103663
3012.000000	0.102284
3013.000000	0.082616
3014.000000	0.060350
3015.000000	0.050717
3016.000000	0.048012
3017.000000	0.043690
3018.000000	0.038769
3019.000000	0.035418
3020.000000	0.030842
3021.000000	0.022307
3022.000000	0.012298
3023.000000	0.004570
3024.000000	0.002743
3025.000000	0.008489
3026.000000	0.015831
3027.000000	0.017142
3028.000000	0.005843
3029.000000	-0.019210
3030.000000	-0.038474
3031.000000	-0.034993
3032.000000	-0.022863
3033.000000	-0.018847
3034.000000	-0.019336
3035.000000	-0.016089
3036.000000	-0.002728
3037.000000	0.023272
3038.000000	0.050872
3039.000000	0.067537
3040.000000	0.068304
3041.000000	0.053993
3042.000000	0.040978
3043.000000	0.043913
3044.000000	0.055010
3045.000000	0.061654
3046.000000	0.054376
3047.000000	0.030032
3048.000000	0.007641
3049.000000	0.004809
3050.000000	0.011327
3051.000000	0.014176
3052.000000	0.016925
3053.000000	0.026154
3054.000000	0.043918
3055.000000	0.068228
3056.000000	0.085456
3057.000000	0.085994
3058.000000	0.087956
3059.000000	0.108603
3060.000000	0.134078
3061.000000	0.147431
3062.000000	0.150478
3063.000000	0.148390
3064.000000	0.141011
3065.000000	0.127734
3066.000000	0.111488
3067.000000	0.096184
3068.000000	0.086142
3069.000000	0.084402
3070.000000	0.088484
3071.000000	0.093965
3072.000000	0.094163
3073.000000	0.083844
3074.000000	0.065814
3075.000000	0.043295
3076.000000	0.013118
3077.000000	-0.022619
3078.000000	-0.034355
3079.000000	-0.000483
3080.000000	0.041334
3081.000000	0.050420
3082.000000	0.033325
3083.000000	0.008413
3084.000000	-0.005919
3085.000000	0.002319
3086.000000	0.019461
3087.000000	0.029439
3088.000000	0.032227
3089.000000	0.031097
3090.000000	0.026476
3091.000000	0.017888
3092.000000	0.004078
3093.000000	-0.015027
3094.000000	-0.033996
3095.000000	-0.046461
3096.000000	-0.047825
3097.000000	-0.036055
3098.000000	-0.017620
3099.000000	-0.001041
3100.000000	0.005445
3101.000000	-0.003540
3102.000000	-0.022228
3103.000000	-0.041863
3104.000000	-0.052873
3105.000000	-0.050290
3106.000000	-0.048379
3107.000000	-0.057181
3108.000000	-0.050612
3109.000000	-0.006696
3110.000000	0.044000
3111.000000	0.065845
3112.000000	0.055501
3113.000000	0.022506
3114.000000	-0.004382
3115.000000	-0.000762
3116.000000	0.021131
3117.000000	0.040403
3118.000000	0.038169
3119.000000	0.006085
3120.000000	-0.024047
3121.000000	-0.023023
3122.000000	-0.012177
3123.000000	-0.016023
3124.000000	-0.021249
3125.000000	-0.012021
3126.000000	-0.000231
3127.000000	-0.000359
3128.000000	-0.009502
3129.000000	-0.019750
3130.000000	-0.020533
3131.000000	-0.005111
3132.000000	0.015296
3133.000000	0.026957
3134.000000	0.024074
3135.000000	0.007041
3136.000000	-0.006897
3137.000000	-0.003308
3138.000000	0.004146
3139.000000	-0.000344
3140.000000	-0.013078
3141.000000	-0.025496
3142.000000	-0.029100
3143.000000	-0.018893
3144.000000	-0.003826
3145.000000	0.006054
3146.000000	0.010252
3147.000000	0.011120
3148.000000	0.012847
3149.000000	0.018315
3150.000000	0.023336
3151.000000	0.022852
3152.000000	0.015399
3153.000000	0.002459
3154.000000	-0.006312
3155.000000	-0.003778
3156.000000	-0.001073
3157.000000	-0.007879
3158.000000	-0.009797
3159.000000	0.004913
3160.000000	0.013280
3161.000000	-0.005881
3162.000000	-0.031913
3163.000000	-0.040975
3164.000000	-0.038347
3165.000000	-0.034448
3166.000000	-0.031132
3167.000000	-0.026481
3168.000000	-0.012064
3169.000000	0.015272
3170.000000	0.031054
3171.000000	0.016390
3172.000000	0.002354
3173.000000	0.018618
3174.000000	0.039295
3175.000000	0.034812
3176.000000	0.016402
3177.000000	0.001300
3178.000000	-0.010073
3179.000000	-0.019429
3180.000000	-0.020210
3181.000000	-0.008268
3182.000000	0.002624
3183.000000	-0.000944
3184.000000	-0.013021
3185.000000	-0.021724
3186.000000	-0.010800
3187.000000	0.025687
3188.000000	0.048047
3189.000000	0.022725
3190.000000	-0.013683
3191.000000	-0.021137
3192.000000	-0.015994
3193.000000	-0.021171
3194.000000	-0.029447
3195.000000	-0.029632
3196.000000	-0.024804
3197.000000	-0.020150
3198.000000	-0.015036
3199.000000	-0.008019
3200.000000	-0.000238
3201.000000	0.006686
3202.000000	0.011779
3203.000000	0.014892
3204.000000	0.018535
3205.000000	0.023852
3206.000000	0.023874
3207.000000	0.014899
3208.000000	0.014406
3209.000000	0.034736
3210.000000	0.046510
3211.000000	0.024480
3212.000000	0.001650
3213.000000	0.012455
3214.000000	0.038803
3215.000000	0.053881
3216.000000	0.048522
3217.000000	0.022141
3218.000000	-0.009151
3219.000000	-0.028344
3220.000000	-0.031521
3221.000000	-0.020193
3222.000000	-0.004496
3223.000000	0.004888
3224.000000	0.003722
3225.000000	-0.006779
3226.000000	-0.010034
3227.000000	0.005600
3228.000000	0.016650
3229.000000	0.001301
3230.000000	-0.020518
3231.000000	-0.024632
3232.000000	-0.011622
3233.000000	0.010537
3234.000000	0.029060
3235.000000	0.034026
3236.000000	0.031780
3237.000000	0.030936
3238.000000	0.032917
3239.000000	0.036084
3240.000000	0.033725
3241.000000	0.022130
3242.000000	0.014651
3243.000000	0.022045
3244.000000	0.027618
3245.000000	0.015657
3246.000000	0.001829
3247.000000	0.002192
3248.000000	0.002991
3249.000000	-0.009520
3250.000000	-0.019224
3251.000000	-0.008000
3252.000000	0.020433
3253.000000	0.055607
3254.000000	0.081913
3255.000000	0.086627
3256.000000	0.073712
3257.000000	0.052311
3258.000000	0.035598
3259.000000	0.033835
3260.000000	0.041603
3261.000000	0.048419
3262.000000	0.039207
3263.000000	0.007847
3264.000000	-0.011387
3265.000000	0.010958
3266.000000	0.044640
3267.000000	0.054288
3268.000000	0.043712
3269.000000	0.027562
3270.000000	0.024675
3271.000000	0.046127
3272.000000	0.067761
3273.000000	0.066229
3274.000000	0.056634
3275.000000	0.059288
3276.000000	0.076874
3277.000000	0.101764
3278.000000	0.102715
3279.000000	0.059235
3280.000000	0.017457
3281.000000	0.022887
3282.000000	0.051911
3283.000000	0.069144
3284.000000	0.061236
3285.000000	0.028660
3286.000000	0.005138
3287.000000	0.018989
3288.000000	0.043667
3289.000000	0.048384
3290.000000	0.040234
3291.000000	0.033484
3292.000000	0.033207
3293.000000	0.040658
3294.000000	0.051007
3295.000000	0.059304
3296.000000	0.066192
3297.000000	0.072424
3298.000000	0.073588
3299.000000	0.065991
3300.000000	0.053978
3301.000000	0.044189
3302.000000	0.044416
3303.000000	0.058534
3304.000000	0.073610
3305.000000	0.076070
3306.000000	0.066596
3307.000000	0.051083
3308.000000	0.042012
3309.000000	0.048121
3310.000000	0.056576
3311.000000	0.054745
3312.000000	0.052367
3313.000000	0.061402
3314.000000	0.080310
3315.000000	0.102692
3316.000000	0.116218
3317.000000	0.111312
3318.000000	0.095354
3319.000000	0.078127
3320.000000	0.062079
3321.000000	0.051535
3322.000000	0.065651
3323.000000	0.113218
3324.000000	0.146727
3325.000000	0.123413
3326.000000	0.075796
3327.000000	0.046049
3328.000000	0.039682
3329.000000	0.051782
3330.000000	0.072412
3331.000000	0.090098
3332.000000	0.092255
3333.000000	0.072306
3334.000000	0.048809
3335.000000	0.041465
3336.000000	0.049396
3337.000000	0.064063
3338.000000	0.066858
3339.000000	0.044864
3340.000000	0.017986
3341.000000	0.007646
3342.000000	0.008503
3343.000000	0.011474
3344.000000	0.019278
3345.000000	0.034128
3346.000000	0.044403
3347.000000	0.041010
3348.000000	0.038807
3349.000000	0.051469
3350.000000	0.064000
3351.000000	0.061955
3352.000000	0.061765
3353.000000	0.078357
3354.000000	0.089761
3355.000000	0.073352
3356.000000	0.040795
3357.000000	0.012523
3358.000000	0.009756
3359.000000	0.042969
3360.000000	0.078880
3361.000000	0.083719
3362.000000	0.065515
3363.000000	0.042776
3364.000000	0.034130
3365.000000	0.049893
3366.000000	0.067001
3367.000000	0.061750
3368.000000	0.041246
3369.000000	0.021246
3370.000000	0.021300
3371.000000	0.050873
3372.000000	0.075304
3373.000000	0.062457
3374.000000	0.034421
3375.000000	0.019151
3376.000000	0.013855
3377.000000	0.010542
3378.000000	0.011178
3379.000000	0.018906
3380.000000	0.031616
3381.000000	0.044183
3382.000000	0.044685
3383.000000	0.027972
3384.000000	0.022793
3385.000000	0.051818
3386.000000	0.079502
3387.000000	0.070052
3388.000000	0.044898
3389.000000	0.032888
3390.000000	0.035327
3391.000000	0.046491
3392.000000	0.060089
3393.000000	0.067897
3394.000000	0.054520
3395.000000	0.013781
3396.000000	-0.016455
3397.000000	-0.003262
3398.000000	0.022472
3399.000000	0.025228
3400.000000	0.014758
3401.000000	0.010467
3402.000000	0.025080
3403.000000	0.061168
3404.000000	0.087351
3405.000000	0.075797
3406.000000	0.046813
3407.000000	0.027339
3408.000000	0.022720
3409.000000	0.030669
3410.000000	0.039978
3411.000000	0.040264
3412.000000	0.033363
3413.000000	0.024517
3414.000000	0.020367
3415.000000	0.024789
3416.000000	0.029207
3417.000000	0.027337
3418.000000	0.034535
3419.000000	0.062131
3420.000000	0.083726
3421.000000	0.073021
3422.000000	0.041843
3423.000000	0.010299
3424.000000	-0.006513
3425.000000	0.000092
3426.000000	0.018170
3427.000000	0.033275
3428.000000	0.041594
3429.000000	0.042673
3430.000000	0.038869
3431.000000	0.033537
3432.000000	0.031216
3433.000000	0.033654
3434.000000	0.030261
3435.000000	0.014959
3436.000000	0.012075
3437.000000	0.041237
3438.000000	0.072887
3439.000000	0.074825
3440.000000	0.053477
3441.000000	0.025484
3442.000000	0.009725
3443.000000	0.018501
3444.000000	0.035574
3445.000000	0.041627
3446.000000	0.033578
3447.000000	0.013631
3448.000000	-0.011106
3449.000000	-0.030306
3450.000000	-0.025679
3451.000000	0.014839
3452.000000	0.070434
3453.000000	0.111986
3454.000000	0.110025
3455.000000	0.051038
3456.000000	-0.014318
3457.000000	-0.034785
3458.000000	-0.020874
3459.000000	0.003296
3460.000000	0.020952
3461.000000	0.022069
3462.000000	0.016288
3463.000000	0.015208
3464.000000	0.018614
3465.000000	0.021325
3466.000000	0.010128
3467.000000	-0.020548
3468.000000	-0.037656
3469.000000	-0.014618
3470.000000	0.010666
3471.000000	-0.001235
3472.000000	-0.031402
3473.000000	-0.049807
3474.000000	-0.040348
3475.000000	0.000706
3476.000000	0.041530
3477.000000	0.051477
3478.000000	0.040174
3479.000000	0.025323
3480.000000	0.016648
3481.000000	0.017032
3482.000000	0.009970
3483.000000	-0.015317
3484.000000	-0.027328
3485.000000	0.000005
3486.000000	0.028731
3487.000000	0.020779
3488.000000	0.001609
3489.000000	0.001641
3490.000000	0.007613
3491.000000	0.002839
3492.000000	0.000629
3493.000000	0.013410
3494.000000	0.020094
3495.000000	0.002658
3496.000000	-0.011133
3497.000000	0.006370
3498.000000	0.036563
3499.000000	0.054140
3500.000000	0.053249
3501.000000	0.035846
3502.000000	0.015679
3503.000000	0.005557
3504.000000	0.002758
3505.000000	0.003065
3506.000000	0.011818
3507.000000	0.032875
3508.000000	0.054616
3509.000000	0.062473
3510.000000	0.045564
3511.000000	0.003203
3512.000000	-0.028202
3513.000000	-0.018070
3514.000000	0.003766
3515.000000	0.003937
3516.000000	-0.004666
3517.000000	-0.002569
3518.000000	0.009773
3519.000000	0.026099
3520.000000	0.036843
3521.000000	0.034700
3522.000000	0.024706
3523.000000	0.014651
3524.000000	0.011007
3525.000000	0.016450
3526.000000	0.019809
3527.000000	0.010200
3528.000000	-0.008247
3529.000000	-0.026445
3530.000000	-0.030489
3531.000000	-0.011326
3532.000000	0.015860
3533.000000	0.032089
3534.000000	0.027445
3535.000000	0.000379
3536.000000	-0.026234
3537.000000	-0.030319
3538.000000	-0.017415
3539.000000	-0.000961
3540.000000	0.001607
3541.000000	-0.017670
3542.000000	-0.024858
3543.000000	0.007807
3544.000000	0.041509
3545.000000	0.037085
3546.000000	0.020569
3547.000000	0.024226
3548.000000	0.040039
3549.000000	0.050402
3550.000000	0.039629
3551.000000	0.003181
3552.000000	-0.020803
3553.000000	-0.001014
3554.000000	0.023848
3555.000000	0.013917
3556.000000	-0.005347
3557.000000	-0.003613
3558.000000	0.003599
3559.000000	-0.002296
3560.000000	-0.006290
3561.000000	0.008147
3562.000000	0.030028
3563.000000	0.042538
3564.000000	0.033061
3565.000000	0.000037
3566.000000	-0.018057
3567.000000	0.008447
3568.000000	0.033960
3569.000000	0.014962
3570.000000	-0.008529
3571.000000	0.005543
3572.000000	0.023859
3573.000000	0.009791
3574.000000	-0.011131
3575.000000	-0.009040
3576.000000	0.001135
3577.000000	0.000142
3578.000000	-0.003774
3579.000000	0.000281
3580.000000	0.006287
3581.000000	0.006385
3582.000000	0.002282
3583.000000	-0.001212
3584.000000	0.003548
3585.000000	0.019909
3586.000000	0.031188
3587.000000	0.022269
3588.000000	0.004340
3589.000000	-0.008140
3590.000000	-0.013938
3591.000000	-0.016010
3592.000000	-0.020826
3593.000000	-0.032036
3594.000000	-0.038479
3595.000000	-0.030078
3596.000000	-0.015904
3597.000000	-0.007317
3598.000000	-0.005685
3599.000000	-0.009876
3600.000000	-0.018758
