400.000000	-0.016720
401.000000	-0.005094
402.000000	0.011333
403.000000	0.028981
404.000000	0.044267
405.000000	0.053783
406.000000	0.054808
407.000000	0.046270
408.000000	0.033009
409.000000	0.020648
410.000000	0.012036
411.000000	0.008809
412.000000	0.010539
413.000000	0.016042
414.000000	0.023176
415.000000	0.029655
416.000000	0.033591
417.000000	0.033817
418.000000	0.031666
419.000000	0.028870
420.000000	0.026257
421.000000	0.024406
422.000000	0.023817
423.000000	0.024327
424.000000	0.023205
425.000000	0.017618
426.000000	0.006900
427.000000	-0.007897
428.000000	-0.021025
429.000000	-0.027033
430.000000	-0.026370
431.000000	-0.021205
432.000000	-0.014702
433.000000	-0.009203
434.000000	-0.002781
435.000000	0.006647
436.000000	0.017517
437.000000	0.026298
438.000000	0.025243
439.000000	0.008904
440.000000	-0.014756
441.000000	-0.035115
442.000000	-0.044328
443.000000	-0.038168
444.000000	-0.024112
445.000000	-0.010984
446.000000	-0.001287
447.000000	0.004486
448.000000	0.007572
449.000000	0.009520
450.000000	0.011393
451.000000	0.013868
452.000000	0.016547
453.000000	0.018034
454.000000	0.013997
455.000000	0.001351
456.000000	-0.015077
457.000000	-0.028598
458.000000	-0.032980
459.000000	-0.024489
460.000000	-0.008931
461.000000	0.006345
462.000000	0.017345
463.000000	0.021064
464.000000	0.015096
465.000000	-0.000576
466.000000	-0.017022
467.000000	-0.024471
468.000000	-0.018748
469.000000	-0.000962
470.000000	0.012241
471.000000	0.005510
472.000000	-0.015792
473.000000	-0.040326
474.000000	-0.053556
475.000000	-0.044986
476.000000	-0.023460
477.000000	-0.001203
478.000000	0.015395
479.000000	0.022042
480.000000	0.017017
481.000000	0.000955
482.000000	-0.018644
483.000000	-0.033227
484.000000	-0.036898
485.000000	-0.027027
486.000000	-0.011390
487.000000	0.001227
488.000000	0.008409
489.000000	0.009755
490.000000	0.006552
491.000000	0.000663
492.000000	-0.005439
493.000000	-0.009452
494.000000	-0.010374
495.000000	-0.007938
496.000000	-0.003531
497.000000	0.001234
498.000000	0.005486
499.000000	0.008611
500.000000	0.010270
501.000000	0.010582
502.000000	0.011210
503.000000	0.013739
504.000000	0.017887
505.000000	0.022723
506.000000	0.026594
507.000000	0.027736
508.000000	0.024664
509.000000	0.016380
510.000000	0.003559
511.000000	-0.011962
512.000000	-0.025364
513.000000	-0.032187
514.000000	-0.032397
515.000000	-0.027186
516.000000	-0.018219
517.000000	-0.006762
518.000000	0.007983
519.000000	0.026288
520.000000	0.044247
521.000000	0.056233
522.000000	0.053903
523.000000	0.032483
524.000000	0.004196
525.000000	-0.016416
526.000000	-0.022520
527.000000	-0.012227
528.000000	0.004303
529.000000	0.016095
530.000000	0.020976
531.000000	0.019255
532.000000	0.012358
533.000000	0.002513
534.000000	-0.005953
535.000000	-0.008987
536.000000	-0.005724
537.000000	0.003486
538.000000	0.016623
539.000000	0.030823
540.000000	0.041511
541.000000	0.044404
542.000000	0.038107
543.000000	0.023209
544.000000	0.005348
545.000000	-0.009539
546.000000	-0.019370
547.000000	-0.023252
548.000000	-0.021196
549.000000	-0.014520
550.000000	-0.008880
551.000000	-0.009388
552.000000	-0.014657
553.000000	-0.020651
554.000000	-0.019227
555.000000	-0.005050
556.000000	0.011879
557.000000	0.019760
558.000000	0.014917
559.000000	-0.000651
560.000000	-0.010390
561.000000	0.000218
562.000000	0.022977
563.000000	0.044258
564.000000	0.051414
565.000000	0.037117
566.000000	0.014325
567.000000	-0.001938
568.000000	-0.008678
569.000000	-0.007071
570.000000	-0.002937
571.000000	-0.001547
572.000000	-0.001331
573.000000	0.000486
574.000000	0.004648
575.000000	0.010739
576.000000	0.015727
577.000000	0.017124
578.000000	0.017240
579.000000	0.019297
580.000000	0.025378
581.000000	0.035008
582.000000	0.038618
583.000000	0.027537
584.000000	0.005768
585.000000	-0.018397
586.000000	-0.032188
587.000000	-0.026221
588.000000	-0.009131
589.000000	0.007489
590.000000	0.018233
591.000000	0.020537
592.000000	0.017009
593.000000	0.011157
594.000000	0.004930
595.000000	-0.000225
596.000000	-0.003297
597.000000	-0.003975
598.000000	-0.004317
599.000000	-0.006223
600.000000	-0.008604
601.000000	-0.009520
602.000000	-0.006606
603.000000	0.001604
604.000000	0.012551
605.000000	0.022840
606.000000	0.029749
607.000000	0.030611
608.000000	0.022315
609.000000	0.003633
610.000000	-0.018695
611.000000	-0.036794
612.000000	-0.046227
613.000000	-0.045342
614.000000	-0.040199
615.000000	-0.037283
616.000000	-0.037077
617.000000	-0.038405
618.000000	-0.039447
619.000000	-0.038015
620.000000	-0.031073
621.000000	-0.016577
622.000000	0.002718
623.000000	0.022109
624.000000	0.033898
625.000000	0.032382
626.000000	0.022818
627.000000	0.012276
628.000000	0.004116
629.000000	-0.000479
630.000000	-0.005324
631.000000	-0.013848
632.000000	-0.022927
633.000000	-0.028132
634.000000	-0.026377
635.000000	-0.016683
636.000000	-0.005167
637.000000	0.002023
638.000000	0.005696
639.000000	0.008805
640.000000	0.015923
641.000000	0.029447
642.000000	0.041445
643.000000	0.043411
644.000000	0.034860
645.000000	0.019036
646.000000	0.006086
647.000000	0.004290
648.000000	0.007571
649.000000	0.007468
650.000000	0.000333
651.000000	-0.013337
652.000000	-0.021287
653.000000	-0.012966
654.000000	0.003598
655.000000	0.016015
656.000000	0.013036
657.000000	-0.010504
658.000000	-0.036562
659.000000	-0.045798
660.000000	-0.036892
661.000000	-0.014743
662.000000	0.008897
663.000000	0.023662
664.000000	0.031587
665.000000	0.037067
666.000000	0.041542
667.000000	0.045210
668.000000	0.046268
669.000000	0.042983
670.000000	0.035911
671.000000	0.026228
672.000000	0.015314
673.000000	0.004950
674.000000	-0.001667
675.000000	-0.002281
676.000000	0.000193
677.000000	0.001549
678.000000	-0.002417
679.000000	-0.013722
680.000000	-0.025632
681.000000	-0.030791
682.000000	-0.028116
683.000000	-0.018741
684.000000	-0.006397
685.000000	0.004521
686.000000	0.009545
687.000000	0.005297
688.000000	-0.007176
689.000000	-0.024006
690.000000	-0.034471
691.000000	-0.030123
692.000000	-0.018458
693.000000	-0.009875
694.000000	-0.010433
695.000000	-0.021306
696.000000	-0.028464
697.000000	-0.018657
698.000000	0.003039
699.000000	0.026641
700.000000	0.040874
701.000000	0.038064
702.000000	0.026249
703.000000	0.015360
704.000000	0.007184
705.000000	0.000643
706.000000	-0.008666
707.000000	-0.023104
708.000000	-0.033536
709.000000	-0.030412
710.000000	-0.014020
711.000000	0.009805
712.000000	0.022879
713.000000	0.011055
714.000000	-0.011322
715.000000	-0.025008
716.000000	-0.019661
717.000000	0.006490
718.000000	0.029821
719.000000	0.028095
720.000000	0.010009
721.000000	-0.008023
722.000000	-0.009656
723.000000	0.014970
724.000000	0.049846
725.000000	0.075897
726.000000	0.087666
727.000000	0.084160
728.000000	0.068637
729.000000	0.045771
730.000000	0.021650
731.000000	0.001968
732.000000	-0.010582
733.000000	-0.014754
734.000000	-0.012078
735.000000	-0.004779
736.000000	0.004922
737.000000	0.014902
738.000000	0.023425
739.000000	0.028967
740.000000	0.030468
741.000000	0.027646
742.000000	0.022861
743.000000	0.019007
744.000000	0.018467
745.000000	0.022836
746.000000	0.031063
747.000000	0.041379
748.000000	0.051779
749.000000	0.060224
750.000000	0.064767
751.000000	0.064508
752.000000	0.062627
753.000000	0.062466
754.000000	0.063927
755.000000	0.065628
756.000000	0.064491
757.000000	0.057741
758.000000	0.045496
759.000000	0.028882
760.000000	0.010148
761.000000	-0.007645
762.000000	-0.019324
763.000000	-0.021022
764.000000	-0.016221
765.000000	-0.009846
766.000000	-0.005260
767.000000	-0.004476
768.000000	-0.005674
769.000000	-0.006546
770.000000	-0.006668
771.000000	-0.006098
772.000000	-0.004949
773.000000	-0.003416
774.000000	-0.001968
775.000000	-0.000897
776.000000	0.000501
777.000000	0.002938
778.000000	0.006162
779.000000	0.011296
780.000000	0.025915
781.000000	0.053791
782.000000	0.077035
783.000000	0.079157
784.000000	0.070907
785.000000	0.066253
786.000000	0.064778
787.000000	0.062885
788.000000	0.058650
789.000000	0.050814
790.000000	0.039121
791.000000	0.024773
792.000000	0.013811
793.000000	0.012470
794.000000	0.022918
795.000000	0.042888
796.000000	0.056451
797.000000	0.049606
798.000000	0.029734
799.000000	0.009079
800.000000	-0.002051
801.000000	0.001876
802.000000	0.009238
803.000000	0.007720
804.000000	-0.000595
805.000000	-0.009621
806.000000	-0.011655
807.000000	-0.002002
808.000000	0.010388
809.000000	0.015624
810.000000	0.013695
811.000000	0.008025
812.000000	0.005882
813.000000	0.012869
814.000000	0.024072
815.000000	0.032991
816.000000	0.037311
817.000000	0.036429
818.000000	0.032414
819.000000	0.027752
820.000000	0.023931
821.000000	0.021889
822.000000	0.021358
823.000000	0.021014
824.000000	0.016512
825.000000	0.005146
826.000000	-0.006224
827.000000	-0.009427
828.000000	-0.000625
829.000000	0.019720
830.000000	0.038273
831.000000	0.042509
832.000000	0.036017
833.000000	0.026319
834.000000	0.020550
835.000000	0.022508
836.000000	0.023018
837.000000	0.013056
838.000000	-0.002815
839.000000	-0.016274
840.000000	-0.017534
841.000000	-0.001458
842.000000	0.017043
843.000000	0.022130
844.000000	0.014306
845.000000	-0.000210
846.000000	-0.008692
847.000000	-0.001314
848.000000	0.013633
849.000000	0.025136
850.000000	0.029418
851.000000	0.025567
852.000000	0.016900
853.000000	0.007614
854.000000	0.001183
855.000000	0.000274
856.000000	0.005043
857.000000	0.014158
858.000000	0.022844
859.000000	0.026427
860.000000	0.024087
861.000000	0.016284
862.000000	0.004742
863.000000	-0.007684
864.000000	-0.014888
865.000000	-0.012080
866.000000	-0.002972
867.000000	0.006862
868.000000	0.012907
869.000000	0.012339
870.000000	0.008035
871.000000	0.003670
872.000000	0.000423
873.000000	-0.001260
874.000000	-0.001352
875.000000	-0.000284
876.000000	0.000103
877.000000	-0.001830
878.000000	-0.005520
879.000000	-0.009683
880.000000	-0.012370
881.000000	-0.012152
882.000000	-0.010360
883.000000	-0.008173
884.000000	-0.003393
885.000000	0.005235
886.000000	0.011833
887.000000	0.011002
888.000000	0.006397
889.000000	0.002865
890.000000	0.000960
891.000000	-0.000392
892.000000	-0.004476
893.000000	-0.013273
894.000000	-0.021320
895.000000	-0.023096
896.000000	-0.020277
897.000000	-0.016219
898.000000	-0.013788
899.000000	-0.014603
900.000000	-0.015790
901.000000	-0.013960
902.000000	-0.008144
903.000000	0.001050
904.000000	0.009142
905.000000	0.011708
906.000000	0.008424
907.000000	0.000232
908.000000	-0.010947
909.000000	-0.022279
910.000000	-0.028251
911.000000	-0.024612
912.000000	-0.014840
913.000000	-0.004084
914.000000	0.003563
915.000000	0.005701
916.000000	0.005648
917.000000	0.007432
918.000000	0.012194
919.000000	0.020144
920.000000	0.030669
921.000000	0.042058
922.000000	0.049050
923.000000	0.047224
924.000000	0.039086
925.000000	0.029064
926.000000	0.022355
927.000000	0.021938
928.000000	0.021147
929.000000	0.013258
930.000000	0.000954
931.000000	-0.010229
932.000000	-0.012746
933.000000	-0.002072
934.000000	0.012247
935.000000	0.019417
936.000000	0.017742
937.000000	0.008753
938.000000	-0.002202
939.000000	-0.010121
940.000000	-0.015206
941.000000	-0.018639
942.000000	-0.020323
943.000000	-0.019682
944.000000	-0.015513
945.000000	-0.007972
946.000000	-0.003273
947.000000	-0.007241
948.000000	-0.018077
949.000000	-0.030159
950.000000	-0.030183
951.000000	-0.009563
952.000000	0.013742
953.000000	0.019434
954.000000	0.004419
955.000000	-0.024959
956.000000	-0.041801
957.000000	-0.024346
958.000000	0.008056
959.000000	0.029671
960.000000	0.030328
961.000000	0.009532
962.000000	-0.010064
963.000000	-0.007736
964.000000	0.006390
965.000000	0.016445
966.000000	0.014432
967.000000	-0.001980
968.000000	-0.020320
969.000000	-0.027775
970.000000	-0.024954
971.000000	-0.015852
972.000000	-0.004571
973.000000	0.004652
974.000000	0.007160
975.000000	0.000153
976.000000	-0.011301
977.000000	-0.020628
978.000000	-0.023079
979.000000	-0.016143
980.000000	-0.004426
981.000000	0.006500
982.000000	0.014319
983.000000	0.017787
984.000000	0.016678
985.000000	0.011623
986.000000	0.005647
987.000000	0.001976
988.000000	0.002248
989.000000	0.007391
990.000000	0.017078
991.000000	0.029273
992.000000	0.036361
993.000000	0.031992
994.000000	0.020449
995.000000	0.008720
996.000000	0.003985
997.000000	0.011930
998.000000	0.032075
999.000000	0.060791
1000.000000	0.088017
1001.000000	0.105612
1002.000000	0.119539
1003.000000	0.136376
1004.000000	0.151061
1005.000000	0.157548
1006.000000	0.157482
1007.000000	0.152888
1008.000000	0.139606
1009.000000	0.115001
1010.000000	0.088727
1011.000000	0.071079
1012.000000	0.062643
1013.000000	0.060956
1014.000000	0.061074
1015.000000	0.058319
1016.000000	0.051568
1017.000000	0.041319
1018.000000	0.031001
1019.000000	0.024973
1020.000000	0.028372
1021.000000	0.042822
1022.000000	0.055126
1023.000000	0.052380
1024.000000	0.037671
1025.000000	0.019541
1026.000000	0.012355
1027.000000	0.025591
1028.000000	0.043354
1029.000000	0.048128
1030.000000	0.041298
1031.000000	0.030810
1032.000000	0.031956
1033.000000	0.055046
1034.000000	0.083116
1035.000000	0.096547
1036.000000	0.092367
1037.000000	0.073613
1038.000000	0.050702
1039.000000	0.034886
1040.000000	0.033367
1041.000000	0.049882
1042.000000	0.078343
1043.000000	0.108721
1044.000000	0.125031
1045.000000	0.116720
1046.000000	0.100902
1047.000000	0.097339
1048.000000	0.108711
1049.000000	0.131194
1050.000000	0.152012
1051.000000	0.159225
1052.000000	0.153172
1053.000000	0.137626
1054.000000	0.117809
1055.000000	0.099766
1056.000000	0.091376
1057.000000	0.097124
1058.000000	0.106090
1059.000000	0.106327
1060.000000	0.097180
1061.000000	0.082501
1062.000000	0.072879
1063.000000	0.076819
1064.000000	0.087762
1065.000000	0.096711
1066.000000	0.099979
1067.000000	0.095842
1068.000000	0.085103
1069.000000	0.070631
1070.000000	0.061015
1071.000000	0.063752
1072.000000	0.076236
1073.000000	0.091606
1074.000000	0.096081
1075.000000	0.080663
1076.000000	0.062408
1077.000000	0.060189
1078.000000	0.074098
1079.000000	0.096742
1080.000000	0.109576
1081.000000	0.098255
1082.000000	0.076400
1083.000000	0.061332
1084.000000	0.057198
1085.000000	0.063052
1086.000000	0.070733
1087.000000	0.073184
1088.000000	0.074978
1089.000000	0.081838
1090.000000	0.092468
1091.000000	0.102988
1092.000000	0.106210
1093.000000	0.096891
1094.000000	0.080886
1095.000000	0.065790
1096.000000	0.055059
1097.000000	0.050636
1098.000000	0.052559
1099.000000	0.058822
1100.000000	0.061145
1101.000000	0.052321
1102.000000	0.035703
1103.000000	0.018536
1104.000000	0.013068
1105.000000	0.028147
1106.000000	0.054009
1107.000000	0.078060
1108.000000	0.095013
1109.000000	0.102229
1110.000000	0.100371
1111.000000	0.091624
1112.000000	0.080961
1113.000000	0.073288
1114.000000	0.070450
1115.000000	0.073091
1116.000000	0.080126
1117.000000	0.089236
1118.000000	0.094904
1119.000000	0.092437
1120.000000	0.083630
1121.000000	0.072465
1122.000000	0.065171
1123.000000	0.066440
1124.000000	0.072563
1125.000000	0.079018
1126.000000	0.086444
1127.000000	0.096880
1128.000000	0.112807
1129.000000	0.134025
1130.000000	0.149172
1131.000000	0.147175
1132.000000	0.129277
1133.000000	0.100590
1134.000000	0.069386
1135.000000	0.043368
1136.000000	0.024805
1137.000000	0.014090
1138.000000	0.009557
1139.000000	0.008877
1140.000000	0.009136
1141.000000	0.008061
1142.000000	0.006519
1143.000000	0.005848
1144.000000	0.006140
1145.000000	0.007114
1146.000000	0.008246
1147.000000	0.009198
1148.000000	0.010611
1149.000000	0.012360
1150.000000	0.010291
1151.000000	-0.000059
1152.000000	-0.020349
1153.000000	-0.047752
1154.000000	-0.064298
1155.000000	-0.054365
1156.000000	-0.026877
1157.000000	0.003449
1158.000000	0.023268
1159.000000	0.022951
1160.000000	0.006372
1161.000000	-0.018505
1162.000000	-0.040845
1163.000000	-0.050483
1164.000000	-0.042800
1165.000000	-0.018758
1166.000000	0.003905
1167.000000	0.008623
1168.000000	0.000306
1169.000000	-0.011415
1170.000000	-0.019487
1171.000000	-0.019386
1172.000000	-0.014120
1173.000000	-0.008180
1174.000000	-0.004470
1175.000000	-0.004896
1176.000000	-0.008979
1177.000000	-0.015084
1178.000000	-0.019354
1179.000000	-0.017217
1180.000000	-0.003469
1181.000000	0.022332
1182.000000	0.040965
1183.000000	0.035887
1184.000000	0.020949
1185.000000	0.011804
1186.000000	0.000934
1187.000000	-0.019241
1188.000000	-0.033372
1189.000000	-0.027649
1190.000000	-0.017349
1191.000000	-0.019023
1192.000000	-0.025240
1193.000000	-0.025004
1194.000000	-0.017029
1195.000000	-0.003748
1196.000000	0.007257
1197.000000	0.009865
1198.000000	0.008951
1199.000000	0.010681
1200.000000	0.015395
1201.000000	0.021365
1202.000000	0.024411
1203.000000	0.021446
1204.000000	0.016197
1205.000000	0.013286
1206.000000	0.014089
1207.000000	0.018869
1208.000000	0.026686
1209.000000	0.036016
1210.000000	0.044195
1211.000000	0.049102
1212.000000	0.051935
1213.000000	0.054791
1214.000000	0.060036
1215.000000	0.069306
1216.000000	0.081045
1217.000000	0.092480
1218.000000	0.099169
1219.000000	0.096885
1220.000000	0.083935
1221.000000	0.062677
1222.000000	0.049132
1223.000000	0.057001
1224.000000	0.077036
1225.000000	0.095263
1226.000000	0.101765
1227.000000	0.092715
1228.000000	0.084601
1229.000000	0.093398
1230.000000	0.112720
1231.000000	0.131599
1232.000000	0.143089
1233.000000	0.143749
1234.000000	0.140134
1235.000000	0.139185
1236.000000	0.139396
1237.000000	0.137662
1238.000000	0.132932
1239.000000	0.125253
1240.000000	0.117001
1241.000000	0.110714
1242.000000	0.107243
1243.000000	0.106692
1244.000000	0.107871
1245.000000	0.108808
1246.000000	0.105707
1247.000000	0.097321
1248.000000	0.094421
1249.000000	0.106927
1250.000000	0.129353
1251.000000	0.150489
1252.000000	0.151648
1253.000000	0.121146
1254.000000	0.082786
1255.000000	0.063180
1256.000000	0.064699
1257.000000	0.081763
1258.000000	0.101233
1259.000000	0.111524
1260.000000	0.114836
1261.000000	0.115918
1262.000000	0.115948
1263.000000	0.115161
1264.000000	0.113610
1265.000000	0.111576
1266.000000	0.110448
1267.000000	0.110691
1268.000000	0.107965
1269.000000	0.097554
1270.000000	0.078040
1271.000000	0.051919
1272.000000	0.034029
1273.000000	0.036951
1274.000000	0.051887
1275.000000	0.066028
1276.000000	0.071909
1277.000000	0.066409
1278.000000	0.058457
1279.000000	0.057419
1280.000000	0.062366
1281.000000	0.070080
1282.000000	0.078471
1283.000000	0.086002
1284.000000	0.092208
1285.000000	0.096751
1286.000000	0.098734
1287.000000	0.097616
1288.000000	0.094844
1289.000000	0.092608
1290.000000	0.094087
1291.000000	0.101289
1292.000000	0.110547
1293.000000	0.117396
1294.000000	0.119864
1295.000000	0.116976
1296.000000	0.109246
1297.000000	0.099400
1298.000000	0.097530
1299.000000	0.111797
1300.000000	0.135263
1301.000000	0.157309
1302.000000	0.167700
1303.000000	0.160769
1304.000000	0.148752
1305.000000	0.144836
1306.000000	0.148121
1307.000000	0.154387
1308.000000	0.160220
1309.000000	0.164142
1310.000000	0.171595
1311.000000	0.186292
1312.000000	0.198093
1313.000000	0.195897
1314.000000	0.178621
1315.000000	0.151439
1316.000000	0.134550
1317.000000	0.144133
1318.000000	0.165267
1319.000000	0.178850
1320.000000	0.180172
1321.000000	0.170816
1322.000000	0.163154
1323.000000	0.167277
1324.000000	0.173365
1325.000000	0.169631
1326.000000	0.156342
1327.000000	0.137737
1328.000000	0.121904
1329.000000	0.116356
1330.000000	0.122454
1331.000000	0.138766
1332.000000	0.158847
1333.000000	0.175371
1334.000000	0.182512
1335.000000	0.177871
1336.000000	0.171267
1337.000000	0.173023
1338.000000	0.183256
1339.000000	0.198989
1340.000000	0.215071
1341.000000	0.224863
1342.000000	0.217937
1343.000000	0.188110
1344.000000	0.149953
1345.000000	0.120879
1346.000000	0.108920
1347.000000	0.116850
1348.000000	0.135800
1349.000000	0.155051
1350.000000	0.168133
1351.000000	0.170997
1352.000000	0.165018
1353.000000	0.153778
1354.000000	0.144267
1355.000000	0.142335
1356.000000	0.145862
1357.000000	0.150627
1358.000000	0.151965
1359.000000	0.145553
1360.000000	0.128869
1361.000000	0.103705
1362.000000	0.087313
1363.000000	0.094115
1364.000000	0.111742
1365.000000	0.122721
1366.000000	0.115947
1367.000000	0.089107
1368.000000	0.068678
1369.000000	0.078684
1370.000000	0.104539
1371.000000	0.124941
1372.000000	0.130342
1373.000000	0.118596
1374.000000	0.105405
1375.000000	0.104802
1376.000000	0.106284
1377.000000	0.096856
1378.000000	0.078079
1379.000000	0.057049
1380.000000	0.048458
1381.000000	0.062490
1382.000000	0.083706
1383.000000	0.094525
1384.000000	0.094423
1385.000000	0.087881
1386.000000	0.082346
1387.000000	0.082826
1388.000000	0.081600
1389.000000	0.070341
1390.000000	0.051034
1391.000000	0.028490
1392.000000	0.008510
1393.000000	-0.002662
1394.000000	0.001998
1395.000000	0.025582
1396.000000	0.054682
1397.000000	0.074236
1398.000000	0.079055
1399.000000	0.069571
1400.000000	0.058818
1401.000000	0.058164
1402.000000	0.059718
1403.000000	0.053674
1404.000000	0.041841
1405.000000	0.029968
1406.000000	0.027965
1407.000000	0.042766
1408.000000	0.065240
1409.000000	0.084215
1410.000000	0.096415
1411.000000	0.101050
1412.000000	0.099367
1413.000000	0.093313
1414.000000	0.085612
1415.000000	0.078616
1416.000000	0.072428
1417.000000	0.066720
1418.000000	0.061701
1419.000000	0.058340
1420.000000	0.060120
1421.000000	0.068366
1422.000000	0.073261
1423.000000	0.065334
1424.000000	0.047631
1425.000000	0.028383
1426.000000	0.024053
1427.000000	0.046549
1428.000000	0.081329
1429.000000	0.110050
1430.000000	0.125621
1431.000000	0.125052
1432.000000	0.110519
1433.000000	0.088146
1434.000000	0.074678
1435.000000	0.083159
1436.000000	0.101199
1437.000000	0.112143
1438.000000	0.107692
1439.000000	0.088590
1440.000000	0.083383
1441.000000	0.115809
1442.000000	0.162556
1443.000000	0.193843
1444.000000	0.201058
1445.000000	0.185861
1446.000000	0.169822
1447.000000	0.171906
1448.000000	0.180737
1449.000000	0.181240
1450.000000	0.173881
1451.000000	0.163796
1452.000000	0.159267
1453.000000	0.166019
1454.000000	0.176398
1455.000000	0.181571
1456.000000	0.181372
1457.000000	0.177921
1458.000000	0.173801
1459.000000	0.171350
1460.000000	0.171449
1461.000000	0.174282
1462.000000	0.178709
1463.000000	0.183175
1464.000000	0.185797
1465.000000	0.184601
1466.000000	0.177579
1467.000000	0.164047
1468.000000	0.148660
1469.000000	0.136035
1470.000000	0.125311
1471.000000	0.114082
1472.000000	0.099252
1473.000000	0.079690
1474.000000	0.062816
1475.000000	0.056380
1476.000000	0.060895
1477.000000	0.074461
1478.000000	0.092752
1479.000000	0.109878
1480.000000	0.116126
1481.000000	0.105450
1482.000000	0.090306
1483.000000	0.084750
1484.000000	0.090728
1485.000000	0.104628
1486.000000	0.112709
1487.000000	0.103313
1488.000000	0.083231
1489.000000	0.062252
1490.000000	0.043694
1491.000000	0.028846
1492.000000	0.017345
1493.000000	0.008790
1494.000000	0.004294
1495.000000	0.004321
1496.000000	0.005244
1497.000000	0.003098
1498.000000	-0.003330
1499.000000	-0.013193
1500.000000	-0.020139
1501.000000	-0.018981
1502.000000	-0.014679
1503.000000	-0.013315
1504.000000	-0.015298
1505.000000	-0.018905
1506.000000	-0.019555
1507.000000	-0.013050
1508.000000	0.000411
1509.000000	0.018232
1510.000000	0.032609
1511.000000	0.035465
1512.000000	0.022824
1513.000000	-0.003987
1514.000000	-0.026542
1515.000000	-0.027971
1516.000000	-0.014715
1517.000000	0.001711
1518.000000	0.012817
1519.000000	0.012163
1520.000000	-0.001526
1521.000000	-0.025574
1522.000000	-0.046666
1523.000000	-0.052295
1524.000000	-0.043829
1525.000000	-0.027168
1526.000000	-0.012457
1527.000000	-0.006835
1528.000000	-0.001174
1529.000000	0.013651
1530.000000	0.030497
1531.000000	0.039560
1532.000000	0.036657
1533.000000	0.022624
1534.000000	0.012762
1535.000000	0.019994
1536.000000	0.033260
1537.000000	0.038379
1538.000000	0.032656
1539.000000	0.018049
1540.000000	0.003631
1541.000000	-0.002094
1542.000000	-0.000022
1543.000000	0.006872
1544.000000	0.016687
1545.000000	0.027778
1546.000000	0.038441
1547.000000	0.047013
1548.000000	0.052046
1549.000000	0.052998
1550.000000	0.052737
1551.000000	0.054468
1552.000000	0.059336
1553.000000	0.067437
1554.000000	0.076733
1555.000000	0.084314
1556.000000	0.085922
1557.000000	0.078577
1558.000000	0.065770
1559.000000	0.052783
1560.000000	0.045587
1561.000000	0.049064
1562.000000	0.063058
1563.000000	0.084517
1564.000000	0.103840
1565.000000	0.111861
1566.000000	0.107709
1567.000000	0.095606
1568.000000	0.091836
1569.000000	0.109171
1570.000000	0.134257
1571.000000	0.150505
1572.000000	0.154500
1573.000000	0.147485
1574.000000	0.136156
1575.000000	0.127353
1576.000000	0.123051
1577.000000	0.124022
1578.000000	0.131098
1579.000000	0.144400
1580.000000	0.161132
1581.000000	0.176677
1582.000000	0.182050
1583.000000	0.171477
1584.000000	0.156393
1585.000000	0.149606
1586.000000	0.152197
1587.000000	0.160932
1588.000000	0.167047
1589.000000	0.163162
1590.000000	0.152954
1591.000000	0.141794
1592.000000	0.130760
1593.000000	0.120013
1594.000000	0.110345
1595.000000	0.103151
1596.000000	0.101597
1597.000000	0.108004
1598.000000	0.119525
1599.000000	0.132299
1600.000000	0.143566
1601.000000	0.151145
1602.000000	0.154078
1603.000000	0.152414
1604.000000	0.149004
1605.000000	0.146568
1606.000000	0.144486
1607.000000	0.141438
1608.000000	0.136636
1609.000000	0.130437
1610.000000	0.127253
1611.000000	0.129300
1612.000000	0.125952
1613.000000	0.107185
1614.000000	0.078230
1615.000000	0.049853
1616.000000	0.039717
1617.000000	0.059788
1618.000000	0.092353
1619.000000	0.116265
1620.000000	0.126312
1621.000000	0.122331
1622.000000	0.108414
1623.000000	0.090509
1624.000000	0.077740
1625.000000	0.076585
1626.000000	0.079769
1627.000000	0.078838
1628.000000	0.074385
1629.000000	0.070338
1630.000000	0.074929
1631.000000	0.092955
1632.000000	0.111163
1633.000000	0.115548
1634.000000	0.107148
1635.000000	0.091002
1636.000000	0.073121
1637.000000	0.058760
1638.000000	0.049171
1639.000000	0.044629
1640.000000	0.045516
1641.000000	0.051905
1642.000000	0.062530
1643.000000	0.075689
1644.000000	0.089273
1645.000000	0.100949
1646.000000	0.107891
1647.000000	0.108562
1648.000000	0.107077
1649.000000	0.108330
1650.000000	0.114668
1651.000000	0.126312
1652.000000	0.137523
1653.000000	0.142626
1654.000000	0.142161
1655.000000	0.138105
1656.000000	0.131967
1657.000000	0.125118
1658.000000	0.118838
1659.000000	0.114441
1660.000000	0.113476
1661.000000	0.116967
1662.000000	0.123617
1663.000000	0.131719
1664.000000	0.140256
1665.000000	0.148850
1666.000000	0.159007
1667.000000	0.171025
1668.000000	0.178507
1669.000000	0.175825
1670.000000	0.167138
1671.000000	0.159121
1672.000000	0.158724
1673.000000	0.169422
1674.000000	0.180511
1675.000000	0.180692
1676.000000	0.170455
1677.000000	0.153483
1678.000000	0.134441
1679.000000	0.118078
1680.000000	0.108491
1681.000000	0.108270
1682.000000	0.114623
1683.000000	0.123029
1684.000000	0.127417
1685.000000	0.122378
1686.000000	0.106680
1687.000000	0.083359
1688.000000	0.068328
1689.000000	0.074520
1690.000000	0.090063
1691.000000	0.099464
1692.000000	0.097544
1693.000000	0.083709
1694.000000	0.065384
1695.000000	0.051132
1696.000000	0.046036
1697.000000	0.052191
1698.000000	0.063205
1699.000000	0.071942
1700.000000	0.076782
1701.000000	0.077960
1702.000000	0.077617
1703.000000	0.077821
1704.000000	0.078452
1705.000000	0.078963
1706.000000	0.079287
1707.000000	0.079544
1708.000000	0.080122
1709.000000	0.081087
1710.000000	0.080957
1711.000000	0.079345
1712.000000	0.081792
1713.000000	0.089779
1714.000000	0.082627
1715.000000	0.045705
1716.000000	0.010737
1717.000000	0.007829
1718.000000	0.014242
1719.000000	0.003009
1720.000000	-0.016924
1721.000000	-0.029806
1722.000000	-0.028584
1723.000000	-0.013439
1724.000000	-0.004778
1725.000000	-0.019321
1726.000000	-0.038808
1727.000000	-0.041397
1728.000000	-0.025904
1729.000000	0.000873
1730.000000	0.020868
1731.000000	0.019739
1732.000000	0.009304
1733.000000	0.004068
1734.000000	0.003127
1735.000000	0.002123
1736.000000	-0.001718
1737.000000	-0.009701
1738.000000	-0.018851
1739.000000	-0.025453
1740.000000	-0.027120
1741.000000	-0.022741
1742.000000	-0.014972
1743.000000	-0.007420
1744.000000	-0.003717
1745.000000	-0.006289
1746.000000	-0.012712
1747.000000	-0.019799
1748.000000	-0.026173
1749.000000	-0.030955
1750.000000	-0.033462
1751.000000	-0.033157
1752.000000	-0.029878
1753.000000	-0.023874
1754.000000	-0.016650
1755.000000	-0.009504
1756.000000	-0.001653
1757.000000	0.007632
1758.000000	0.016768
1759.000000	0.022705
1760.000000	0.018830
1761.000000	0.000806
1762.000000	-0.023039
1763.000000	-0.042589
1764.000000	-0.053242
1765.000000	-0.052737
1766.000000	-0.042673
1767.000000	-0.026619
1768.000000	-0.012170
1769.000000	-0.006181
1770.000000	-0.008523
1771.000000	-0.016796
1772.000000	-0.026496
1773.000000	-0.032690
1774.000000	-0.030850
1775.000000	-0.019077
1776.000000	-0.005606
1777.000000	0.001228
1778.000000	0.002808
1779.000000	0.002563
1780.000000	0.002385
1781.000000	0.002717
1782.000000	-0.000274
1783.000000	-0.008994
1784.000000	-0.015883
1785.000000	-0.013441
1786.000000	-0.004382
1787.000000	0.005902
1788.000000	0.011513
1789.000000	0.008256
1790.000000	-0.000753
1791.000000	-0.011037
1792.000000	-0.019976
1793.000000	-0.025516
1794.000000	-0.026017
1795.000000	-0.020339
1796.000000	-0.008942
1797.000000	0.005703
1798.000000	0.014688
1799.000000	0.011079
1800.000000	0.002281
1801.000000	-0.002519
1802.000000	-0.001339
1803.000000	0.003936
1804.000000	0.003146
1805.000000	-0.010953
1806.000000	-0.025678
1807.000000	-0.027961
1808.000000	-0.023119
1809.000000	-0.019940
1810.000000	-0.022707
1811.000000	-0.030632
1812.000000	-0.027134
1813.000000	-0.000641
1814.000000	0.024604
1815.000000	0.023012
1816.000000	-0.000588
1817.000000	-0.032515
1818.000000	-0.054110
1819.000000	-0.050875
1820.000000	-0.029925
1821.000000	-0.003933
1822.000000	0.013806
1823.000000	0.013510
1824.000000	0.000075
1825.000000	-0.016452
1826.000000	-0.020109
1827.000000	-0.000869
1828.000000	0.021631
1829.000000	0.026941
1830.000000	0.021020
1831.000000	0.015019
1832.000000	0.014437
1833.000000	0.021221
1834.000000	0.028763
1835.000000	0.029918
1836.000000	0.023952
1837.000000	0.011862
1838.000000	-0.004851
1839.000000	-0.024006
1840.000000	-0.041195
1841.000000	-0.050683
1842.000000	-0.043649
1843.000000	-0.016955
1844.000000	0.006722
1845.000000	0.005839
1846.000000	-0.010799
1847.000000	-0.026883
1848.000000	-0.026441
1849.000000	-0.001542
1850.000000	0.023919
1851.000000	0.027017
1852.000000	0.020530
1853.000000	0.021447
1854.000000	0.027897
1855.000000	0.032281
1856.000000	0.022958
1857.000000	-0.005918
1858.000000	-0.032966
1859.000000	-0.037533
1860.000000	-0.029112
1861.000000	-0.021765
1862.000000	-0.017681
1863.000000	-0.014116
1864.000000	-0.000452
1865.000000	0.028226
1866.000000	0.046144
1867.000000	0.030770
1868.000000	0.003219
1869.000000	-0.009443
1870.000000	-0.000000
1871.000000	0.027330
1872.000000	0.042430
1873.000000	0.021383
1874.000000	-0.009034
1875.000000	-0.018083
1876.000000	-0.009875
1877.000000	0.003147
1878.000000	0.010071
1879.000000	0.003657
1880.000000	-0.010192
1881.000000	-0.022728
1882.000000	-0.026981
1883.000000	-0.018978
1884.000000	-0.004963
1885.000000	0.006758
1886.000000	0.009858
1887.000000	0.001632
1888.000000	-0.008122
1889.000000	-0.009570
1890.000000	-0.005236
1891.000000	-0.000278
1892.000000	0.001972
1893.000000	-0.000699
1894.000000	-0.007859
1895.000000	-0.017062
1896.000000	-0.020455
1897.000000	-0.011564
1898.000000	0.005160
1899.000000	0.022739
1900.000000	0.035022
1901.000000	0.036992
1902.000000	0.027361
1903.000000	0.008430
1904.000000	-0.006857
1905.000000	-0.007289
1906.000000	0.000776
1907.000000	0.007970
1908.000000	0.010448
1909.000000	0.006963
1910.000000	0.001126
1911.000000	-0.003272
1912.000000	-0.006590
1913.000000	-0.009547
1914.000000	-0.010145
1915.000000	-0.006632
1916.000000	-0.000958
1917.000000	0.003540
1918.000000	0.001693
1919.000000	-0.009426
1920.000000	-0.021926
1921.000000	-0.027498
1922.000000	-0.026970
1923.000000	-0.023128
1924.000000	-0.017462
1925.000000	-0.010462
1926.000000	0.000079
1927.000000	0.014598
1928.000000	0.023764
1929.000000	0.019909
1930.000000	0.011803
1931.000000	0.010298
1932.000000	0.018148
1933.000000	0.032810
1934.000000	0.038645
1935.000000	0.023566
1936.000000	0.002772
1937.000000	-0.006120
1938.000000	-0.003126
1939.000000	0.006874
1940.000000	0.017170
1941.000000	0.021524
1942.000000	0.017411
1943.000000	0.005396
1944.000000	-0.005319
1945.000000	-0.006513
1946.000000	-0.002530
1947.000000	-0.000034
1948.000000	-0.002412
1949.000000	-0.009169
1950.000000	-0.007554
1951.000000	0.011450
1952.000000	0.029681
1953.000000	0.028018
1954.000000	0.010685
1955.000000	-0.012032
1956.000000	-0.028959
1957.000000	-0.031993
1958.000000	-0.026214
1959.000000	-0.018886
1960.000000	-0.012840
1961.000000	-0.009095
1962.000000	-0.005861
1963.000000	-0.000871
1964.000000	0.007236
1965.000000	0.018314
1966.000000	0.027104
1967.000000	0.029049
1968.000000	0.027529
1969.000000	0.026651
1970.000000	0.025489
1971.000000	0.022101
1972.000000	0.015509
1973.000000	0.006556
1974.000000	0.002416
1975.000000	0.008588
1976.000000	0.017547
1977.000000	0.020408
1978.000000	0.015867
1979.000000	0.005254
1980.000000	-0.007158
1981.000000	-0.016705
1982.000000	-0.020121
1983.000000	-0.015640
1984.000000	-0.006117
1985.000000	0.004604
1986.000000	0.013333
1987.000000	0.017471
1988.000000	0.016135
1989.000000	0.009312
1990.000000	-0.001232
1991.000000	-0.012462
1992.000000	-0.018037
1993.000000	-0.012940
1994.000000	-0.000763
1995.000000	0.012621
1996.000000	0.020825
1997.000000	0.019213
1998.000000	0.010673
1999.000000	0.000007
2000.000000	-0.007847
2001.000000	-0.009109
2002.000000	-0.004771
2003.000000	0.002754
2004.000000	0.010135
2005.000000	0.014458
2006.000000	0.015389
2007.000000	0.014242
2008.000000	0.016349
2009.000000	0.024996
2010.000000	0.031271
2011.000000	0.025011
2012.000000	0.003237
2013.000000	-0.028874
2014.000000	-0.040714
2015.000000	-0.009303
2016.000000	0.032390
2017.000000	0.047371
2018.000000	0.038491
2019.000000	0.019295
2020.000000	0.006263
2021.000000	0.010503
2022.000000	0.018701
2023.000000	0.016009
2024.000000	0.005864
2025.000000	-0.004606
2026.000000	-0.011777
2027.000000	-0.013419
2028.000000	-0.009356
2029.000000	-0.000443
2030.000000	0.010414
2031.000000	0.019344
2032.000000	0.020681
2033.000000	0.010680
2034.000000	-0.004911
2035.000000	-0.018512
2036.000000	-0.024711
2037.000000	-0.020586
2038.000000	-0.010994
2039.000000	-0.002751
2040.000000	-0.002723
2041.000000	-0.014582
2042.000000	-0.029165
2043.000000	-0.035741
2044.000000	-0.030147
2045.000000	-0.013099
2046.000000	0.001748
2047.000000	0.002687
2048.000000	-0.001266
2049.000000	0.000827
2050.000000	0.006876
2051.000000	0.012124
2052.000000	0.014189
2053.000000	0.012509
2054.000000	0.011439
2055.000000	0.014640
2056.000000	0.018094
2057.000000	0.017209
2058.000000	0.012782
2059.000000	0.007143
2060.000000	0.003379
2061.000000	0.004414
2062.000000	0.011772
2063.000000	0.023968
2064.000000	0.028874
2065.000000	0.016719
2066.000000	-0.002191
2067.000000	-0.014354
2068.000000	-0.013556
2069.000000	0.002319
2070.000000	0.026292
2071.000000	0.048729
2072.000000	0.058465
2073.000000	0.048117
2074.000000	0.026969
2075.000000	0.006594
2076.000000	-0.008945
2077.000000	-0.018612
2078.000000	-0.025979
2079.000000	-0.033195
2080.000000	-0.032109
2081.000000	-0.016542
2082.000000	0.001492
2083.000000	0.008883
2084.000000	0.006334
2085.000000	-0.001154
2086.000000	-0.005199
2087.000000	0.000236
2088.000000	0.008419
2089.000000	0.011830
2090.000000	0.012547
2091.000000	0.013871
2092.000000	0.014379
2093.000000	0.011879
2094.000000	0.005815
2095.000000	-0.002375
2096.000000	-0.004923
2097.000000	0.003521
2098.000000	0.012296
2099.000000	0.010616
2100.000000	0.003213
2101.000000	-0.002104
2102.000000	-0.000722
2103.000000	0.008543
2104.000000	0.016347
2105.000000	0.013616
2106.000000	0.002878
2107.000000	-0.010635
2108.000000	-0.022483
2109.000000	-0.028910
2110.000000	-0.028093
2111.000000	-0.019396
2112.000000	-0.004988
2113.000000	0.011187
2114.000000	0.020889
2115.000000	0.018024
2116.000000	0.009391
2117.000000	0.003365
2118.000000	0.001737
2119.000000	0.003492
2120.000000	0.002970
2121.000000	-0.004052
2122.000000	-0.011406
2123.000000	-0.012584
2124.000000	-0.010121
2125.000000	-0.007894
2126.000000	-0.006098
2127.000000	-0.003808
2128.000000	0.000709
2129.000000	0.008613
2130.000000	0.017953
2131.000000	0.025711
2132.000000	0.027711
2133.000000	0.021386
2134.000000	0.011768
2135.000000	0.005157
2136.000000	0.005317
2137.000000	0.013001
2138.000000	0.019454
2139.000000	0.017340
2140.000000	0.014513
2141.000000	0.019480
2142.000000	0.028157
2143.000000	0.033978
2144.000000	0.033033
2145.000000	0.023660
2146.000000	0.010535
2147.000000	-0.000264
2148.000000	-0.003403
2149.000000	0.003554
2150.000000	0.012195
2151.000000	0.013806
2152.000000	0.009329
2153.000000	0.003286
2154.000000	0.004872
2155.000000	0.019421
2156.000000	0.032154
2157.000000	0.029135
2158.000000	0.019915
2159.000000	0.017179
2160.000000	0.022657
2161.000000	0.034149
2162.000000	0.044686
2163.000000	0.047239
2164.000000	0.039320
2165.000000	0.021838
2166.000000	0.004753
2167.000000	-0.002378
2168.000000	-0.000650
2169.000000	0.006071
2170.000000	0.013493
2171.000000	0.018510
2172.000000	0.023196
2173.000000	0.029753
2174.000000	0.035731
2175.000000	0.038184
2176.000000	0.036849
2177.000000	0.032022
2178.000000	0.023562
2179.000000	0.011365
2180.000000	-0.004084
2181.000000	-0.020778
2182.000000	-0.031198
2183.000000	-0.029008
2184.000000	-0.018099
2185.000000	-0.005143
2186.000000	0.002301
2187.000000	-0.001781
2188.000000	-0.016338
2189.000000	-0.034418
2190.000000	-0.032523
2191.000000	0.004091
2192.000000	0.038600
2193.000000	0.034093
2194.000000	0.004892
2195.000000	-0.023526
2196.000000	-0.032283
2197.000000	-0.012124
2198.000000	0.014303
2199.000000	0.023188
2200.000000	0.017974
2201.000000	0.008266
2202.000000	0.001052
2203.000000	0.001216
2204.000000	0.007839
2205.000000	0.017732
2206.000000	0.024420
2207.000000	0.022586
2208.000000	0.014824
2209.000000	0.006272
2210.000000	0.004338
2211.000000	0.014185
2212.000000	0.029739
2213.000000	0.042436
2214.000000	0.044995
2215.000000	0.033604
2216.000000	0.017033
2217.000000	0.006143
2218.000000	0.007562
2219.000000	0.022979
2220.000000	0.038557
2221.000000	0.040116
2222.000000	0.027619
2223.000000	0.007938
2224.000000	0.001441
2225.000000	0.022334
2226.000000	0.046694
2227.000000	0.048452
2228.000000	0.031097
2229.000000	0.005846
2230.000000	-0.014717
2231.000000	-0.019860
2232.000000	-0.007610
2233.000000	0.017531
2234.000000	0.033918
2235.000000	0.023640
2236.000000	0.000858
2237.000000	-0.015427
2238.000000	-0.018931
2239.000000	-0.008430
2240.000000	0.009791
2241.000000	0.027390
2242.000000	0.035313
2243.000000	0.027636
2244.000000	0.011661
2245.000000	-0.002677
2246.000000	-0.008123
2247.000000	-0.000784
2248.000000	0.012481
2249.000000	0.022258
2250.000000	0.019673
2251.000000	0.001735
2252.000000	-0.011546
2253.000000	-0.002805
2254.000000	0.011755
2255.000000	0.013307
2256.000000	0.006101
2257.000000	-0.000651
2258.000000	-0.000957
2259.000000	0.006751
2260.000000	0.009562
2261.000000	-0.002664
2262.000000	-0.014514
2263.000000	-0.010406
2264.000000	0.000373
2265.000000	0.005473
2266.000000	0.005175
2267.000000	0.003918
2268.000000	0.010136
2269.000000	0.027022
2270.000000	0.032797
2271.000000	0.010622
2272.000000	-0.011619
2273.000000	-0.005085
2274.000000	0.018158
2275.000000	0.037581
2276.000000	0.039718
2277.000000	0.019626
2278.000000	-0.000617
2279.000000	-0.000564
2280.000000	0.006691
2281.000000	0.004660
2282.000000	-0.003185
2283.000000	-0.009670
2284.000000	-0.012769
2285.000000	-0.012321
2286.000000	-0.010489
2287.000000	-0.008209
2288.000000	0.000807
2289.000000	0.020283
2290.000000	0.036476
2291.000000	0.036286
2292.000000	0.026653
2293.000000	0.018114
2294.000000	0.015541
2295.000000	0.019522
2296.000000	0.019162
2297.000000	0.006371
2298.000000	-0.004240
2299.000000	0.001709
2300.000000	0.014962
2301.000000	0.023077
2302.000000	0.024503
2303.000000	0.021090
2304.000000	0.017410
2305.000000	0.015884
2306.000000	0.007596
2307.000000	-0.012386
2308.000000	-0.021725
2309.000000	-0.001309
2310.000000	0.027808
2311.000000	0.039638
2312.000000	0.028612
2313.000000	-0.000623
2314.000000	-0.022989
2315.000000	-0.017120
2316.000000	0.003074
2317.000000	0.018644
2318.000000	0.025747
2319.000000	0.025001
2320.000000	0.019745
2321.000000	0.013869
2322.000000	0.010734
2323.000000	0.012579
2324.000000	0.017675
2325.000000	0.023793
2326.000000	0.030661
2327.000000	0.037710
2328.000000	0.041240
2329.000000	0.037717
2330.000000	0.027424
2331.000000	0.012364
2332.000000	-0.002383
2333.000000	-0.011086
2334.000000	-0.008503
2335.000000	0.007332
2336.000000	0.025749
2337.000000	0.035199
2338.000000	0.033242
2339.000000	0.021480
2340.000000	0.008574
2341.000000	0.004284
2342.000000	0.015712
2343.000000	0.042061
2344.000000	0.053599
2345.000000	0.026286
2346.000000	-0.012221
2347.000000	-0.029662
2348.000000	-0.027059
2349.000000	-0.014634
2350.000000	-0.006134
2351.000000	-0.011133
2352.000000	-0.019006
2353.000000	-0.016805
2354.000000	-0.002495
2355.000000	0.020418
2356.000000	0.037187
2357.000000	0.034641
2358.000000	0.017157
2359.000000	-0.005488
2360.000000	-0.019457
2361.000000	-0.015050
2362.000000	-0.003185
2363.000000	0.003063
2364.000000	0.002597
2365.000000	-0.001913
2366.000000	-0.004698
2367.000000	-0.001192
2368.000000	0.005268
2369.000000	0.008951
2370.000000	0.002464
2371.000000	-0.016843
2372.000000	-0.030992
2373.000000	-0.022857
2374.000000	0.000639
2375.000000	0.026702
2376.000000	0.043104
2377.000000	0.041022
2378.000000	0.024697
2379.000000	0.003611
2380.000000	-0.004852
2381.000000	0.010916
2382.000000	0.031513
2383.000000	0.035279
2384.000000	0.022532
2385.000000	0.000436
2386.000000	-0.018447
2387.000000	-0.022705
2388.000000	-0.010913
2389.000000	0.012323
2390.000000	0.028261
2391.000000	0.020736
2392.000000	-0.001984
2393.000000	-0.026124
2394.000000	-0.040329
2395.000000	-0.036971
2396.000000	-0.020921
2397.000000	-0.000604
2398.000000	0.013831
2399.000000	0.015214
2400.000000	0.010018
2401.000000	0.005501
2402.000000	-0.001591
2403.000000	-0.014612
2404.000000	-0.026797
2405.000000	-0.030317
2406.000000	-0.023202
2407.000000	-0.006342
2408.000000	0.013780
2409.000000	0.030102
2410.000000	0.038834
2411.000000	0.037736
2412.000000	0.027514
2413.000000	0.011869
2414.000000	0.003555
2415.000000	0.013491
2416.000000	0.036211
2417.000000	0.060386
2418.000000	0.067633
2419.000000	0.045164
2420.000000	0.009643
2421.000000	-0.018988
2422.000000	-0.037114
2423.000000	-0.044576
2424.000000	-0.038716
2425.000000	-0.018500
2426.000000	0.008113
2427.000000	0.030525
2428.000000	0.036577
2429.000000	0.020404
2430.000000	0.002887
2431.000000	0.003940
2432.000000	0.012869
2433.000000	0.014952
2434.000000	0.009977
2435.000000	0.001536
2436.000000	-0.006059
2437.000000	-0.009588
2438.000000	-0.010925
2439.000000	-0.011792
2440.000000	-0.008217
2441.000000	0.003659
2442.000000	0.021547
2443.000000	0.040756
2444.000000	0.053136
2445.000000	0.053538
2446.000000	0.052268
2447.000000	0.057248
2448.000000	0.051400
2449.000000	0.021652
2450.000000	-0.004028
2451.000000	0.001571
2452.000000	0.021611
2453.000000	0.033013
2454.000000	0.031784
2455.000000	0.020363
2456.000000	0.007828
2457.000000	0.003348
2458.000000	0.009822
2459.000000	0.024594
2460.000000	0.029064
2461.000000	0.009245
2462.000000	-0.014441
2463.000000	-0.019857
2464.000000	-0.012412
2465.000000	-0.003780
2466.000000	-0.003137
2467.000000	-0.014132
2468.000000	-0.020809
2469.000000	-0.008638
2470.000000	0.011601
2471.000000	0.025528
2472.000000	0.029660
2473.000000	0.024843
2474.000000	0.018339
2475.000000	0.017277
2476.000000	0.021849
2477.000000	0.028355
2478.000000	0.024455
2479.000000	0.002592
2480.000000	-0.017034
2481.000000	-0.015379
2482.000000	-0.005778
2483.000000	-0.004528
2484.000000	-0.007385
2485.000000	-0.006074
2486.000000	0.003268
2487.000000	0.019862
2488.000000	0.028778
2489.000000	0.018127
2490.000000	0.002328
2491.000000	-0.001738
2492.000000	0.006343
2493.000000	0.021663
2494.000000	0.034504
2495.000000	0.036154
2496.000000	0.026735
2497.000000	0.010567
2498.000000	-0.000063
2499.000000	0.004507
2500.000000	0.015484
2501.000000	0.020828
2502.000000	0.013977
2503.000000	-0.006793
2504.000000	-0.029331
2505.000000	-0.040308
2506.000000	-0.035552
2507.000000	-0.016306
2508.000000	0.003689
2509.000000	0.011509
2510.000000	0.010002
2511.000000	0.005509
2512.000000	0.002560
2513.000000	0.003994
2514.000000	0.007696
2515.000000	0.010531
2516.000000	0.010250
2517.000000	0.005628
2518.000000	-0.001357
2519.000000	-0.008065
2520.000000	-0.012415
2521.000000	-0.013287
2522.000000	-0.012851
2523.000000	-0.013118
2524.000000	-0.012181
2525.000000	-0.008196
2526.000000	-0.003474
2527.000000	-0.001324
2528.000000	-0.004880
2529.000000	-0.014365
2530.000000	-0.018539
2531.000000	-0.009112
2532.000000	-0.001065
2533.000000	-0.008277
2534.000000	-0.016960
2535.000000	-0.012217
2536.000000	-0.002373
2537.000000	0.001693
2538.000000	0.002114
2539.000000	0.003404
2540.000000	0.006601
2541.000000	0.010835
2542.000000	0.011088
2543.000000	0.003124
2544.000000	-0.010004
2545.000000	-0.023412
2546.000000	-0.032182
2547.000000	-0.031161
2548.000000	-0.014296
2549.000000	0.019147
2550.000000	0.047719
2551.000000	0.051160
2552.000000	0.036140
2553.000000	0.014811
2554.000000	-0.005683
2555.000000	-0.020123
2556.000000	-0.025997
2557.000000	-0.022216
2558.000000	-0.010690
2559.000000	0.005632
2560.000000	0.022627
2561.000000	0.034918
2562.000000	0.033278
2563.000000	0.013480
2564.000000	-0.004843
2565.000000	-0.003201
2566.000000	0.008451
2567.000000	0.015519
2568.000000	0.013281
2569.000000	0.002311
2570.000000	-0.005501
2571.000000	-0.001322
2572.000000	0.000152
2573.000000	-0.013190
2574.000000	-0.019594
2575.000000	0.000630
2576.000000	0.025051
2577.000000	0.027720
2578.000000	0.010747
2579.000000	-0.014734
2580.000000	-0.029561
2581.000000	-0.020698
2582.000000	-0.007635
2583.000000	-0.010382
2584.000000	-0.018492
2585.000000	-0.018434
2586.000000	-0.014791
2587.000000	-0.014089
2588.000000	-0.012508
2589.000000	-0.005037
2590.000000	0.007760
2591.000000	0.021820
2592.000000	0.024657
2593.000000	0.007621
2594.000000	-0.014168
2595.000000	-0.023976
2596.000000	-0.022366
2597.000000	-0.014171
2598.000000	-0.003990
2599.000000	0.003802
2600.000000	0.005499
2601.000000	-0.001188
2602.000000	-0.013540
2603.000000	-0.025477
2604.000000	-0.022472
2605.000000	0.003827
2606.000000	0.028626
2607.000000	0.028562
2608.000000	0.019151
2609.000000	0.019557
2610.000000	0.024658
2611.000000	0.023929
2612.000000	0.009523
2613.000000	-0.018821
2614.000000	-0.033705
2615.000000	-0.012296
2616.000000	0.022332
2617.000000	0.040976
2618.000000	0.035835
2619.000000	0.008592
2620.000000	-0.022533
2621.000000	-0.038804
2622.000000	-0.035945
2623.000000	-0.016914
2624.000000	0.000872
2625.000000	0.002188
2626.000000	-0.004956
2627.000000	-0.009732
2628.000000	-0.013276
2629.000000	-0.017393
2630.000000	-0.014616
2631.000000	0.001652
2632.000000	0.025246
2633.000000	0.046551
2634.000000	0.054922
2635.000000	0.043169
2636.000000	0.018946
2637.000000	-0.006695
2638.000000	-0.023959
2639.000000	-0.025661
2640.000000	-0.013796
2641.000000	0.005665
2642.000000	0.020031
2643.000000	0.019652
2644.000000	0.013755
2645.000000	0.012072
2646.000000	0.007478
2647.000000	-0.007231
2648.000000	-0.022711
2649.000000	-0.028810
2650.000000	-0.028694
2651.000000	-0.027847
2652.000000	-0.027691
2653.000000	-0.028208
2654.000000	-0.027670
2655.000000	-0.024252
2656.000000	-0.017456
2657.000000	-0.007811
2658.000000	0.001369
2659.000000	0.006767
2660.000000	0.007843
2661.000000	0.005647
2662.000000	0.004802
2663.000000	0.008657
2664.000000	0.011890
2665.000000	0.008972
2666.000000	0.002229
2667.000000	-0.003759
2668.000000	-0.003245
2669.000000	0.005614
2670.000000	0.007871
2671.000000	-0.008441
2672.000000	-0.026579
2673.000000	-0.029139
2674.000000	-0.024773
2675.000000	-0.024700
2676.000000	-0.024360
2677.000000	-0.016820
2678.000000	-0.001454
2679.000000	0.018095
2680.000000	0.027398
2681.000000	0.016538
2682.000000	0.004419
2683.000000	0.009016
2684.000000	0.015776
2685.000000	0.008507
2686.000000	-0.002994
2687.000000	-0.005906
2688.000000	-0.001295
2689.000000	0.005867
2690.000000	0.008868
2691.000000	0.004266
2692.000000	0.003440
2693.000000	0.015515
2694.000000	0.025772
2695.000000	0.019148
2696.000000	0.003048
2697.000000	-0.010630
2698.000000	-0.014479
2699.000000	-0.005499
2700.000000	0.006182
2701.000000	0.008749
2702.000000	-0.003229
2703.000000	-0.027755
2704.000000	-0.039518
2705.000000	-0.017189
2706.000000	0.021311
2707.000000	0.051491
2708.000000	0.061818
2709.000000	0.049289
2710.000000	0.032058
2711.000000	0.028677
2712.000000	0.038142
2713.000000	0.051851
2714.000000	0.050372
2715.000000	0.022255
2716.000000	-0.001198
2717.000000	0.009393
2718.000000	0.032974
2719.000000	0.043581
2720.000000	0.046040
2721.000000	0.049995
2722.000000	0.053586
2723.000000	0.052676
2724.000000	0.045535
2725.000000	0.033111
2726.000000	0.024649
2727.000000	0.027836
2728.000000	0.035839
2729.000000	0.040606
2730.000000	0.043742
2731.000000	0.047120
2732.000000	0.044032
2733.000000	0.029802
2734.000000	0.016452
2735.000000	0.017215
2736.000000	0.033453
2737.000000	0.059252
2738.000000	0.071452
2739.000000	0.052416
2740.000000	0.023841
2741.000000	0.010594
2742.000000	0.010874
2743.000000	0.015999
2744.000000	0.016431
2745.000000	0.005573
2746.000000	-0.010551
2747.000000	-0.023384
2748.000000	-0.026846
2749.000000	-0.018598
2750.000000	-0.008777
2751.000000	-0.007212
2752.000000	-0.010012
2753.000000	-0.011161
2754.000000	-0.009863
2755.000000	-0.007659
2756.000000	-0.010226
2757.000000	-0.021167
2758.000000	-0.031657
2759.000000	-0.031367
2760.000000	-0.016390
2761.000000	0.011434
2762.000000	0.033699
2763.000000	0.032792
2764.000000	0.010837
2765.000000	-0.022204
2766.000000	-0.044759
2767.000000	-0.039830
2768.000000	-0.020340
2769.000000	-0.003832
2770.000000	0.003582
2771.000000	0.000825
2772.000000	-0.004472
2773.000000	-0.004861
2774.000000	-0.002350
2775.000000	-0.001029
2776.000000	-0.003873
2777.000000	-0.011629
2778.000000	-0.017255
2779.000000	-0.014199
2780.000000	-0.005673
2781.000000	0.002311
2782.000000	0.002297
2783.000000	-0.010679
2784.000000	-0.030179
2785.000000	-0.046262
2786.000000	-0.046373
2787.000000	-0.025125
2788.000000	-0.008413
2789.000000	-0.019275
2790.000000	-0.038045
2791.000000	-0.040823
2792.000000	-0.029494
2793.000000	-0.012121
2794.000000	0.004299
2795.000000	0.014221
2796.000000	0.016849
2797.000000	0.012963
2798.000000	0.004891
2799.000000	-0.003611
2800.000000	-0.004617
2801.000000	0.005792
2802.000000	0.011327
2803.000000	-0.001651
2804.000000	-0.015972
2805.000000	-0.012704
2806.000000	0.003319
2807.000000	0.020971
2808.000000	0.027728
2809.000000	0.015060
2810.000000	-0.008204
2811.000000	-0.029649
2812.000000	-0.039893
2813.000000	-0.034356
2814.000000	-0.024633
2815.000000	-0.023038
2816.000000	-0.028586
2817.000000	-0.036578
2818.000000	-0.040757
2819.000000	-0.036554
2820.000000	-0.027714
2821.000000	-0.020048
2822.000000	-0.019328
2823.000000	-0.028292
2824.000000	-0.037596
2825.000000	-0.037267
2826.000000	-0.026894
2827.000000	-0.009558
2828.000000	0.007264
2829.000000	0.016333
2830.000000	0.015767
2831.000000	0.006433
2832.000000	-0.005155
2833.000000	-0.011863
2834.000000	-0.009718
2835.000000	0.002630
2836.000000	0.019206
2837.000000	0.032908
2838.000000	0.039449
2839.000000	0.037568
2840.000000	0.035303
2841.000000	0.041545
2842.000000	0.059305
2843.000000	0.087672
2844.000000	0.115943
2845.000000	0.134156
2846.000000	0.145120
2847.000000	0.156118
2848.000000	0.179556
2849.000000	0.220543
2850.000000	0.249860
2851.000000	0.243956
2852.000000	0.236259
2853.000000	0.261160
2854.000000	0.299912
2855.000000	0.325923
2856.000000	0.334359
2857.000000	0.327874
2858.000000	0.317303
2859.000000	0.313499
2860.000000	0.319191
2861.000000	0.334220
2862.000000	0.354986
2863.000000	0.375394
2864.000000	0.382816
2865.000000	0.371417
2866.000000	0.369058
2867.000000	0.398965
2868.000000	0.432141
2869.000000	0.437213
2870.000000	0.425543
2871.000000	0.418435
2872.000000	0.434230
2873.000000	0.480482
2874.000000	0.524551
2875.000000	0.536398
2876.000000	0.536573
2877.000000	0.547151
2878.000000	0.545724
2879.000000	0.514460
2880.000000	0.498324
2881.000000	0.537192
2882.000000	0.587798
2883.000000	0.599044
2884.000000	0.571644
2885.000000	0.525434
2886.000000	0.504930
2887.000000	0.538774
2888.000000	0.567425
2889.000000	0.539321
2890.000000	0.523010
2891.000000	0.583214
2892.000000	0.649235
2893.000000	0.644133
2894.000000	0.601401
2895.000000	0.571949
2896.000000	0.565907
2897.000000	0.579486
2898.000000	0.593984
2899.000000	0.594441
2900.000000	0.595774
2901.000000	0.614937
2902.000000	0.647148
2903.000000	0.679066
2904.000000	0.684839
2905.000000	0.650851
2906.000000	0.624942
2907.000000	0.652128
2908.000000	0.704682
2909.000000	0.743738
2910.000000	0.758635
2911.000000	0.751141
2912.000000	0.744548
2913.000000	0.758927
2914.000000	0.779959
2915.000000	0.789424
2916.000000	0.787904
2917.000000	0.780975
2918.000000	0.775402
2919.000000	0.777491
2920.000000	0.790538
2921.000000	0.815980
2922.000000	0.850830
2923.000000	0.890111
2924.000000	0.925314
2925.000000	0.948349
2926.000000	0.956319
2927.000000	0.949993
2928.000000	0.939596
2929.000000	0.936848
2930.000000	0.949997
2931.000000	0.979735
2932.000000	1.000000
2933.000000	0.987533
2934.000000	0.957026
2935.000000	0.929076
2936.000000	0.909945
2937.000000	0.900898
2938.000000	0.897551
2939.000000	0.894926
2940.000000	0.891301
2941.000000	0.884479
2942.000000	0.867087
2943.000000	0.835947
2944.000000	0.809832
2945.000000	0.805083
2946.000000	0.806371
2947.000000	0.794579
2948.000000	0.767103
2949.000000	0.727258
2950.000000	0.685517
2951.000000	0.652213
2952.000000	0.629974
2953.000000	0.618370
2954.000000	0.612445
2955.000000	0.607898
2956.000000	0.607570
2957.000000	0.612848
2958.000000	0.612160
2959.000000	0.595901
2960.000000	0.575278
2961.000000	0.564045
2962.000000	0.565326
2963.000000	0.576991
2964.000000	0.586532
2965.000000	0.581865
2966.000000	0.562992
2967.000000	0.534825
2968.000000	0.509849
2969.000000	0.498237
2970.000000	0.493358
2971.000000	0.486005
2972.000000	0.473472
2973.000000	0.457524
2974.000000	0.451311
2975.000000	0.463971
2976.000000	0.477219
2977.000000	0.470753
2978.000000	0.443619
2979.000000	0.402829
2980.000000	0.367912
2981.000000	0.356664
2982.000000	0.367448
2983.000000	0.389937
2984.000000	0.398484
2985.000000	0.372461
2986.000000	0.326635
2987.000000	0.283009
2988.000000	0.257133
2989.000000	0.256466
2990.000000	0.262560
2991.000000	0.256606
2992.000000	0.244261
2993.000000	0.234942
2994.000000	0.228642
2995.000000	0.221656
2996.000000	0.204909
2997.000000	0.173926
2998.000000	0.147988
2999.000000	0.143902
3000.000000	0.144802
3001.000000	0.133703
3002.000000	0.126803
3003.000000	0.138491
3004.000000	0.142734
3005.000000	0.115673
3006.000000	0.082563
3007.000000	0.071589
3008.000000	0.073552
3009.000000	0.070950
3010.000000	0.050453
3011.000000	0.010695
3012.000000	-0.006005
3013.000000	0.031742
3014.000000	0.067934
3015.000000	0.047630
3016.000000	0.007531
3017.000000	-0.005001
3018.000000	0.008412
3019.000000	0.032119
3020.000000	0.043335
3021.000000	0.026316
3022.000000	0.000618
3023.000000	-0.010240
3024.000000	-0.002186
3025.000000	0.019139
3026.000000	0.028691
3027.000000	0.009614
3028.000000	-0.002774
3029.000000	0.020990
3030.000000	0.034795
3031.000000	-0.003872
3032.000000	-0.047546
3033.000000	-0.045218
3034.000000	-0.021673
3035.000000	-0.011733
3036.000000	-0.014571
3037.000000	-0.020542
3038.000000	-0.020383
3039.000000	-0.008739
3040.000000	0.004498
3041.000000	0.009925
3042.000000	0.015352
3043.000000	0.028667
3044.000000	0.040871
3045.000000	0.042171
3046.000000	0.036493
3047.000000	0.030188
3048.000000	0.025600
3049.000000	0.023823
3050.000000	0.024945
3051.000000	0.027149
3052.000000	0.021987
3053.000000	0.003447
3054.000000	-0.018125
3055.000000	-0.028642
3056.000000	-0.015406
3057.000000	0.024989
3058.000000	0.060186
3059.000000	0.061535
3060.000000	0.050981
3061.000000	0.054387
3062.000000	0.062698
3063.000000	0.062431
3064.000000	0.057325
3065.000000	0.054426
3066.000000	0.056800
3067.000000	0.064705
3068.000000	0.071137
3069.000000	0.069229
3070.000000	0.059912
3071.000000	0.047233
3072.000000	0.039910
3073.000000	0.043248
3074.000000	0.044230
3075.000000	0.029038
3076.000000	-0.001031
3077.000000	-0.037338
3078.000000	-0.057004
3079.000000	-0.043904
3080.000000	-0.023167
3081.000000	-0.021580
3082.000000	-0.031305
3083.000000	-0.037325
3084.000000	-0.030531
3085.000000	-0.008099
3086.000000	0.013567
3087.000000	0.018342
3088.000000	0.010453
3089.000000	-0.000914
3090.000000	-0.007078
3091.000000	-0.003509
3092.000000	-0.001769
3093.000000	-0.011378
3094.000000	-0.017591
3095.000000	-0.007337
3096.000000	0.001504
3097.000000	-0.009399
3098.000000	-0.029219
3099.000000	-0.042645
3100.000000	-0.045582
3101.000000	-0.039478
3102.000000	-0.036737
3103.000000	-0.046084
3104.000000	-0.050575
3105.000000	-0.034852
3106.000000	-0.015555
3107.000000	-0.011427
3108.000000	-0.017605
3109.000000	-0.024346
3110.000000	-0.025982
3111.000000	-0.020231
3112.000000	-0.014264
3113.000000	-0.014186
3114.000000	-0.012372
3115.000000	-0.001299
3116.000000	0.012431
3117.000000	0.019180
3118.000000	0.011294
3119.000000	-0.012387
3120.000000	-0.029025
3121.000000	-0.018921
3122.000000	0.001058
3123.000000	0.009352
3124.000000	0.002195
3125.000000	-0.017230
3126.000000	-0.035725
3127.000000	-0.041643
3128.000000	-0.039559
3129.000000	-0.035056
3130.000000	-0.021525
3131.000000	0.006484
3132.000000	0.037602
3133.000000	0.057276
3134.000000	0.055030
3135.000000	0.028098
3136.000000	0.000469
3137.000000	-0.004713
3138.000000	0.005549
3139.000000	0.016871
3140.000000	0.015486
3141.000000	-0.005776
3142.000000	-0.028301
3143.000000	-0.033078
3144.000000	-0.025287
3145.000000	-0.014346
3146.000000	-0.002430
3147.000000	0.008917
3148.000000	0.013429
3149.000000	0.006335
3150.000000	-0.006449
3151.000000	-0.016021
3152.000000	-0.012227
3153.000000	0.008001
3154.000000	0.018126
3155.000000	-0.003893
3156.000000	-0.032517
3157.000000	-0.039416
3158.000000	-0.032687
3159.000000	-0.026389
3160.000000	-0.022014
3161.000000	-0.018652
3162.000000	-0.018347
3163.000000	-0.022695
3164.000000	-0.028539
3165.000000	-0.031688
3166.000000	-0.028572
3167.000000	-0.017642
3168.000000	-0.004823
3169.000000	0.002804
3170.000000	0.000997
3171.000000	-0.010463
3172.000000	-0.018556
3173.000000	-0.011996
3174.000000	0.000332
3175.000000	0.007547
3176.000000	0.010957
3177.000000	0.013343
3178.000000	0.011183
3179.000000	0.000810
3180.000000	-0.015709
3181.000000	-0.033809
3182.000000	-0.044655
3183.000000	-0.041372
3184.000000	-0.029184
3185.000000	-0.016054
3186.000000	-0.008788
3187.000000	-0.009926
3188.000000	-0.006085
3189.000000	0.012037
3190.000000	0.021499
3191.000000	0.002669
3192.000000	-0.018616
3193.000000	-0.016282
3194.000000	-0.008772
3195.000000	-0.016828
3196.000000	-0.025866
3197.000000	-0.018497
3198.000000	-0.001431
3199.000000	0.013219
3200.000000	0.015831
3201.000000	0.002198
3202.000000	-0.012710
3203.000000	-0.013092
3204.000000	0.001003
3205.000000	0.023286
3206.000000	0.038359
3207.000000	0.034203
3208.000000	0.021421
3209.000000	0.012537
3210.000000	0.005144
3211.000000	-0.004574
3212.000000	-0.011133
3213.000000	-0.009720
3214.000000	-0.007506
3215.000000	-0.011892
3216.000000	-0.019230
3217.000000	-0.023099
3218.000000	-0.017045
3219.000000	0.001604
3220.000000	0.020346
3221.000000	0.026303
3222.000000	0.020262
3223.000000	0.006583
3224.000000	-0.009747
3225.000000	-0.022702
3226.000000	-0.022728
3227.000000	-0.005173
3228.000000	0.011493
3229.000000	0.010842
3230.000000	0.007748
3231.000000	0.017630
3232.000000	0.026782
3233.000000	0.020293
3234.000000	0.007561
3235.000000	0.001103
3236.000000	0.001604
3237.000000	0.006007
3238.000000	0.008114
3239.000000	0.004066
3240.000000	0.002504
3241.000000	0.010258
3242.000000	0.014414
3243.000000	0.001366
3244.000000	-0.025521
3245.000000	-0.054675
3246.000000	-0.058660
3247.000000	-0.020449
3248.000000	0.019499
3249.000000	0.021962
3250.000000	0.010151
3251.000000	0.013024
3252.000000	0.020092
3253.000000	0.016344
3254.000000	0.008122
3255.000000	0.005426
3256.000000	0.011527
3257.000000	0.024555
3258.000000	0.028808
3259.000000	0.012953
3260.000000	-0.003020
3261.000000	0.001419
3262.000000	0.017644
3263.000000	0.032087
3264.000000	0.040562
3265.000000	0.042500
3266.000000	0.042402
3267.000000	0.044152
3268.000000	0.044087
3269.000000	0.039008
3270.000000	0.035114
3271.000000	0.036839
3272.000000	0.032156
3273.000000	0.011525
3274.000000	-0.008189
3275.000000	-0.008027
3276.000000	0.012936
3277.000000	0.045541
3278.000000	0.058326
3279.000000	0.027867
3280.000000	-0.014820
3281.000000	-0.032579
3282.000000	-0.018150
3283.000000	0.021872
3284.000000	0.055374
3285.000000	0.056136
3286.000000	0.047023
3287.000000	0.054538
3288.000000	0.070633
3289.000000	0.080607
3290.000000	0.077687
3291.000000	0.060654
3292.000000	0.042582
3293.000000	0.036655
3294.000000	0.042199
3295.000000	0.053748
3296.000000	0.060534
3297.000000	0.054271
3298.000000	0.041899
3299.000000	0.033346
3300.000000	0.035262
3301.000000	0.050273
3302.000000	0.068183
3303.000000	0.077339
3304.000000	0.073083
3305.000000	0.056483
3306.000000	0.044506
3307.000000	0.051276
3308.000000	0.063659
3309.000000	0.065350
3310.000000	0.054628
3311.000000	0.035351
3312.000000	0.019111
3313.000000	0.017169
3314.000000	0.031722
3315.000000	0.059964
3316.000000	0.088144
3317.000000	0.102507
3318.000000	0.100217
3319.000000	0.084797
3320.000000	0.074294
3321.000000	0.083692
3322.000000	0.101196
3323.000000	0.108858
3324.000000	0.090897
3325.000000	0.043527
3326.000000	0.008778
3327.000000	0.021607
3328.000000	0.042866
3329.000000	0.031111
3330.000000	0.009824
3331.000000	0.010023
3332.000000	0.027954
3333.000000	0.051254
3334.000000	0.067888
3335.000000	0.069434
3336.000000	0.061602
3337.000000	0.052644
3338.000000	0.046859
3339.000000	0.047587
3340.000000	0.058275
3341.000000	0.077865
3342.000000	0.087171
3343.000000	0.072143
3344.000000	0.057398
3345.000000	0.066044
3346.000000	0.076503
3347.000000	0.064869
3348.000000	0.042631
3349.000000	0.027243
3350.000000	0.024633
3351.000000	0.034591
3352.000000	0.043868
3353.000000	0.041229
3354.000000	0.036526
3355.000000	0.041197
3356.000000	0.051935
3357.000000	0.061393
3358.000000	0.060818
3359.000000	0.046062
3360.000000	0.032811
3361.000000	0.036138
3362.000000	0.048820
3363.000000	0.057607
3364.000000	0.047433
3365.000000	0.014767
3366.000000	0.004044
3367.000000	0.049070
3368.000000	0.093170
3369.000000	0.079030
3370.000000	0.037249
3371.000000	0.011238
3372.000000	0.007743
3373.000000	0.021580
3374.000000	0.036497
3375.000000	0.037683
3376.000000	0.027144
3377.000000	0.011110
3378.000000	-0.004111
3379.000000	-0.013333
3380.000000	-0.015936
3381.000000	-0.011968
3382.000000	0.000402
3383.000000	0.021617
3384.000000	0.044682
3385.000000	0.061005
3386.000000	0.063042
3387.000000	0.049059
3388.000000	0.039501
3389.000000	0.050669
3390.000000	0.060100
3391.000000	0.046919
3392.000000	0.035374
3393.000000	0.047682
3394.000000	0.052817
3395.000000	0.022325
3396.000000	-0.008710
3397.000000	-0.003159
3398.000000	0.020750
3399.000000	0.036415
3400.000000	0.039094
3401.000000	0.032161
3402.000000	0.029599
3403.000000	0.041856
3404.000000	0.054619
3405.000000	0.052438
3406.000000	0.040061
3407.000000	0.025956
3408.000000	0.013271
3409.000000	0.005051
3410.000000	0.009237
3411.000000	0.030416
3412.000000	0.054871
3413.000000	0.066719
3414.000000	0.059730
3415.000000	0.035805
3416.000000	0.019723
3417.000000	0.030488
3418.000000	0.041132
3419.000000	0.025155
3420.000000	0.003902
3421.000000	0.002685
3422.000000	0.014847
3423.000000	0.027297
3424.000000	0.033181
3425.000000	0.029999
3426.000000	0.026427
3427.000000	0.030500
3428.000000	0.036511
3429.000000	0.037725
3430.000000	0.037046
3431.000000	0.037670
3432.000000	0.034335
3433.000000	0.021195
3434.000000	-0.001464
3435.000000	-0.028004
3436.000000	-0.037515
3437.000000	-0.014406
3438.000000	0.020378
3439.000000	0.042508
3440.000000	0.050666
3441.000000	0.048584
3442.000000	0.037199
3443.000000	0.018833
3444.000000	0.004152
3445.000000	0.001998
3446.000000	0.005584
3447.000000	0.005785
3448.000000	-0.000246
3449.000000	-0.011567
3450.000000	-0.018360
3451.000000	-0.011676
3452.000000	0.005086
3453.000000	0.024024
3454.000000	0.031567
3455.000000	0.017830
3456.000000	-0.006657
3457.000000	-0.025266
3458.000000	-0.017396
3459.000000	0.024721
3460.000000	0.053554
3461.000000	0.029346
3462.000000	-0.001270
3463.000000	0.008265
3464.000000	0.017833
3465.000000	-0.013465
3466.000000	-0.042980
3467.000000	-0.026006
3468.000000	0.006851
3469.000000	0.017532
3470.000000	0.013471
3471.000000	0.010131
3472.000000	0.009586
3473.000000	0.010548
3474.000000	0.011655
3475.000000	0.012217
3476.000000	0.014297
3477.000000	0.019210
3478.000000	0.022537
3479.000000	0.020824
3480.000000	0.020226
3481.000000	0.026143
3482.000000	0.031363
3483.000000	0.027236
3484.000000	0.011988
3485.000000	-0.011071
3486.000000	-0.025166
3487.000000	-0.016285
3488.000000	0.005081
3489.000000	0.022431
3490.000000	0.019739
3491.000000	-0.009556
3492.000000	-0.034638
3493.000000	-0.027237
3494.000000	-0.006642
3495.000000	0.001823
3496.000000	-0.003732
3497.000000	-0.016686
3498.000000	-0.019809
3499.000000	-0.001235
3500.000000	0.018825
3501.000000	0.019429
3502.000000	0.008771
3503.000000	0.000048
3504.000000	-0.002672
3505.000000	0.000542
3506.000000	0.002196
3507.000000	-0.001499
3508.000000	0.007900
3509.000000	0.042342
3510.000000	0.065564
3511.000000	0.044650
3512.000000	0.008271
3513.000000	-0.008108
3514.000000	-0.003439
3515.000000	0.012933
3516.000000	0.024513
3517.000000	0.019045
3518.000000	0.008375
3519.000000	0.006188
3520.000000	0.009436
3521.000000	0.012491
3522.000000	0.016150
3523.000000	0.021165
3524.000000	0.021685
3525.000000	0.012792
3526.000000	-0.000097
3527.000000	-0.010542
3528.000000	-0.018334
3529.000000	-0.024942
3530.000000	-0.032299
3531.000000	-0.040506
3532.000000	-0.041856
3533.000000	-0.029914
3534.000000	-0.011140
3535.000000	0.004593
3536.000000	0.006653
3537.000000	-0.010021
3538.000000	-0.027455
3539.000000	-0.026132
3540.000000	-0.003417
3541.000000	0.033993
3542.000000	0.058938
3543.000000	0.049340
3544.000000	0.023910
3545.000000	0.006963
3546.000000	0.004446
3547.000000	0.014138
3548.000000	0.019507
3549.000000	0.006049
3550.000000	-0.018305
3551.000000	-0.038953
3552.000000	-0.037038
3553.000000	-0.004883
3554.000000	0.016215
3555.000000	-0.008214
3556.000000	-0.036361
3557.000000	-0.024969
3558.000000	-0.001267
3559.000000	-0.000041
3560.000000	-0.015827
3561.000000	-0.033375
3562.000000	-0.038534
3563.000000	-0.024610
3564.000000	-0.013635
3565.000000	-0.024142
3566.000000	-0.031955
3567.000000	-0.013595
3568.000000	0.008921
3569.000000	0.010913
3570.000000	0.002554
3571.000000	-0.000999
3572.000000	0.000492
3573.000000	0.004965
3574.000000	0.016073
3575.000000	0.033842
3576.000000	0.038059
3577.000000	0.012600
3578.000000	-0.022072
3579.000000	-0.040076
3580.000000	-0.030435
3581.000000	0.005439
3582.000000	0.031480
3583.000000	0.016882
3584.000000	-0.013462
3585.000000	-0.028682
3586.000000	-0.029705
3587.000000	-0.024640
3588.000000	-0.018538
3589.000000	-0.014537
3590.000000	-0.011172
3591.000000	-0.007591
3592.000000	-0.010003
3593.000000	-0.022026
3594.000000	-0.029857
3595.000000	-0.020484
3596.000000	-0.001488
3597.000000	0.015492
3598.000000	0.023163
3599.000000	0.015319
3600.000000	-0.014246
