400.000000	0.007703
401.000000	0.007686
402.000000	0.008306
403.000000	0.008905
404.000000	0.008825
405.000000	0.007120
406.000000	0.001686
407.000000	-0.008478
408.000000	-0.018805
409.000000	-0.024340
410.000000	-0.024140
411.000000	-0.019313
412.000000	-0.015152
413.000000	-0.016283
414.000000	-0.020483
415.000000	-0.023998
416.000000	-0.023801
417.000000	-0.018347
418.000000	-0.011294
419.000000	-0.006741
420.000000	-0.005336
421.000000	-0.006514
422.000000	-0.008296
423.000000	-0.008879
424.000000	-0.008578
425.000000	-0.008185
426.000000	-0.008287
427.000000	-0.009531
428.000000	-0.013000
429.000000	-0.019162
430.000000	-0.025587
431.000000	-0.029095
432.000000	-0.026390
433.000000	-0.016184
434.000000	-0.005332
435.000000	-0.001196
436.000000	-0.005033
437.000000	-0.015182
438.000000	-0.024426
439.000000	-0.026312
440.000000	-0.023002
441.000000	-0.018542
442.000000	-0.015890
443.000000	-0.016163
444.000000	-0.014200
445.000000	-0.005215
446.000000	0.007804
447.000000	0.019184
448.000000	0.020296
449.000000	0.005450
450.000000	-0.016345
451.000000	-0.033896
452.000000	-0.041983
453.000000	-0.038812
454.000000	-0.030322
455.000000	-0.022935
456.000000	-0.017285
457.000000	-0.012521
458.000000	-0.007638
459.000000	-0.002292
460.000000	0.001073
461.000000	-0.000023
462.000000	-0.005406
463.000000	-0.013840
464.000000	-0.022506
465.000000	-0.028690
466.000000	-0.031680
467.000000	-0.031423
468.000000	-0.028482
469.000000	-0.024189
470.000000	-0.022325
471.000000	-0.025953
472.000000	-0.032817
473.000000	-0.039133
474.000000	-0.040311
475.000000	-0.033488
476.000000	-0.023510
477.000000	-0.016233
478.000000	-0.013852
479.000000	-0.017018
480.000000	-0.023878
481.000000	-0.031852
482.000000	-0.037941
483.000000	-0.039351
484.000000	-0.034511
485.000000	-0.023283
486.000000	-0.010027
487.000000	0.000532
488.000000	0.006722
489.000000	0.007861
490.000000	0.004187
491.000000	-0.003353
492.000000	-0.011903
493.000000	-0.018518
494.000000	-0.021813
495.000000	-0.021205
496.000000	-0.017768
497.000000	-0.013042
498.000000	-0.008770
499.000000	-0.006597
500.000000	-0.007579
501.000000	-0.011664
502.000000	-0.014972
503.000000	-0.013775
504.000000	-0.008786
505.000000	-0.002312
506.000000	0.001403
507.000000	-0.000926
508.000000	-0.006797
509.000000	-0.012652
510.000000	-0.016483
511.000000	-0.017015
512.000000	-0.014354
513.000000	-0.009354
514.000000	-0.004496
515.000000	-0.002636
516.000000	-0.006521
517.000000	-0.016185
518.000000	-0.020935
519.000000	-0.012176
520.000000	-0.000423
521.000000	0.003211
522.000000	0.004351
523.000000	0.009147
524.000000	0.009126
525.000000	-0.003278
526.000000	-0.017390
527.000000	-0.021449
528.000000	-0.017597
529.000000	-0.010854
530.000000	-0.003844
531.000000	0.001337
532.000000	0.002320
533.000000	-0.002375
534.000000	-0.010395
535.000000	-0.018610
536.000000	-0.024629
537.000000	-0.026171
538.000000	-0.020669
539.000000	-0.007383
540.000000	0.006819
541.000000	0.014333
542.000000	0.012207
543.000000	0.000692
544.000000	-0.011811
545.000000	-0.016895
546.000000	-0.014269
547.000000	-0.005908
548.000000	0.005265
549.000000	0.015715
550.000000	0.020417
551.000000	0.015434
552.000000	0.002687
553.000000	-0.013505
554.000000	-0.025089
555.000000	-0.025776
556.000000	-0.020072
557.000000	-0.014353
558.000000	-0.011697
559.000000	-0.013152
560.000000	-0.014954
561.000000	-0.013231
562.000000	-0.008502
563.000000	-0.002420
564.000000	0.003205
565.000000	0.006753
566.000000	0.007526
567.000000	0.005256
568.000000	0.000464
569.000000	-0.006023
570.000000	-0.012937
571.000000	-0.018775
572.000000	-0.021543
573.000000	-0.019642
574.000000	-0.013551
575.000000	-0.005221
576.000000	-0.000425
577.000000	-0.003859
578.000000	-0.012085
579.000000	-0.019845
580.000000	-0.022743
581.000000	-0.018473
582.000000	-0.012216
583.000000	-0.009627
584.000000	-0.010760
585.000000	-0.013838
586.000000	-0.015372
587.000000	-0.012593
588.000000	-0.007333
589.000000	-0.002299
590.000000	0.000909
591.000000	0.001034
592.000000	-0.002926
593.000000	-0.010973
594.000000	-0.019378
595.000000	-0.023924
596.000000	-0.022183
597.000000	-0.014122
598.000000	-0.007487
599.000000	-0.009484
600.000000	-0.017370
601.000000	-0.025439
602.000000	-0.026069
603.000000	-0.014669
604.000000	-0.000691
605.000000	0.005143
606.000000	0.001067
607.000000	-0.010735
608.000000	-0.021229
609.000000	-0.022422
610.000000	-0.017340
611.000000	-0.011312
612.000000	-0.007850
613.000000	-0.009186
614.000000	-0.014246
615.000000	-0.021231
616.000000	-0.028754
617.000000	-0.035540
618.000000	-0.040347
619.000000	-0.042007
620.000000	-0.039615
621.000000	-0.032762
622.000000	-0.022763
623.000000	-0.011648
624.000000	-0.002584
625.000000	0.001835
626.000000	0.002453
627.000000	0.000798
628.000000	-0.002313
629.000000	-0.006493
630.000000	-0.012366
631.000000	-0.020250
632.000000	-0.028217
633.000000	-0.033943
634.000000	-0.035761
635.000000	-0.032841
636.000000	-0.027043
637.000000	-0.020615
638.000000	-0.014672
639.000000	-0.009969
640.000000	-0.006962
641.000000	-0.005965
642.000000	-0.007031
643.000000	-0.009989
644.000000	-0.014023
645.000000	-0.017937
646.000000	-0.019645
647.000000	-0.017863
648.000000	-0.015409
649.000000	-0.015597
650.000000	-0.019611
651.000000	-0.026800
652.000000	-0.031299
653.000000	-0.027930
654.000000	-0.019468
655.000000	-0.010665
656.000000	-0.006229
657.000000	-0.009181
658.000000	-0.015832
659.000000	-0.021590
660.000000	-0.024944
661.000000	-0.025406
662.000000	-0.023485
663.000000	-0.019697
664.000000	-0.013574
665.000000	-0.004716
666.000000	0.006033
667.000000	0.017120
668.000000	0.025392
669.000000	0.028386
670.000000	0.027985
671.000000	0.026896
672.000000	0.026782
673.000000	0.028258
674.000000	0.028785
675.000000	0.025707
676.000000	0.019041
677.000000	0.009597
678.000000	-0.001332
679.000000	-0.012205
680.000000	-0.020978
681.000000	-0.025833
682.000000	-0.026373
683.000000	-0.022730
684.000000	-0.015732
685.000000	-0.006872
686.000000	0.000396
687.000000	0.002828
688.000000	-0.000013
689.000000	-0.006995
690.000000	-0.013529
691.000000	-0.015233
692.000000	-0.012014
693.000000	-0.004968
694.000000	0.004351
695.000000	0.013859
696.000000	0.019803
697.000000	0.019266
698.000000	0.014339
699.000000	0.008444
700.000000	0.005329
701.000000	0.007553
702.000000	0.012599
703.000000	0.016974
704.000000	0.018343
705.000000	0.014677
706.000000	0.004011
707.000000	-0.013435
708.000000	-0.028753
709.000000	-0.032736
710.000000	-0.023671
711.000000	-0.003810
712.000000	0.016239
713.000000	0.026504
714.000000	0.027910
715.000000	0.023996
716.000000	0.017855
717.000000	0.012211
718.000000	0.008751
719.000000	0.008502
720.000000	0.010874
721.000000	0.014819
722.000000	0.019059
723.000000	0.022882
724.000000	0.028058
725.000000	0.036005
726.000000	0.044256
727.000000	0.049067
728.000000	0.045473
729.000000	0.030720
730.000000	0.012111
731.000000	-0.001976
732.000000	-0.008926
733.000000	-0.008773
734.000000	-0.006378
735.000000	-0.005913
736.000000	-0.003969
737.000000	0.003767
738.000000	0.017655
739.000000	0.034983
740.000000	0.044704
741.000000	0.037852
742.000000	0.022110
743.000000	0.008769
744.000000	0.006891
745.000000	0.021464
746.000000	0.043400
747.000000	0.062122
748.000000	0.075171
749.000000	0.082499
750.000000	0.085578
751.000000	0.085962
752.000000	0.084014
753.000000	0.079863
754.000000	0.073897
755.000000	0.066565
756.000000	0.058314
757.000000	0.049556
758.000000	0.040570
759.000000	0.031618
760.000000	0.023015
761.000000	0.015057
762.000000	0.007910
763.000000	0.001996
764.000000	-0.001096
765.000000	0.000102
766.000000	0.005424
767.000000	0.013088
768.000000	0.016491
769.000000	0.010342
770.000000	-0.000580
771.000000	-0.009271
772.000000	-0.009907
773.000000	-0.000251
774.000000	0.008751
775.000000	0.006391
776.000000	-0.003908
777.000000	-0.014510
778.000000	-0.015070
779.000000	0.000939
780.000000	0.022056
781.000000	0.035169
782.000000	0.038555
783.000000	0.034803
784.000000	0.032367
785.000000	0.038477
786.000000	0.049606
787.000000	0.060159
788.000000	0.067027
789.000000	0.068092
790.000000	0.062718
791.000000	0.051434
792.000000	0.037942
793.000000	0.026284
794.000000	0.018698
795.000000	0.015940
796.000000	0.014636
797.000000	0.011319
798.000000	0.006293
799.000000	0.000815
800.000000	-0.003803
801.000000	-0.006464
802.000000	-0.006994
803.000000	-0.005456
804.000000	-0.001934
805.000000	0.003426
806.000000	0.010268
807.000000	0.017399
808.000000	0.020501
809.000000	0.016033
810.000000	0.006690
811.000000	-0.002573
812.000000	-0.004008
813.000000	0.007431
814.000000	0.023186
815.000000	0.033184
816.000000	0.034898
817.000000	0.029165
818.000000	0.022722
819.000000	0.021521
820.000000	0.022472
821.000000	0.021037
822.000000	0.015917
823.000000	0.007713
824.000000	0.001382
825.000000	0.001542
826.000000	0.007103
827.000000	0.015568
828.000000	0.024528
829.000000	0.031599
830.000000	0.034411
831.000000	0.031575
832.000000	0.025621
833.000000	0.019924
834.000000	0.017312
835.000000	0.018983
836.000000	0.020155
837.000000	0.015996
838.000000	0.007467
839.000000	-0.002772
840.000000	-0.011052
841.000000	-0.014016
842.000000	-0.010565
843.000000	-0.000828
844.000000	0.012418
845.000000	0.025415
846.000000	0.033126
847.000000	0.031869
848.000000	0.024672
849.000000	0.015926
850.000000	0.008761
851.000000	0.005966
852.000000	0.010221
853.000000	0.022169
854.000000	0.034422
855.000000	0.039098
856.000000	0.034368
857.000000	0.021976
858.000000	0.011901
859.000000	0.012626
860.000000	0.018407
861.000000	0.020922
862.000000	0.015759
863.000000	0.001319
864.000000	-0.016655
865.000000	-0.031339
866.000000	-0.038925
867.000000	-0.036925
868.000000	-0.025102
869.000000	-0.005783
870.000000	0.010709
871.000000	0.015027
872.000000	0.009743
873.000000	0.000560
874.000000	-0.006196
875.000000	-0.006230
876.000000	-0.003984
877.000000	-0.004702
878.000000	-0.008094
879.000000	-0.012276
880.000000	-0.014516
881.000000	-0.013242
882.000000	-0.012381
883.000000	-0.015922
884.000000	-0.022618
885.000000	-0.028567
886.000000	-0.024475
887.000000	-0.005204
888.000000	0.012379
889.000000	0.012124
890.000000	0.002765
891.000000	-0.003667
892.000000	-0.006850
893.000000	-0.009709
894.000000	-0.016465
895.000000	-0.028285
896.000000	-0.032827
897.000000	-0.020401
898.000000	-0.005428
899.000000	-0.003509
900.000000	-0.010851
901.000000	-0.019644
902.000000	-0.025394
903.000000	-0.024858
904.000000	-0.016461
905.000000	-0.000808
906.000000	0.014458
907.000000	0.021129
908.000000	0.015777
909.000000	-0.000775
910.000000	-0.015471
911.000000	-0.016136
912.000000	-0.006356
913.000000	0.006576
914.000000	0.016282
915.000000	0.018308
916.000000	0.014962
917.000000	0.009833
918.000000	0.004868
919.000000	0.001515
920.000000	0.000882
921.000000	0.003654
922.000000	0.009176
923.000000	0.016309
924.000000	0.023313
925.000000	0.028352
926.000000	0.029814
927.000000	0.026781
928.000000	0.020887
929.000000	0.014224
930.000000	0.008176
931.000000	0.003863
932.000000	0.002053
933.000000	0.003103
934.000000	0.006072
935.000000	0.009658
936.000000	0.012398
937.000000	0.012788
938.000000	0.009309
939.000000	0.001518
940.000000	-0.006720
941.000000	-0.011330
942.000000	-0.011711
943.000000	-0.008651
944.000000	-0.005012
945.000000	-0.003681
946.000000	-0.005554
947.000000	-0.010637
948.000000	-0.017352
949.000000	-0.023254
950.000000	-0.024009
951.000000	-0.016788
952.000000	-0.006664
953.000000	0.000385
954.000000	0.002667
955.000000	0.000794
956.000000	0.000315
957.000000	0.005969
958.000000	0.014326
959.000000	0.020503
960.000000	0.021970
961.000000	0.017526
962.000000	0.008942
963.000000	-0.001390
964.000000	-0.011564
965.000000	-0.019937
966.000000	-0.025443
967.000000	-0.027491
968.000000	-0.026803
969.000000	-0.024190
970.000000	-0.019502
971.000000	-0.012529
972.000000	-0.003782
973.000000	0.005521
974.000000	0.012068
975.000000	0.013293
976.000000	0.011719
977.000000	0.010830
978.000000	0.012880
979.000000	0.018450
980.000000	0.022667
981.000000	0.021016
982.000000	0.015885
983.000000	0.011224
984.000000	0.010340
985.000000	0.015334
986.000000	0.024144
987.000000	0.033635
988.000000	0.040553
989.000000	0.041970
990.000000	0.036381
991.000000	0.024690
992.000000	0.016023
993.000000	0.018588
994.000000	0.028698
995.000000	0.039642
996.000000	0.044507
997.000000	0.039671
998.000000	0.034879
999.000000	0.040321
1000.000000	0.054600
1001.000000	0.073004
1002.000000	0.089143
1003.000000	0.097894
1004.000000	0.100890
1005.000000	0.100835
1006.000000	0.097956
1007.000000	0.091857
1008.000000	0.082119
1009.000000	0.068814
1010.000000	0.054011
1011.000000	0.040057
1012.000000	0.028428
1013.000000	0.020250
1014.000000	0.016129
1015.000000	0.015567
1016.000000	0.014162
1017.000000	0.007982
1018.000000	-0.001129
1019.000000	-0.009475
1020.000000	-0.011735
1021.000000	-0.004296
1022.000000	0.008003
1023.000000	0.019001
1024.000000	0.025710
1025.000000	0.026281
1026.000000	0.020249
1027.000000	0.008710
1028.000000	-0.002364
1029.000000	-0.007000
1030.000000	-0.004081
1031.000000	0.005695
1032.000000	0.019233
1033.000000	0.032776
1034.000000	0.042317
1035.000000	0.044778
1036.000000	0.041032
1037.000000	0.033502
1038.000000	0.026852
1039.000000	0.025141
1040.000000	0.027760
1041.000000	0.033203
1042.000000	0.041041
1043.000000	0.051158
1044.000000	0.063613
1045.000000	0.078300
1046.000000	0.094279
1047.000000	0.110217
1048.000000	0.124051
1049.000000	0.133448
1050.000000	0.135739
1051.000000	0.129613
1052.000000	0.119527
1053.000000	0.110495
1054.000000	0.103997
1055.000000	0.100094
1056.000000	0.096703
1057.000000	0.092145
1058.000000	0.088493
1059.000000	0.088082
1060.000000	0.090551
1061.000000	0.094530
1062.000000	0.097323
1063.000000	0.096235
1064.000000	0.089891
1065.000000	0.078135
1066.000000	0.064365
1067.000000	0.053515
1068.000000	0.053114
1069.000000	0.066985
1070.000000	0.081540
1071.000000	0.082382
1072.000000	0.069297
1073.000000	0.047770
1074.000000	0.031895
1075.000000	0.033624
1076.000000	0.047718
1077.000000	0.065427
1078.000000	0.081152
1079.000000	0.090369
1080.000000	0.089719
1081.000000	0.078421
1082.000000	0.064844
1083.000000	0.057702
1084.000000	0.057935
1085.000000	0.063340
1086.000000	0.066923
1087.000000	0.062929
1088.000000	0.055353
1089.000000	0.049572
1090.000000	0.046747
1091.000000	0.046496
1092.000000	0.046490
1093.000000	0.044184
1094.000000	0.038117
1095.000000	0.027744
1096.000000	0.015102
1097.000000	0.003221
1098.000000	-0.003486
1099.000000	-0.001804
1100.000000	0.005310
1101.000000	0.013686
1102.000000	0.020461
1103.000000	0.023286
1104.000000	0.020554
1105.000000	0.012163
1106.000000	0.003283
1107.000000	-0.000630
1108.000000	0.001749
1109.000000	0.010200
1110.000000	0.022457
1111.000000	0.035379
1112.000000	0.044370
1113.000000	0.045834
1114.000000	0.041639
1115.000000	0.035548
1116.000000	0.033436
1117.000000	0.039015
1118.000000	0.045221
1119.000000	0.044293
1120.000000	0.036456
1121.000000	0.024572
1122.000000	0.014050
1123.000000	0.009876
1124.000000	0.012781
1125.000000	0.022009
1126.000000	0.035103
1127.000000	0.049029
1128.000000	0.060141
1129.000000	0.065411
1130.000000	0.064891
1131.000000	0.059411
1132.000000	0.049837
1133.000000	0.037124
1134.000000	0.022541
1135.000000	0.007499
1136.000000	-0.006341
1137.000000	-0.017423
1138.000000	-0.024851
1139.000000	-0.028063
1140.000000	-0.027179
1141.000000	-0.023288
1142.000000	-0.020685
1143.000000	-0.022942
1144.000000	-0.027542
1145.000000	-0.030504
1146.000000	-0.028093
1147.000000	-0.018863
1148.000000	-0.010272
1149.000000	-0.009599
1150.000000	-0.014496
1151.000000	-0.020274
1152.000000	-0.022521
1153.000000	-0.018880
1154.000000	-0.014949
1155.000000	-0.016428
1156.000000	-0.021486
1157.000000	-0.026563
1158.000000	-0.028728
1159.000000	-0.026489
1160.000000	-0.023488
1161.000000	-0.023219
1162.000000	-0.023450
1163.000000	-0.020959
1164.000000	-0.014279
1165.000000	-0.003923
1166.000000	0.003433
1167.000000	0.001958
1168.000000	-0.004647
1169.000000	-0.010852
1170.000000	-0.013340
1171.000000	-0.010799
1172.000000	-0.007731
1173.000000	-0.008685
1174.000000	-0.012581
1175.000000	-0.017120
1176.000000	-0.020766
1177.000000	-0.022459
1178.000000	-0.022282
1179.000000	-0.020857
1180.000000	-0.019820
1181.000000	-0.020692
1182.000000	-0.023533
1183.000000	-0.027463
1184.000000	-0.029308
1185.000000	-0.026835
1186.000000	-0.023872
1187.000000	-0.024695
1188.000000	-0.029302
1189.000000	-0.035533
1190.000000	-0.036880
1191.000000	-0.028693
1192.000000	-0.018098
1193.000000	-0.013336
1194.000000	-0.015323
1195.000000	-0.021928
1196.000000	-0.026159
1197.000000	-0.021828
1198.000000	-0.010824
1199.000000	0.003046
1200.000000	0.016395
1201.000000	0.025996
1202.000000	0.028858
1203.000000	0.023856
1204.000000	0.017086
1205.000000	0.014830
1206.000000	0.016882
1207.000000	0.020923
1208.000000	0.022651
1209.000000	0.019331
1210.000000	0.016469
1211.000000	0.019766
1212.000000	0.027477
1213.000000	0.035804
1214.000000	0.040197
1215.000000	0.037744
1216.000000	0.032841
1217.000000	0.030681
1218.000000	0.032325
1219.000000	0.037594
1220.000000	0.045470
1221.000000	0.054833
1222.000000	0.065003
1223.000000	0.074878
1224.000000	0.081237
1225.000000	0.080990
1226.000000	0.073695
1227.000000	0.061714
1228.000000	0.055985
1229.000000	0.065648
1230.000000	0.084081
1231.000000	0.101619
1232.000000	0.112171
1233.000000	0.112719
1234.000000	0.108947
1235.000000	0.107402
1236.000000	0.109390
1237.000000	0.114663
1238.000000	0.122002
1239.000000	0.129526
1240.000000	0.133667
1241.000000	0.131798
1242.000000	0.126748
1243.000000	0.122055
1244.000000	0.118653
1245.000000	0.116278
1246.000000	0.112489
1247.000000	0.105095
1248.000000	0.095093
1249.000000	0.084353
1250.000000	0.075048
1251.000000	0.069418
1252.000000	0.069681
1253.000000	0.076746
1254.000000	0.086313
1255.000000	0.093613
1256.000000	0.097197
1257.000000	0.096802
1258.000000	0.093581
1259.000000	0.089297
1260.000000	0.086728
1261.000000	0.088056
1262.000000	0.092071
1263.000000	0.096598
1264.000000	0.099002
1265.000000	0.096993
1266.000000	0.090132
1267.000000	0.078953
1268.000000	0.066019
1269.000000	0.054283
1270.000000	0.046216
1271.000000	0.043448
1272.000000	0.044718
1273.000000	0.048637
1274.000000	0.056200
1275.000000	0.068351
1276.000000	0.083446
1277.000000	0.097782
1278.000000	0.102016
1279.000000	0.089742
1280.000000	0.071948
1281.000000	0.061707
1282.000000	0.063037
1283.000000	0.075005
1284.000000	0.085944
1285.000000	0.085880
1286.000000	0.082364
1287.000000	0.084915
1288.000000	0.093408
1289.000000	0.103922
1290.000000	0.106986
1291.000000	0.096291
1292.000000	0.083726
1293.000000	0.082256
1294.000000	0.090951
1295.000000	0.104430
1296.000000	0.113397
1297.000000	0.111827
1298.000000	0.110705
1299.000000	0.121061
1300.000000	0.137098
1301.000000	0.149044
1302.000000	0.148054
1303.000000	0.130346
1304.000000	0.111469
1305.000000	0.107446
1306.000000	0.116875
1307.000000	0.133944
1308.000000	0.152617
1309.000000	0.167867
1310.000000	0.178938
1311.000000	0.186088
1312.000000	0.189366
1313.000000	0.188955
1314.000000	0.185779
1315.000000	0.181075
1316.000000	0.176598
1317.000000	0.173750
1318.000000	0.172019
1319.000000	0.170389
1320.000000	0.167748
1321.000000	0.162978
1322.000000	0.155033
1323.000000	0.143794
1324.000000	0.132787
1325.000000	0.125822
1326.000000	0.124209
1327.000000	0.128286
1328.000000	0.136999
1329.000000	0.147905
1330.000000	0.154385
1331.000000	0.151313
1332.000000	0.143694
1333.000000	0.138860
1334.000000	0.143313
1335.000000	0.159955
1336.000000	0.178123
1337.000000	0.186461
1338.000000	0.184412
1339.000000	0.174492
1340.000000	0.160707
1341.000000	0.147961
1342.000000	0.143260
1343.000000	0.150592
1344.000000	0.159775
1345.000000	0.159493
1346.000000	0.148077
1347.000000	0.129313
1348.000000	0.119164
1349.000000	0.130154
1350.000000	0.148865
1351.000000	0.158707
1352.000000	0.156345
1353.000000	0.143600
1354.000000	0.129648
1355.000000	0.122542
1356.000000	0.118470
1357.000000	0.112330
1358.000000	0.105722
1359.000000	0.101958
1360.000000	0.104491
1361.000000	0.114305
1362.000000	0.122374
1363.000000	0.120591
1364.000000	0.114540
1365.000000	0.112442
1366.000000	0.119369
1367.000000	0.136244
1368.000000	0.150550
1369.000000	0.150332
1370.000000	0.139327
1371.000000	0.124667
1372.000000	0.111363
1373.000000	0.103130
1374.000000	0.100609
1375.000000	0.102400
1376.000000	0.102010
1377.000000	0.093600
1378.000000	0.079044
1379.000000	0.063256
1380.000000	0.055591
1381.000000	0.062876
1382.000000	0.077379
1383.000000	0.089412
1384.000000	0.096032
1385.000000	0.096498
1386.000000	0.092153
1387.000000	0.084494
1388.000000	0.073565
1389.000000	0.060047
1390.000000	0.048622
1391.000000	0.044170
1392.000000	0.048376
1393.000000	0.059677
1394.000000	0.066716
1395.000000	0.060569
1396.000000	0.051825
1397.000000	0.053337
1398.000000	0.067494
1399.000000	0.090919
1400.000000	0.107633
1401.000000	0.104235
1402.000000	0.090246
1403.000000	0.078397
1404.000000	0.071332
1405.000000	0.068110
1406.000000	0.063534
1407.000000	0.053788
1408.000000	0.044829
1409.000000	0.043269
1410.000000	0.048571
1411.000000	0.058155
1412.000000	0.068414
1413.000000	0.075838
1414.000000	0.078319
1415.000000	0.075295
1416.000000	0.070981
1417.000000	0.069884
1418.000000	0.072908
1419.000000	0.078087
1420.000000	0.075568
1421.000000	0.058290
1422.000000	0.038235
1423.000000	0.029281
1424.000000	0.033837
1425.000000	0.049325
1426.000000	0.064703
1427.000000	0.070370
1428.000000	0.070963
1429.000000	0.072990
1430.000000	0.076193
1431.000000	0.078506
1432.000000	0.077381
1433.000000	0.072131
1434.000000	0.069982
1435.000000	0.077585
1436.000000	0.091367
1437.000000	0.105516
1438.000000	0.115486
1439.000000	0.118366
1440.000000	0.116521
1441.000000	0.113382
1442.000000	0.111368
1443.000000	0.112157
1444.000000	0.115490
1445.000000	0.120136
1446.000000	0.122925
1447.000000	0.121570
1448.000000	0.119261
1449.000000	0.119705
1450.000000	0.123209
1451.000000	0.128962
1452.000000	0.135078
1453.000000	0.139388
1454.000000	0.139666
1455.000000	0.135047
1456.000000	0.130159
1457.000000	0.130164
1458.000000	0.136857
1459.000000	0.148557
1460.000000	0.153057
1461.000000	0.140308
1462.000000	0.119434
1463.000000	0.102585
1464.000000	0.094853
1465.000000	0.097803
1466.000000	0.105946
1467.000000	0.112420
1468.000000	0.111932
1469.000000	0.101289
1470.000000	0.084133
1471.000000	0.066187
1472.000000	0.054661
1473.000000	0.054635
1474.000000	0.061172
1475.000000	0.068099
1476.000000	0.074311
1477.000000	0.079874
1478.000000	0.084481
1479.000000	0.087157
1480.000000	0.084633
1481.000000	0.074971
1482.000000	0.063861
1483.000000	0.057772
1484.000000	0.058676
1485.000000	0.066471
1486.000000	0.077249
1487.000000	0.085867
1488.000000	0.086037
1489.000000	0.073488
1490.000000	0.053143
1491.000000	0.032371
1492.000000	0.019110
1493.000000	0.018158
1494.000000	0.021166
1495.000000	0.018802
1496.000000	0.010945
1497.000000	-0.000114
1498.000000	-0.011648
1499.000000	-0.020951
1500.000000	-0.025833
1501.000000	-0.025352
1502.000000	-0.023029
1503.000000	-0.022582
1504.000000	-0.024044
1505.000000	-0.026008
1506.000000	-0.024993
1507.000000	-0.018989
1508.000000	-0.013936
1509.000000	-0.015703
1510.000000	-0.021913
1511.000000	-0.028160
1512.000000	-0.030178
1513.000000	-0.025350
1514.000000	-0.017512
1515.000000	-0.011094
1516.000000	-0.006446
1517.000000	-0.003027
1518.000000	-0.000800
1519.000000	-0.000069
1520.000000	-0.001989
1521.000000	-0.006614
1522.000000	-0.008749
1523.000000	-0.003718
1524.000000	0.005835
1525.000000	0.015125
1526.000000	0.018128
1527.000000	0.011586
1528.000000	0.004537
1529.000000	0.006050
1530.000000	0.013009
1531.000000	0.019591
1532.000000	0.021327
1533.000000	0.015370
1534.000000	0.004006
1535.000000	-0.009041
1536.000000	-0.019424
1537.000000	-0.023474
1538.000000	-0.020854
1539.000000	-0.012630
1540.000000	-0.002151
1541.000000	0.006345
1542.000000	0.007346
1543.000000	-0.002235
1544.000000	-0.014511
1545.000000	-0.019645
1546.000000	-0.010977
1547.000000	0.013107
1548.000000	0.037205
1549.000000	0.046217
1550.000000	0.043263
1551.000000	0.035474
1552.000000	0.027812
1553.000000	0.023919
1554.000000	0.024319
1555.000000	0.028732
1556.000000	0.036763
1557.000000	0.047535
1558.000000	0.058350
1559.000000	0.066250
1560.000000	0.069064
1561.000000	0.065736
1562.000000	0.058870
1563.000000	0.052263
1564.000000	0.050803
1565.000000	0.058407
1566.000000	0.073995
1567.000000	0.093521
1568.000000	0.106054
1569.000000	0.103684
1570.000000	0.097471
1571.000000	0.099972
1572.000000	0.110778
1573.000000	0.125282
1574.000000	0.135063
1575.000000	0.134372
1576.000000	0.131974
1577.000000	0.136884
1578.000000	0.144593
1579.000000	0.148224
1580.000000	0.144941
1581.000000	0.135273
1582.000000	0.129162
1583.000000	0.135034
1584.000000	0.145848
1585.000000	0.152319
1586.000000	0.151646
1587.000000	0.143540
1588.000000	0.131285
1589.000000	0.119076
1590.000000	0.111184
1591.000000	0.110310
1592.000000	0.112811
1593.000000	0.113871
1594.000000	0.110327
1595.000000	0.100866
1596.000000	0.089930
1597.000000	0.082518
1598.000000	0.080096
1599.000000	0.083002
1600.000000	0.090587
1601.000000	0.101737
1602.000000	0.114468
1603.000000	0.126282
1604.000000	0.133506
1605.000000	0.133419
1606.000000	0.128279
1607.000000	0.121494
1608.000000	0.116099
1609.000000	0.114235
1610.000000	0.114834
1611.000000	0.116109
1612.000000	0.116606
1613.000000	0.115097
1614.000000	0.110932
1615.000000	0.103815
1616.000000	0.094295
1617.000000	0.083240
1618.000000	0.071962
1619.000000	0.062128
1620.000000	0.056392
1621.000000	0.057101
1622.000000	0.064396
1623.000000	0.076738
1624.000000	0.088073
1625.000000	0.092773
1626.000000	0.091426
1627.000000	0.086165
1628.000000	0.079072
1629.000000	0.072095
1630.000000	0.066691
1631.000000	0.064544
1632.000000	0.068729
1633.000000	0.080294
1634.000000	0.090770
1635.000000	0.090811
1636.000000	0.077067
1637.000000	0.051561
1638.000000	0.031812
1639.000000	0.033192
1640.000000	0.046980
1641.000000	0.060815
1642.000000	0.071878
1643.000000	0.080816
1644.000000	0.092596
1645.000000	0.109370
1646.000000	0.117696
1647.000000	0.105913
1648.000000	0.085078
1649.000000	0.070243
1650.000000	0.069734
1651.000000	0.085864
1652.000000	0.103615
1653.000000	0.108245
1654.000000	0.103432
1655.000000	0.096828
1656.000000	0.093545
1657.000000	0.097433
1658.000000	0.109823
1659.000000	0.128981
1660.000000	0.143438
1661.000000	0.143366
1662.000000	0.135230
1663.000000	0.128664
1664.000000	0.129692
1665.000000	0.141428
1666.000000	0.158956
1667.000000	0.175802
1668.000000	0.187273
1669.000000	0.190044
1670.000000	0.184467
1671.000000	0.172331
1672.000000	0.157479
1673.000000	0.144474
1674.000000	0.138706
1675.000000	0.143457
1676.000000	0.152761
1677.000000	0.159297
1678.000000	0.159559
1679.000000	0.152338
1680.000000	0.141790
1681.000000	0.131926
1682.000000	0.120816
1683.000000	0.106758
1684.000000	0.094903
1685.000000	0.091188
1686.000000	0.097852
1687.000000	0.112247
1688.000000	0.115880
1689.000000	0.093985
1690.000000	0.062536
1691.000000	0.041470
1692.000000	0.035828
1693.000000	0.044163
1694.000000	0.053975
1695.000000	0.054371
1696.000000	0.051936
1697.000000	0.054133
1698.000000	0.054444
1699.000000	0.046373
1700.000000	0.037482
1701.000000	0.035916
1702.000000	0.038101
1703.000000	0.038909
1704.000000	0.038721
1705.000000	0.038915
1706.000000	0.039340
1707.000000	0.039615
1708.000000	0.039960
1709.000000	0.040525
1710.000000	0.040579
1711.000000	0.039903
1712.000000	0.041199
1713.000000	0.045197
1714.000000	0.041818
1715.000000	0.022857
1716.000000	-0.001593
1717.000000	-0.019301
1718.000000	-0.027777
1719.000000	-0.027524
1720.000000	-0.021271
1721.000000	-0.012743
1722.000000	-0.007421
1723.000000	-0.009407
1724.000000	-0.015526
1725.000000	-0.021042
1726.000000	-0.022266
1727.000000	-0.016927
1728.000000	-0.007387
1729.000000	0.002382
1730.000000	0.006602
1731.000000	0.001685
1732.000000	-0.005374
1733.000000	-0.006818
1734.000000	-0.002412
1735.000000	0.005814
1736.000000	0.014290
1737.000000	0.019034
1738.000000	0.015946
1739.000000	0.002919
1740.000000	-0.014083
1741.000000	-0.027837
1742.000000	-0.034165
1743.000000	-0.030579
1744.000000	-0.018298
1745.000000	-0.001107
1746.000000	0.010645
1747.000000	0.007880
1748.000000	-0.006826
1749.000000	-0.027519
1750.000000	-0.046376
1751.000000	-0.055521
1752.000000	-0.048739
1753.000000	-0.025069
1754.000000	-0.002898
1755.000000	0.000273
1756.000000	-0.010146
1757.000000	-0.023655
1758.000000	-0.032287
1759.000000	-0.031356
1760.000000	-0.026758
1761.000000	-0.025047
1762.000000	-0.024837
1763.000000	-0.023554
1764.000000	-0.021813
1765.000000	-0.020975
1766.000000	-0.022186
1767.000000	-0.025920
1768.000000	-0.030176
1769.000000	-0.032396
1770.000000	-0.030256
1771.000000	-0.022627
1772.000000	-0.012917
1773.000000	-0.005997
1774.000000	-0.008040
1775.000000	-0.021624
1776.000000	-0.033638
1777.000000	-0.031312
1778.000000	-0.018923
1779.000000	-0.004545
1780.000000	0.005603
1781.000000	0.007374
1782.000000	0.003048
1783.000000	-0.003452
1784.000000	-0.008047
1785.000000	-0.007673
1786.000000	-0.003474
1787.000000	0.002207
1788.000000	0.006429
1789.000000	0.006792
1790.000000	0.003644
1791.000000	-0.001602
1792.000000	-0.006034
1793.000000	-0.007182
1794.000000	-0.005845
1795.000000	-0.003915
1796.000000	-0.004382
1797.000000	-0.009045
1798.000000	-0.013826
1799.000000	-0.014542
1800.000000	-0.012467
1801.000000	-0.009712
1802.000000	-0.006288
1803.000000	-0.001147
1804.000000	0.008901
1805.000000	0.024444
1806.000000	0.033534
1807.000000	0.025341
1808.000000	0.006045
1809.000000	-0.014402
1810.000000	-0.027969
1811.000000	-0.029747
1812.000000	-0.025398
1813.000000	-0.021755
1814.000000	-0.019775
1815.000000	-0.018599
1816.000000	-0.015990
1817.000000	-0.009734
1818.000000	0.000918
1819.000000	0.014081
1820.000000	0.018798
1821.000000	0.007221
1822.000000	-0.007005
1823.000000	-0.008758
1824.000000	0.001495
1825.000000	0.017518
1826.000000	0.025599
1827.000000	0.015570
1828.000000	-0.001080
1829.000000	-0.010501
1830.000000	-0.011067
1831.000000	-0.004681
1832.000000	0.004849
1833.000000	0.013193
1834.000000	0.015841
1835.000000	0.010295
1836.000000	0.002298
1837.000000	-0.001941
1838.000000	-0.002574
1839.000000	-0.001546
1840.000000	-0.001596
1841.000000	-0.005426
1842.000000	-0.014778
1843.000000	-0.029047
1844.000000	-0.039185
1845.000000	-0.036872
1846.000000	-0.025143
1847.000000	-0.010114
1848.000000	0.001136
1849.000000	0.003744
1850.000000	0.002680
1851.000000	0.003312
1852.000000	0.002774
1853.000000	-0.002230
1854.000000	-0.008487
1855.000000	-0.011185
1856.000000	-0.005634
1857.000000	0.009001
1858.000000	0.018256
1859.000000	0.009388
1860.000000	-0.008175
1861.000000	-0.021433
1862.000000	-0.025280
1863.000000	-0.018434
1864.000000	-0.007005
1865.000000	0.002410
1866.000000	0.008670
1867.000000	0.011745
1868.000000	0.010604
1869.000000	0.004582
1870.000000	-0.004528
1871.000000	-0.013931
1872.000000	-0.019289
1873.000000	-0.017294
1874.000000	-0.010312
1875.000000	-0.002015
1876.000000	0.004385
1877.000000	0.006452
1878.000000	0.004402
1879.000000	0.000098
1880.000000	-0.000660
1881.000000	0.006039
1882.000000	0.012614
1883.000000	0.011307
1884.000000	0.005156
1885.000000	-0.000263
1886.000000	-0.000000
1887.000000	0.008536
1888.000000	0.019138
1889.000000	0.024974
1890.000000	0.025514
1891.000000	0.021604
1892.000000	0.013306
1893.000000	0.000842
1894.000000	-0.014128
1895.000000	-0.028570
1896.000000	-0.035388
1897.000000	-0.029108
1898.000000	-0.014791
1899.000000	0.000358
1900.000000	0.011097
1901.000000	0.013573
1902.000000	0.007514
1903.000000	-0.004883
1904.000000	-0.015134
1905.000000	-0.015484
1906.000000	-0.007377
1907.000000	0.005065
1908.000000	0.016192
1909.000000	0.020452
1910.000000	0.014205
1911.000000	-0.003170
1912.000000	-0.022121
1913.000000	-0.032684
1914.000000	-0.033409
1915.000000	-0.025580
1916.000000	-0.012897
1917.000000	0.000287
1918.000000	0.009427
1919.000000	0.010541
1920.000000	0.002091
1921.000000	-0.014752
1922.000000	-0.030434
1923.000000	-0.035262
1924.000000	-0.027384
1925.000000	-0.009095
1926.000000	0.008548
1927.000000	0.015214
1928.000000	0.012223
1929.000000	0.004394
1930.000000	-0.001125
1931.000000	0.001814
1932.000000	0.013026
1933.000000	0.028748
1934.000000	0.037250
1935.000000	0.029241
1936.000000	0.013152
1937.000000	-0.000109
1938.000000	-0.007456
1939.000000	-0.008411
1940.000000	-0.005107
1941.000000	-0.000719
1942.000000	0.000033
1943.000000	-0.005181
1944.000000	-0.007576
1945.000000	0.000577
1946.000000	0.011659
1947.000000	0.017232
1948.000000	0.020926
1949.000000	0.027003
1950.000000	0.030192
1951.000000	0.024631
1952.000000	0.011622
1953.000000	-0.004896
1954.000000	-0.017595
1955.000000	-0.019415
1956.000000	-0.007739
1957.000000	0.015182
1958.000000	0.032087
1959.000000	0.028119
1960.000000	0.013056
1961.000000	0.000260
1962.000000	-0.007203
1963.000000	-0.009486
1964.000000	-0.009332
1965.000000	-0.009634
1966.000000	-0.011294
1967.000000	-0.013939
1968.000000	-0.014079
1969.000000	-0.008891
1970.000000	-0.001328
1971.000000	0.004535
1972.000000	0.005921
1973.000000	0.002692
1974.000000	0.003966
1975.000000	0.015905
1976.000000	0.023602
1977.000000	0.012313
1978.000000	-0.010966
1979.000000	-0.033726
1980.000000	-0.043134
1981.000000	-0.031237
1982.000000	-0.009934
1983.000000	0.006687
1984.000000	0.015618
1985.000000	0.016659
1986.000000	0.009762
1987.000000	-0.004298
1988.000000	-0.021611
1989.000000	-0.036050
1990.000000	-0.035746
1991.000000	-0.013617
1992.000000	0.012529
1993.000000	0.023677
1994.000000	0.020869
1995.000000	0.010888
1996.000000	0.003413
1997.000000	0.004924
1998.000000	0.006220
1999.000000	-0.001361
2000.000000	-0.008645
2001.000000	-0.005643
2002.000000	0.003048
2003.000000	0.009608
2004.000000	0.007920
2005.000000	-0.003375
2006.000000	-0.008306
2007.000000	0.006160
2008.000000	0.023970
2009.000000	0.026753
2010.000000	0.015956
2011.000000	-0.001302
2012.000000	-0.015026
2013.000000	-0.017277
2014.000000	-0.011231
2015.000000	-0.002586
2016.000000	0.003976
2017.000000	0.005161
2018.000000	0.002213
2019.000000	-0.002466
2020.000000	-0.006369
2021.000000	-0.008028
2022.000000	-0.010248
2023.000000	-0.015320
2024.000000	-0.019207
2025.000000	-0.017371
2026.000000	-0.009584
2027.000000	0.002699
2028.000000	0.015617
2029.000000	0.024430
2030.000000	0.023284
2031.000000	0.009417
2032.000000	-0.006464
2033.000000	-0.013353
2034.000000	-0.012517
2035.000000	-0.008217
2036.000000	-0.004406
2037.000000	-0.003222
2038.000000	0.000160
2039.000000	0.009199
2040.000000	0.014931
2041.000000	0.009027
2042.000000	-0.001863
2043.000000	-0.008512
2044.000000	-0.006355
2045.000000	0.005360
2046.000000	0.016797
2047.000000	0.018229
2048.000000	0.010966
2049.000000	-0.000579
2050.000000	-0.010611
2051.000000	-0.014146
2052.000000	-0.010811
2053.000000	-0.002674
2054.000000	0.003054
2055.000000	0.000505
2056.000000	-0.005672
2057.000000	-0.009526
2058.000000	-0.010405
2059.000000	-0.009201
2060.000000	-0.007672
2061.000000	-0.007657
2062.000000	-0.010457
2063.000000	-0.016051
2064.000000	-0.019657
2065.000000	-0.016995
2066.000000	-0.010553
2067.000000	-0.003996
2068.000000	0.001059
2069.000000	0.004018
2070.000000	0.006314
2071.000000	0.008695
2072.000000	0.007120
2073.000000	-0.001169
2074.000000	-0.009027
2075.000000	-0.009136
2076.000000	-0.003384
2077.000000	0.003411
2078.000000	0.003935
2079.000000	-0.005857
2080.000000	-0.014429
2081.000000	-0.010555
2082.000000	0.000163
2083.000000	0.009124
2084.000000	0.012568
2085.000000	0.008866
2086.000000	0.000070
2087.000000	-0.010804
2088.000000	-0.020567
2089.000000	-0.025775
2090.000000	-0.022128
2091.000000	-0.007476
2092.000000	0.010883
2093.000000	0.024144
2094.000000	0.026917
2095.000000	0.018139
2096.000000	0.010640
2097.000000	0.015323
2098.000000	0.021490
2099.000000	0.017138
2100.000000	0.006648
2101.000000	-0.001996
2102.000000	-0.002793
2103.000000	0.007542
2104.000000	0.023410
2105.000000	0.036182
2106.000000	0.034003
2107.000000	0.010671
2108.000000	-0.014169
2109.000000	-0.019227
2110.000000	-0.002470
2111.000000	0.028182
2112.000000	0.044245
2113.000000	0.024078
2114.000000	-0.006017
2115.000000	-0.016608
2116.000000	-0.013671
2117.000000	-0.009624
2118.000000	-0.007237
2119.000000	-0.005346
2120.000000	0.003295
2121.000000	0.022447
2122.000000	0.035851
2123.000000	0.028602
2124.000000	0.011221
2125.000000	-0.001917
2126.000000	-0.006441
2127.000000	-0.001806
2128.000000	0.007225
2129.000000	0.015899
2130.000000	0.024797
2131.000000	0.034453
2132.000000	0.039879
2133.000000	0.036757
2134.000000	0.028963
2135.000000	0.021807
2136.000000	0.018148
2137.000000	0.017793
2138.000000	0.010804
2139.000000	-0.009173
2140.000000	-0.024412
2141.000000	-0.018427
2142.000000	-0.003776
2143.000000	0.002616
2144.000000	-0.004611
2145.000000	-0.023359
2146.000000	-0.033264
2147.000000	-0.018333
2148.000000	0.001692
2149.000000	0.005175
2150.000000	-0.001344
2151.000000	-0.006265
2152.000000	-0.005908
2153.000000	-0.000266
2154.000000	0.003897
2155.000000	0.000757
2156.000000	-0.004973
2157.000000	-0.007656
2158.000000	-0.008495
2159.000000	-0.009608
2160.000000	-0.009945
2161.000000	-0.007840
2162.000000	-0.002332
2163.000000	0.006162
2164.000000	0.012411
2165.000000	0.011777
2166.000000	0.006802
2167.000000	0.001532
2168.000000	-0.001147
2169.000000	0.000548
2170.000000	0.005144
2171.000000	0.009467
2172.000000	0.006795
2173.000000	-0.005870
2174.000000	-0.013075
2175.000000	-0.001722
2176.000000	0.013415
2177.000000	0.016458
2178.000000	0.014976
2179.000000	0.017948
2180.000000	0.016537
2181.000000	0.002585
2182.000000	-0.011544
2183.000000	-0.013043
2184.000000	-0.007864
2185.000000	-0.004764
2186.000000	-0.004951
2187.000000	-0.007292
2188.000000	-0.008846
2189.000000	-0.007176
2190.000000	-0.003673
2191.000000	-0.000445
2192.000000	0.001365
2193.000000	0.001130
2194.000000	-0.000681
2195.000000	-0.003377
2196.000000	-0.006478
2197.000000	-0.009733
2198.000000	-0.013596
2199.000000	-0.017999
2200.000000	-0.020082
2201.000000	-0.016950
2202.000000	-0.008352
2203.000000	0.004393
2204.000000	0.016336
2205.000000	0.021927
2206.000000	0.016848
2207.000000	0.000723
2208.000000	-0.012284
2209.000000	-0.010072
2210.000000	-0.003348
2211.000000	-0.004741
2212.000000	-0.011777
2213.000000	-0.017998
2214.000000	-0.016118
2215.000000	-0.002153
2216.000000	0.013845
2217.000000	0.021633
2218.000000	0.024254
2219.000000	0.026244
2220.000000	0.024839
2221.000000	0.016634
2222.000000	0.002963
2223.000000	-0.012587
2224.000000	-0.022169
2225.000000	-0.018855
2226.000000	-0.003665
2227.000000	0.018199
2228.000000	0.032759
2229.000000	0.028032
2230.000000	0.008782
2231.000000	-0.015145
2232.000000	-0.030330
2233.000000	-0.027345
2234.000000	-0.016312
2235.000000	-0.009249
2236.000000	-0.006217
2237.000000	-0.004177
2238.000000	0.000337
2239.000000	0.009873
2240.000000	0.022865
2241.000000	0.035724
2242.000000	0.040891
2243.000000	0.032944
2244.000000	0.018972
2245.000000	0.007847
2246.000000	0.003060
2247.000000	0.005891
2248.000000	0.014155
2249.000000	0.024560
2250.000000	0.032842
2251.000000	0.035433
2252.000000	0.032535
2253.000000	0.025319
2254.000000	0.015080
2255.000000	0.004069
2256.000000	-0.001748
2257.000000	0.002861
2258.000000	0.016482
2259.000000	0.034070
2260.000000	0.042700
2261.000000	0.033624
2262.000000	0.022691
2263.000000	0.025698
2264.000000	0.033640
2265.000000	0.034123
2266.000000	0.025985
2267.000000	0.012471
2268.000000	0.003215
2269.000000	0.006050
2270.000000	0.015224
2271.000000	0.023102
2272.000000	0.028091
2273.000000	0.030205
2274.000000	0.029843
2275.000000	0.027386
2276.000000	0.022747
2277.000000	0.015576
2278.000000	0.004940
2279.000000	-0.008798
2280.000000	-0.019496
2281.000000	-0.021238
2282.000000	-0.014790
2283.000000	-0.003133
2284.000000	0.008589
2285.000000	0.015409
2286.000000	0.015252
2287.000000	0.008961
2288.000000	0.006169
2289.000000	0.014257
2290.000000	0.022800
2291.000000	0.020663
2292.000000	0.011672
2293.000000	0.002787
2294.000000	-0.001447
2295.000000	0.000981
2296.000000	0.004372
2297.000000	0.003725
2298.000000	0.004531
2299.000000	0.011953
2300.000000	0.019341
2301.000000	0.019554
2302.000000	0.015300
2303.000000	0.011769
2304.000000	0.014234
2305.000000	0.025086
2306.000000	0.035119
2307.000000	0.034642
2308.000000	0.023629
2309.000000	0.005829
2310.000000	-0.009583
2311.000000	-0.014294
2312.000000	-0.008859
2313.000000	0.002507
2314.000000	0.009805
2315.000000	0.006067
2316.000000	0.002223
2317.000000	0.009075
2318.000000	0.019017
2319.000000	0.022405
2320.000000	0.019835
2321.000000	0.014763
2322.000000	0.011831
2323.000000	0.014538
2324.000000	0.020618
2325.000000	0.027026
2326.000000	0.033363
2327.000000	0.039463
2328.000000	0.043457
2329.000000	0.043559
2330.000000	0.040029
2331.000000	0.033921
2332.000000	0.027413
2333.000000	0.022726
2334.000000	0.021115
2335.000000	0.022771
2336.000000	0.024586
2337.000000	0.023614
2338.000000	0.020848
2339.000000	0.018100
2340.000000	0.016527
2341.000000	0.016673
2342.000000	0.017300
2343.000000	0.017365
2344.000000	0.018402
2345.000000	0.021375
2346.000000	0.022388
2347.000000	0.018087
2348.000000	0.012139
2349.000000	0.009251
2350.000000	0.011264
2351.000000	0.017423
2352.000000	0.019444
2353.000000	0.010890
2354.000000	0.000237
2355.000000	-0.002727
2356.000000	0.002132
2357.000000	0.012110
2358.000000	0.022817
2359.000000	0.029983
2360.000000	0.031496
2361.000000	0.027071
2362.000000	0.021562
2363.000000	0.019095
2364.000000	0.015746
2365.000000	0.007909
2366.000000	0.001310
2367.000000	0.002175
2368.000000	0.009391
2369.000000	0.019036
2370.000000	0.023285
2371.000000	0.017330
2372.000000	0.012328
2373.000000	0.018750
2374.000000	0.028366
2375.000000	0.030405
2376.000000	0.022651
2377.000000	0.006385
2378.000000	-0.011671
2379.000000	-0.023755
2380.000000	-0.023398
2381.000000	-0.007272
2382.000000	0.016677
2383.000000	0.037743
2384.000000	0.045444
2385.000000	0.033764
2386.000000	0.014325
2387.000000	0.001242
2388.000000	0.000967
2389.000000	0.012699
2390.000000	0.014278
2391.000000	-0.010797
2392.000000	-0.035024
2393.000000	-0.030753
2394.000000	-0.013733
2395.000000	-0.005552
2396.000000	-0.007759
2397.000000	-0.015308
2398.000000	-0.016808
2399.000000	-0.004350
2400.000000	0.009705
2401.000000	0.012635
2402.000000	0.010536
2403.000000	0.011612
2404.000000	0.013682
2405.000000	0.013228
2406.000000	0.011779
2407.000000	0.012132
2408.000000	0.017116
2409.000000	0.026668
2410.000000	0.029121
2411.000000	0.015071
2412.000000	-0.004247
2413.000000	-0.015238
2414.000000	-0.015523
2415.000000	-0.006872
2416.000000	0.003570
2417.000000	0.008097
2418.000000	0.002145
2419.000000	-0.014286
2420.000000	-0.026080
2421.000000	-0.020942
2422.000000	-0.012974
2423.000000	-0.016996
2424.000000	-0.024314
2425.000000	-0.022620
2426.000000	-0.008672
2427.000000	0.015321
2428.000000	0.034418
2429.000000	0.035787
2430.000000	0.027764
2431.000000	0.021164
2432.000000	0.015537
2433.000000	0.009088
2434.000000	0.005912
2435.000000	0.009801
2436.000000	0.017459
2437.000000	0.022841
2438.000000	0.016013
2439.000000	-0.006209
2440.000000	-0.016105
2441.000000	0.009075
2442.000000	0.041291
2443.000000	0.048888
2444.000000	0.036530
2445.000000	0.017802
2446.000000	0.005662
2447.000000	0.007908
2448.000000	0.012324
2449.000000	0.006623
2450.000000	-0.001753
2451.000000	-0.003138
2452.000000	0.001288
2453.000000	0.007945
2454.000000	0.014487
2455.000000	0.019090
2456.000000	0.020786
2457.000000	0.019072
2458.000000	0.014445
2459.000000	0.008131
2460.000000	0.003268
2461.000000	0.002680
2462.000000	0.006014
2463.000000	0.011447
2464.000000	0.014449
2465.000000	0.010811
2466.000000	0.000328
2467.000000	-0.014974
2468.000000	-0.028134
2469.000000	-0.032420
2470.000000	-0.026956
2471.000000	-0.014325
2472.000000	-0.005096
2473.000000	-0.008332
2474.000000	-0.019101
2475.000000	-0.029398
2476.000000	-0.032929
2477.000000	-0.026530
2478.000000	-0.017854
2479.000000	-0.013832
2480.000000	-0.007701
2481.000000	0.006523
2482.000000	0.018026
2483.000000	0.015890
2484.000000	0.005592
2485.000000	-0.003689
2486.000000	-0.004355
2487.000000	0.007777
2488.000000	0.024815
2489.000000	0.037304
2490.000000	0.041626
2491.000000	0.036948
2492.000000	0.027745
2493.000000	0.019252
2494.000000	0.014437
2495.000000	0.014519
2496.000000	0.016002
2497.000000	0.014310
2498.000000	0.005264
2499.000000	-0.011121
2500.000000	-0.018455
2501.000000	-0.003233
2502.000000	0.020148
2503.000000	0.033441
2504.000000	0.030910
2505.000000	0.012621
2506.000000	-0.010672
2507.000000	-0.026325
2508.000000	-0.024834
2509.000000	-0.003842
2510.000000	0.013561
2511.000000	0.006417
2512.000000	-0.012241
2513.000000	-0.024068
2514.000000	-0.023448
2515.000000	-0.010040
2516.000000	0.008142
2517.000000	0.021639
2518.000000	0.023573
2519.000000	0.011756
2520.000000	0.000175
2521.000000	0.000851
2522.000000	0.001760
2523.000000	-0.009577
2524.000000	-0.023397
2525.000000	-0.027394
2526.000000	-0.021310
2527.000000	-0.009536
2528.000000	-0.002994
2529.000000	-0.008632
2530.000000	-0.010962
2531.000000	0.004049
2532.000000	0.022178
2533.000000	0.027019
2534.000000	0.021685
2535.000000	0.013570
2536.000000	0.007689
2537.000000	0.007013
2538.000000	0.008735
2539.000000	0.008528
2540.000000	0.001772
2541.000000	-0.012733
2542.000000	-0.022229
2543.000000	-0.015778
2544.000000	-0.003690
2545.000000	0.001762
2546.000000	0.001710
2547.000000	0.000806
2548.000000	0.004396
2549.000000	0.014870
2550.000000	0.022119
2551.000000	0.017383
2552.000000	0.009803
2553.000000	0.009329
2554.000000	0.011247
2555.000000	0.008915
2556.000000	0.002637
2557.000000	-0.005309
2558.000000	-0.011682
2559.000000	-0.013874
2560.000000	-0.012761
2561.000000	-0.009355
2562.000000	-0.001721
2563.000000	0.010279
2564.000000	0.016651
2565.000000	0.009419
2566.000000	-0.001181
2567.000000	-0.003478
2568.000000	0.001729
2569.000000	0.008958
2570.000000	0.006469
2571.000000	-0.011641
2572.000000	-0.021667
2573.000000	-0.003582
2574.000000	0.018305
2575.000000	0.017878
2576.000000	0.006119
2577.000000	-0.000217
2578.000000	0.001629
2579.000000	0.009314
2580.000000	0.014084
2581.000000	0.009757
2582.000000	0.006841
2583.000000	0.014870
2584.000000	0.022774
2585.000000	0.019564
2586.000000	0.015159
2587.000000	0.020775
2588.000000	0.031888
2589.000000	0.040077
2590.000000	0.037055
2591.000000	0.017822
2592.000000	-0.009624
2593.000000	-0.034361
2594.000000	-0.046776
2595.000000	-0.040695
2596.000000	-0.022391
2597.000000	-0.001331
2598.000000	0.012688
2599.000000	0.012760
2600.000000	0.003861
2601.000000	-0.005890
2602.000000	-0.007681
2603.000000	0.002305
2604.000000	0.007220
2605.000000	-0.007299
2606.000000	-0.025013
2607.000000	-0.027492
2608.000000	-0.018154
2609.000000	-0.005435
2610.000000	0.004019
2611.000000	0.005577
2612.000000	0.000896
2613.000000	-0.006437
2614.000000	-0.011399
2615.000000	-0.009359
2616.000000	0.001312
2617.000000	0.018462
2618.000000	0.027824
2619.000000	0.017737
2620.000000	-0.000910
2621.000000	-0.013672
2622.000000	-0.014418
2623.000000	-0.002551
2624.000000	0.008695
2625.000000	0.006855
2626.000000	-0.003642
2627.000000	-0.015025
2628.000000	-0.023046
2629.000000	-0.024909
2630.000000	-0.020095
2631.000000	-0.008767
2632.000000	0.008461
2633.000000	0.029755
2634.000000	0.048869
2635.000000	0.057880
2636.000000	0.046582
2637.000000	0.012706
2638.000000	-0.011996
2639.000000	0.000063
2640.000000	0.025786
2641.000000	0.036480
2642.000000	0.031747
2643.000000	0.018580
2644.000000	0.005240
2645.000000	-0.002432
2646.000000	-0.009532
2647.000000	-0.021812
2648.000000	-0.036702
2649.000000	-0.048654
2650.000000	-0.048512
2651.000000	-0.030965
2652.000000	-0.009671
2653.000000	0.000802
2654.000000	0.001228
2655.000000	-0.003184
2656.000000	-0.004831
2657.000000	0.001075
2658.000000	0.005663
2659.000000	-0.000100
2660.000000	-0.012228
2661.000000	-0.023659
2662.000000	-0.028058
2663.000000	-0.021202
2664.000000	-0.006600
2665.000000	0.010063
2666.000000	0.022132
2667.000000	0.024283
2668.000000	0.017475
2669.000000	0.005749
2670.000000	-0.000820
2671.000000	0.004626
2672.000000	0.010058
2673.000000	0.003901
2674.000000	-0.004702
2675.000000	-0.005359
2676.000000	-0.003397
2677.000000	-0.006380
2678.000000	-0.015088
2679.000000	-0.026100
2680.000000	-0.025963
2681.000000	-0.006548
2682.000000	0.008947
2683.000000	-0.000542
2684.000000	-0.016226
2685.000000	-0.016258
2686.000000	-0.006406
2687.000000	0.002175
2688.000000	0.004401
2689.000000	-0.001364
2690.000000	-0.009019
2691.000000	-0.011727
2692.000000	-0.007429
2693.000000	0.003588
2694.000000	0.016428
2695.000000	0.025270
2696.000000	0.025216
2697.000000	0.014319
2698.000000	0.001523
2699.000000	-0.004074
2700.000000	-0.003641
2701.000000	-0.001526
2702.000000	-0.004514
2703.000000	-0.015825
2704.000000	-0.021983
2705.000000	-0.011990
2706.000000	-0.001447
2707.000000	-0.005717
2708.000000	-0.012618
2709.000000	-0.007013
2710.000000	0.010499
2711.000000	0.033931
2712.000000	0.051470
2713.000000	0.052649
2714.000000	0.038216
2715.000000	0.015327
2716.000000	0.005555
2717.000000	0.023833
2718.000000	0.044116
2719.000000	0.040215
2720.000000	0.026342
2721.000000	0.021821
2722.000000	0.026025
2723.000000	0.032471
2724.000000	0.031192
2725.000000	0.015109
2726.000000	-0.007833
2727.000000	-0.025889
2728.000000	-0.027132
2729.000000	-0.005675
2730.000000	0.020030
2731.000000	0.031318
2732.000000	0.033005
2733.000000	0.033858
2734.000000	0.034966
2735.000000	0.034882
2736.000000	0.029685
2737.000000	0.016753
2738.000000	0.001131
2739.000000	-0.010456
2740.000000	-0.012228
2741.000000	-0.002347
2742.000000	0.006187
2743.000000	0.001825
2744.000000	-0.006349
2745.000000	-0.007228
2746.000000	-0.002253
2747.000000	0.003766
2748.000000	0.005086
2749.000000	-0.001237
2750.000000	-0.006029
2751.000000	-0.000573
2752.000000	0.009908
2753.000000	0.017342
2754.000000	0.016216
2755.000000	0.004489
2756.000000	-0.008553
2757.000000	-0.013430
2758.000000	-0.011211
2759.000000	-0.005837
2760.000000	-0.002174
2761.000000	-0.002936
2762.000000	-0.001303
2763.000000	0.009067
2764.000000	0.023081
2765.000000	0.032502
2766.000000	0.027955
2767.000000	0.004622
2768.000000	-0.022952
2769.000000	-0.038583
2770.000000	-0.038883
2771.000000	-0.025614
2772.000000	-0.008346
2773.000000	0.003490
2774.000000	0.008817
2775.000000	0.008148
2776.000000	-0.000004
2777.000000	-0.015183
2778.000000	-0.027151
2779.000000	-0.027142
2780.000000	-0.022054
2781.000000	-0.020213
2782.000000	-0.019991
2783.000000	-0.017833
2784.000000	-0.012443
2785.000000	-0.005275
2786.000000	-0.006536
2787.000000	-0.023265
2788.000000	-0.041070
2789.000000	-0.044540
2790.000000	-0.035614
2791.000000	-0.021260
2792.000000	-0.011214
2793.000000	-0.012817
2794.000000	-0.021065
2795.000000	-0.027958
2796.000000	-0.025871
2797.000000	-0.010269
2798.000000	0.011392
2799.000000	0.028581
2800.000000	0.030447
2801.000000	0.011378
2802.000000	-0.012956
2803.000000	-0.025618
2804.000000	-0.025871
2805.000000	-0.018054
2806.000000	-0.010615
2807.000000	-0.011101
2808.000000	-0.019345
2809.000000	-0.031975
2810.000000	-0.040512
2811.000000	-0.037423
2812.000000	-0.024063
2813.000000	-0.005572
2814.000000	0.006677
2815.000000	0.003055
2816.000000	-0.012843
2817.000000	-0.033483
2818.000000	-0.048811
2819.000000	-0.051018
2820.000000	-0.043807
2821.000000	-0.033945
2822.000000	-0.028945
2823.000000	-0.032641
2824.000000	-0.033417
2825.000000	-0.020304
2826.000000	-0.000380
2827.000000	0.016902
2828.000000	0.030638
2829.000000	0.041486
2830.000000	0.047792
2831.000000	0.047483
2832.000000	0.039121
2833.000000	0.023035
2834.000000	0.005983
2835.000000	-0.003490
2836.000000	0.003870
2837.000000	0.031159
2838.000000	0.056129
2839.000000	0.059805
2840.000000	0.061651
2841.000000	0.081865
2842.000000	0.105139
2843.000000	0.113205
2844.000000	0.111458
2845.000000	0.111107
2846.000000	0.122939
2847.000000	0.152655
2848.000000	0.186029
2849.000000	0.207946
2850.000000	0.219664
2851.000000	0.225611
2852.000000	0.226538
2853.000000	0.224010
2854.000000	0.226536
2855.000000	0.242014
2856.000000	0.268951
2857.000000	0.301391
2858.000000	0.324921
2859.000000	0.326746
2860.000000	0.308990
2861.000000	0.282197
2862.000000	0.275671
2863.000000	0.309465
2864.000000	0.347868
2865.000000	0.354800
2866.000000	0.348477
2867.000000	0.354787
2868.000000	0.376027
2869.000000	0.408050
2870.000000	0.444526
2871.000000	0.479223
2872.000000	0.508471
2873.000000	0.529572
2874.000000	0.541152
2875.000000	0.543866
2876.000000	0.545178
2877.000000	0.552094
2878.000000	0.562998
2879.000000	0.572792
2880.000000	0.571073
2881.000000	0.551923
2882.000000	0.532657
2883.000000	0.530787
2884.000000	0.541389
2885.000000	0.552980
2886.000000	0.550289
2887.000000	0.526246
2888.000000	0.510366
2889.000000	0.528713
2890.000000	0.556970
2891.000000	0.566747
2892.000000	0.563751
2893.000000	0.558869
2894.000000	0.549613
2895.000000	0.533515
2896.000000	0.521547
2897.000000	0.525740
2898.000000	0.548906
2899.000000	0.587864
2900.000000	0.624678
2901.000000	0.642783
2902.000000	0.645847
2903.000000	0.642049
2904.000000	0.637385
2905.000000	0.637889
2906.000000	0.651918
2907.000000	0.683731
2908.000000	0.718854
2909.000000	0.742163
2910.000000	0.754662
2911.000000	0.761945
2912.000000	0.771843
2913.000000	0.788567
2914.000000	0.799613
2915.000000	0.792904
2916.000000	0.774785
2917.000000	0.758010
2918.000000	0.762551
2919.000000	0.800692
2920.000000	0.846735
2921.000000	0.872186
2922.000000	0.875345
2923.000000	0.864078
2924.000000	0.857730
2925.000000	0.872974
2926.000000	0.904326
2927.000000	0.938219
2928.000000	0.950900
2929.000000	0.929678
2930.000000	0.916284
2931.000000	0.948258
2932.000000	0.991957
2933.000000	1.007345
2934.000000	1.000000
2935.000000	0.985395
2936.000000	0.972961
2937.000000	0.967626
2938.000000	0.962360
2939.000000	0.949155
2940.000000	0.928049
2941.000000	0.903569
2942.000000	0.890139
2943.000000	0.896981
2944.000000	0.902600
2945.000000	0.884233
2946.000000	0.844766
2947.000000	0.796210
2948.000000	0.761432
2949.000000	0.757204
2950.000000	0.765057
2951.000000	0.760819
2952.000000	0.732737
2953.000000	0.678702
2954.000000	0.622751
2955.000000	0.589233
2956.000000	0.577600
2957.000000	0.581338
2958.000000	0.594956
2959.000000	0.612898
2960.000000	0.628324
2961.000000	0.635816
2962.000000	0.636941
2963.000000	0.634403
2964.000000	0.628473
2965.000000	0.619241
2966.000000	0.608500
2967.000000	0.598072
2968.000000	0.588193
2969.000000	0.577023
2970.000000	0.556007
2971.000000	0.520827
2972.000000	0.490826
2973.000000	0.484480
2974.000000	0.493122
2975.000000	0.502421
2976.000000	0.502521
2977.000000	0.487335
2978.000000	0.461366
2979.000000	0.431449
2980.000000	0.403160
2981.000000	0.381093
2982.000000	0.367160
2983.000000	0.363100
2984.000000	0.372627
2985.000000	0.393126
2986.000000	0.394696
2987.000000	0.355642
2988.000000	0.314378
2989.000000	0.310221
2990.000000	0.325991
2991.000000	0.334933
2992.000000	0.328485
2993.000000	0.305264
2994.000000	0.274396
2995.000000	0.245555
2996.000000	0.220080
2997.000000	0.197443
2998.000000	0.177975
2999.000000	0.163057
3000.000000	0.157428
3001.000000	0.163504
3002.000000	0.171070
3003.000000	0.168198
3004.000000	0.148748
3005.000000	0.112401
3006.000000	0.076347
3007.000000	0.058111
3008.000000	0.059051
3009.000000	0.074316
3010.000000	0.090388
3011.000000	0.095066
3012.000000	0.090085
3013.000000	0.079204
3014.000000	0.060347
3015.000000	0.034701
3016.000000	0.022343
3017.000000	0.039057
3018.000000	0.064565
3019.000000	0.074609
3020.000000	0.065063
3021.000000	0.039564
3022.000000	0.012658
3023.000000	-0.001300
3024.000000	0.000372
3025.000000	0.014875
3026.000000	0.029174
3027.000000	0.030355
3028.000000	0.016232
3029.000000	-0.009984
3030.000000	-0.034215
3031.000000	-0.043808
3032.000000	-0.042679
3033.000000	-0.037464
3034.000000	-0.029112
3035.000000	-0.018001
3036.000000	-0.007897
3037.000000	-0.002820
3038.000000	-0.004402
3039.000000	-0.012351
3040.000000	-0.021072
3041.000000	-0.024564
3042.000000	-0.020502
3043.000000	-0.009860
3044.000000	-0.003120
3045.000000	-0.008380
3046.000000	-0.014696
3047.000000	-0.009078
3048.000000	0.010608
3049.000000	0.040085
3050.000000	0.060281
3051.000000	0.055394
3052.000000	0.037478
3053.000000	0.023432
3054.000000	0.021661
3055.000000	0.033908
3056.000000	0.043752
3057.000000	0.037795
3058.000000	0.032892
3059.000000	0.046526
3060.000000	0.068434
3061.000000	0.083661
3062.000000	0.086234
3063.000000	0.075173
3064.000000	0.060494
3065.000000	0.052337
3066.000000	0.050359
3067.000000	0.051488
3068.000000	0.052234
3069.000000	0.050210
3070.000000	0.047845
3071.000000	0.047521
3072.000000	0.046603
3073.000000	0.040200
3074.000000	0.019425
3075.000000	-0.017656
3076.000000	-0.041168
3077.000000	-0.026281
3078.000000	-0.000156
3079.000000	0.006607
3080.000000	0.001647
3081.000000	-0.001533
3082.000000	-0.004198
3083.000000	-0.010344
3084.000000	-0.020107
3085.000000	-0.031075
3086.000000	-0.034496
3087.000000	-0.024024
3088.000000	-0.009268
3089.000000	-0.001579
3090.000000	-0.003331
3091.000000	-0.013534
3092.000000	-0.026730
3093.000000	-0.035881
3094.000000	-0.032113
3095.000000	-0.010635
3096.000000	0.015168
3097.000000	0.029894
3098.000000	0.028250
3099.000000	0.010595
3100.000000	-0.010227
3101.000000	-0.021114
3102.000000	-0.020426
3103.000000	-0.011819
3104.000000	-0.008665
3105.000000	-0.020143
3106.000000	-0.028948
3107.000000	-0.019044
3108.000000	-0.005952
3109.000000	-0.006438
3110.000000	-0.010695
3111.000000	-0.007610
3112.000000	-0.007421
3113.000000	-0.020348
3114.000000	-0.035176
3115.000000	-0.038728
3116.000000	-0.031416
3117.000000	-0.018593
3118.000000	-0.011794
3119.000000	-0.018218
3120.000000	-0.021528
3121.000000	-0.007533
3122.000000	0.005838
3123.000000	0.000576
3124.000000	-0.009530
3125.000000	-0.008495
3126.000000	-0.003342
3127.000000	-0.004268
3128.000000	-0.011166
3129.000000	-0.020857
3130.000000	-0.028196
3131.000000	-0.028694
3132.000000	-0.022467
3133.000000	-0.011347
3134.000000	0.000583
3135.000000	0.009246
3136.000000	0.012845
3137.000000	0.010517
3138.000000	0.002850
3139.000000	-0.009122
3140.000000	-0.024022
3141.000000	-0.039755
3142.000000	-0.051683
3143.000000	-0.054161
3144.000000	-0.040065
3145.000000	-0.008634
3146.000000	0.013957
3147.000000	0.004304
3148.000000	-0.022969
3149.000000	-0.045465
3150.000000	-0.047722
3151.000000	-0.024044
3152.000000	-0.000878
3153.000000	-0.002369
3154.000000	-0.011312
3155.000000	-0.007385
3156.000000	0.000863
3157.000000	0.001955
3158.000000	0.001568
3159.000000	0.006289
3160.000000	0.009187
3161.000000	0.002695
3162.000000	-0.009794
3163.000000	-0.022647
3164.000000	-0.032242
3165.000000	-0.036148
3166.000000	-0.034697
3167.000000	-0.028792
3168.000000	-0.018873
3169.000000	-0.005914
3170.000000	0.006502
3171.000000	0.014355
3172.000000	0.014490
3173.000000	0.006267
3174.000000	-0.001747
3175.000000	-0.001459
3176.000000	0.004138
3177.000000	0.010087
3178.000000	0.014663
3179.000000	0.016967
3180.000000	0.016168
3181.000000	0.012590
3182.000000	0.011112
3183.000000	0.015572
3184.000000	0.021077
3185.000000	0.020818
3186.000000	0.009037
3187.000000	-0.015030
3188.000000	-0.033234
3189.000000	-0.029084
3190.000000	-0.011634
3191.000000	0.005701
3192.000000	0.017612
3193.000000	0.021321
3194.000000	0.016060
3195.000000	0.003219
3196.000000	-0.009189
3197.000000	-0.013817
3198.000000	-0.012587
3199.000000	-0.008691
3200.000000	-0.001114
3201.000000	0.011170
3202.000000	0.025042
3203.000000	0.035809
3204.000000	0.036643
3205.000000	0.024757
3206.000000	0.015669
3207.000000	0.022233
3208.000000	0.028331
3209.000000	0.018158
3210.000000	0.006143
3211.000000	0.007958
3212.000000	0.014024
3213.000000	0.012279
3214.000000	0.005974
3215.000000	0.001259
3216.000000	0.000556
3217.000000	0.005144
3218.000000	0.015443
3219.000000	0.030515
3220.000000	0.044831
3221.000000	0.051720
3222.000000	0.044527
3223.000000	0.020856
3224.000000	-0.004684
3225.000000	-0.016968
3226.000000	-0.015826
3227.000000	-0.006024
3228.000000	0.002897
3229.000000	0.004071
3230.000000	0.006117
3231.000000	0.016230
3232.000000	0.020412
3233.000000	0.006644
3234.000000	-0.007985
3235.000000	-0.005443
3236.000000	0.006972
3237.000000	0.015975
3238.000000	0.009668
3239.000000	-0.016342
3240.000000	-0.037819
3241.000000	-0.031428
3242.000000	-0.006058
3243.000000	0.021578
3244.000000	0.035692
3245.000000	0.027962
3246.000000	0.018992
3247.000000	0.026805
3248.000000	0.030160
3249.000000	0.009485
3250.000000	-0.008845
3251.000000	0.001964
3252.000000	0.024426
3253.000000	0.035737
3254.000000	0.036104
3255.000000	0.031676
3256.000000	0.029350
3257.000000	0.033111
3258.000000	0.034554
3259.000000	0.027152
3260.000000	0.024289
3261.000000	0.036818
3262.000000	0.045543
3263.000000	0.032452
3264.000000	0.014304
3265.000000	0.010582
3266.000000	0.016874
3267.000000	0.024567
3268.000000	0.032121
3269.000000	0.039055
3270.000000	0.042050
3271.000000	0.038713
3272.000000	0.033205
3273.000000	0.031323
3274.000000	0.038865
3275.000000	0.057501
3276.000000	0.072397
3277.000000	0.070534
3278.000000	0.062657
3279.000000	0.060116
3280.000000	0.052916
3281.000000	0.033481
3282.000000	0.025252
3283.000000	0.046778
3284.000000	0.066027
3285.000000	0.053364
3286.000000	0.039332
3287.000000	0.054970
3288.000000	0.073123
3289.000000	0.063673
3290.000000	0.042830
3291.000000	0.033130
3292.000000	0.036082
3293.000000	0.047213
3294.000000	0.059157
3295.000000	0.065586
3296.000000	0.067215
3297.000000	0.065352
3298.000000	0.056626
3299.000000	0.040479
3300.000000	0.032292
3301.000000	0.043879
3302.000000	0.056844
3303.000000	0.052632
3304.000000	0.042268
3305.000000	0.040666
3306.000000	0.048726
3307.000000	0.062478
3308.000000	0.072488
3309.000000	0.070775
3310.000000	0.060620
3311.000000	0.048492
3312.000000	0.042329
3313.000000	0.048028
3314.000000	0.061842
3315.000000	0.077143
3316.000000	0.085431
3317.000000	0.080421
3318.000000	0.066555
3319.000000	0.051491
3320.000000	0.045024
3321.000000	0.053537
3322.000000	0.067620
3323.000000	0.075589
3324.000000	0.072455
3325.000000	0.058416
3326.000000	0.047733
3327.000000	0.052121
3328.000000	0.059052
3329.000000	0.054830
3330.000000	0.045339
3331.000000	0.040091
3332.000000	0.043535
3333.000000	0.056461
3334.000000	0.070082
3335.000000	0.075285
3336.000000	0.071227
3337.000000	0.059915
3338.000000	0.046473
3339.000000	0.035910
3340.000000	0.029640
3341.000000	0.029046
3342.000000	0.038974
3343.000000	0.058860
3344.000000	0.063025
3345.000000	0.034171
3346.000000	0.013628
3347.000000	0.039051
3348.000000	0.074762
3349.000000	0.080220
3350.000000	0.068773
3351.000000	0.061619
3352.000000	0.057484
3353.000000	0.050950
3354.000000	0.042498
3355.000000	0.034299
3356.000000	0.029378
3357.000000	0.029504
3358.000000	0.030570
3359.000000	0.028437
3360.000000	0.024724
3361.000000	0.022020
3362.000000	0.021026
3363.000000	0.021862
3364.000000	0.024215
3365.000000	0.027629
3366.000000	0.031502
3367.000000	0.035875
3368.000000	0.043498
3369.000000	0.054433
3370.000000	0.055265
3371.000000	0.035989
3372.000000	0.013703
3373.000000	0.007245
3374.000000	0.015312
3375.000000	0.030789
3376.000000	0.043451
3377.000000	0.045332
3378.000000	0.040603
3379.000000	0.035212
3380.000000	0.030061
3381.000000	0.025036
3382.000000	0.020999
3383.000000	0.020047
3384.000000	0.028255
3385.000000	0.047625
3386.000000	0.059898
3387.000000	0.049411
3388.000000	0.031145
3389.000000	0.024036
3390.000000	0.032191
3391.000000	0.051238
3392.000000	0.057726
3393.000000	0.033106
3394.000000	-0.002485
3395.000000	-0.022638
3396.000000	-0.014544
3397.000000	0.023969
3398.000000	0.066128
3399.000000	0.084144
3400.000000	0.075121
3401.000000	0.045861
3402.000000	0.017073
3403.000000	0.007102
3404.000000	0.010930
3405.000000	0.018229
3406.000000	0.020792
3407.000000	0.014735
3408.000000	0.011330
3409.000000	0.019892
3410.000000	0.026737
3411.000000	0.017664
3412.000000	-0.000590
3413.000000	-0.016118
3414.000000	-0.017268
3415.000000	0.001273
3416.000000	0.019730
3417.000000	0.019365
3418.000000	0.010678
3419.000000	0.007733
3420.000000	0.009608
3421.000000	0.012995
3422.000000	0.020023
3423.000000	0.031981
3424.000000	0.041364
3425.000000	0.040708
3426.000000	0.031518
3427.000000	0.018524
3428.000000	0.010400
3429.000000	0.013417
3430.000000	0.020305
3431.000000	0.023751
3432.000000	0.029819
3433.000000	0.042250
3434.000000	0.042116
3435.000000	0.016385
3436.000000	-0.001732
3437.000000	0.015910
3438.000000	0.030936
3439.000000	0.007382
3440.000000	-0.014541
3441.000000	0.006207
3442.000000	0.037821
3443.000000	0.041940
3444.000000	0.026827
3445.000000	0.010507
3446.000000	0.003439
3447.000000	0.010093
3448.000000	0.018564
3449.000000	0.016595
3450.000000	0.006908
3451.000000	-0.004279
3452.000000	-0.011726
3453.000000	-0.012395
3454.000000	-0.011073
3455.000000	-0.012673
3456.000000	-0.014783
3457.000000	-0.014180
3458.000000	-0.011730
3459.000000	-0.007737
3460.000000	0.003826
3461.000000	0.024055
3462.000000	0.027987
3463.000000	-0.002606
3464.000000	-0.032946
3465.000000	-0.029693
3466.000000	-0.018273
3467.000000	-0.026601
3468.000000	-0.033786
3469.000000	-0.016890
3470.000000	0.006416
3471.000000	0.014947
3472.000000	0.014076
3473.000000	0.013727
3474.000000	0.015484
3475.000000	0.017830
3476.000000	0.015198
3477.000000	0.004125
3478.000000	-0.006375
3479.000000	-0.007306
3480.000000	-0.002221
3481.000000	0.003437
3482.000000	0.009201
3483.000000	0.014724
3484.000000	0.015145
3485.000000	0.008206
3486.000000	0.006571
3487.000000	0.019704
3488.000000	0.029350
3489.000000	0.018837
3490.000000	0.005560
3491.000000	0.008052
3492.000000	0.015343
3493.000000	0.013032
3494.000000	0.002515
3495.000000	-0.009326
3496.000000	-0.009449
3497.000000	0.009242
3498.000000	0.023909
3499.000000	0.012185
3500.000000	-0.016489
3501.000000	-0.044814
3502.000000	-0.055882
3503.000000	-0.039807
3504.000000	-0.014405
3505.000000	0.000506
3506.000000	0.004798
3507.000000	0.003721
3508.000000	0.004356
3509.000000	0.010063
3510.000000	0.007491
3511.000000	-0.013019
3512.000000	-0.029650
3513.000000	-0.022218
3514.000000	-0.008553
3515.000000	-0.008524
3516.000000	-0.012131
3517.000000	-0.007021
3518.000000	-0.001284
3519.000000	-0.003269
3520.000000	-0.001910
3521.000000	0.012435
3522.000000	0.024316
3523.000000	0.018234
3524.000000	0.003604
3525.000000	-0.006176
3526.000000	-0.006680
3527.000000	0.001404
3528.000000	0.005896
3529.000000	-0.003485
3530.000000	-0.017925
3531.000000	-0.026145
3532.000000	-0.026109
3533.000000	-0.019209
3534.000000	-0.011317
3535.000000	-0.007114
3536.000000	-0.002052
3537.000000	0.007369
3538.000000	0.011227
3539.000000	0.001533
3540.000000	-0.008540
3541.000000	-0.004903
3542.000000	0.009044
3543.000000	0.025113
3544.000000	0.033454
3545.000000	0.027117
3546.000000	0.012407
3547.000000	-0.000789
3548.000000	-0.001517
3549.000000	0.013606
3550.000000	0.016616
3551.000000	-0.013402
3552.000000	-0.037814
3553.000000	-0.020159
3554.000000	0.007793
3555.000000	0.009863
3556.000000	0.000465
3557.000000	0.000456
3558.000000	0.005874
3559.000000	0.008062
3560.000000	0.004406
3561.000000	-0.004248
3562.000000	-0.009256
3563.000000	-0.004485
3564.000000	-0.001647
3565.000000	-0.011683
3566.000000	-0.024618
3567.000000	-0.028154
3568.000000	-0.021617
3569.000000	-0.008534
3570.000000	0.002393
3571.000000	0.003858
3572.000000	-0.000698
3573.000000	-0.005733
3574.000000	-0.008045
3575.000000	-0.006155
3576.000000	-0.003130
3577.000000	-0.002325
3578.000000	-0.003699
3579.000000	-0.007094
3580.000000	-0.015291
3581.000000	-0.028033
3582.000000	-0.029966
3583.000000	-0.009934
3584.000000	0.011324
3585.000000	0.012824
3586.000000	0.004488
3587.000000	-0.000238
3588.000000	-0.004719
3589.000000	-0.013988
3590.000000	-0.022946
3591.000000	-0.026240
3592.000000	-0.027637
3593.000000	-0.031026
3594.000000	-0.031664
3595.000000	-0.024909
3596.000000	-0.015166
3597.000000	-0.008325
3598.000000	-0.007184
3599.000000	-0.013766
3600.000000	-0.030094
