400.000000	-0.014210
401.000000	-0.001923
402.000000	0.004749
403.000000	0.006785
404.000000	0.005164
405.000000	0.001996
406.000000	0.003906
407.000000	0.015432
408.000000	0.028245
409.000000	0.032696
410.000000	0.026731
411.000000	0.011946
412.000000	-0.003068
413.000000	-0.010208
414.000000	-0.010328
415.000000	-0.006523
416.000000	-0.001894
417.000000	0.000773
418.000000	-0.000043
419.000000	-0.005012
420.000000	-0.012672
421.000000	-0.020636
422.000000	-0.024965
423.000000	-0.022806
424.000000	-0.017220
425.000000	-0.012223
426.000000	-0.009743
427.000000	-0.010147
428.000000	-0.009638
429.000000	-0.004577
430.000000	0.003886
431.000000	0.013258
432.000000	0.020472
433.000000	0.023104
434.000000	0.021872
435.000000	0.018203
436.000000	0.013226
437.000000	0.008089
438.000000	0.004305
439.000000	0.002882
440.000000	0.002429
441.000000	0.001121
442.000000	-0.002203
443.000000	-0.007632
444.000000	-0.011619
445.000000	-0.010850
446.000000	-0.006565
447.000000	-0.001572
448.000000	-0.000399
449.000000	-0.006326
450.000000	-0.015922
451.000000	-0.024609
452.000000	-0.029931
453.000000	-0.030519
454.000000	-0.027231
455.000000	-0.021522
456.000000	-0.015006
457.000000	-0.009287
458.000000	-0.005783
459.000000	-0.005032
460.000000	-0.004249
461.000000	-0.000691
462.000000	0.004885
463.000000	0.010220
464.000000	0.010552
465.000000	0.002409
466.000000	-0.010022
467.000000	-0.021168
468.000000	-0.027579
469.000000	-0.027424
470.000000	-0.023228
471.000000	-0.018191
472.000000	-0.013861
473.000000	-0.011306
474.000000	-0.011318
475.000000	-0.014177
476.000000	-0.018383
477.000000	-0.022224
478.000000	-0.024907
479.000000	-0.026072
480.000000	-0.026168
481.000000	-0.025584
482.000000	-0.023669
483.000000	-0.019646
484.000000	-0.013276
485.000000	-0.004931
486.000000	0.003113
487.000000	0.008558
488.000000	0.010934
489.000000	0.010365
490.000000	0.007515
491.000000	0.003373
492.000000	-0.000326
493.000000	-0.002108
494.000000	-0.002301
495.000000	-0.002652
496.000000	-0.008776
497.000000	-0.024101
498.000000	-0.039451
499.000000	-0.043364
500.000000	-0.027848
501.000000	0.008261
502.000000	0.042294
503.000000	0.051542
504.000000	0.036980
505.000000	0.008027
506.000000	-0.015798
507.000000	-0.018677
508.000000	-0.009693
509.000000	-0.002222
510.000000	-0.001898
511.000000	-0.009841
512.000000	-0.016839
513.000000	-0.014269
514.000000	-0.006191
515.000000	0.000373
516.000000	-0.000777
517.000000	-0.012089
518.000000	-0.021824
519.000000	-0.018173
520.000000	-0.003234
521.000000	0.015575
522.000000	0.023458
523.000000	0.009587
524.000000	-0.013623
525.000000	-0.030169
526.000000	-0.032925
527.000000	-0.020486
528.000000	-0.005442
529.000000	-0.000412
530.000000	-0.004128
531.000000	-0.011712
532.000000	-0.017715
533.000000	-0.018009
534.000000	-0.014303
535.000000	-0.009437
536.000000	-0.004936
537.000000	-0.001965
538.000000	-0.001568
539.000000	-0.004279
540.000000	-0.008716
541.000000	-0.013121
542.000000	-0.016155
543.000000	-0.016617
544.000000	-0.013440
545.000000	-0.006263
546.000000	0.002572
547.000000	0.010102
548.000000	0.013580
549.000000	0.011151
550.000000	0.004325
551.000000	-0.004525
552.000000	-0.012939
553.000000	-0.018249
554.000000	-0.017054
555.000000	-0.007857
556.000000	0.002488
557.000000	0.006345
558.000000	0.001295
559.000000	-0.011425
560.000000	-0.021188
561.000000	-0.018434
562.000000	-0.007272
563.000000	0.004847
564.000000	0.010771
565.000000	0.006021
566.000000	-0.003502
567.000000	-0.010698
568.000000	-0.014054
569.000000	-0.013966
570.000000	-0.012873
571.000000	-0.013032
572.000000	-0.013935
573.000000	-0.014578
574.000000	-0.014731
575.000000	-0.014610
576.000000	-0.015444
577.000000	-0.018168
578.000000	-0.021544
579.000000	-0.023868
580.000000	-0.023748
581.000000	-0.020253
582.000000	-0.013972
583.000000	-0.006065
584.000000	0.001543
585.000000	0.006634
586.000000	0.006591
587.000000	0.000164
588.000000	-0.008019
589.000000	-0.012788
590.000000	-0.012690
591.000000	-0.008239
592.000000	-0.004113
593.000000	-0.004575
594.000000	-0.008082
595.000000	-0.011815
596.000000	-0.013675
597.000000	-0.012431
598.000000	-0.009622
599.000000	-0.007169
600.000000	-0.005757
601.000000	-0.005704
602.000000	-0.007089
603.000000	-0.009785
604.000000	-0.013080
605.000000	-0.016222
606.000000	-0.018873
607.000000	-0.020888
608.000000	-0.022474
609.000000	-0.023804
610.000000	-0.024568
611.000000	-0.024403
612.000000	-0.023228
613.000000	-0.021227
614.000000	-0.019375
615.000000	-0.018481
616.000000	-0.017900
617.000000	-0.016645
618.000000	-0.013818
619.000000	-0.009539
620.000000	-0.007918
621.000000	-0.012686
622.000000	-0.022080
623.000000	-0.032182
624.000000	-0.035961
625.000000	-0.028522
626.000000	-0.016640
627.000000	-0.008760
628.000000	-0.008331
629.000000	-0.015985
630.000000	-0.026083
631.000000	-0.032587
632.000000	-0.034141
633.000000	-0.030731
634.000000	-0.023019
635.000000	-0.012501
636.000000	-0.003319
637.000000	0.000880
638.000000	0.001060
639.000000	-0.000354
640.000000	0.000280
641.000000	0.005692
642.000000	0.013752
643.000000	0.021437
644.000000	0.027020
645.000000	0.029203
646.000000	0.027120
647.000000	0.020632
648.000000	0.012086
649.000000	0.004171
650.000000	-0.001547
651.000000	-0.004389
652.000000	-0.006092
653.000000	-0.008578
654.000000	-0.012083
655.000000	-0.016363
656.000000	-0.020943
657.000000	-0.025327
658.000000	-0.029167
659.000000	-0.031970
660.000000	-0.032499
661.000000	-0.029240
662.000000	-0.020299
663.000000	-0.005306
664.000000	0.009645
665.000000	0.018139
666.000000	0.018950
667.000000	0.013623
668.000000	0.009610
669.000000	0.013361
670.000000	0.021425
671.000000	0.028378
672.000000	0.030814
673.000000	0.027383
674.000000	0.022951
675.000000	0.022331
676.000000	0.023911
677.000000	0.024423
678.000000	0.020397
679.000000	0.009788
680.000000	-0.003554
681.000000	-0.014925
682.000000	-0.022107
683.000000	-0.023743
684.000000	-0.019436
685.000000	-0.009630
686.000000	0.002831
687.000000	0.014614
688.000000	0.022848
689.000000	0.024591
690.000000	0.016173
691.000000	-0.003740
692.000000	-0.026393
693.000000	-0.041532
694.000000	-0.042995
695.000000	-0.028711
696.000000	-0.008872
697.000000	0.005594
698.000000	0.013088
699.000000	0.014687
700.000000	0.012833
701.000000	0.010263
702.000000	0.009532
703.000000	0.012329
704.000000	0.017068
705.000000	0.020881
706.000000	0.019051
707.000000	0.008439
708.000000	-0.005921
709.000000	-0.017778
710.000000	-0.024190
711.000000	-0.023739
712.000000	-0.017792
713.000000	-0.008548
714.000000	0.001239
715.000000	0.008935
716.000000	0.012942
717.000000	0.012478
718.000000	0.009004
719.000000	0.004654
720.000000	0.002018
721.000000	0.003586
722.000000	0.011008
723.000000	0.024066
724.000000	0.035927
725.000000	0.039870
726.000000	0.036245
727.000000	0.027838
728.000000	0.020102
729.000000	0.017024
730.000000	0.014060
731.000000	0.006090
732.000000	-0.005778
733.000000	-0.017415
734.000000	-0.018839
735.000000	-0.002964
736.000000	0.019846
737.000000	0.036657
738.000000	0.041695
739.000000	0.034231
740.000000	0.026554
741.000000	0.030661
742.000000	0.044359
743.000000	0.062008
744.000000	0.078358
745.000000	0.089756
746.000000	0.098538
747.000000	0.107543
748.000000	0.115625
749.000000	0.120569
750.000000	0.119857
751.000000	0.112267
752.000000	0.102051
753.000000	0.093691
754.000000	0.087116
755.000000	0.080480
756.000000	0.069378
757.000000	0.051177
758.000000	0.032880
759.000000	0.022358
760.000000	0.021299
761.000000	0.028084
762.000000	0.034033
763.000000	0.031551
764.000000	0.024451
765.000000	0.018675
766.000000	0.017264
767.000000	0.020592
768.000000	0.021251
769.000000	0.012791
770.000000	0.000356
771.000000	-0.008367
772.000000	-0.007133
773.000000	0.006560
774.000000	0.021670
775.000000	0.026788
776.000000	0.022585
777.000000	0.013395
778.000000	0.006123
779.000000	0.007086
780.000000	0.017675
781.000000	0.036911
782.000000	0.059273
783.000000	0.077132
784.000000	0.078981
785.000000	0.058070
786.000000	0.030558
787.000000	0.014939
788.000000	0.016128
789.000000	0.031907
790.000000	0.045091
791.000000	0.040104
792.000000	0.022756
793.000000	0.003401
794.000000	-0.010818
795.000000	-0.014977
796.000000	-0.009815
797.000000	0.002081
798.000000	0.016395
799.000000	0.028580
800.000000	0.034896
801.000000	0.032676
802.000000	0.022744
803.000000	0.007599
804.000000	-0.007062
805.000000	-0.014877
806.000000	-0.010035
807.000000	0.009451
808.000000	0.030809
809.000000	0.040597
810.000000	0.037441
811.000000	0.024246
812.000000	0.008966
813.000000	-0.000884
814.000000	-0.004598
815.000000	-0.003320
816.000000	0.001198
817.000000	0.006631
818.000000	0.008956
819.000000	0.005563
820.000000	0.001187
821.000000	0.001304
822.000000	0.007011
823.000000	0.016527
824.000000	0.020954
825.000000	0.012939
826.000000	-0.001563
827.000000	-0.013976
828.000000	-0.018529
829.000000	-0.011998
830.000000	0.001478
831.000000	0.016259
832.000000	0.028086
833.000000	0.033426
834.000000	0.030282
835.000000	0.018959
836.000000	0.007421
837.000000	0.003521
838.000000	0.006998
839.000000	0.015144
840.000000	0.023575
841.000000	0.027482
842.000000	0.022043
843.000000	0.004714
844.000000	-0.017907
845.000000	-0.035903
846.000000	-0.035219
847.000000	-0.007671
848.000000	0.027300
849.000000	0.047649
850.000000	0.048546
851.000000	0.032633
852.000000	0.015222
853.000000	0.009784
854.000000	0.009744
855.000000	0.005393
856.000000	-0.005472
857.000000	-0.020927
858.000000	-0.030047
859.000000	-0.023784
860.000000	-0.009601
861.000000	0.002121
862.000000	0.005843
863.000000	-0.000219
864.000000	-0.007675
865.000000	-0.007988
866.000000	-0.002202
867.000000	0.006300
868.000000	0.014356
869.000000	0.019505
870.000000	0.021882
871.000000	0.022057
872.000000	0.019753
873.000000	0.014606
874.000000	0.006760
875.000000	-0.002709
876.000000	-0.009510
877.000000	-0.009804
878.000000	-0.004771
879.000000	0.002884
880.000000	0.009395
881.000000	0.011692
882.000000	0.010565
883.000000	0.007744
884.000000	0.004850
885.000000	0.003531
886.000000	0.005651
887.000000	0.011559
888.000000	0.015340
889.000000	0.011168
890.000000	-0.000154
891.000000	-0.015005
892.000000	-0.025120
893.000000	-0.023743
894.000000	-0.014792
895.000000	-0.004169
896.000000	0.004958
897.000000	0.010619
898.000000	0.012908
899.000000	0.012737
900.000000	0.012222
901.000000	0.013359
902.000000	0.016460
903.000000	0.020412
904.000000	0.020083
905.000000	0.012213
906.000000	0.005034
907.000000	0.008070
908.000000	0.024515
909.000000	0.051827
910.000000	0.070834
911.000000	0.064655
912.000000	0.042186
913.000000	0.018078
914.000000	0.004221
915.000000	0.007904
916.000000	0.020761
917.000000	0.032520
918.000000	0.040949
919.000000	0.045985
920.000000	0.048208
921.000000	0.047901
922.000000	0.043503
923.000000	0.034186
924.000000	0.023883
925.000000	0.017632
926.000000	0.020134
927.000000	0.032713
928.000000	0.043536
929.000000	0.041113
930.000000	0.028483
931.000000	0.013231
932.000000	0.006598
933.000000	0.015945
934.000000	0.029457
935.000000	0.033721
936.000000	0.028104
937.000000	0.016450
938.000000	0.007722
939.000000	0.009162
940.000000	0.015999
941.000000	0.021677
942.000000	0.024522
943.000000	0.024726
944.000000	0.025056
945.000000	0.027639
946.000000	0.029474
947.000000	0.027189
948.000000	0.021048
949.000000	0.012997
950.000000	0.008069
951.000000	0.010240
952.000000	0.016166
953.000000	0.021374
954.000000	0.024188
955.000000	0.024354
956.000000	0.024517
957.000000	0.027250
958.000000	0.031932
959.000000	0.037213
960.000000	0.042030
961.000000	0.045471
962.000000	0.046933
963.000000	0.045930
964.000000	0.042126
965.000000	0.035463
966.000000	0.026848
967.000000	0.017791
968.000000	0.011260
969.000000	0.010140
970.000000	0.015542
971.000000	0.027558
972.000000	0.043986
973.000000	0.060391
974.000000	0.065706
975.000000	0.051530
976.000000	0.026754
977.000000	0.003853
978.000000	-0.007645
979.000000	-0.002203
980.000000	0.012695
981.000000	0.028140
982.000000	0.042530
983.000000	0.056061
984.000000	0.068809
985.000000	0.080071
986.000000	0.086154
987.000000	0.084127
988.000000	0.077084
989.000000	0.069490
990.000000	0.065253
991.000000	0.065972
992.000000	0.064572
993.000000	0.054692
994.000000	0.041508
995.000000	0.032950
996.000000	0.036429
997.000000	0.055745
998.000000	0.080769
999.000000	0.100125
1000.000000	0.111388
1001.000000	0.115713
1002.000000	0.119617
1003.000000	0.127238
1004.000000	0.127846
1005.000000	0.111460
1006.000000	0.085977
1007.000000	0.063695
1008.000000	0.056631
1009.000000	0.070732
1010.000000	0.087940
1011.000000	0.089123
1012.000000	0.074848
1013.000000	0.051892
1014.000000	0.032172
1015.000000	0.025443
1016.000000	0.027661
1017.000000	0.032511
1018.000000	0.038384
1019.000000	0.045066
1020.000000	0.053218
1021.000000	0.062665
1022.000000	0.069007
1023.000000	0.068113
1024.000000	0.061146
1025.000000	0.051087
1026.000000	0.042891
1027.000000	0.040512
1028.000000	0.041931
1029.000000	0.044144
1030.000000	0.046176
1031.000000	0.047707
1032.000000	0.049013
1033.000000	0.050402
1034.000000	0.051720
1035.000000	0.052518
1036.000000	0.051632
1037.000000	0.047614
1038.000000	0.038604
1039.000000	0.024725
1040.000000	0.014440
1041.000000	0.015807
1042.000000	0.026912
1043.000000	0.042052
1044.000000	0.050325
1045.000000	0.044190
1046.000000	0.034731
1047.000000	0.034692
1048.000000	0.044819
1049.000000	0.061308
1050.000000	0.074142
1051.000000	0.074861
1052.000000	0.067451
1053.000000	0.058413
1054.000000	0.051855
1055.000000	0.051052
1056.000000	0.058347
1057.000000	0.074238
1058.000000	0.092766
1059.000000	0.107405
1060.000000	0.115823
1061.000000	0.117421
1062.000000	0.114339
1063.000000	0.109117
1064.000000	0.103160
1065.000000	0.097589
1066.000000	0.093515
1067.000000	0.092001
1068.000000	0.093927
1069.000000	0.099021
1070.000000	0.102569
1071.000000	0.099935
1072.000000	0.091217
1073.000000	0.078434
1074.000000	0.066538
1075.000000	0.060310
1076.000000	0.060900
1077.000000	0.068066
1078.000000	0.079622
1079.000000	0.092562
1080.000000	0.102557
1081.000000	0.105834
1082.000000	0.102169
1083.000000	0.092839
1084.000000	0.081560
1085.000000	0.073035
1086.000000	0.073463
1087.000000	0.086564
1088.000000	0.104658
1089.000000	0.118592
1090.000000	0.124740
1091.000000	0.121671
1092.000000	0.111216
1093.000000	0.096106
1094.000000	0.079394
1095.000000	0.064079
1096.000000	0.052609
1097.000000	0.047099
1098.000000	0.048886
1099.000000	0.058044
1100.000000	0.070372
1101.000000	0.081260
1102.000000	0.088729
1103.000000	0.091841
1104.000000	0.091180
1105.000000	0.087652
1106.000000	0.081931
1107.000000	0.074718
1108.000000	0.067051
1109.000000	0.060030
1110.000000	0.054655
1111.000000	0.051809
1112.000000	0.052017
1113.000000	0.055169
1114.000000	0.058972
1115.000000	0.060454
1116.000000	0.056106
1117.000000	0.045230
1118.000000	0.038899
1119.000000	0.047635
1120.000000	0.067970
1121.000000	0.091536
1122.000000	0.104349
1123.000000	0.098735
1124.000000	0.097881
1125.000000	0.121836
1126.000000	0.147226
1127.000000	0.149031
1128.000000	0.139076
1129.000000	0.133760
1130.000000	0.130926
1131.000000	0.125935
1132.000000	0.122775
1133.000000	0.123602
1134.000000	0.114625
1135.000000	0.085578
1136.000000	0.056253
1137.000000	0.047249
1138.000000	0.052344
1139.000000	0.059018
1140.000000	0.056380
1141.000000	0.038574
1142.000000	0.018247
1143.000000	0.008900
1144.000000	0.008928
1145.000000	0.012754
1146.000000	0.014004
1147.000000	0.009521
1148.000000	0.009821
1149.000000	0.024391
1150.000000	0.044931
1151.000000	0.059274
1152.000000	0.057570
1153.000000	0.035466
1154.000000	0.008273
1155.000000	-0.007466
1156.000000	-0.009932
1157.000000	-0.001529
1158.000000	0.013185
1159.000000	0.028393
1160.000000	0.035412
1161.000000	0.028585
1162.000000	0.017245
1163.000000	0.013125
1164.000000	0.022578
1165.000000	0.045696
1166.000000	0.062894
1167.000000	0.056512
1168.000000	0.036259
1169.000000	0.017272
1170.000000	0.009032
1171.000000	0.015940
1172.000000	0.027743
1173.000000	0.033286
1174.000000	0.032457
1175.000000	0.027859
1176.000000	0.021895
1177.000000	0.017061
1178.000000	0.016416
1179.000000	0.021148
1180.000000	0.024400
1181.000000	0.018987
1182.000000	0.004450
1183.000000	-0.015604
1184.000000	-0.028024
1185.000000	-0.022678
1186.000000	-0.011062
1187.000000	-0.007241
1188.000000	-0.013927
1189.000000	-0.028290
1190.000000	-0.036691
1191.000000	-0.027823
1192.000000	-0.010521
1193.000000	0.003248
1194.000000	0.009125
1195.000000	0.005887
1196.000000	-0.002764
1197.000000	-0.012068
1198.000000	-0.017959
1199.000000	-0.017482
1200.000000	-0.011431
1201.000000	-0.002064
1202.000000	0.006260
1203.000000	0.009388
1204.000000	0.006102
1205.000000	-0.003092
1206.000000	-0.013725
1207.000000	-0.020220
1208.000000	-0.016528
1209.000000	0.000449
1210.000000	0.021538
1211.000000	0.036462
1212.000000	0.042812
1213.000000	0.040757
1214.000000	0.032928
1215.000000	0.023452
1216.000000	0.019994
1217.000000	0.028107
1218.000000	0.041361
1219.000000	0.050760
1220.000000	0.049030
1221.000000	0.034054
1222.000000	0.022620
1223.000000	0.030699
1224.000000	0.052099
1225.000000	0.075577
1226.000000	0.091845
1227.000000	0.095249
1228.000000	0.092719
1229.000000	0.092366
1230.000000	0.094431
1231.000000	0.097182
1232.000000	0.098865
1233.000000	0.097595
1234.000000	0.090987
1235.000000	0.078221
1236.000000	0.065230
1237.000000	0.058516
1238.000000	0.060101
1239.000000	0.069426
1240.000000	0.080095
1241.000000	0.085393
1242.000000	0.083178
1243.000000	0.073247
1244.000000	0.058583
1245.000000	0.043754
1246.000000	0.036473
1247.000000	0.041874
1248.000000	0.051636
1249.000000	0.056131
1250.000000	0.053949
1251.000000	0.046869
1252.000000	0.041218
1253.000000	0.041379
1254.000000	0.039426
1255.000000	0.027523
1256.000000	0.010501
1257.000000	-0.003098
1258.000000	-0.002568
1259.000000	0.018447
1260.000000	0.046738
1261.000000	0.066911
1262.000000	0.074400
1263.000000	0.068267
1264.000000	0.051269
1265.000000	0.028809
1266.000000	0.013191
1267.000000	0.014351
1268.000000	0.025864
1269.000000	0.037757
1270.000000	0.042216
1271.000000	0.035808
1272.000000	0.030456
1273.000000	0.037033
1274.000000	0.046873
1275.000000	0.048220
1276.000000	0.036515
1277.000000	0.012614
1278.000000	-0.008165
1279.000000	-0.011433
1280.000000	-0.000990
1281.000000	0.015284
1282.000000	0.031360
1283.000000	0.042156
1284.000000	0.044520
1285.000000	0.037635
1286.000000	0.028090
1287.000000	0.022911
1288.000000	0.023457
1289.000000	0.028662
1290.000000	0.033419
1291.000000	0.034024
1292.000000	0.036439
1293.000000	0.046594
1294.000000	0.060640
1295.000000	0.071902
1296.000000	0.072166
1297.000000	0.058418
1298.000000	0.049965
1299.000000	0.065498
1300.000000	0.098920
1301.000000	0.137483
1302.000000	0.166634
1303.000000	0.175094
1304.000000	0.166506
1305.000000	0.148746
1306.000000	0.131715
1307.000000	0.124577
1308.000000	0.131515
1309.000000	0.151912
1310.000000	0.170912
1311.000000	0.174796
1312.000000	0.168616
1313.000000	0.161104
1314.000000	0.156937
1315.000000	0.158228
1316.000000	0.160892
1317.000000	0.160129
1318.000000	0.154473
1319.000000	0.143985
1320.000000	0.131494
1321.000000	0.121119
1322.000000	0.119379
1323.000000	0.129479
1324.000000	0.138962
1325.000000	0.135218
1326.000000	0.120687
1327.000000	0.102766
1328.000000	0.093623
1329.000000	0.101921
1330.000000	0.117521
1331.000000	0.128604
1332.000000	0.135431
1333.000000	0.141439
1334.000000	0.150677
1335.000000	0.165270
1336.000000	0.179021
1337.000000	0.185799
1338.000000	0.188039
1339.000000	0.189647
1340.000000	0.191830
1341.000000	0.192976
1342.000000	0.182895
1343.000000	0.153985
1344.000000	0.117573
1345.000000	0.087872
1346.000000	0.071707
1347.000000	0.071797
1348.000000	0.081841
1349.000000	0.094062
1350.000000	0.103819
1351.000000	0.108065
1352.000000	0.107008
1353.000000	0.102281
1354.000000	0.097963
1355.000000	0.097023
1356.000000	0.095544
1357.000000	0.089633
1358.000000	0.082382
1359.000000	0.078605
1360.000000	0.083003
1361.000000	0.096675
1362.000000	0.106406
1363.000000	0.100320
1364.000000	0.086196
1365.000000	0.075723
1366.000000	0.076561
1367.000000	0.090743
1368.000000	0.101836
1369.000000	0.094324
1370.000000	0.074841
1371.000000	0.054394
1372.000000	0.039348
1373.000000	0.033192
1374.000000	0.032552
1375.000000	0.032894
1376.000000	0.031894
1377.000000	0.028436
1378.000000	0.024015
1379.000000	0.021161
1380.000000	0.023942
1381.000000	0.034712
1382.000000	0.047441
1383.000000	0.055226
1384.000000	0.056059
1385.000000	0.049690
1386.000000	0.038020
1387.000000	0.023843
1388.000000	0.011371
1389.000000	0.004677
1390.000000	0.005848
1391.000000	0.015749
1392.000000	0.032329
1393.000000	0.051538
1394.000000	0.064235
1395.000000	0.062781
1396.000000	0.050645
1397.000000	0.034063
1398.000000	0.019247
1399.000000	0.012342
1400.000000	0.019243
1401.000000	0.041245
1402.000000	0.061478
1403.000000	0.063114
1404.000000	0.047647
1405.000000	0.023252
1406.000000	0.006509
1407.000000	0.009805
1408.000000	0.020364
1409.000000	0.023272
1410.000000	0.020225
1411.000000	0.017102
1412.000000	0.019889
1413.000000	0.031156
1414.000000	0.039695
1415.000000	0.034862
1416.000000	0.022055
1417.000000	0.009918
1418.000000	0.004028
1419.000000	0.007359
1420.000000	0.015545
1421.000000	0.023321
1422.000000	0.029154
1423.000000	0.032575
1424.000000	0.033625
1425.000000	0.032620
1426.000000	0.030458
1427.000000	0.028582
1428.000000	0.030042
1429.000000	0.036883
1430.000000	0.045524
1431.000000	0.050998
1432.000000	0.048418
1433.000000	0.035173
1434.000000	0.017692
1435.000000	0.003900
1436.000000	-0.001319
1437.000000	0.005156
1438.000000	0.022448
1439.000000	0.046487
1440.000000	0.064428
1441.000000	0.066813
1442.000000	0.066502
1443.000000	0.078259
1444.000000	0.102140
1445.000000	0.131171
1446.000000	0.144978
1447.000000	0.128624
1448.000000	0.102329
1449.000000	0.089719
1450.000000	0.092880
1451.000000	0.106937
1452.000000	0.120709
1453.000000	0.124510
1454.000000	0.120926
1455.000000	0.115101
1456.000000	0.110127
1457.000000	0.108236
1458.000000	0.110283
1459.000000	0.115714
1460.000000	0.119735
1461.000000	0.118464
1462.000000	0.115920
1463.000000	0.116783
1464.000000	0.120481
1465.000000	0.123848
1466.000000	0.118597
1467.000000	0.099868
1468.000000	0.081619
1469.000000	0.078157
1470.000000	0.086352
1471.000000	0.097835
1472.000000	0.100699
1473.000000	0.087311
1474.000000	0.070654
1475.000000	0.064917
1476.000000	0.068497
1477.000000	0.075889
1478.000000	0.081784
1479.000000	0.081924
1480.000000	0.076059
1481.000000	0.065823
1482.000000	0.056380
1483.000000	0.052467
1484.000000	0.053581
1485.000000	0.056871
1486.000000	0.055348
1487.000000	0.043287
1488.000000	0.024160
1489.000000	0.003716
1490.000000	-0.012393
1491.000000	-0.019123
1492.000000	-0.013764
1493.000000	0.002787
1494.000000	0.017555
1495.000000	0.018989
1496.000000	0.013322
1497.000000	0.009954
1498.000000	0.013160
1499.000000	0.022961
1500.000000	0.027472
1501.000000	0.016142
1502.000000	-0.004350
1503.000000	-0.023940
1504.000000	-0.036270
1505.000000	-0.036723
1506.000000	-0.023957
1507.000000	-0.000581
1508.000000	0.018259
1509.000000	0.018664
1510.000000	0.004268
1511.000000	-0.016637
1512.000000	-0.034668
1513.000000	-0.043307
1514.000000	-0.048604
1515.000000	-0.056835
1516.000000	-0.062615
1517.000000	-0.059188
1518.000000	-0.045962
1519.000000	-0.025587
1520.000000	-0.007502
1521.000000	-0.000115
1522.000000	-0.000924
1523.000000	-0.004950
1524.000000	-0.008232
1525.000000	-0.007426
1526.000000	-0.000648
1527.000000	0.012144
1528.000000	0.025070
1529.000000	0.032103
1530.000000	0.032541
1531.000000	0.027343
1532.000000	0.018784
1533.000000	0.009571
1534.000000	0.002826
1535.000000	0.001276
1536.000000	0.005667
1537.000000	0.015585
1538.000000	0.027975
1539.000000	0.038869
1540.000000	0.043302
1541.000000	0.038844
1542.000000	0.034188
1543.000000	0.037618
1544.000000	0.044647
1545.000000	0.048103
1546.000000	0.042851
1547.000000	0.028246
1548.000000	0.019566
1549.000000	0.029874
1550.000000	0.047449
1551.000000	0.057293
1552.000000	0.056093
1553.000000	0.046502
1554.000000	0.043339
1555.000000	0.058175
1556.000000	0.077416
1557.000000	0.085653
1558.000000	0.085385
1559.000000	0.083927
1560.000000	0.089963
1561.000000	0.106972
1562.000000	0.116258
1563.000000	0.101552
1564.000000	0.078481
1565.000000	0.067459
1566.000000	0.076140
1567.000000	0.103716
1568.000000	0.128270
1569.000000	0.131138
1570.000000	0.127757
1571.000000	0.136562
1572.000000	0.153871
1573.000000	0.169414
1574.000000	0.168681
1575.000000	0.144641
1576.000000	0.124408
1577.000000	0.134279
1578.000000	0.163135
1579.000000	0.192034
1580.000000	0.208152
1581.000000	0.204885
1582.000000	0.194396
1583.000000	0.189427
1584.000000	0.186270
1585.000000	0.178601
1586.000000	0.166079
1587.000000	0.150415
1588.000000	0.135555
1589.000000	0.125880
1590.000000	0.125279
1591.000000	0.134979
1592.000000	0.146060
1593.000000	0.148333
1594.000000	0.136698
1595.000000	0.110636
1596.000000	0.082867
1597.000000	0.066444
1598.000000	0.062503
1599.000000	0.068939
1600.000000	0.082614
1601.000000	0.099976
1602.000000	0.116861
1603.000000	0.128977
1604.000000	0.132119
1605.000000	0.124052
1606.000000	0.110332
1607.000000	0.097922
1608.000000	0.091635
1609.000000	0.093711
1610.000000	0.098252
1611.000000	0.098867
1612.000000	0.095326
1613.000000	0.088924
1614.000000	0.080892
1615.000000	0.072469
1616.000000	0.064989
1617.000000	0.059716
1618.000000	0.057539
1619.000000	0.059050
1620.000000	0.064043
1621.000000	0.071810
1622.000000	0.080439
1623.000000	0.086997
1624.000000	0.085664
1625.000000	0.073277
1626.000000	0.060178
1627.000000	0.057221
1628.000000	0.063815
1629.000000	0.075015
1630.000000	0.079915
1631.000000	0.070688
1632.000000	0.057790
1633.000000	0.053007
1634.000000	0.055158
1635.000000	0.059836
1636.000000	0.062708
1637.000000	0.060508
1638.000000	0.054183
1639.000000	0.046043
1640.000000	0.039643
1641.000000	0.038192
1642.000000	0.042263
1643.000000	0.051292
1644.000000	0.062810
1645.000000	0.074743
1646.000000	0.088491
1647.000000	0.104567
1648.000000	0.116450
1649.000000	0.117274
1650.000000	0.105814
1651.000000	0.085025
1652.000000	0.068948
1653.000000	0.069651
1654.000000	0.080232
1655.000000	0.091052
1656.000000	0.100509
1657.000000	0.109607
1658.000000	0.121744
1659.000000	0.137563
1660.000000	0.144294
1661.000000	0.131864
1662.000000	0.114398
1663.000000	0.109060
1664.000000	0.120978
1665.000000	0.147187
1666.000000	0.164374
1667.000000	0.153441
1668.000000	0.132489
1669.000000	0.123510
1670.000000	0.126862
1671.000000	0.136400
1672.000000	0.141603
1673.000000	0.135376
1674.000000	0.128707
1675.000000	0.132273
1676.000000	0.137418
1677.000000	0.133257
1678.000000	0.119316
1679.000000	0.100438
1680.000000	0.092311
1681.000000	0.105845
1682.000000	0.121977
1683.000000	0.120391
1684.000000	0.105729
1685.000000	0.088902
1686.000000	0.080946
1687.000000	0.088240
1688.000000	0.098406
1689.000000	0.098004
1690.000000	0.088104
1691.000000	0.073378
1692.000000	0.058385
1693.000000	0.047402
1694.000000	0.043680
1695.000000	0.048408
1696.000000	0.055559
1697.000000	0.058786
1698.000000	0.057686
1699.000000	0.053772
1700.000000	0.050269
1701.000000	0.049790
1702.000000	0.050795
1703.000000	0.051251
1704.000000	0.051321
1705.000000	0.051552
1706.000000	0.051847
1707.000000	0.052043
1708.000000	0.052373
1709.000000	0.052936
1710.000000	0.052899
1711.000000	0.052031
1712.000000	0.053425
1713.000000	0.057914
1714.000000	0.053951
1715.000000	0.032765
1716.000000	0.009056
1717.000000	-0.001808
1718.000000	-0.005266
1719.000000	-0.009616
1720.000000	-0.013785
1721.000000	-0.015002
1722.000000	-0.013083
1723.000000	-0.008550
1724.000000	-0.002171
1725.000000	0.003961
1726.000000	0.002709
1727.000000	-0.011279
1728.000000	-0.031157
1729.000000	-0.046082
1730.000000	-0.041424
1731.000000	-0.009446
1732.000000	0.026229
1733.000000	0.041231
1734.000000	0.039570
1735.000000	0.031595
1736.000000	0.024632
1737.000000	0.022669
1738.000000	0.019367
1739.000000	0.008548
1740.000000	-0.004982
1741.000000	-0.014793
1742.000000	-0.018931
1743.000000	-0.017123
1744.000000	-0.011333
1745.000000	-0.004778
1746.000000	-0.003433
1747.000000	-0.011482
1748.000000	-0.023174
1749.000000	-0.031262
1750.000000	-0.032441
1751.000000	-0.025389
1752.000000	-0.012774
1753.000000	0.001374
1754.000000	0.011567
1755.000000	0.013269
1756.000000	0.007210
1757.000000	-0.004262
1758.000000	-0.017584
1759.000000	-0.029037
1760.000000	-0.035477
1761.000000	-0.035107
1762.000000	-0.030929
1763.000000	-0.026571
1764.000000	-0.023352
1765.000000	-0.021735
1766.000000	-0.021064
1767.000000	-0.020391
1768.000000	-0.018709
1769.000000	-0.015203
1770.000000	-0.009875
1771.000000	-0.003205
1772.000000	0.003235
1773.000000	0.007582
1774.000000	0.007896
1775.000000	0.002942
1776.000000	-0.005625
1777.000000	-0.015353
1778.000000	-0.023496
1779.000000	-0.027709
1780.000000	-0.027548
1781.000000	-0.023716
1782.000000	-0.019592
1783.000000	-0.017833
1784.000000	-0.015527
1785.000000	-0.009744
1786.000000	-0.003054
1787.000000	0.000866
1788.000000	-0.000590
1789.000000	-0.007880
1790.000000	-0.013935
1791.000000	-0.012665
1792.000000	-0.009413
1793.000000	-0.010783
1794.000000	-0.016995
1795.000000	-0.025274
1796.000000	-0.027244
1797.000000	-0.016904
1798.000000	-0.003350
1799.000000	0.004369
1800.000000	0.012489
1801.000000	0.025837
1802.000000	0.028327
1803.000000	0.007994
1804.000000	-0.009733
1805.000000	-0.000504
1806.000000	0.018327
1807.000000	0.024364
1808.000000	0.016758
1809.000000	0.000526
1810.000000	-0.017391
1811.000000	-0.030125
1812.000000	-0.033023
1813.000000	-0.024620
1814.000000	-0.013997
1815.000000	-0.010183
1816.000000	-0.011442
1817.000000	-0.013111
1818.000000	-0.009568
1819.000000	0.002027
1820.000000	0.012433
1821.000000	0.012574
1822.000000	0.006109
1823.000000	-0.000913
1824.000000	-0.005619
1825.000000	-0.006567
1826.000000	-0.004855
1827.000000	-0.002075
1828.000000	0.000750
1829.000000	0.002569
1830.000000	0.001639
1831.000000	-0.003368
1832.000000	-0.011435
1833.000000	-0.020479
1834.000000	-0.026507
1835.000000	-0.026516
1836.000000	-0.023365
1837.000000	-0.020392
1838.000000	-0.016988
1839.000000	-0.011908
1840.000000	-0.005324
1841.000000	0.001296
1842.000000	0.002709
1843.000000	-0.004320
1844.000000	-0.011229
1845.000000	-0.009570
1846.000000	-0.003148
1847.000000	0.001465
1848.000000	-0.001114
1849.000000	-0.012085
1850.000000	-0.017099
1851.000000	-0.004129
1852.000000	0.014008
1853.000000	0.021759
1854.000000	0.017471
1855.000000	0.004381
1856.000000	-0.008604
1857.000000	-0.013896
1858.000000	-0.014851
1859.000000	-0.016114
1860.000000	-0.016546
1861.000000	-0.014241
1862.000000	-0.009999
1863.000000	-0.005597
1864.000000	-0.004024
1865.000000	-0.006616
1866.000000	-0.006898
1867.000000	0.000681
1868.000000	0.010168
1869.000000	0.014054
1870.000000	0.010113
1871.000000	-0.000905
1872.000000	-0.011630
1873.000000	-0.014136
1874.000000	-0.004884
1875.000000	0.015526
1876.000000	0.034330
1877.000000	0.038176
1878.000000	0.023536
1879.000000	-0.005994
1880.000000	-0.028150
1881.000000	-0.023797
1882.000000	-0.004993
1883.000000	0.011418
1884.000000	0.020650
1885.000000	0.021858
1886.000000	0.017894
1887.000000	0.012622
1888.000000	0.010247
1889.000000	0.013042
1890.000000	0.015210
1891.000000	0.010848
1892.000000	0.001711
1893.000000	-0.008310
1894.000000	-0.014437
1895.000000	-0.014009
1896.000000	-0.013736
1897.000000	-0.019218
1898.000000	-0.022256
1899.000000	-0.014265
1900.000000	0.001090
1901.000000	0.016368
1902.000000	0.021273
1903.000000	0.008823
1904.000000	-0.011864
1905.000000	-0.029154
1906.000000	-0.037461
1907.000000	-0.034042
1908.000000	-0.021466
1909.000000	-0.004275
1910.000000	0.010419
1911.000000	0.017058
1912.000000	0.018860
1913.000000	0.020096
1914.000000	0.020468
1915.000000	0.019070
1916.000000	0.017133
1917.000000	0.016665
1918.000000	0.020661
1919.000000	0.029348
1920.000000	0.030910
1921.000000	0.015553
1922.000000	-0.006365
1923.000000	-0.021517
1924.000000	-0.024835
1925.000000	-0.016162
1926.000000	-0.006727
1927.000000	-0.006883
1928.000000	-0.012104
1929.000000	-0.015400
1930.000000	-0.014818
1931.000000	-0.010090
1932.000000	-0.002666
1933.000000	0.005296
1934.000000	0.010528
1935.000000	0.010465
1936.000000	0.006473
1937.000000	0.000778
1938.000000	-0.004870
1939.000000	-0.008932
1940.000000	-0.010234
1941.000000	-0.007937
1942.000000	-0.002185
1943.000000	0.006490
1944.000000	0.016987
1945.000000	0.027110
1946.000000	0.030863
1947.000000	0.022981
1948.000000	0.004921
1949.000000	-0.017091
1950.000000	-0.024476
1951.000000	-0.004580
1952.000000	0.019194
1953.000000	0.022008
1954.000000	0.009333
1955.000000	-0.005864
1956.000000	-0.010953
1957.000000	0.001665
1958.000000	0.019811
1959.000000	0.029774
1960.000000	0.031497
1961.000000	0.028083
1962.000000	0.021629
1963.000000	0.013960
1964.000000	0.006817
1965.000000	0.001625
1966.000000	-0.001357
1967.000000	-0.002217
1968.000000	-0.001263
1969.000000	0.000724
1970.000000	0.001278
1971.000000	-0.001844
1972.000000	-0.008316
1973.000000	-0.015389
1974.000000	-0.013182
1975.000000	0.004888
1976.000000	0.025082
1977.000000	0.032494
1978.000000	0.027883
1979.000000	0.016570
1980.000000	0.006460
1981.000000	0.003403
1982.000000	0.002436
1983.000000	-0.001332
1984.000000	-0.001700
1985.000000	0.007546
1986.000000	0.021562
1987.000000	0.032967
1988.000000	0.035273
1989.000000	0.025228
1990.000000	0.011616
1991.000000	0.003959
1992.000000	0.002694
1993.000000	0.005799
1994.000000	0.010505
1995.000000	0.014014
1996.000000	0.014165
1997.000000	0.009409
1998.000000	0.000000
1999.000000	-0.011863
2000.000000	-0.018010
2001.000000	-0.012096
2002.000000	-0.001035
2003.000000	0.005784
2004.000000	0.002334
2005.000000	-0.011432
2006.000000	-0.015006
2007.000000	0.007989
2008.000000	0.036848
2009.000000	0.047509
2010.000000	0.039567
2011.000000	0.019775
2012.000000	-0.000154
2013.000000	-0.009859
2014.000000	-0.009356
2015.000000	-0.002171
2016.000000	0.004505
2017.000000	0.004885
2018.000000	0.002454
2019.000000	0.002525
2020.000000	0.008458
2021.000000	0.020544
2022.000000	0.028766
2023.000000	0.023446
2024.000000	0.006579
2025.000000	-0.015302
2026.000000	-0.029176
2027.000000	-0.023263
2028.000000	0.002758
2029.000000	0.040718
2030.000000	0.059939
2031.000000	0.037399
2032.000000	0.003213
2033.000000	-0.008889
2034.000000	-0.003868
2035.000000	0.004208
2036.000000	0.003523
2037.000000	-0.011933
2038.000000	-0.027206
2039.000000	-0.027160
2040.000000	-0.016911
2041.000000	-0.005839
2042.000000	-0.000136
2043.000000	-0.003481
2044.000000	-0.012682
2045.000000	-0.021071
2046.000000	-0.014960
2047.000000	0.012928
2048.000000	0.037204
2049.000000	0.032983
2050.000000	0.010078
2051.000000	-0.014240
2052.000000	-0.027555
2053.000000	-0.022377
2054.000000	-0.006067
2055.000000	0.010605
2056.000000	0.018089
2057.000000	0.011379
2058.000000	0.002426
2059.000000	0.004404
2060.000000	0.018430
2061.000000	0.039627
2062.000000	0.051206
2063.000000	0.039671
2064.000000	0.016599
2065.000000	-0.003069
2066.000000	-0.016021
2067.000000	-0.021990
2068.000000	-0.021270
2069.000000	-0.014472
2070.000000	-0.002915
2071.000000	0.010434
2072.000000	0.016737
2073.000000	0.009755
2074.000000	-0.000486
2075.000000	-0.002773
2076.000000	0.002576
2077.000000	0.011215
2078.000000	0.014203
2079.000000	0.005478
2080.000000	-0.004916
2081.000000	-0.006241
2082.000000	-0.001078
2083.000000	0.005460
2084.000000	0.011470
2085.000000	0.016009
2086.000000	0.018777
2087.000000	0.018357
2088.000000	0.008214
2089.000000	-0.014148
2090.000000	-0.029967
2091.000000	-0.021939
2092.000000	0.000148
2093.000000	0.020230
2094.000000	0.024241
2095.000000	0.005015
2096.000000	-0.019026
2097.000000	-0.027877
2098.000000	-0.020801
2099.000000	-0.002813
2100.000000	0.017341
2101.000000	0.031131
2102.000000	0.034637
2103.000000	0.027344
2104.000000	0.017751
2105.000000	0.013760
2106.000000	0.011882
2107.000000	0.007580
2108.000000	0.003514
2109.000000	0.003136
2110.000000	0.005866
2111.000000	0.009193
2112.000000	0.006910
2113.000000	-0.003975
2114.000000	-0.009910
2115.000000	0.000816
2116.000000	0.016003
2117.000000	0.020576
2118.000000	0.011883
2119.000000	-0.007260
2120.000000	-0.024588
2121.000000	-0.028850
2122.000000	-0.022292
2123.000000	-0.010061
2124.000000	0.004602
2125.000000	0.018589
2126.000000	0.027432
2127.000000	0.027234
2128.000000	0.017742
2129.000000	0.001995
2130.000000	-0.007446
2131.000000	-0.000740
2132.000000	0.011568
2133.000000	0.017173
2134.000000	0.017130
2135.000000	0.015771
2136.000000	0.017185
2137.000000	0.023036
2138.000000	0.025529
2139.000000	0.017580
2140.000000	0.004407
2141.000000	-0.006768
2142.000000	-0.012996
2143.000000	-0.013218
2144.000000	-0.009653
2145.000000	-0.005698
2146.000000	-0.006175
2147.000000	-0.013658
2148.000000	-0.020305
2149.000000	-0.018546
2150.000000	-0.012305
2151.000000	-0.007428
2152.000000	-0.005941
2153.000000	-0.007995
2154.000000	-0.010064
2155.000000	-0.008123
2156.000000	0.000177
2157.000000	0.014464
2158.000000	0.025151
2159.000000	0.023565
2160.000000	0.013911
2161.000000	0.003777
2162.000000	0.001404
2163.000000	0.011456
2164.000000	0.023650
2165.000000	0.026761
2166.000000	0.020756
2167.000000	0.009269
2168.000000	-0.000597
2169.000000	-0.002387
2170.000000	0.004288
2171.000000	0.016156
2172.000000	0.021379
2173.000000	0.011018
2174.000000	-0.003702
2175.000000	-0.009636
2176.000000	-0.006136
2177.000000	0.003774
2178.000000	0.014871
2179.000000	0.021915
2180.000000	0.021791
2181.000000	0.013263
2182.000000	0.000477
2183.000000	-0.010587
2184.000000	-0.012000
2185.000000	0.001061
2186.000000	0.019057
2187.000000	0.029605
2188.000000	0.023300
2189.000000	-0.001970
2190.000000	-0.022125
2191.000000	-0.015994
2192.000000	-0.000235
2193.000000	0.004597
2194.000000	0.000174
2195.000000	-0.006372
2196.000000	-0.008295
2197.000000	-0.001531
2198.000000	0.007656
2199.000000	0.012348
2200.000000	0.013339
2201.000000	0.012933
2202.000000	0.011760
2203.000000	0.009911
2204.000000	0.007003
2205.000000	0.002592
2206.000000	-0.003525
2207.000000	-0.010625
2208.000000	-0.014515
2209.000000	-0.011999
2210.000000	-0.007344
2211.000000	-0.005493
2212.000000	-0.006636
2213.000000	-0.009693
2214.000000	-0.013252
2215.000000	-0.015662
2216.000000	-0.014659
2217.000000	-0.009245
2218.000000	-0.004100
2219.000000	-0.003610
2220.000000	-0.005309
2221.000000	-0.006013
2222.000000	-0.006518
2223.000000	-0.007817
2224.000000	-0.007727
2225.000000	-0.003373
2226.000000	0.007693
2227.000000	0.024502
2228.000000	0.032836
2229.000000	0.020712
2230.000000	-0.001662
2231.000000	-0.018781
2232.000000	-0.016126
2233.000000	0.013642
2234.000000	0.050146
2235.000000	0.070179
2236.000000	0.066940
2237.000000	0.041976
2238.000000	0.013812
2239.000000	0.001632
2240.000000	0.010287
2241.000000	0.035710
2242.000000	0.052499
2243.000000	0.038783
2244.000000	0.008153
2245.000000	-0.019377
2246.000000	-0.033565
2247.000000	-0.029579
2248.000000	-0.014444
2249.000000	0.001786
2250.000000	0.008792
2251.000000	0.002319
2252.000000	0.002617
2253.000000	0.026166
2254.000000	0.049845
2255.000000	0.048600
2256.000000	0.029240
2257.000000	0.006200
2258.000000	-0.007430
2259.000000	-0.003540
2260.000000	0.007423
2261.000000	0.013880
2262.000000	0.018281
2263.000000	0.024387
2264.000000	0.027161
2265.000000	0.021320
2266.000000	0.009387
2267.000000	-0.003587
2268.000000	-0.010236
2269.000000	-0.004997
2270.000000	0.008164
2271.000000	0.022398
2272.000000	0.028851
2273.000000	0.021608
2274.000000	0.008523
2275.000000	-0.000304
2276.000000	0.000452
2277.000000	0.011868
2278.000000	0.022820
2279.000000	0.023259
2280.000000	0.019641
2281.000000	0.019829
2282.000000	0.020816
2283.000000	0.018433
2284.000000	0.014748
2285.000000	0.013442
2286.000000	0.018431
2287.000000	0.030953
2288.000000	0.041307
2289.000000	0.040022
2290.000000	0.029477
2291.000000	0.015231
2292.000000	0.003710
2293.000000	0.000456
2294.000000	0.006612
2295.000000	0.020995
2296.000000	0.037510
2297.000000	0.049196
2298.000000	0.050532
2299.000000	0.039503
2300.000000	0.026693
2301.000000	0.022917
2302.000000	0.027331
2303.000000	0.035415
2304.000000	0.039605
2305.000000	0.034206
2306.000000	0.024048
2307.000000	0.015668
2308.000000	0.011914
2309.000000	0.013910
2310.000000	0.019585
2311.000000	0.025849
2312.000000	0.028745
2313.000000	0.024902
2314.000000	0.014161
2315.000000	-0.000416
2316.000000	-0.006095
2317.000000	0.007369
2318.000000	0.030591
2319.000000	0.050993
2320.000000	0.062856
2321.000000	0.063484
2322.000000	0.055404
2323.000000	0.042687
2324.000000	0.030358
2325.000000	0.022415
2326.000000	0.017789
2327.000000	0.014883
2328.000000	0.015062
2329.000000	0.019710
2330.000000	0.027314
2331.000000	0.035479
2332.000000	0.041178
2333.000000	0.042245
2334.000000	0.040589
2335.000000	0.038025
2336.000000	0.031928
2337.000000	0.019752
2338.000000	0.003721
2339.000000	-0.012263
2340.000000	-0.022354
2341.000000	-0.021008
2342.000000	-0.005832
2343.000000	0.020602
2344.000000	0.039017
2345.000000	0.034415
2346.000000	0.025634
2347.000000	0.033161
2348.000000	0.050260
2349.000000	0.063895
2350.000000	0.063059
2351.000000	0.042753
2352.000000	0.019974
2353.000000	0.011879
2354.000000	0.014282
2355.000000	0.018755
2356.000000	0.021252
2357.000000	0.019777
2358.000000	0.016148
2359.000000	0.013057
2360.000000	0.012894
2361.000000	0.016193
2362.000000	0.016382
2363.000000	0.008803
2364.000000	0.003570
2365.000000	0.010245
2366.000000	0.021414
2367.000000	0.027670
2368.000000	0.028603
2369.000000	0.027410
2370.000000	0.032724
2371.000000	0.048858
2372.000000	0.057404
2373.000000	0.041847
2374.000000	0.015969
2375.000000	-0.002846
2376.000000	-0.013113
2377.000000	-0.017602
2378.000000	-0.020217
2379.000000	-0.023763
2380.000000	-0.025502
2381.000000	-0.021368
2382.000000	-0.007517
2383.000000	0.015952
2384.000000	0.033384
2385.000000	0.030835
2386.000000	0.016748
2387.000000	0.004139
2388.000000	0.001919
2389.000000	0.012567
2390.000000	0.016931
2391.000000	-0.001588
2392.000000	-0.027760
2393.000000	-0.042478
2394.000000	-0.042957
2395.000000	-0.031404
2396.000000	-0.013677
2397.000000	0.003760
2398.000000	0.015674
2399.000000	0.018435
2400.000000	0.013601
2401.000000	0.004485
2402.000000	-0.003773
2403.000000	-0.007078
2404.000000	-0.007337
2405.000000	-0.007043
2406.000000	-0.005020
2407.000000	0.000695
2408.000000	0.011540
2409.000000	0.026216
2410.000000	0.032990
2411.000000	0.022537
2412.000000	0.005582
2413.000000	-0.004843
2414.000000	-0.006529
2415.000000	-0.000831
2416.000000	0.007463
2417.000000	0.013225
2418.000000	0.013412
2419.000000	0.007180
2420.000000	0.000400
2421.000000	-0.001587
2422.000000	-0.002275
2423.000000	-0.005379
2424.000000	-0.006663
2425.000000	-0.001564
2426.000000	0.007850
2427.000000	0.016850
2428.000000	0.016701
2429.000000	0.003130
2430.000000	-0.006284
2431.000000	0.003822
2432.000000	0.018109
2433.000000	0.018591
2434.000000	0.007404
2435.000000	-0.007857
2436.000000	-0.017865
2437.000000	-0.015275
2438.000000	-0.002388
2439.000000	0.015749
2440.000000	0.032744
2441.000000	0.042234
2442.000000	0.039298
2443.000000	0.022811
2444.000000	0.005373
2445.000000	0.000010
2446.000000	0.007717
2447.000000	0.022907
2448.000000	0.025697
2449.000000	0.003175
2450.000000	-0.015384
2451.000000	-0.002278
2452.000000	0.021726
2453.000000	0.030817
2454.000000	0.027468
2455.000000	0.020846
2456.000000	0.018597
2457.000000	0.023756
2458.000000	0.022425
2459.000000	0.004336
2460.000000	-0.009331
2461.000000	0.001295
2462.000000	0.019399
2463.000000	0.024198
2464.000000	0.015722
2465.000000	0.000356
2466.000000	-0.010914
2467.000000	-0.008745
2468.000000	0.005040
2469.000000	0.024695
2470.000000	0.039950
2471.000000	0.042688
2472.000000	0.037934
2473.000000	0.032527
2474.000000	0.027412
2475.000000	0.022239
2476.000000	0.017374
2477.000000	0.014243
2478.000000	0.017786
2479.000000	0.030356
2480.000000	0.040435
2481.000000	0.037479
2482.000000	0.028713
2483.000000	0.024175
2484.000000	0.027378
2485.000000	0.038497
2486.000000	0.050869
2487.000000	0.056418
2488.000000	0.048262
2489.000000	0.023642
2490.000000	-0.004901
2491.000000	-0.022350
2492.000000	-0.019087
2493.000000	0.007446
2494.000000	0.036977
2495.000000	0.047691
2496.000000	0.034444
2497.000000	0.001903
2498.000000	-0.022703
2499.000000	-0.017288
2500.000000	-0.002910
2501.000000	-0.003331
2502.000000	-0.009993
2503.000000	-0.010060
2504.000000	-0.005912
2505.000000	-0.002683
2506.000000	-0.001309
2507.000000	-0.000247
2508.000000	0.007752
2509.000000	0.025862
2510.000000	0.035241
2511.000000	0.020391
2512.000000	0.001199
2513.000000	0.000356
2514.000000	0.016376
2515.000000	0.040482
2516.000000	0.058918
2517.000000	0.059469
2518.000000	0.041050
2519.000000	0.009373
2520.000000	-0.013804
2521.000000	-0.010883
2522.000000	0.003033
2523.000000	0.009308
2524.000000	0.007872
2525.000000	0.003121
2526.000000	-0.001248
2527.000000	-0.002638
2528.000000	-0.002157
2529.000000	-0.000506
2530.000000	0.006939
2531.000000	0.022586
2532.000000	0.034647
2533.000000	0.032562
2534.000000	0.024880
2535.000000	0.022556
2536.000000	0.027070
2537.000000	0.035994
2538.000000	0.040740
2539.000000	0.033488
2540.000000	0.015638
2541.000000	-0.007370
2542.000000	-0.023155
2543.000000	-0.021808
2544.000000	-0.010243
2545.000000	0.001945
2546.000000	0.011268
2547.000000	0.016498
2548.000000	0.019338
2549.000000	0.021237
2550.000000	0.019692
2551.000000	0.013109
2552.000000	0.007476
2553.000000	0.008003
2554.000000	0.009194
2555.000000	0.005298
2556.000000	0.000240
2557.000000	-0.000316
2558.000000	0.006579
2559.000000	0.021208
2560.000000	0.035912
2561.000000	0.041930
2562.000000	0.034044
2563.000000	0.012418
2564.000000	-0.004799
2565.000000	-0.001925
2566.000000	0.008856
2567.000000	0.012038
2568.000000	0.006681
2569.000000	-0.002097
2570.000000	0.000491
2571.000000	0.022744
2572.000000	0.037344
2573.000000	0.020279
2574.000000	-0.003631
2575.000000	-0.006309
2576.000000	0.004522
2577.000000	0.014069
2578.000000	0.015065
2579.000000	0.004714
2580.000000	-0.009435
2581.000000	-0.018295
2582.000000	-0.016986
2583.000000	-0.005056
2584.000000	0.004451
2585.000000	0.000830
2586.000000	-0.003774
2587.000000	0.003850
2588.000000	0.018312
2589.000000	0.029841
2590.000000	0.029733
2591.000000	0.013290
2592.000000	-0.009228
2593.000000	-0.025885
2594.000000	-0.032986
2595.000000	-0.030230
2596.000000	-0.022652
2597.000000	-0.015680
2598.000000	-0.010968
2599.000000	-0.008586
2600.000000	-0.006030
2601.000000	-0.000853
2602.000000	0.006585
2603.000000	0.013626
2604.000000	0.011214
2605.000000	-0.006427
2606.000000	-0.025558
2607.000000	-0.031840
2608.000000	-0.028065
2609.000000	-0.020557
2610.000000	-0.012652
2611.000000	-0.006319
2612.000000	-0.001047
2613.000000	0.003650
2614.000000	0.005682
2615.000000	0.003712
2616.000000	0.001990
2617.000000	0.003629
2618.000000	0.001592
2619.000000	-0.010044
2620.000000	-0.022598
2621.000000	-0.025878
2622.000000	-0.018246
2623.000000	-0.002410
2624.000000	0.010085
2625.000000	0.010003
2626.000000	0.006189
2627.000000	0.009305
2628.000000	0.019216
2629.000000	0.031778
2630.000000	0.037614
2631.000000	0.029264
2632.000000	0.012161
2633.000000	-0.005215
2634.000000	-0.015092
2635.000000	-0.013578
2636.000000	-0.011582
2637.000000	-0.017623
2638.000000	-0.015855
2639.000000	0.007133
2640.000000	0.030659
2641.000000	0.033543
2642.000000	0.026716
2643.000000	0.025732
2644.000000	0.032534
2645.000000	0.042411
2646.000000	0.037662
2647.000000	0.008090
2648.000000	-0.013483
2649.000000	0.001403
2650.000000	0.020739
2651.000000	0.010839
2652.000000	-0.008240
2653.000000	-0.010202
2654.000000	0.002451
2655.000000	0.018980
2656.000000	0.024499
2657.000000	0.010063
2658.000000	-0.005353
2659.000000	-0.002385
2660.000000	0.011957
2661.000000	0.025728
2662.000000	0.033598
2663.000000	0.033115
2664.000000	0.026709
2665.000000	0.017791
2666.000000	0.008822
2667.000000	0.001524
2668.000000	-0.004389
2669.000000	-0.009164
2670.000000	-0.010876
2671.000000	-0.007948
2672.000000	-0.002381
2673.000000	0.002647
2674.000000	0.002815
2675.000000	-0.004670
2676.000000	-0.015353
2677.000000	-0.023418
2678.000000	-0.024859
2679.000000	-0.017699
2680.000000	-0.006276
2681.000000	0.004351
2682.000000	0.012552
2683.000000	0.017487
2684.000000	0.018051
2685.000000	0.014027
2686.000000	0.009023
2687.000000	0.007120
2688.000000	0.010485
2689.000000	0.019845
2690.000000	0.032093
2691.000000	0.042982
2692.000000	0.047528
2693.000000	0.042624
2694.000000	0.033413
2695.000000	0.025018
2696.000000	0.014245
2697.000000	-0.001613
2698.000000	-0.015000
2699.000000	-0.018159
2700.000000	-0.012801
2701.000000	-0.003798
2702.000000	0.000808
2703.000000	-0.004235
2704.000000	-0.009848
2705.000000	-0.006758
2706.000000	0.000742
2707.000000	0.005761
2708.000000	0.004567
2709.000000	-0.003405
2710.000000	-0.009211
2711.000000	-0.004253
2712.000000	0.009162
2713.000000	0.024615
2714.000000	0.030142
2715.000000	0.018100
2716.000000	0.003665
2717.000000	0.002898
2718.000000	0.012574
2719.000000	0.025560
2720.000000	0.038381
2721.000000	0.047350
2722.000000	0.044260
2723.000000	0.023520
2724.000000	-0.005492
2725.000000	-0.028654
2726.000000	-0.027831
2727.000000	0.005833
2728.000000	0.040070
2729.000000	0.043811
2730.000000	0.031921
2731.000000	0.025612
2732.000000	0.025565
2733.000000	0.027228
2734.000000	0.025648
2735.000000	0.017515
2736.000000	0.006478
2737.000000	-0.001933
2738.000000	-0.001622
2739.000000	0.009531
2740.000000	0.017179
2741.000000	0.008517
2742.000000	-0.006620
2743.000000	-0.015678
2744.000000	-0.017869
2745.000000	-0.015873
2746.000000	-0.014489
2747.000000	-0.017186
2748.000000	-0.020014
2749.000000	-0.016924
2750.000000	-0.000905
2751.000000	0.028175
2752.000000	0.041959
2753.000000	0.017441
2754.000000	-0.018495
2755.000000	-0.035238
2756.000000	-0.037169
2757.000000	-0.035038
2758.000000	-0.030083
2759.000000	-0.021073
2760.000000	-0.006403
2761.000000	0.012577
2762.000000	0.022313
2763.000000	0.012831
2764.000000	0.000677
2765.000000	0.002147
2766.000000	0.006017
2767.000000	-0.001458
2768.000000	-0.016577
2769.000000	-0.031502
2770.000000	-0.039299
2771.000000	-0.035197
2772.000000	-0.022174
2773.000000	-0.005590
2774.000000	0.007414
2775.000000	0.011618
2776.000000	0.011278
2777.000000	0.011814
2778.000000	0.013833
2779.000000	0.015877
2780.000000	0.013054
2781.000000	0.001603
2782.000000	-0.014261
2783.000000	-0.028591
2784.000000	-0.036484
2785.000000	-0.035176
2786.000000	-0.029421
2787.000000	-0.024419
2788.000000	-0.019636
2789.000000	-0.012764
2790.000000	-0.000144
2791.000000	0.018856
2792.000000	0.031393
2793.000000	0.025341
2794.000000	0.004899
2795.000000	-0.020787
2796.000000	-0.039124
2797.000000	-0.040176
2798.000000	-0.028081
2799.000000	-0.011584
2800.000000	-0.003792
2801.000000	-0.013991
2802.000000	-0.031830
2803.000000	-0.044182
2804.000000	-0.046465
2805.000000	-0.037748
2806.000000	-0.023149
2807.000000	-0.008994
2808.000000	-0.000393
2809.000000	-0.000855
2810.000000	-0.008709
2811.000000	-0.020597
2812.000000	-0.031607
2813.000000	-0.038106
2814.000000	-0.043128
2815.000000	-0.048533
2816.000000	-0.044810
2817.000000	-0.024354
2818.000000	0.001431
2819.000000	0.018317
2820.000000	0.019771
2821.000000	0.004546
2822.000000	-0.015170
2823.000000	-0.026076
2824.000000	-0.023870
2825.000000	-0.009706
2826.000000	0.002423
2827.000000	0.001078
2828.000000	-0.002144
2829.000000	0.005448
2830.000000	0.017872
2831.000000	0.025933
2832.000000	0.026266
2833.000000	0.018862
2834.000000	0.011305
2835.000000	0.011244
2836.000000	0.018986
2837.000000	0.031208
2838.000000	0.037411
2839.000000	0.030457
2840.000000	0.023819
2841.000000	0.030607
2842.000000	0.041863
2843.000000	0.046591
2844.000000	0.047714
2845.000000	0.051080
2846.000000	0.060322
2847.000000	0.076072
2848.000000	0.089179
2849.000000	0.092715
2850.000000	0.098427
2851.000000	0.117049
2852.000000	0.136576
2853.000000	0.144463
2854.000000	0.148743
2855.000000	0.160255
2856.000000	0.180495
2857.000000	0.207873
2858.000000	0.237804
2859.000000	0.265117
2860.000000	0.285299
2861.000000	0.294065
2862.000000	0.287372
2863.000000	0.265332
2864.000000	0.244423
2865.000000	0.241497
2866.000000	0.258539
2867.000000	0.292154
2868.000000	0.332285
2869.000000	0.368295
2870.000000	0.393898
2871.000000	0.406466
2872.000000	0.413662
2873.000000	0.424808
2874.000000	0.445570
2875.000000	0.475077
2876.000000	0.489973
2877.000000	0.470999
2878.000000	0.437769
2879.000000	0.417007
2880.000000	0.424994
2881.000000	0.467298
2882.000000	0.517092
2883.000000	0.545726
2884.000000	0.549666
2885.000000	0.534854
2886.000000	0.520025
2887.000000	0.518903
2888.000000	0.512369
2889.000000	0.485526
2890.000000	0.473200
2891.000000	0.505411
2892.000000	0.543222
2893.000000	0.544550
2894.000000	0.523688
2895.000000	0.505621
2896.000000	0.501726
2897.000000	0.516661
2898.000000	0.541816
2899.000000	0.566965
2900.000000	0.588675
2901.000000	0.604511
2902.000000	0.609240
2903.000000	0.601407
2904.000000	0.597475
2905.000000	0.611535
2906.000000	0.630280
2907.000000	0.638617
2908.000000	0.641718
2909.000000	0.648217
2910.000000	0.660335
2911.000000	0.677286
2912.000000	0.692682
2913.000000	0.701119
2914.000000	0.706730
2915.000000	0.715267
2916.000000	0.729410
2917.000000	0.750037
2918.000000	0.773899
2919.000000	0.797729
2920.000000	0.822329
2921.000000	0.847631
2922.000000	0.866035
2923.000000	0.871976
2924.000000	0.875566
2925.000000	0.889176
2926.000000	0.918527
2927.000000	0.961256
2928.000000	0.989324
2929.000000	0.981299
2930.000000	0.967864
2931.000000	0.980281
2932.000000	1.000000
2933.000000	1.001990
2934.000000	0.985105
2935.000000	0.956729
2936.000000	0.934494
2937.000000	0.933110
2938.000000	0.945369
2939.000000	0.957365
2940.000000	0.950328
2941.000000	0.912286
2942.000000	0.863334
2943.000000	0.826749
2944.000000	0.806464
2945.000000	0.801071
2946.000000	0.807150
2947.000000	0.818866
2948.000000	0.822737
2949.000000	0.809213
2950.000000	0.792109
2951.000000	0.785995
2952.000000	0.785081
2953.000000	0.777054
2954.000000	0.743862
2955.000000	0.678029
2956.000000	0.620126
2957.000000	0.608281
2958.000000	0.622802
2959.000000	0.634857
2960.000000	0.636866
2961.000000	0.628521
2962.000000	0.617352
2963.000000	0.611338
2964.000000	0.612428
2965.000000	0.619294
2966.000000	0.623537
2967.000000	0.616940
2968.000000	0.599104
2969.000000	0.574188
2970.000000	0.556781
2971.000000	0.557014
2972.000000	0.556757
2973.000000	0.538373
2974.000000	0.514460
2975.000000	0.499979
2976.000000	0.489101
2977.000000	0.474209
2978.000000	0.461307
2979.000000	0.457588
2980.000000	0.461362
2981.000000	0.467096
2982.000000	0.462757
2983.000000	0.440125
2984.000000	0.412727
2985.000000	0.393590
2986.000000	0.371997
2987.000000	0.338434
2988.000000	0.311934
2989.000000	0.310116
2990.000000	0.316387
2991.000000	0.311446
2992.000000	0.299357
2993.000000	0.288178
2994.000000	0.278557
2995.000000	0.267598
2996.000000	0.245620
2997.000000	0.206968
2998.000000	0.168861
2999.000000	0.150154
3000.000000	0.153365
3001.000000	0.172456
3002.000000	0.183500
3003.000000	0.167365
3004.000000	0.142000
3005.000000	0.127711
3006.000000	0.117165
3007.000000	0.099204
3008.000000	0.075019
3009.000000	0.050282
3010.000000	0.036238
3011.000000	0.040658
3012.000000	0.051848
3013.000000	0.058575
3014.000000	0.070920
3015.000000	0.094205
3016.000000	0.093414
3017.000000	0.043227
3018.000000	-0.002539
3019.000000	0.008896
3020.000000	0.047035
3021.000000	0.068773
3022.000000	0.063856
3023.000000	0.035445
3024.000000	0.007518
3025.000000	0.001597
3026.000000	0.008573
3027.000000	0.013900
3028.000000	0.011915
3029.000000	0.001121
3030.000000	-0.012204
3031.000000	-0.021343
3032.000000	-0.025602
3033.000000	-0.026652
3034.000000	-0.029587
3035.000000	-0.037225
3036.000000	-0.039845
3037.000000	-0.028450
3038.000000	-0.009485
3039.000000	0.006879
3040.000000	0.010998
3041.000000	-0.000878
3042.000000	-0.009457
3043.000000	0.003071
3044.000000	0.025545
3045.000000	0.040744
3046.000000	0.036178
3047.000000	0.007524
3048.000000	-0.021590
3049.000000	-0.027041
3050.000000	-0.010668
3051.000000	0.017699
3052.000000	0.042235
3053.000000	0.049437
3054.000000	0.041092
3055.000000	0.023570
3056.000000	0.006291
3057.000000	-0.001933
3058.000000	0.002232
3059.000000	0.018181
3060.000000	0.035032
3061.000000	0.043501
3062.000000	0.050973
3063.000000	0.063722
3064.000000	0.066914
3065.000000	0.047816
3066.000000	0.023216
3067.000000	0.011477
3068.000000	0.007759
3069.000000	0.004147
3070.000000	0.003648
3071.000000	0.009843
3072.000000	0.017702
3073.000000	0.020678
3074.000000	0.014780
3075.000000	-0.000774
3076.000000	-0.016488
3077.000000	-0.022351
3078.000000	-0.016563
3079.000000	-0.000109
3080.000000	0.023109
3081.000000	0.046827
3082.000000	0.058248
3083.000000	0.047702
3084.000000	0.024560
3085.000000	0.002378
3086.000000	-0.007579
3087.000000	-0.000332
3088.000000	0.006247
3089.000000	-0.004583
3090.000000	-0.022193
3091.000000	-0.029972
3092.000000	-0.014750
3093.000000	0.025206
3094.000000	0.049318
3095.000000	0.022639
3096.000000	-0.024953
3097.000000	-0.055045
3098.000000	-0.059918
3099.000000	-0.042807
3100.000000	-0.020076
3101.000000	-0.007311
3102.000000	-0.003866
3103.000000	-0.005928
3104.000000	-0.013255
3105.000000	-0.024243
3106.000000	-0.028286
3107.000000	-0.017952
3108.000000	-0.007517
3109.000000	-0.010808
3110.000000	-0.018155
3111.000000	-0.017156
3112.000000	-0.007983
3113.000000	0.005243
3114.000000	0.015188
3115.000000	0.015367
3116.000000	0.005915
3117.000000	-0.010337
3118.000000	-0.026381
3119.000000	-0.035338
3120.000000	-0.035019
3121.000000	-0.026093
3122.000000	-0.015972
3123.000000	-0.010108
3124.000000	0.000632
3125.000000	0.022823
3126.000000	0.038227
3127.000000	0.029457
3128.000000	0.007357
3129.000000	-0.012555
3130.000000	-0.024288
3131.000000	-0.025246
3132.000000	-0.016891
3133.000000	-0.002230
3134.000000	0.013606
3135.000000	0.024747
3136.000000	0.024485
3137.000000	0.010712
3138.000000	0.000542
3139.000000	0.007685
3140.000000	0.012996
3141.000000	-0.002261
3142.000000	-0.022336
3143.000000	-0.027907
3144.000000	-0.019856
3145.000000	-0.004571
3146.000000	0.009732
3147.000000	0.016079
3148.000000	0.014282
3149.000000	0.007245
3150.000000	0.003455
3151.000000	0.010528
3152.000000	0.027019
3153.000000	0.046451
3154.000000	0.051280
3155.000000	0.029048
3156.000000	-0.001299
3157.000000	-0.019174
3158.000000	-0.028831
3159.000000	-0.037991
3160.000000	-0.043405
3161.000000	-0.040146
3162.000000	-0.027530
3163.000000	-0.008113
3164.000000	0.006846
3165.000000	0.007662
3166.000000	-0.000344
3167.000000	-0.008086
3168.000000	-0.006435
3169.000000	0.009221
3170.000000	0.025381
3171.000000	0.029819
3172.000000	0.033513
3173.000000	0.046963
3174.000000	0.055544
3175.000000	0.045342
3176.000000	0.030402
3177.000000	0.026063
3178.000000	0.024889
3179.000000	0.016407
3180.000000	0.000789
3181.000000	-0.017796
3182.000000	-0.029827
3183.000000	-0.027684
3184.000000	-0.016715
3185.000000	-0.004973
3186.000000	0.001634
3187.000000	0.001253
3188.000000	0.006113
3189.000000	0.024587
3190.000000	0.035546
3191.000000	0.020540
3192.000000	0.001342
3193.000000	0.000027
3194.000000	-0.000351
3195.000000	-0.017657
3196.000000	-0.034417
3197.000000	-0.030806
3198.000000	-0.012928
3199.000000	0.007213
3200.000000	0.019938
3201.000000	0.019533
3202.000000	0.013813
3203.000000	0.011840
3204.000000	0.014138
3205.000000	0.019298
3206.000000	0.026727
3207.000000	0.034642
3208.000000	0.035678
3209.000000	0.025086
3210.000000	0.014162
3211.000000	0.012597
3212.000000	0.007609
3213.000000	-0.011689
3214.000000	-0.026131
3215.000000	-0.017354
3216.000000	-0.000268
3217.000000	0.006734
3218.000000	0.004608
3219.000000	0.000287
3220.000000	0.005275
3221.000000	0.025537
3222.000000	0.040320
3223.000000	0.030075
3224.000000	0.006807
3225.000000	-0.012065
3226.000000	-0.019006
3227.000000	-0.013272
3228.000000	-0.011411
3229.000000	-0.024740
3230.000000	-0.026362
3231.000000	0.006937
3232.000000	0.045438
3233.000000	0.056566
3234.000000	0.049269
3235.000000	0.039997
3236.000000	0.033701
3237.000000	0.030953
3238.000000	0.026323
3239.000000	0.016267
3240.000000	0.010800
3241.000000	0.017037
3242.000000	0.016936
3243.000000	-0.003849
3244.000000	-0.019729
3245.000000	-0.006146
3246.000000	0.017415
3247.000000	0.026374
3248.000000	0.019834
3249.000000	0.005167
3250.000000	-0.000849
3251.000000	0.013160
3252.000000	0.027534
3253.000000	0.021474
3254.000000	0.000650
3255.000000	-0.022077
3256.000000	-0.031556
3257.000000	-0.018150
3258.000000	0.003414
3259.000000	0.015821
3260.000000	0.015754
3261.000000	0.005779
3262.000000	-0.002001
3263.000000	0.004563
3264.000000	0.028276
3265.000000	0.062625
3266.000000	0.073164
3267.000000	0.035195
3268.000000	-0.009053
3269.000000	-0.014113
3270.000000	0.011515
3271.000000	0.045557
3272.000000	0.064601
3273.000000	0.054513
3274.000000	0.039390
3275.000000	0.045165
3276.000000	0.066869
3277.000000	0.089599
3278.000000	0.089630
3279.000000	0.054582
3280.000000	0.026288
3281.000000	0.041492
3282.000000	0.062370
3283.000000	0.048986
3284.000000	0.027520
3285.000000	0.031628
3286.000000	0.058737
3287.000000	0.095696
3288.000000	0.123252
3289.000000	0.124670
3290.000000	0.099379
3291.000000	0.055675
3292.000000	0.021161
3293.000000	0.019456
3294.000000	0.038939
3295.000000	0.059917
3296.000000	0.065650
3297.000000	0.047815
3298.000000	0.028804
3299.000000	0.030788
3300.000000	0.044347
3301.000000	0.055209
3302.000000	0.061273
3303.000000	0.062935
3304.000000	0.058393
3305.000000	0.047383
3306.000000	0.037976
3307.000000	0.037068
3308.000000	0.038509
3309.000000	0.036369
3310.000000	0.038655
3311.000000	0.052354
3312.000000	0.066451
3313.000000	0.068769
3314.000000	0.060475
3315.000000	0.047666
3316.000000	0.042801
3317.000000	0.054687
3318.000000	0.071149
3319.000000	0.077674
3320.000000	0.071379
3321.000000	0.055667
3322.000000	0.047468
3323.000000	0.059187
3324.000000	0.071596
3325.000000	0.064860
3326.000000	0.048346
3327.000000	0.036827
3328.000000	0.037498
3329.000000	0.053133
3330.000000	0.076385
3331.000000	0.096251
3332.000000	0.097209
3333.000000	0.069887
3334.000000	0.034026
3335.000000	0.013434
3336.000000	0.019068
3337.000000	0.051633
3338.000000	0.083664
3339.000000	0.088695
3340.000000	0.072419
3341.000000	0.051441
3342.000000	0.053869
3343.000000	0.093886
3344.000000	0.118482
3345.000000	0.083388
3346.000000	0.046497
3347.000000	0.066641
3348.000000	0.104244
3349.000000	0.109663
3350.000000	0.091391
3351.000000	0.069439
3352.000000	0.051739
3353.000000	0.042977
3354.000000	0.046930
3355.000000	0.064206
3356.000000	0.083648
3357.000000	0.093791
3358.000000	0.093711
3359.000000	0.086806
3360.000000	0.083211
3361.000000	0.089403
3362.000000	0.090497
3363.000000	0.073816
3364.000000	0.056885
3365.000000	0.057923
3366.000000	0.067739
3367.000000	0.073483
3368.000000	0.075085
3369.000000	0.074830
3370.000000	0.071656
3371.000000	0.065374
3372.000000	0.062649
3373.000000	0.067841
3374.000000	0.069244
3375.000000	0.055802
3376.000000	0.035136
3377.000000	0.019249
3378.000000	0.018993
3379.000000	0.039339
3380.000000	0.062888
3381.000000	0.070939
3382.000000	0.061940
3383.000000	0.042195
3384.000000	0.032268
3385.000000	0.046958
3386.000000	0.063743
3387.000000	0.059707
3388.000000	0.047676
3389.000000	0.044275
3390.000000	0.045590
3391.000000	0.044633
3392.000000	0.042659
3393.000000	0.040252
3394.000000	0.027051
3395.000000	-0.001824
3396.000000	-0.018403
3397.000000	0.001364
3398.000000	0.032992
3399.000000	0.048087
3400.000000	0.051160
3401.000000	0.053244
3402.000000	0.058550
3403.000000	0.066181
3404.000000	0.061615
3405.000000	0.035848
3406.000000	0.015568
3407.000000	0.025840
3408.000000	0.049552
3409.000000	0.062600
3410.000000	0.055082
3411.000000	0.028183
3412.000000	0.013227
3413.000000	0.034140
3414.000000	0.055109
3415.000000	0.040336
3416.000000	0.013814
3417.000000	0.004837
3418.000000	0.004102
3419.000000	-0.002894
3420.000000	-0.012865
3421.000000	-0.018769
3422.000000	-0.016342
3423.000000	-0.004322
3424.000000	0.009334
3425.000000	0.016925
3426.000000	0.021002
3427.000000	0.026214
3428.000000	0.035345
3429.000000	0.048729
3430.000000	0.058757
3431.000000	0.058605
3432.000000	0.052539
3433.000000	0.046213
3434.000000	0.039752
3435.000000	0.033653
3436.000000	0.035432
3437.000000	0.047233
3438.000000	0.042688
3439.000000	0.003258
3440.000000	-0.029770
3441.000000	-0.016392
3442.000000	0.018429
3443.000000	0.040498
3444.000000	0.043650
3445.000000	0.032114
3446.000000	0.023649
3447.000000	0.032511
3448.000000	0.045396
3449.000000	0.046643
3450.000000	0.038710
3451.000000	0.028980
3452.000000	0.026428
3453.000000	0.035601
3454.000000	0.041749
3455.000000	0.031138
3456.000000	0.013392
3457.000000	0.000523
3458.000000	-0.009270
3459.000000	-0.017728
3460.000000	-0.012538
3461.000000	0.013991
3462.000000	0.037014
3463.000000	0.034295
3464.000000	0.026557
3465.000000	0.035036
3466.000000	0.040051
3467.000000	0.021000
3468.000000	-0.005476
3469.000000	-0.018006
3470.000000	-0.013550
3471.000000	0.004743
3472.000000	0.027299
3473.000000	0.044355
3474.000000	0.051823
3475.000000	0.047742
3476.000000	0.032979
3477.000000	0.010728
3478.000000	-0.009345
3479.000000	-0.017955
3480.000000	-0.013829
3481.000000	-0.000332
3482.000000	0.008616
3483.000000	0.001465
3484.000000	-0.013301
3485.000000	-0.023378
3486.000000	-0.021221
3487.000000	-0.004772
3488.000000	0.010826
3489.000000	0.012404
3490.000000	0.011883
3491.000000	0.021591
3492.000000	0.030395
3493.000000	0.026083
3494.000000	0.015585
3495.000000	0.007853
3496.000000	0.000774
3497.000000	-0.009011
3498.000000	-0.018780
3499.000000	-0.025072
3500.000000	-0.027558
3501.000000	-0.025378
3502.000000	-0.012407
3503.000000	0.013602
3504.000000	0.034131
3505.000000	0.031963
3506.000000	0.015863
3507.000000	0.000482
3508.000000	-0.001976
3509.000000	0.013050
3510.000000	0.021996
3511.000000	0.004005
3512.000000	-0.022816
3513.000000	-0.034902
3514.000000	-0.025812
3515.000000	0.002523
3516.000000	0.031803
3517.000000	0.043124
3518.000000	0.031535
3519.000000	0.001386
3520.000000	-0.019714
3521.000000	-0.008661
3522.000000	0.016369
3523.000000	0.030636
3524.000000	0.024423
3525.000000	-0.002056
3526.000000	-0.023887
3527.000000	-0.019562
3528.000000	-0.005904
3529.000000	-0.003050
3530.000000	-0.006069
3531.000000	-0.005974
3532.000000	-0.002607
3533.000000	0.000827
3534.000000	-0.003491
3535.000000	-0.018985
3536.000000	-0.026893
3537.000000	-0.012286
3538.000000	0.002245
3539.000000	-0.004405
3540.000000	-0.009891
3541.000000	0.008403
3542.000000	0.030714
3543.000000	0.035040
3544.000000	0.032802
3545.000000	0.037614
3546.000000	0.038438
3547.000000	0.024518
3548.000000	0.010871
3549.000000	0.012495
3550.000000	0.018538
3551.000000	0.014965
3552.000000	0.000847
3553.000000	-0.019163
3554.000000	-0.031203
3555.000000	-0.023702
3556.000000	-0.003482
3557.000000	0.017668
3558.000000	0.026473
3559.000000	0.015275
3560.000000	0.000379
3561.000000	-0.002040
3562.000000	-0.000296
3563.000000	-0.005599
3564.000000	-0.016250
3565.000000	-0.025359
3566.000000	-0.018182
3567.000000	0.012702
3568.000000	0.037578
3569.000000	0.030491
3570.000000	0.017668
3571.000000	0.026913
3572.000000	0.040150
3573.000000	0.034986
3574.000000	0.017632
3575.000000	0.000019
3576.000000	-0.011655
3577.000000	-0.013456
3578.000000	-0.004766
3579.000000	0.011977
3580.000000	0.025436
3581.000000	0.025251
3582.000000	0.013885
3583.000000	-0.002446
3584.000000	-0.015321
3585.000000	-0.018670
3586.000000	-0.018029
3587.000000	-0.020199
3588.000000	-0.025431
3589.000000	-0.030564
3590.000000	-0.025340
3591.000000	-0.003101
3592.000000	0.021302
3593.000000	0.031616
3594.000000	0.027477
3595.000000	0.013261
3596.000000	-0.003576
3597.000000	-0.016089
3598.000000	-0.022456
3599.000000	-0.022133
3600.000000	-0.014578
