400.000000	0.000136
401.000000	-0.014087
402.000000	-0.017895
403.000000	-0.013614
404.000000	-0.003570
405.000000	0.008974
406.000000	0.017003
407.000000	0.015031
408.000000	0.007445
409.000000	0.000255
410.000000	-0.003908
411.000000	-0.003759
412.000000	-0.000018
413.000000	0.005934
414.000000	0.012070
415.000000	0.016318
416.000000	0.017080
417.000000	0.013443
418.000000	0.006747
419.000000	-0.001088
420.000000	-0.008092
421.000000	-0.012162
422.000000	-0.010716
423.000000	-0.002480
424.000000	0.008099
425.000000	0.015809
426.000000	0.018090
427.000000	0.014385
428.000000	0.009494
429.000000	0.008163
430.000000	0.009573
431.000000	0.011354
432.000000	0.010508
433.000000	0.005070
434.000000	-0.002150
435.000000	-0.007783
436.000000	-0.010992
437.000000	-0.012114
438.000000	-0.013640
439.000000	-0.017652
440.000000	-0.022454
441.000000	-0.025600
442.000000	-0.025421
443.000000	-0.021294
444.000000	-0.015988
445.000000	-0.012433
446.000000	-0.010811
447.000000	-0.010369
448.000000	-0.009368
449.000000	-0.006603
450.000000	-0.003998
451.000000	-0.003820
452.000000	-0.006583
453.000000	-0.011692
454.000000	-0.015862
455.000000	-0.016081
456.000000	-0.013111
457.000000	-0.008702
458.000000	-0.004795
459.000000	-0.002795
460.000000	-0.001780
461.000000	-0.000631
462.000000	0.000219
463.000000	-0.000328
464.000000	-0.004478
465.000000	-0.013482
466.000000	-0.023678
467.000000	-0.030668
468.000000	-0.032038
469.000000	-0.027038
470.000000	-0.019607
471.000000	-0.013809
472.000000	-0.009532
473.000000	-0.005472
474.000000	0.000265
475.000000	0.008394
476.000000	0.014310
477.000000	0.013214
478.000000	0.004838
479.000000	-0.008915
480.000000	-0.021992
481.000000	-0.028729
482.000000	-0.029179
483.000000	-0.024854
484.000000	-0.017403
485.000000	-0.008565
486.000000	-0.000319
487.000000	0.005678
488.000000	0.009300
489.000000	0.010964
490.000000	0.011727
491.000000	0.012423
492.000000	0.012349
493.000000	0.010654
494.000000	0.007415
495.000000	0.003187
496.000000	-0.000509
497.000000	-0.002094
498.000000	-0.000733
499.000000	0.004068
500.000000	0.012170
501.000000	0.022383
502.000000	0.029933
503.000000	0.030507
504.000000	0.025206
505.000000	0.017136
506.000000	0.012002
507.000000	0.013888
508.000000	0.017782
509.000000	0.017460
510.000000	0.010939
511.000000	-0.001136
512.000000	-0.011858
513.000000	-0.014753
514.000000	-0.011341
515.000000	-0.005158
516.000000	0.000188
517.000000	0.002267
518.000000	0.003441
519.000000	0.006508
520.000000	0.011231
521.000000	0.016271
522.000000	0.018918
523.000000	0.017167
524.000000	0.013189
525.000000	0.009849
526.000000	0.008604
527.000000	0.010052
528.000000	0.012755
529.000000	0.015076
530.000000	0.016604
531.000000	0.017270
532.000000	0.017133
533.000000	0.016303
534.000000	0.014947
535.000000	0.013312
536.000000	0.011888
537.000000	0.011302
538.000000	0.012476
539.000000	0.015681
540.000000	0.018287
541.000000	0.017437
542.000000	0.012269
543.000000	0.003292
544.000000	-0.005481
545.000000	-0.010081
546.000000	-0.010211
547.000000	-0.006628
548.000000	-0.000648
549.000000	0.005932
550.000000	0.009940
551.000000	0.008701
552.000000	0.002901
553.000000	-0.005414
554.000000	-0.012119
555.000000	-0.013913
556.000000	-0.012880
557.000000	-0.012005
558.000000	-0.012505
559.000000	-0.014413
560.000000	-0.014804
561.000000	-0.011143
562.000000	-0.005418
563.000000	-0.000662
564.000000	0.000441
565.000000	-0.003474
566.000000	-0.008852
567.000000	-0.011769
568.000000	-0.011744
569.000000	-0.009524
570.000000	-0.007328
571.000000	-0.006961
572.000000	-0.007115
573.000000	-0.006101
574.000000	-0.003833
575.000000	-0.001315
576.000000	-0.002301
577.000000	-0.009582
578.000000	-0.019356
579.000000	-0.026469
580.000000	-0.026959
581.000000	-0.019218
582.000000	-0.009865
583.000000	-0.005891
584.000000	-0.007553
585.000000	-0.012875
586.000000	-0.017701
587.000000	-0.018394
588.000000	-0.015589
589.000000	-0.010901
590.000000	-0.005608
591.000000	-0.001009
592.000000	0.001160
593.000000	-0.000190
594.000000	-0.003123
595.000000	-0.005138
596.000000	-0.004485
597.000000	-0.000372
598.000000	0.004911
599.000000	0.008878
600.000000	0.011328
601.000000	0.012741
602.000000	0.014024
603.000000	0.015621
604.000000	0.015707
605.000000	0.012382
606.000000	0.005712
607.000000	-0.003356
608.000000	-0.012322
609.000000	-0.018859
610.000000	-0.022875
611.000000	-0.024846
612.000000	-0.025276
613.000000	-0.024767
614.000000	-0.024285
615.000000	-0.024526
616.000000	-0.024731
617.000000	-0.023789
618.000000	-0.020627
619.000000	-0.014663
620.000000	-0.007235
621.000000	-0.000057
622.000000	0.005563
623.000000	0.008437
624.000000	0.007456
625.000000	0.002076
626.000000	-0.006058
627.000000	-0.014848
628.000000	-0.022580
629.000000	-0.027607
630.000000	-0.028175
631.000000	-0.023418
632.000000	-0.016144
633.000000	-0.009881
634.000000	-0.007365
635.000000	-0.010069
636.000000	-0.015200
637.000000	-0.019412
638.000000	-0.021404
639.000000	-0.020508
640.000000	-0.016524
641.000000	-0.010067
642.000000	-0.004524
643.000000	-0.003135
644.000000	-0.005767
645.000000	-0.010609
646.000000	-0.012501
647.000000	-0.007674
648.000000	-0.001258
649.000000	0.000335
650.000000	-0.005532
651.000000	-0.018384
652.000000	-0.029061
653.000000	-0.029155
654.000000	-0.021935
655.000000	-0.013583
656.000000	-0.010245
657.000000	-0.015545
658.000000	-0.023063
659.000000	-0.025491
660.000000	-0.022011
661.000000	-0.013991
662.000000	-0.005051
663.000000	0.001332
664.000000	0.004497
665.000000	0.004645
666.000000	0.002623
667.000000	-0.000191
668.000000	-0.000930
669.000000	0.002465
670.000000	0.007331
671.000000	0.010220
672.000000	0.009277
673.000000	0.004325
674.000000	0.000308
675.000000	0.001848
676.000000	0.007159
677.000000	0.012756
678.000000	0.014759
679.000000	0.010625
680.000000	0.003543
681.000000	-0.002604
682.000000	-0.006878
683.000000	-0.009365
684.000000	-0.011287
685.000000	-0.013775
686.000000	-0.016452
687.000000	-0.018609
688.000000	-0.019726
689.000000	-0.019230
690.000000	-0.016155
691.000000	-0.010265
692.000000	-0.004628
693.000000	-0.002661
694.000000	-0.005874
695.000000	-0.013632
696.000000	-0.018645
697.000000	-0.014390
698.000000	-0.004080
699.000000	0.006500
700.000000	0.011009
701.000000	0.005623
702.000000	-0.002864
703.000000	-0.006735
704.000000	-0.005210
705.000000	0.000046
706.000000	0.004511
707.000000	0.004335
708.000000	0.001213
709.000000	-0.002135
710.000000	-0.004423
711.000000	-0.004963
712.000000	-0.004037
713.000000	-0.002236
714.000000	-0.000434
715.000000	0.000527
716.000000	0.000214
717.000000	-0.001461
718.000000	-0.003605
719.000000	-0.005155
720.000000	-0.005352
721.000000	-0.003586
722.000000	0.000448
723.000000	0.006682
724.000000	0.013857
725.000000	0.020476
726.000000	0.025291
727.000000	0.027164
728.000000	0.025147
729.000000	0.018876
730.000000	0.010120
731.000000	0.001080
732.000000	-0.006465
733.000000	-0.010848
734.000000	-0.010449
735.000000	-0.004347
736.000000	0.005616
737.000000	0.017136
738.000000	0.028831
739.000000	0.039959
740.000000	0.051411
741.000000	0.064206
742.000000	0.078253
743.000000	0.093067
744.000000	0.107713
745.000000	0.121942
746.000000	0.138693
747.000000	0.159071
748.000000	0.173641
749.000000	0.174463
750.000000	0.170119
751.000000	0.169548
752.000000	0.166596
753.000000	0.154543
754.000000	0.139491
755.000000	0.127592
756.000000	0.112385
757.000000	0.087684
758.000000	0.061033
759.000000	0.041613
760.000000	0.031423
761.000000	0.029134
762.000000	0.027279
763.000000	0.019251
764.000000	0.008001
765.000000	-0.001620
766.000000	-0.006742
767.000000	-0.006135
768.000000	-0.003167
769.000000	-0.001421
770.000000	-0.000751
771.000000	-0.000101
772.000000	0.001496
773.000000	0.004528
774.000000	0.007649
775.000000	0.009305
776.000000	0.008931
777.000000	0.006301
778.000000	0.001550
779.000000	-0.004325
780.000000	-0.007237
781.000000	-0.003458
782.000000	0.006216
783.000000	0.019169
784.000000	0.030034
785.000000	0.034309
786.000000	0.033702
787.000000	0.031081
788.000000	0.027750
789.000000	0.024255
790.000000	0.019684
791.000000	0.013348
792.000000	0.006901
793.000000	0.002298
794.000000	0.000357
795.000000	0.000980
796.000000	0.001555
797.000000	-0.000328
798.000000	-0.003753
799.000000	-0.007042
800.000000	-0.008794
801.000000	-0.008449
802.000000	-0.008522
803.000000	-0.011237
804.000000	-0.014569
805.000000	-0.015397
806.000000	-0.010451
807.000000	0.001307
808.000000	0.011847
809.000000	0.013114
810.000000	0.006010
811.000000	-0.005385
812.000000	-0.013241
813.000000	-0.011321
814.000000	-0.003513
815.000000	0.004531
816.000000	0.010235
817.000000	0.012212
818.000000	0.010749
819.000000	0.006840
820.000000	0.002631
821.000000	0.000208
822.000000	0.000270
823.000000	0.002587
824.000000	0.004591
825.000000	0.003984
826.000000	0.001884
827.000000	0.000104
828.000000	-0.000193
829.000000	0.001541
830.000000	0.004028
831.000000	0.005812
832.000000	0.006541
833.000000	0.006170
834.000000	0.004780
835.000000	0.002488
836.000000	-0.000584
837.000000	-0.004258
838.000000	-0.008136
839.000000	-0.011764
840.000000	-0.014679
841.000000	-0.016248
842.000000	-0.015172
843.000000	-0.010587
844.000000	-0.004041
845.000000	0.002055
846.000000	0.004244
847.000000	0.000307
848.000000	-0.005976
849.000000	-0.010139
850.000000	-0.010978
851.000000	-0.008713
852.000000	-0.005985
853.000000	-0.004999
854.000000	-0.003784
855.000000	0.000082
856.000000	0.006662
857.000000	0.014648
858.000000	0.019619
859.000000	0.018049
860.000000	0.013101
861.000000	0.009121
862.000000	0.008499
863.000000	0.012082
864.000000	0.016493
865.000000	0.018329
866.000000	0.018315
867.000000	0.018073
868.000000	0.018699
869.000000	0.020404
870.000000	0.020401
871.000000	0.016237
872.000000	0.009803
873.000000	0.004026
874.000000	0.001628
875.000000	0.004117
876.000000	0.008349
877.000000	0.010644
878.000000	0.009816
879.000000	0.005509
880.000000	-0.001814
881.000000	-0.010830
882.000000	-0.017600
883.000000	-0.018425
884.000000	-0.013177
885.000000	-0.003022
886.000000	0.009268
887.000000	0.020279
888.000000	0.025617
889.000000	0.021956
890.000000	0.011208
891.000000	-0.002409
892.000000	-0.010678
893.000000	-0.006983
894.000000	0.004900
895.000000	0.019052
896.000000	0.031385
897.000000	0.038473
898.000000	0.037713
899.000000	0.028249
900.000000	0.015395
901.000000	0.005203
902.000000	0.000497
903.000000	0.001982
904.000000	0.005123
905.000000	0.005404
906.000000	0.003629
907.000000	0.001739
908.000000	0.000894
909.000000	0.001540
910.000000	0.002057
911.000000	0.000964
912.000000	-0.000605
913.000000	-0.000967
914.000000	0.001129
915.000000	0.006727
916.000000	0.016473
917.000000	0.029775
918.000000	0.041492
919.000000	0.045815
920.000000	0.038823
921.000000	0.020533
922.000000	0.004836
923.000000	0.005072
924.000000	0.018509
925.000000	0.037814
926.000000	0.053331
927.000000	0.057717
928.000000	0.055188
929.000000	0.051744
930.000000	0.048942
931.000000	0.046997
932.000000	0.045193
933.000000	0.043181
934.000000	0.043012
935.000000	0.046352
936.000000	0.050932
937.000000	0.053077
938.000000	0.047439
939.000000	0.031663
940.000000	0.017051
941.000000	0.015282
942.000000	0.025873
943.000000	0.043376
944.000000	0.054627
945.000000	0.049392
946.000000	0.036859
947.000000	0.028928
948.000000	0.028928
949.000000	0.036460
950.000000	0.044799
951.000000	0.047231
952.000000	0.043415
953.000000	0.034874
954.000000	0.024210
955.000000	0.014874
956.000000	0.012639
957.000000	0.021419
958.000000	0.035359
959.000000	0.047097
960.000000	0.053019
961.000000	0.051809
962.000000	0.047604
963.000000	0.044821
964.000000	0.043536
965.000000	0.042825
966.000000	0.042092
967.000000	0.040854
968.000000	0.038738
969.000000	0.035860
970.000000	0.034181
971.000000	0.035711
972.000000	0.040797
973.000000	0.048084
974.000000	0.051067
975.000000	0.044600
976.000000	0.034138
977.000000	0.027159
978.000000	0.028640
979.000000	0.040519
980.000000	0.055074
981.000000	0.064061
982.000000	0.066815
983.000000	0.064768
984.000000	0.060177
985.000000	0.055888
986.000000	0.056300
987.000000	0.064251
988.000000	0.074803
989.000000	0.081378
990.000000	0.078627
991.000000	0.064484
992.000000	0.048782
993.000000	0.041761
994.000000	0.043374
995.000000	0.050710
996.000000	0.059679
997.000000	0.066775
998.000000	0.072012
999.000000	0.076556
1000.000000	0.082656
1001.000000	0.092659
1002.000000	0.108227
1003.000000	0.128059
1004.000000	0.139698
1005.000000	0.132046
1006.000000	0.110604
1007.000000	0.085707
1008.000000	0.070412
1009.000000	0.073555
1010.000000	0.084356
1011.000000	0.089843
1012.000000	0.087903
1013.000000	0.079818
1014.000000	0.069592
1015.000000	0.061125
1016.000000	0.055187
1017.000000	0.051459
1018.000000	0.048393
1019.000000	0.044035
1020.000000	0.036045
1021.000000	0.023602
1022.000000	0.012357
1023.000000	0.008153
1024.000000	0.011118
1025.000000	0.019375
1026.000000	0.028732
1027.000000	0.035320
1028.000000	0.038881
1029.000000	0.040220
1030.000000	0.040773
1031.000000	0.042273
1032.000000	0.046996
1033.000000	0.055291
1034.000000	0.059252
1035.000000	0.051458
1036.000000	0.034677
1037.000000	0.015420
1038.000000	0.004983
1039.000000	0.011595
1040.000000	0.026441
1041.000000	0.038270
1042.000000	0.043124
1043.000000	0.039721
1044.000000	0.030181
1045.000000	0.018114
1046.000000	0.009687
1047.000000	0.010305
1048.000000	0.019761
1049.000000	0.035592
1050.000000	0.051927
1051.000000	0.063251
1052.000000	0.068888
1053.000000	0.069492
1054.000000	0.066193
1055.000000	0.060363
1056.000000	0.053846
1057.000000	0.048966
1058.000000	0.049475
1059.000000	0.058049
1060.000000	0.071630
1061.000000	0.084770
1062.000000	0.088212
1063.000000	0.076299
1064.000000	0.061600
1065.000000	0.058033
1066.000000	0.066700
1067.000000	0.083588
1068.000000	0.097033
1069.000000	0.096964
1070.000000	0.087324
1071.000000	0.074924
1072.000000	0.064030
1073.000000	0.058021
1074.000000	0.059278
1075.000000	0.068732
1076.000000	0.082504
1077.000000	0.096094
1078.000000	0.107310
1079.000000	0.114919
1080.000000	0.119200
1081.000000	0.120773
1082.000000	0.120112
1083.000000	0.117628
1084.000000	0.113616
1085.000000	0.108288
1086.000000	0.101624
1087.000000	0.094210
1088.000000	0.089274
1089.000000	0.089765
1090.000000	0.094877
1091.000000	0.102337
1092.000000	0.107768
1093.000000	0.107417
1094.000000	0.102140
1095.000000	0.093934
1096.000000	0.084743
1097.000000	0.076481
1098.000000	0.070989
1099.000000	0.070185
1100.000000	0.076364
1101.000000	0.090515
1102.000000	0.108015
1103.000000	0.122212
1104.000000	0.123961
1105.000000	0.108174
1106.000000	0.088489
1107.000000	0.079821
1108.000000	0.083477
1109.000000	0.095886
1110.000000	0.107584
1111.000000	0.110157
1112.000000	0.105282
1113.000000	0.096862
1114.000000	0.087624
1115.000000	0.079965
1116.000000	0.076135
1117.000000	0.077810
1118.000000	0.084525
1119.000000	0.095104
1120.000000	0.107666
1121.000000	0.120003
1122.000000	0.129306
1123.000000	0.134252
1124.000000	0.140074
1125.000000	0.151042
1126.000000	0.161009
1127.000000	0.163765
1128.000000	0.163254
1129.000000	0.164350
1130.000000	0.165498
1131.000000	0.165090
1132.000000	0.167743
1133.000000	0.175014
1134.000000	0.169987
1135.000000	0.139869
1136.000000	0.106833
1137.000000	0.094380
1138.000000	0.096371
1139.000000	0.100307
1140.000000	0.097895
1141.000000	0.085088
1142.000000	0.070619
1143.000000	0.063668
1144.000000	0.062421
1145.000000	0.062211
1146.000000	0.057943
1147.000000	0.046725
1148.000000	0.034897
1149.000000	0.029240
1150.000000	0.029065
1151.000000	0.031769
1152.000000	0.034560
1153.000000	0.035595
1154.000000	0.037012
1155.000000	0.041152
1156.000000	0.047171
1157.000000	0.053429
1158.000000	0.058279
1159.000000	0.060130
1160.000000	0.057623
1161.000000	0.050406
1162.000000	0.041930
1163.000000	0.036185
1164.000000	0.035512
1165.000000	0.040285
1166.000000	0.044659
1167.000000	0.043678
1168.000000	0.042151
1169.000000	0.046338
1170.000000	0.058528
1171.000000	0.077699
1172.000000	0.093550
1173.000000	0.096426
1174.000000	0.088536
1175.000000	0.074899
1176.000000	0.059908
1177.000000	0.047609
1178.000000	0.041282
1179.000000	0.042015
1180.000000	0.042900
1181.000000	0.036660
1182.000000	0.022554
1183.000000	0.003739
1184.000000	-0.007553
1185.000000	-0.001396
1186.000000	0.013853
1187.000000	0.026851
1188.000000	0.032598
1189.000000	0.029120
1190.000000	0.020203
1191.000000	0.010329
1192.000000	0.001016
1193.000000	-0.007073
1194.000000	-0.013733
1195.000000	-0.019084
1196.000000	-0.024090
1197.000000	-0.028870
1198.000000	-0.029314
1199.000000	-0.021790
1200.000000	-0.008814
1201.000000	0.004844
1202.000000	0.011542
1203.000000	0.006594
1204.000000	0.000006
1205.000000	0.002544
1206.000000	0.013318
1207.000000	0.027691
1208.000000	0.037695
1209.000000	0.037476
1210.000000	0.032979
1211.000000	0.031382
1212.000000	0.032987
1213.000000	0.036172
1214.000000	0.038486
1215.000000	0.039003
1216.000000	0.043713
1217.000000	0.057853
1218.000000	0.076714
1219.000000	0.093297
1220.000000	0.101376
1221.000000	0.097638
1222.000000	0.089635
1223.000000	0.085474
1224.000000	0.084618
1225.000000	0.084446
1226.000000	0.082655
1227.000000	0.077646
1228.000000	0.070315
1229.000000	0.062668
1230.000000	0.058670
1231.000000	0.061877
1232.000000	0.072266
1233.000000	0.087022
1234.000000	0.095732
1235.000000	0.089678
1236.000000	0.074512
1237.000000	0.058753
1238.000000	0.048013
1239.000000	0.046273
1240.000000	0.053895
1241.000000	0.068666
1242.000000	0.081702
1243.000000	0.084379
1244.000000	0.075794
1245.000000	0.058725
1246.000000	0.042958
1247.000000	0.037381
1248.000000	0.040281
1249.000000	0.047600
1250.000000	0.056511
1251.000000	0.064636
1252.000000	0.070174
1253.000000	0.071171
1254.000000	0.064491
1255.000000	0.048559
1256.000000	0.029218
1257.000000	0.014378
1258.000000	0.012802
1259.000000	0.028995
1260.000000	0.049573
1261.000000	0.059975
1262.000000	0.058824
1263.000000	0.048718
1264.000000	0.034973
1265.000000	0.023492
1266.000000	0.019815
1267.000000	0.027044
1268.000000	0.038893
1269.000000	0.047409
1270.000000	0.047356
1271.000000	0.037477
1272.000000	0.029696
1273.000000	0.034874
1274.000000	0.046422
1275.000000	0.054568
1276.000000	0.054246
1277.000000	0.044187
1278.000000	0.033597
1279.000000	0.031143
1280.000000	0.032852
1281.000000	0.032806
1282.000000	0.029943
1283.000000	0.025820
1284.000000	0.027598
1285.000000	0.040223
1286.000000	0.054164
1287.000000	0.058772
1288.000000	0.053412
1289.000000	0.041484
1290.000000	0.032524
1291.000000	0.034538
1292.000000	0.043272
1293.000000	0.052474
1294.000000	0.060162
1295.000000	0.065803
1296.000000	0.070381
1297.000000	0.075344
1298.000000	0.082473
1299.000000	0.093572
1300.000000	0.110205
1301.000000	0.133370
1302.000000	0.162045
1303.000000	0.192117
1304.000000	0.209120
1305.000000	0.201891
1306.000000	0.182839
1307.000000	0.168764
1308.000000	0.170475
1309.000000	0.191846
1310.000000	0.215019
1311.000000	0.222071
1312.000000	0.216561
1313.000000	0.206468
1314.000000	0.195977
1315.000000	0.186760
1316.000000	0.174242
1317.000000	0.154801
1318.000000	0.134870
1319.000000	0.121795
1320.000000	0.116518
1321.000000	0.117167
1322.000000	0.117027
1323.000000	0.111072
1324.000000	0.105866
1325.000000	0.108534
1326.000000	0.116854
1327.000000	0.125676
1328.000000	0.127485
1329.000000	0.118700
1330.000000	0.113851
1331.000000	0.126885
1332.000000	0.151324
1333.000000	0.175746
1334.000000	0.189383
1335.000000	0.185868
1336.000000	0.175776
1337.000000	0.170554
1338.000000	0.168204
1339.000000	0.164609
1340.000000	0.160632
1341.000000	0.157519
1342.000000	0.153060
1343.000000	0.145450
1344.000000	0.137966
1345.000000	0.133844
1346.000000	0.131066
1347.000000	0.127030
1348.000000	0.122038
1349.000000	0.116871
1350.000000	0.111333
1351.000000	0.105345
1352.000000	0.100291
1353.000000	0.098009
1354.000000	0.100704
1355.000000	0.109294
1356.000000	0.119192
1357.000000	0.125543
1358.000000	0.127918
1359.000000	0.127286
1360.000000	0.125786
1361.000000	0.125237
1362.000000	0.125018
1363.000000	0.124429
1364.000000	0.124911
1365.000000	0.128014
1366.000000	0.133597
1367.000000	0.139685
1368.000000	0.138657
1369.000000	0.124700
1370.000000	0.104864
1371.000000	0.088162
1372.000000	0.078594
1373.000000	0.076999
1374.000000	0.076582
1375.000000	0.071159
1376.000000	0.064621
1377.000000	0.062130
1378.000000	0.063852
1379.000000	0.068027
1380.000000	0.070178
1381.000000	0.067336
1382.000000	0.065272
1383.000000	0.069885
1384.000000	0.078832
1385.000000	0.087510
1386.000000	0.090511
1387.000000	0.084615
1388.000000	0.076155
1389.000000	0.071988
1390.000000	0.071508
1391.000000	0.072415
1392.000000	0.073109
1393.000000	0.073367
1394.000000	0.077791
1395.000000	0.089566
1396.000000	0.101394
1397.000000	0.105090
1398.000000	0.099421
1399.000000	0.086993
1400.000000	0.078820
1401.000000	0.083389
1402.000000	0.090665
1403.000000	0.088733
1404.000000	0.076685
1405.000000	0.057605
1406.000000	0.039552
1407.000000	0.029676
1408.000000	0.026534
1409.000000	0.026851
1410.000000	0.028625
1411.000000	0.030265
1412.000000	0.030538
1413.000000	0.028686
1414.000000	0.025479
1415.000000	0.021970
1416.000000	0.018802
1417.000000	0.016511
1418.000000	0.015599
1419.000000	0.016643
1420.000000	0.020553
1421.000000	0.027381
1422.000000	0.033417
1423.000000	0.034987
1424.000000	0.032325
1425.000000	0.027317
1426.000000	0.024562
1427.000000	0.027866
1428.000000	0.035157
1429.000000	0.043078
1430.000000	0.049025
1431.000000	0.050880
1432.000000	0.047726
1433.000000	0.040407
1434.000000	0.035601
1435.000000	0.039358
1436.000000	0.049366
1437.000000	0.061377
1438.000000	0.071754
1439.000000	0.077966
1440.000000	0.081304
1441.000000	0.083768
1442.000000	0.086380
1443.000000	0.089746
1444.000000	0.093794
1445.000000	0.098128
1446.000000	0.101747
1447.000000	0.103621
1448.000000	0.103213
1449.000000	0.100788
1450.000000	0.099339
1451.000000	0.102403
1452.000000	0.112967
1453.000000	0.130887
1454.000000	0.144031
1455.000000	0.141612
1456.000000	0.130214
1457.000000	0.119956
1458.000000	0.117743
1459.000000	0.126136
1460.000000	0.133555
1461.000000	0.128954
1462.000000	0.117577
1463.000000	0.107400
1464.000000	0.101028
1465.000000	0.098412
1466.000000	0.094259
1467.000000	0.084385
1468.000000	0.074286
1469.000000	0.069974
1470.000000	0.069845
1471.000000	0.070091
1472.000000	0.065720
1473.000000	0.054172
1474.000000	0.043813
1475.000000	0.042793
1476.000000	0.047474
1477.000000	0.051713
1478.000000	0.051136
1479.000000	0.043509
1480.000000	0.033387
1481.000000	0.026068
1482.000000	0.023030
1483.000000	0.024256
1484.000000	0.027579
1485.000000	0.029837
1486.000000	0.026049
1487.000000	0.014081
1488.000000	0.004992
1489.000000	0.009316
1490.000000	0.022273
1491.000000	0.034911
1492.000000	0.036890
1493.000000	0.021731
1494.000000	-0.000214
1495.000000	-0.016726
1496.000000	-0.024959
1497.000000	-0.024905
1498.000000	-0.018533
1499.000000	-0.008764
1500.000000	-0.000354
1501.000000	0.002523
1502.000000	-0.000137
1503.000000	-0.006995
1504.000000	-0.015493
1505.000000	-0.022739
1506.000000	-0.025708
1507.000000	-0.022668
1508.000000	-0.017188
1509.000000	-0.013514
1510.000000	-0.013286
1511.000000	-0.017103
1512.000000	-0.023988
1513.000000	-0.031673
1514.000000	-0.034288
1515.000000	-0.027587
1516.000000	-0.017425
1517.000000	-0.010935
1518.000000	-0.010259
1519.000000	-0.014675
1520.000000	-0.016986
1521.000000	-0.011205
1522.000000	-0.002651
1523.000000	0.002105
1524.000000	0.002805
1525.000000	0.001219
1526.000000	0.000927
1527.000000	0.004943
1528.000000	0.012202
1529.000000	0.020642
1530.000000	0.028302
1531.000000	0.033469
1532.000000	0.035335
1533.000000	0.033729
1534.000000	0.030133
1535.000000	0.026559
1536.000000	0.025482
1537.000000	0.028781
1538.000000	0.035501
1539.000000	0.043587
1540.000000	0.049432
1541.000000	0.050229
1542.000000	0.047923
1543.000000	0.045314
1544.000000	0.043856
1545.000000	0.044563
1546.000000	0.048029
1547.000000	0.054930
1548.000000	0.066696
1549.000000	0.083159
1550.000000	0.097013
1551.000000	0.101104
1552.000000	0.096029
1553.000000	0.086139
1554.000000	0.083063
1555.000000	0.095656
1556.000000	0.114397
1557.000000	0.127236
1558.000000	0.130383
1559.000000	0.123013
1560.000000	0.107897
1561.000000	0.089642
1562.000000	0.076603
1563.000000	0.075325
1564.000000	0.081359
1565.000000	0.088297
1566.000000	0.092879
1567.000000	0.094130
1568.000000	0.097077
1569.000000	0.106369
1570.000000	0.119154
1571.000000	0.131381
1572.000000	0.141707
1573.000000	0.149726
1574.000000	0.156056
1575.000000	0.161522
1576.000000	0.166740
1577.000000	0.172011
1578.000000	0.176582
1579.000000	0.179832
1580.000000	0.182732
1581.000000	0.187531
1582.000000	0.199993
1583.000000	0.223068
1584.000000	0.244923
1585.000000	0.252840
1586.000000	0.245330
1587.000000	0.225161
1588.000000	0.200897
1589.000000	0.180977
1590.000000	0.167540
1591.000000	0.160277
1592.000000	0.155391
1593.000000	0.148623
1594.000000	0.137364
1595.000000	0.120594
1596.000000	0.101989
1597.000000	0.086473
1598.000000	0.079249
1599.000000	0.083926
1600.000000	0.097449
1601.000000	0.114336
1602.000000	0.126060
1603.000000	0.126340
1604.000000	0.120930
1605.000000	0.117156
1606.000000	0.116589
1607.000000	0.119075
1608.000000	0.123309
1609.000000	0.127575
1610.000000	0.129665
1611.000000	0.127897
1612.000000	0.123175
1613.000000	0.116870
1614.000000	0.109617
1615.000000	0.101781
1616.000000	0.093376
1617.000000	0.085017
1618.000000	0.080072
1619.000000	0.081553
1620.000000	0.088287
1621.000000	0.097837
1622.000000	0.106886
1623.000000	0.111806
1624.000000	0.108601
1625.000000	0.095534
1626.000000	0.080258
1627.000000	0.070961
1628.000000	0.068571
1629.000000	0.071144
1630.000000	0.072507
1631.000000	0.068026
1632.000000	0.063448
1633.000000	0.064950
1634.000000	0.070053
1635.000000	0.074498
1636.000000	0.075569
1637.000000	0.072465
1638.000000	0.070499
1639.000000	0.074247
1640.000000	0.079233
1641.000000	0.079997
1642.000000	0.076197
1643.000000	0.069812
1644.000000	0.067003
1645.000000	0.072501
1646.000000	0.081147
1647.000000	0.087571
1648.000000	0.095452
1649.000000	0.107031
1650.000000	0.109758
1651.000000	0.094475
1652.000000	0.080375
1653.000000	0.086638
1654.000000	0.104040
1655.000000	0.118818
1656.000000	0.127448
1657.000000	0.129791
1658.000000	0.129007
1659.000000	0.127835
1660.000000	0.124026
1661.000000	0.115760
1662.000000	0.107929
1663.000000	0.106059
1664.000000	0.111512
1665.000000	0.122931
1666.000000	0.132257
1667.000000	0.132942
1668.000000	0.131188
1669.000000	0.133851
1670.000000	0.137643
1671.000000	0.136791
1672.000000	0.125714
1673.000000	0.103151
1674.000000	0.084934
1675.000000	0.085561
1676.000000	0.097103
1677.000000	0.107608
1678.000000	0.111452
1679.000000	0.106667
1680.000000	0.099577
1681.000000	0.096420
1682.000000	0.094804
1683.000000	0.091201
1684.000000	0.086166
1685.000000	0.081241
1686.000000	0.077842
1687.000000	0.076787
1688.000000	0.076634
1689.000000	0.075482
1690.000000	0.071852
1691.000000	0.064916
1692.000000	0.056017
1693.000000	0.047325
1694.000000	0.042151
1695.000000	0.042290
1696.000000	0.042324
1697.000000	0.037273
1698.000000	0.031127
1699.000000	0.028648
1700.000000	0.028728
1701.000000	0.029219
1702.000000	0.029697
1703.000000	0.030173
1704.000000	0.030667
1705.000000	0.031183
1706.000000	0.031637
1707.000000	0.032007
1708.000000	0.032606
1709.000000	0.033520
1710.000000	0.033576
1711.000000	0.032461
1712.000000	0.034545
1713.000000	0.041001
1714.000000	0.035515
1715.000000	0.006415
1716.000000	-0.021929
1717.000000	-0.025645
1718.000000	-0.018899
1719.000000	-0.019989
1720.000000	-0.025710
1721.000000	-0.028055
1722.000000	-0.021323
1723.000000	-0.004204
1724.000000	0.009336
1725.000000	0.006500
1726.000000	-0.005578
1727.000000	-0.016452
1728.000000	-0.022374
1729.000000	-0.022016
1730.000000	-0.017041
1731.000000	-0.010059
1732.000000	-0.004468
1733.000000	-0.002770
1734.000000	-0.003089
1735.000000	-0.002931
1736.000000	-0.001710
1737.000000	0.000098
1738.000000	-0.000330
1739.000000	-0.004836
1740.000000	-0.009003
1741.000000	-0.008522
1742.000000	-0.005787
1743.000000	-0.004347
1744.000000	-0.005663
1745.000000	-0.009778
1746.000000	-0.013158
1747.000000	-0.012659
1748.000000	-0.010268
1749.000000	-0.008790
1750.000000	-0.009168
1751.000000	-0.011490
1752.000000	-0.014282
1753.000000	-0.016216
1754.000000	-0.018118
1755.000000	-0.020703
1756.000000	-0.022096
1757.000000	-0.020231
1758.000000	-0.014867
1759.000000	-0.006981
1760.000000	-0.000597
1761.000000	0.000613
1762.000000	-0.002579
1763.000000	-0.008241
1764.000000	-0.014256
1765.000000	-0.018676
1766.000000	-0.020409
1767.000000	-0.019298
1768.000000	-0.018065
1769.000000	-0.019327
1770.000000	-0.022394
1771.000000	-0.025650
1772.000000	-0.027076
1773.000000	-0.024722
1774.000000	-0.017313
1775.000000	-0.005184
1776.000000	0.005571
1777.000000	0.009098
1778.000000	0.006250
1779.000000	-0.000319
1780.000000	-0.007468
1781.000000	-0.012266
1782.000000	-0.013104
1783.000000	-0.009403
1784.000000	-0.003396
1785.000000	0.002270
1786.000000	0.006085
1787.000000	0.007035
1788.000000	0.004938
1789.000000	-0.000067
1790.000000	-0.007402
1791.000000	-0.015959
1792.000000	-0.022944
1793.000000	-0.025786
1794.000000	-0.024479
1795.000000	-0.019991
1796.000000	-0.014621
1797.000000	-0.010392
1798.000000	-0.006903
1799.000000	-0.003657
1800.000000	-0.002198
1801.000000	-0.003967
1802.000000	-0.007948
1803.000000	-0.012008
1804.000000	-0.012002
1805.000000	-0.005632
1806.000000	0.000000
1807.000000	-0.002152
1808.000000	-0.009505
1809.000000	-0.017311
1810.000000	-0.021783
1811.000000	-0.020736
1812.000000	-0.017445
1813.000000	-0.015721
1814.000000	-0.016061
1815.000000	-0.017706
1816.000000	-0.018174
1817.000000	-0.014903
1818.000000	-0.006725
1819.000000	0.005378
1820.000000	0.013207
1821.000000	0.009853
1822.000000	0.000772
1823.000000	-0.006666
1824.000000	-0.009790
1825.000000	-0.007949
1826.000000	-0.003874
1827.000000	-0.000058
1828.000000	0.005345
1829.000000	0.013562
1830.000000	0.019014
1831.000000	0.015938
1832.000000	0.004637
1833.000000	-0.011611
1834.000000	-0.023679
1835.000000	-0.024122
1836.000000	-0.018060
1837.000000	-0.012602
1838.000000	-0.010254
1839.000000	-0.011840
1840.000000	-0.016064
1841.000000	-0.020641
1842.000000	-0.021438
1843.000000	-0.015622
1844.000000	-0.007399
1845.000000	-0.001868
1846.000000	-0.000664
1847.000000	-0.003997
1848.000000	-0.009834
1849.000000	-0.014826
1850.000000	-0.012606
1851.000000	0.000404
1852.000000	0.013606
1853.000000	0.015934
1854.000000	0.008635
1855.000000	-0.003006
1856.000000	-0.009853
1857.000000	-0.005564
1858.000000	0.001181
1859.000000	0.001142
1860.000000	-0.002146
1861.000000	-0.003151
1862.000000	-0.001134
1863.000000	0.002651
1864.000000	0.003781
1865.000000	-0.000839
1866.000000	-0.005823
1867.000000	-0.005628
1868.000000	-0.002561
1869.000000	-0.000486
1870.000000	-0.001649
1871.000000	-0.007114
1872.000000	-0.014845
1873.000000	-0.022114
1874.000000	-0.026532
1875.000000	-0.026107
1876.000000	-0.020100
1877.000000	-0.008770
1878.000000	0.004890
1879.000000	0.016418
1880.000000	0.018211
1881.000000	0.006395
1882.000000	-0.004861
1883.000000	-0.001589
1884.000000	0.011322
1885.000000	0.024414
1886.000000	0.028812
1887.000000	0.019552
1888.000000	0.006726
1889.000000	0.000830
1890.000000	-0.001091
1891.000000	-0.004110
1892.000000	-0.008318
1893.000000	-0.012407
1894.000000	-0.014469
1895.000000	-0.013488
1896.000000	-0.012636
1897.000000	-0.014617
1898.000000	-0.016086
1899.000000	-0.013307
1900.000000	-0.007024
1901.000000	0.000515
1902.000000	0.005526
1903.000000	0.004679
1904.000000	-0.002002
1905.000000	-0.012551
1906.000000	-0.020579
1907.000000	-0.020176
1908.000000	-0.011758
1909.000000	0.001753
1910.000000	0.013734
1911.000000	0.018339
1912.000000	0.016538
1913.000000	0.011435
1914.000000	0.007859
1915.000000	0.009755
1916.000000	0.015818
1917.000000	0.022567
1918.000000	0.023083
1919.000000	0.012682
1920.000000	-0.000924
1921.000000	-0.008738
1922.000000	-0.009009
1923.000000	-0.002469
1924.000000	0.007467
1925.000000	0.016545
1926.000000	0.019836
1927.000000	0.014215
1928.000000	0.004438
1929.000000	-0.003561
1930.000000	-0.007002
1931.000000	-0.004742
1932.000000	0.000990
1933.000000	0.006406
1934.000000	0.004872
1935.000000	-0.006888
1936.000000	-0.015855
1937.000000	-0.009765
1938.000000	0.004345
1939.000000	0.015683
1940.000000	0.017743
1941.000000	0.008454
1942.000000	-0.000795
1943.000000	0.000279
1944.000000	0.004076
1945.000000	0.001682
1946.000000	-0.003197
1947.000000	-0.004480
1948.000000	0.000793
1949.000000	0.012221
1950.000000	0.019081
1951.000000	0.012351
1952.000000	0.000145
1953.000000	-0.007476
1954.000000	-0.009782
1955.000000	-0.008502
1956.000000	-0.005857
1957.000000	-0.002867
1958.000000	0.004745
1959.000000	0.019295
1960.000000	0.029962
1961.000000	0.026583
1962.000000	0.014771
1963.000000	0.003680
1964.000000	0.000860
1965.000000	0.009580
1966.000000	0.017598
1967.000000	0.013602
1968.000000	0.005500
1969.000000	0.003456
1970.000000	0.007429
1971.000000	0.014463
1972.000000	0.020151
1973.000000	0.021100
1974.000000	0.019417
1975.000000	0.017773
1976.000000	0.015604
1977.000000	0.012064
1978.000000	0.008429
1979.000000	0.006240
1980.000000	0.005988
1981.000000	0.006625
1982.000000	0.002008
1983.000000	-0.011251
1984.000000	-0.020432
1985.000000	-0.013652
1986.000000	0.001528
1987.000000	0.013160
1988.000000	0.011202
1989.000000	-0.007886
1990.000000	-0.023547
1991.000000	-0.016830
1992.000000	0.000696
1993.000000	0.013277
1994.000000	0.018932
1995.000000	0.019651
1996.000000	0.019538
1997.000000	0.021022
1998.000000	0.017716
1999.000000	0.004273
2000.000000	-0.011668
2001.000000	-0.021110
2002.000000	-0.022595
2003.000000	-0.017167
2004.000000	-0.008324
2005.000000	0.000323
2006.000000	0.007173
2007.000000	0.011352
2008.000000	0.012873
2009.000000	0.011817
2010.000000	0.007646
2011.000000	0.000077
2012.000000	-0.009531
2013.000000	-0.018295
2014.000000	-0.018868
2015.000000	-0.006866
2016.000000	0.005770
2017.000000	0.007167
2018.000000	0.002055
2019.000000	-0.001254
2020.000000	0.003281
2021.000000	0.016863
2022.000000	0.023611
2023.000000	0.010650
2024.000000	-0.005789
2025.000000	-0.007671
2026.000000	0.001161
2027.000000	0.011649
2028.000000	0.015748
2029.000000	0.009332
2030.000000	0.002927
2031.000000	0.006560
2032.000000	0.013614
2033.000000	0.015393
2034.000000	0.011527
2035.000000	0.004129
2036.000000	-0.003071
2037.000000	-0.006297
2038.000000	-0.003210
2039.000000	0.006361
2040.000000	0.015341
2041.000000	0.016849
2042.000000	0.012032
2043.000000	0.004279
2044.000000	-0.002086
2045.000000	-0.003151
2046.000000	0.002428
2047.000000	0.013603
2048.000000	0.022341
2049.000000	0.021486
2050.000000	0.014377
2051.000000	0.006643
2052.000000	0.002574
2053.000000	0.004905
2054.000000	0.011503
2055.000000	0.018793
2056.000000	0.022314
2057.000000	0.018919
2058.000000	0.011598
2059.000000	0.004537
2060.000000	0.000554
2061.000000	0.001352
2062.000000	0.005533
2063.000000	0.010712
2064.000000	0.013663
2065.000000	0.011933
2066.000000	0.007015
2067.000000	0.001430
2068.000000	-0.002118
2069.000000	-0.001290
2070.000000	0.004618
2071.000000	0.014675
2072.000000	0.023058
2073.000000	0.024692
2074.000000	0.022382
2075.000000	0.020274
2076.000000	0.020003
2077.000000	0.022013
2078.000000	0.024487
2079.000000	0.025003
2080.000000	0.020976
2081.000000	0.011340
2082.000000	0.001258
2083.000000	-0.003863
2084.000000	-0.003861
2085.000000	-0.000323
2086.000000	0.003400
2087.000000	0.004508
2088.000000	0.004152
2089.000000	0.004177
2090.000000	0.005249
2091.000000	0.007507
2092.000000	0.010148
2093.000000	0.012186
2094.000000	0.012850
2095.000000	0.011776
2096.000000	0.010025
2097.000000	0.008785
2098.000000	0.008320
2099.000000	0.008767
2100.000000	0.010668
2101.000000	0.014396
2102.000000	0.019231
2103.000000	0.023955
2104.000000	0.026449
2105.000000	0.024212
2106.000000	0.014131
2107.000000	-0.004576
2108.000000	-0.022738
2109.000000	-0.030670
2110.000000	-0.026584
2111.000000	-0.012863
2112.000000	-0.000672
2113.000000	0.001275
2114.000000	0.002843
2115.000000	0.013894
2116.000000	0.025696
2117.000000	0.027562
2118.000000	0.019581
2119.000000	0.006087
2120.000000	-0.002396
2121.000000	0.002128
2122.000000	0.011336
2123.000000	0.015265
2124.000000	0.013701
2125.000000	0.008967
2126.000000	0.003772
2127.000000	0.000690
2128.000000	0.001353
2129.000000	0.006471
2130.000000	0.013992
2131.000000	0.021443
2132.000000	0.027410
2133.000000	0.030801
2134.000000	0.030737
2135.000000	0.026663
2136.000000	0.019092
2137.000000	0.009115
2138.000000	-0.000937
2139.000000	-0.008650
2140.000000	-0.012522
2141.000000	-0.011488
2142.000000	-0.005315
2143.000000	0.005305
2144.000000	0.016815
2145.000000	0.024696
2146.000000	0.023439
2147.000000	0.010489
2148.000000	-0.003907
2149.000000	-0.009408
2150.000000	-0.008105
2151.000000	-0.004548
2152.000000	-0.000679
2153.000000	0.002779
2154.000000	0.007371
2155.000000	0.013846
2156.000000	0.017486
2157.000000	0.013862
2158.000000	0.005160
2159.000000	-0.004688
2160.000000	-0.011387
2161.000000	-0.011415
2162.000000	-0.004701
2163.000000	0.006184
2164.000000	0.011548
2165.000000	0.004126
2166.000000	-0.006518
2167.000000	-0.009603
2168.000000	-0.006316
2169.000000	-0.000809
2170.000000	0.002867
2171.000000	0.002183
2172.000000	0.000612
2173.000000	0.001494
2174.000000	0.001647
2175.000000	-0.002078
2176.000000	-0.006172
2177.000000	-0.006452
2178.000000	-0.002700
2179.000000	0.003541
2180.000000	0.007654
2181.000000	0.005759
2182.000000	0.000002
2183.000000	-0.006173
2184.000000	-0.010165
2185.000000	-0.010541
2186.000000	-0.009698
2187.000000	-0.010607
2188.000000	-0.014704
2189.000000	-0.020792
2190.000000	-0.018660
2191.000000	-0.000927
2192.000000	0.019467
2193.000000	0.028223
2194.000000	0.025924
2195.000000	0.017272
2196.000000	0.008560
2197.000000	0.005088
2198.000000	0.006585
2199.000000	0.010361
2200.000000	0.009609
2201.000000	-0.000304
2202.000000	-0.011196
2203.000000	-0.013755
2204.000000	-0.006959
2205.000000	0.006594
2206.000000	0.018125
2207.000000	0.020273
2208.000000	0.017544
2209.000000	0.015691
2210.000000	0.013602
2211.000000	0.009209
2212.000000	0.003502
2213.000000	-0.001678
2214.000000	-0.004142
2215.000000	-0.002055
2216.000000	0.004641
2217.000000	0.014277
2218.000000	0.020046
2219.000000	0.016452
2220.000000	0.008393
2221.000000	0.002652
2222.000000	0.003167
2223.000000	0.011612
2224.000000	0.023461
2225.000000	0.032885
2226.000000	0.035041
2227.000000	0.027555
2228.000000	0.016944
2229.000000	0.010290
2230.000000	0.008050
2231.000000	0.008566
2232.000000	0.008351
2233.000000	0.005769
2234.000000	0.008417
2235.000000	0.021586
2236.000000	0.032112
2237.000000	0.026963
2238.000000	0.012097
2239.000000	-0.002454
2240.000000	-0.009341
2241.000000	-0.004694
2242.000000	0.004140
2243.000000	0.009025
2244.000000	0.009901
2245.000000	0.008919
2246.000000	0.009007
2247.000000	0.012466
2248.000000	0.018327
2249.000000	0.024565
2250.000000	0.028208
2251.000000	0.027576
2252.000000	0.027097
2253.000000	0.030481
2254.000000	0.032443
2255.000000	0.027931
2256.000000	0.021818
2257.000000	0.020322
2258.000000	0.025126
2259.000000	0.034503
2260.000000	0.037614
2261.000000	0.026422
2262.000000	0.013219
2263.000000	0.011084
2264.000000	0.015931
2265.000000	0.020537
2266.000000	0.022305
2267.000000	0.020693
2268.000000	0.018736
2269.000000	0.019123
2270.000000	0.019563
2271.000000	0.017582
2272.000000	0.014946
2273.000000	0.014410
2274.000000	0.018436
2275.000000	0.027636
2276.000000	0.035517
2277.000000	0.036375
2278.000000	0.034766
2279.000000	0.035484
2280.000000	0.034015
2281.000000	0.026061
2282.000000	0.017483
2283.000000	0.014726
2284.000000	0.016397
2285.000000	0.019384
2286.000000	0.021538
2287.000000	0.022065
2288.000000	0.024638
2289.000000	0.031974
2290.000000	0.038505
2291.000000	0.038286
2292.000000	0.032150
2293.000000	0.022849
2294.000000	0.014035
2295.000000	0.008977
2296.000000	0.008521
2297.000000	0.012738
2298.000000	0.021009
2299.000000	0.031743
2300.000000	0.040135
2301.000000	0.041822
2302.000000	0.037416
2303.000000	0.029267
2304.000000	0.021694
2305.000000	0.018853
2306.000000	0.022295
2307.000000	0.031043
2308.000000	0.036632
2309.000000	0.032122
2310.000000	0.024167
2311.000000	0.020963
2312.000000	0.023272
2313.000000	0.028449
2314.000000	0.027653
2315.000000	0.014592
2316.000000	-0.000623
2317.000000	-0.006458
2318.000000	-0.002072
2319.000000	0.009807
2320.000000	0.022883
2321.000000	0.030972
2322.000000	0.031916
2323.000000	0.026326
2324.000000	0.021866
2325.000000	0.025673
2326.000000	0.035725
2327.000000	0.047624
2328.000000	0.056642
2329.000000	0.059109
2330.000000	0.055926
2331.000000	0.049542
2332.000000	0.044040
2333.000000	0.042770
2334.000000	0.044512
2335.000000	0.046417
2336.000000	0.043676
2337.000000	0.032826
2338.000000	0.017742
2339.000000	0.004005
2340.000000	-0.003305
2341.000000	-0.000428
2342.000000	0.011634
2343.000000	0.029570
2344.000000	0.045610
2345.000000	0.052920
2346.000000	0.052860
2347.000000	0.048882
2348.000000	0.044604
2349.000000	0.043036
2350.000000	0.044582
2351.000000	0.048359
2352.000000	0.050944
2353.000000	0.048816
2354.000000	0.040587
2355.000000	0.027076
2356.000000	0.015787
2357.000000	0.013745
2358.000000	0.019377
2359.000000	0.028410
2360.000000	0.034370
2361.000000	0.032664
2362.000000	0.028409
2363.000000	0.027505
2364.000000	0.029254
2365.000000	0.031464
2366.000000	0.032547
2367.000000	0.031366
2368.000000	0.027983
2369.000000	0.022997
2370.000000	0.017970
2371.000000	0.014175
2372.000000	0.010784
2373.000000	0.007630
2374.000000	0.009312
2375.000000	0.018998
2376.000000	0.029386
2377.000000	0.032205
2378.000000	0.025798
2379.000000	0.012399
2380.000000	0.003199
2381.000000	0.007537
2382.000000	0.018382
2383.000000	0.025830
2384.000000	0.024849
2385.000000	0.014277
2386.000000	0.003558
2387.000000	0.002890
2388.000000	0.014875
2389.000000	0.036247
2390.000000	0.047873
2391.000000	0.033700
2392.000000	0.005850
2393.000000	-0.018945
2394.000000	-0.033704
2395.000000	-0.035314
2396.000000	-0.026388
2397.000000	-0.011235
2398.000000	0.004769
2399.000000	0.017225
2400.000000	0.026697
2401.000000	0.034085
2402.000000	0.036671
2403.000000	0.031945
2404.000000	0.021839
2405.000000	0.009473
2406.000000	-0.001724
2407.000000	-0.008708
2408.000000	-0.010274
2409.000000	-0.006089
2410.000000	0.002536
2411.000000	0.012665
2412.000000	0.016500
2413.000000	0.009208
2414.000000	0.002672
2415.000000	0.009251
2416.000000	0.026500
2417.000000	0.046203
2418.000000	0.051860
2419.000000	0.032049
2420.000000	0.003951
2421.000000	-0.012566
2422.000000	-0.015478
2423.000000	-0.007639
2424.000000	0.006421
2425.000000	0.021572
2426.000000	0.031964
2427.000000	0.032563
2428.000000	0.022334
2429.000000	0.004329
2430.000000	-0.006040
2431.000000	0.002981
2432.000000	0.016154
2433.000000	0.017102
2434.000000	0.011885
2435.000000	0.010437
2436.000000	0.015750
2437.000000	0.025937
2438.000000	0.026545
2439.000000	0.007539
2440.000000	-0.010864
2441.000000	-0.008336
2442.000000	0.005649
2443.000000	0.017270
2444.000000	0.025112
2445.000000	0.030939
2446.000000	0.036819
2447.000000	0.043537
2448.000000	0.046444
2449.000000	0.041655
2450.000000	0.033780
2451.000000	0.028314
2452.000000	0.025793
2453.000000	0.025341
2454.000000	0.025398
2455.000000	0.024575
2456.000000	0.022843
2457.000000	0.020866
2458.000000	0.020714
2459.000000	0.023114
2460.000000	0.022007
2461.000000	0.013083
2462.000000	0.005820
2463.000000	0.009653
2464.000000	0.020069
2465.000000	0.029622
2466.000000	0.033078
2467.000000	0.028425
2468.000000	0.024337
2469.000000	0.028237
2470.000000	0.031858
2471.000000	0.026578
2472.000000	0.018045
2473.000000	0.013768
2474.000000	0.014432
2475.000000	0.018415
2476.000000	0.021698
2477.000000	0.020439
2478.000000	0.013891
2479.000000	0.004220
2480.000000	0.002136
2481.000000	0.014777
2482.000000	0.026448
2483.000000	0.021342
2484.000000	0.006046
2485.000000	-0.008011
2486.000000	-0.012428
2487.000000	-0.003527
2488.000000	0.006512
2489.000000	0.006534
2490.000000	0.005331
2491.000000	0.012750
2492.000000	0.022903
2493.000000	0.027327
2494.000000	0.022995
2495.000000	0.009864
2496.000000	-0.005619
2497.000000	-0.015550
2498.000000	-0.012685
2499.000000	0.004666
2500.000000	0.016645
2501.000000	0.006322
2502.000000	-0.009971
2503.000000	-0.013276
2504.000000	-0.007397
2505.000000	-0.000919
2506.000000	0.001209
2507.000000	-0.002347
2508.000000	-0.002108
2509.000000	0.009687
2510.000000	0.023121
2511.000000	0.027700
2512.000000	0.028300
2513.000000	0.031898
2514.000000	0.038488
2515.000000	0.045884
2516.000000	0.050154
2517.000000	0.047685
2518.000000	0.037898
2519.000000	0.022373
2520.000000	0.008307
2521.000000	0.002099
2522.000000	0.001341
2523.000000	0.002138
2524.000000	0.003467
2525.000000	0.004949
2526.000000	0.005917
2527.000000	0.005714
2528.000000	0.004021
2529.000000	0.001146
2530.000000	-0.000426
2531.000000	0.001923
2532.000000	0.009181
2533.000000	0.020441
2534.000000	0.028861
2535.000000	0.028670
2536.000000	0.024310
2537.000000	0.022246
2538.000000	0.026817
2539.000000	0.037536
2540.000000	0.036728
2541.000000	0.011642
2542.000000	-0.013590
2543.000000	-0.014276
2544.000000	-0.000367
2545.000000	0.012144
2546.000000	0.017739
2547.000000	0.015135
2548.000000	0.009502
2549.000000	0.006225
2550.000000	0.005090
2551.000000	0.004856
2552.000000	0.005761
2553.000000	0.008347
2554.000000	0.012880
2555.000000	0.018962
2556.000000	0.023800
2557.000000	0.024609
2558.000000	0.021027
2559.000000	0.014055
2560.000000	0.007729
2561.000000	0.005494
2562.000000	0.005394
2563.000000	0.005093
2564.000000	0.006131
2565.000000	0.009742
2566.000000	0.012056
2567.000000	0.009229
2568.000000	0.002621
2569.000000	-0.004503
2570.000000	-0.006453
2571.000000	0.000601
2572.000000	0.010611
2573.000000	0.016659
2574.000000	0.018212
2575.000000	0.016476
2576.000000	0.013223
2577.000000	0.010273
2578.000000	0.009082
2579.000000	0.010437
2580.000000	0.012817
2581.000000	0.013728
2582.000000	0.009083
2583.000000	-0.002055
2584.000000	-0.006418
2585.000000	0.006801
2586.000000	0.024365
2587.000000	0.031063
2588.000000	0.027846
2589.000000	0.019782
2590.000000	0.012266
2591.000000	0.008381
2592.000000	0.001654
2593.000000	-0.012993
2594.000000	-0.025491
2595.000000	-0.025247
2596.000000	-0.014729
2597.000000	0.000045
2598.000000	0.011929
2599.000000	0.015178
2600.000000	0.010797
2601.000000	0.002095
2602.000000	-0.005144
2603.000000	-0.006805
2604.000000	-0.007914
2605.000000	-0.013760
2606.000000	-0.021541
2607.000000	-0.026886
2608.000000	-0.027248
2609.000000	-0.021425
2610.000000	-0.011770
2611.000000	-0.001477
2612.000000	0.006451
2613.000000	0.009957
2614.000000	0.010591
2615.000000	0.010230
2616.000000	0.008466
2617.000000	0.004732
2618.000000	0.000124
2619.000000	-0.004004
2620.000000	-0.006911
2621.000000	-0.008085
2622.000000	-0.007305
2623.000000	-0.004573
2624.000000	-0.000503
2625.000000	0.003828
2626.000000	0.006085
2627.000000	0.004344
2628.000000	-0.000423
2629.000000	-0.006427
2630.000000	-0.011501
2631.000000	-0.013398
2632.000000	-0.009938
2633.000000	-0.000114
2634.000000	0.012460
2635.000000	0.022228
2636.000000	0.020498
2637.000000	0.003485
2638.000000	-0.009832
2639.000000	-0.002340
2640.000000	0.012855
2641.000000	0.019311
2642.000000	0.017476
2643.000000	0.012147
2644.000000	0.008628
2645.000000	0.010420
2646.000000	0.013320
2647.000000	0.011945
2648.000000	0.003906
2649.000000	-0.009943
2650.000000	-0.018764
2651.000000	-0.013283
2652.000000	-0.000474
2653.000000	0.010076
2654.000000	0.014568
2655.000000	0.011963
2656.000000	0.006460
2657.000000	0.002766
2658.000000	0.002363
2659.000000	0.004787
2660.000000	0.004998
2661.000000	-0.000475
2662.000000	-0.004267
2663.000000	0.000657
2664.000000	0.009174
2665.000000	0.014233
2666.000000	0.013227
2667.000000	0.006132
2668.000000	-0.001187
2669.000000	-0.002990
2670.000000	0.000091
2671.000000	0.005945
2672.000000	0.012932
2673.000000	0.019499
2674.000000	0.023967
2675.000000	0.024603
2676.000000	0.019582
2677.000000	0.008338
2678.000000	-0.004571
2679.000000	-0.013167
2680.000000	-0.010917
2681.000000	0.004863
2682.000000	0.020894
2683.000000	0.024546
2684.000000	0.021749
2685.000000	0.020410
2686.000000	0.017772
2687.000000	0.010430
2688.000000	0.003049
2689.000000	0.001405
2690.000000	0.007638
2691.000000	0.020107
2692.000000	0.025673
2693.000000	0.015192
2694.000000	0.006992
2695.000000	0.017931
2696.000000	0.031519
2697.000000	0.028712
2698.000000	0.013604
2699.000000	-0.004001
2700.000000	-0.014593
2701.000000	-0.011473
2702.000000	0.001110
2703.000000	0.015857
2704.000000	0.024205
2705.000000	0.020402
2706.000000	0.011203
2707.000000	0.005183
2708.000000	0.005709
2709.000000	0.013520
2710.000000	0.024072
2711.000000	0.032130
2712.000000	0.034991
2713.000000	0.031734
2714.000000	0.026048
2715.000000	0.022115
2716.000000	0.021481
2717.000000	0.025279
2718.000000	0.035637
2719.000000	0.051847
2720.000000	0.060866
2721.000000	0.051737
2722.000000	0.034190
2723.000000	0.021469
2724.000000	0.020197
2725.000000	0.031489
2726.000000	0.041056
2727.000000	0.036356
2728.000000	0.027255
2729.000000	0.025273
2730.000000	0.026142
2731.000000	0.024065
2732.000000	0.022917
2733.000000	0.026988
2734.000000	0.032545
2735.000000	0.034642
2736.000000	0.031487
2737.000000	0.023866
2738.000000	0.019719
2739.000000	0.025067
2740.000000	0.031088
2741.000000	0.028148
2742.000000	0.018206
2743.000000	0.006204
2744.000000	-0.002567
2745.000000	-0.004205
2746.000000	-0.000696
2747.000000	0.004442
2748.000000	0.007463
2749.000000	0.005944
2750.000000	0.002994
2751.000000	0.003187
2752.000000	0.011440
2753.000000	0.029018
2754.000000	0.042248
2755.000000	0.038782
2756.000000	0.026515
2757.000000	0.016576
2758.000000	0.012782
2759.000000	0.015600
2760.000000	0.019412
2761.000000	0.018596
2762.000000	0.013596
2763.000000	0.007163
2764.000000	0.005211
2765.000000	0.010991
2766.000000	0.013950
2767.000000	0.005179
2768.000000	-0.003849
2769.000000	-0.000937
2770.000000	0.008635
2771.000000	0.015817
2772.000000	0.013959
2773.000000	0.001393
2774.000000	-0.006032
2775.000000	0.003486
2776.000000	0.008044
2777.000000	-0.011928
2778.000000	-0.032946
2779.000000	-0.029570
2780.000000	-0.011577
2781.000000	0.004463
2782.000000	0.010033
2783.000000	0.001666
2784.000000	-0.011972
2785.000000	-0.020564
2786.000000	-0.019328
2787.000000	-0.008724
2788.000000	-0.004635
2789.000000	-0.018263
2790.000000	-0.026659
2791.000000	-0.008780
2792.000000	0.014646
2793.000000	0.018948
2794.000000	0.005447
2795.000000	-0.016483
2796.000000	-0.031261
2797.000000	-0.026811
2798.000000	-0.011275
2799.000000	0.003241
2800.000000	0.009007
2801.000000	0.002495
2802.000000	-0.007380
2803.000000	-0.011589
2804.000000	-0.013088
2805.000000	-0.016495
2806.000000	-0.021074
2807.000000	-0.024603
2808.000000	-0.024255
2809.000000	-0.018240
2810.000000	-0.009527
2811.000000	-0.002175
2812.000000	0.000160
2813.000000	-0.004733
2814.000000	-0.013683
2815.000000	-0.021785
2816.000000	-0.022591
2817.000000	-0.012314
2818.000000	0.000649
2819.000000	0.006540
2820.000000	0.002349
2821.000000	-0.011295
2822.000000	-0.025961
2823.000000	-0.033372
2824.000000	-0.033656
2825.000000	-0.028704
2826.000000	-0.019044
2827.000000	-0.005511
2828.000000	0.008479
2829.000000	0.019425
2830.000000	0.026085
2831.000000	0.028561
2832.000000	0.030084
2833.000000	0.033771
2834.000000	0.039147
2835.000000	0.044012
2836.000000	0.042873
2837.000000	0.033345
2838.000000	0.028783
2839.000000	0.040603
2840.000000	0.056721
2841.000000	0.063160
2842.000000	0.061861
2843.000000	0.059255
2844.000000	0.063812
2845.000000	0.081905
2846.000000	0.109484
2847.000000	0.139218
2848.000000	0.161076
2849.000000	0.168538
2850.000000	0.171819
2851.000000	0.182828
2852.000000	0.203518
2853.000000	0.231373
2854.000000	0.255970
2855.000000	0.268612
2856.000000	0.275410
2857.000000	0.284103
2858.000000	0.294128
2859.000000	0.302241
2860.000000	0.302787
2861.000000	0.293830
2862.000000	0.290724
2863.000000	0.307189
2864.000000	0.333117
2865.000000	0.355135
2866.000000	0.370626
2867.000000	0.381011
2868.000000	0.393091
2869.000000	0.412618
2870.000000	0.435753
2871.000000	0.456849
2872.000000	0.472613
2873.000000	0.482152
2874.000000	0.491815
2875.000000	0.505934
2876.000000	0.513527
2877.000000	0.505470
2878.000000	0.495382
2879.000000	0.498149
2880.000000	0.510972
2881.000000	0.527414
2882.000000	0.544163
2883.000000	0.558483
2884.000000	0.566820
2885.000000	0.565995
2886.000000	0.555156
2887.000000	0.535930
2888.000000	0.517549
2889.000000	0.510017
2890.000000	0.518842
2891.000000	0.543439
2892.000000	0.563359
2893.000000	0.561764
2894.000000	0.556114
2895.000000	0.566161
2896.000000	0.586510
2897.000000	0.605971
2898.000000	0.615304
2899.000000	0.610470
2900.000000	0.606285
2901.000000	0.616413
2902.000000	0.631065
2903.000000	0.638625
2904.000000	0.643625
2905.000000	0.653089
2906.000000	0.667866
2907.000000	0.685523
2908.000000	0.696665
2909.000000	0.694461
2910.000000	0.689287
2911.000000	0.693538
2912.000000	0.710474
2913.000000	0.736341
2914.000000	0.748465
2915.000000	0.730432
2916.000000	0.709791
2917.000000	0.716829
2918.000000	0.748832
2919.000000	0.794427
2920.000000	0.840603
2921.000000	0.876835
2922.000000	0.904173
2923.000000	0.925784
2924.000000	0.941719
2925.000000	0.951143
2926.000000	0.952789
2927.000000	0.947692
2928.000000	0.946520
2929.000000	0.957968
2930.000000	0.973197
2931.000000	0.982280
2932.000000	0.988472
2933.000000	0.996027
2934.000000	1.000000
2935.000000	0.996075
2936.000000	0.991634
2937.000000	0.994074
2938.000000	0.999154
2939.000000	0.999075
2940.000000	0.983454
2941.000000	0.947316
2942.000000	0.909909
2943.000000	0.890097
2944.000000	0.880985
2945.000000	0.869988
2946.000000	0.847528
2947.000000	0.809377
2948.000000	0.769693
2949.000000	0.743699
2950.000000	0.732486
2951.000000	0.732068
2952.000000	0.732287
2953.000000	0.724374
2954.000000	0.711289
2955.000000	0.699663
2956.000000	0.699069
2957.000000	0.712266
2958.000000	0.711809
2959.000000	0.675050
2960.000000	0.628735
2961.000000	0.603232
2962.000000	0.594007
2963.000000	0.590280
2964.000000	0.591190
2965.000000	0.596223
2966.000000	0.596338
2967.000000	0.581174
2968.000000	0.543614
2969.000000	0.486313
2970.000000	0.447781
2971.000000	0.458500
2972.000000	0.480994
2973.000000	0.476287
2974.000000	0.467358
2975.000000	0.480416
2976.000000	0.492638
2977.000000	0.477497
2978.000000	0.442700
2979.000000	0.404552
2980.000000	0.379537
2981.000000	0.378300
2982.000000	0.387965
2983.000000	0.393058
2984.000000	0.391227
2985.000000	0.383872
2986.000000	0.374270
2987.000000	0.364237
2988.000000	0.347876
2989.000000	0.321407
2990.000000	0.297235
2991.000000	0.286652
2992.000000	0.280301
2993.000000	0.266182
2994.000000	0.242370
2995.000000	0.211848
2996.000000	0.187167
2997.000000	0.178708
2998.000000	0.178604
2999.000000	0.177152
3000.000000	0.175543
3001.000000	0.176659
3002.000000	0.179237
3003.000000	0.179341
3004.000000	0.166490
3005.000000	0.134208
3006.000000	0.098589
3007.000000	0.077297
3008.000000	0.071698
3009.000000	0.077177
3010.000000	0.081477
3011.000000	0.074895
3012.000000	0.065583
3013.000000	0.063015
3014.000000	0.064096
3015.000000	0.064208
3016.000000	0.065207
3017.000000	0.067682
3018.000000	0.060696
3019.000000	0.036812
3020.000000	0.014131
3021.000000	0.010972
3022.000000	0.020987
3023.000000	0.031948
3024.000000	0.032779
3025.000000	0.017531
3026.000000	-0.000394
3027.000000	-0.007699
3028.000000	-0.010855
3029.000000	-0.016990
3030.000000	-0.016099
3031.000000	-0.000777
3032.000000	0.008839
3033.000000	-0.005953
3034.000000	-0.030564
3035.000000	-0.045297
3036.000000	-0.043327
3037.000000	-0.024195
3038.000000	-0.000045
3039.000000	0.016039
3040.000000	0.019827
3041.000000	0.011623
3042.000000	0.001024
3043.000000	-0.002919
3044.000000	-0.002619
3045.000000	-0.002739
3046.000000	-0.005475
3047.000000	-0.011236
3048.000000	-0.015740
3049.000000	-0.014573
3050.000000	-0.007475
3051.000000	0.004091
3052.000000	0.015916
3053.000000	0.023657
3054.000000	0.025190
3055.000000	0.020089
3056.000000	0.012503
3057.000000	0.007710
3058.000000	0.010925
3059.000000	0.024438
3060.000000	0.038893
3061.000000	0.044631
3062.000000	0.042437
3063.000000	0.036401
3064.000000	0.033408
3065.000000	0.038606
3066.000000	0.047414
3067.000000	0.052854
3068.000000	0.048088
3069.000000	0.029799
3070.000000	0.008621
3071.000000	-0.002588
3072.000000	0.003966
3073.000000	0.027339
3074.000000	0.036701
3075.000000	0.008327
3076.000000	-0.023187
3077.000000	-0.021909
3078.000000	-0.004871
3079.000000	0.003217
3080.000000	-0.000083
3081.000000	-0.010444
3082.000000	-0.018735
3083.000000	-0.017511
3084.000000	-0.010870
3085.000000	-0.005217
3086.000000	-0.004647
3087.000000	-0.010295
3088.000000	-0.013755
3089.000000	-0.008718
3090.000000	-0.006811
3091.000000	-0.017938
3092.000000	-0.027184
3093.000000	-0.020091
3094.000000	-0.008850
3095.000000	-0.007329
3096.000000	-0.009470
3097.000000	-0.007052
3098.000000	-0.003140
3099.000000	-0.002846
3100.000000	-0.008171
3101.000000	-0.018402
3102.000000	-0.025073
3103.000000	-0.020724
3104.000000	-0.009669
3105.000000	0.000713
3106.000000	0.002560
3107.000000	-0.008134
3108.000000	-0.019481
3109.000000	-0.019356
3110.000000	-0.010593
3111.000000	-0.000082
3112.000000	0.004022
3113.000000	-0.003159
3114.000000	-0.012114
3115.000000	-0.012424
3116.000000	-0.004412
3117.000000	0.007335
3118.000000	0.011931
3119.000000	0.001254
3120.000000	-0.015454
3121.000000	-0.026342
3122.000000	-0.026498
3123.000000	-0.015180
3124.000000	-0.001402
3125.000000	0.005043
3126.000000	0.001004
3127.000000	-0.012105
3128.000000	-0.021244
3129.000000	-0.015503
3130.000000	-0.004112
3131.000000	0.001015
3132.000000	-0.002629
3133.000000	-0.013199
3134.000000	-0.020835
3135.000000	-0.017336
3136.000000	-0.009134
3137.000000	-0.004317
3138.000000	-0.002959
3139.000000	-0.003274
3140.000000	-0.004052
3141.000000	-0.004463
3142.000000	-0.004632
3143.000000	-0.003927
3144.000000	0.002248
3145.000000	0.016334
3146.000000	0.028179
3147.000000	0.028062
3148.000000	0.020590
3149.000000	0.013579
3150.000000	0.013368
3151.000000	0.022614
3152.000000	0.030741
3153.000000	0.027756
3154.000000	0.019248
3155.000000	0.013608
3156.000000	0.014854
3157.000000	0.021796
3158.000000	0.016798
3159.000000	-0.011590
3160.000000	-0.033610
3161.000000	-0.021935
3162.000000	-0.000168
3163.000000	0.003485
3164.000000	-0.006673
3165.000000	-0.018213
3166.000000	-0.018729
3167.000000	-0.001412
3168.000000	0.018173
3169.000000	0.024049
3170.000000	0.020964
3171.000000	0.017237
3172.000000	0.014735
3173.000000	0.014252
3174.000000	0.018726
3175.000000	0.028681
3176.000000	0.032835
3177.000000	0.021932
3178.000000	0.006621
3179.000000	-0.000714
3180.000000	-0.000655
3181.000000	0.002700
3182.000000	0.004141
3183.000000	-0.000318
3184.000000	-0.008667
3185.000000	-0.017354
3186.000000	-0.022663
3187.000000	-0.021286
3188.000000	-0.011702
3189.000000	0.004846
3190.000000	0.017837
3191.000000	0.018224
3192.000000	0.012137
3193.000000	0.006547
3194.000000	-0.003383
3195.000000	-0.021586
3196.000000	-0.036562
3197.000000	-0.036130
3198.000000	-0.020815
3199.000000	0.003691
3200.000000	0.023736
3201.000000	0.027440
3202.000000	0.017974
3203.000000	0.003271
3204.000000	-0.004750
3205.000000	0.002155
3206.000000	0.013539
3207.000000	0.017837
3208.000000	0.017692
3209.000000	0.018245
3210.000000	0.020428
3211.000000	0.024013
3212.000000	0.028340
3213.000000	0.032002
3214.000000	0.031021
3215.000000	0.022718
3216.000000	0.012169
3217.000000	0.005298
3218.000000	0.003654
3219.000000	0.006804
3220.000000	0.010762
3221.000000	0.011641
3222.000000	0.009511
3223.000000	0.005119
3224.000000	-0.002037
3225.000000	-0.011315
3226.000000	-0.016246
3227.000000	-0.011355
3228.000000	-0.000970
3229.000000	0.008234
3230.000000	0.009991
3231.000000	0.002218
3232.000000	-0.000853
3233.000000	0.012709
3234.000000	0.029321
3235.000000	0.033190
3236.000000	0.025214
3237.000000	0.011615
3238.000000	0.003233
3239.000000	0.007696
3240.000000	0.015161
3241.000000	0.015080
3242.000000	0.011544
3243.000000	0.010109
3244.000000	0.007557
3245.000000	0.001132
3246.000000	-0.001291
3247.000000	0.006591
3248.000000	0.014162
3249.000000	0.010955
3250.000000	0.004018
3251.000000	0.002644
3252.000000	0.007608
3253.000000	0.016687
3254.000000	0.024204
3255.000000	0.025073
3256.000000	0.020044
3257.000000	0.011827
3258.000000	0.005138
3259.000000	0.003957
3260.000000	0.007308
3261.000000	0.012385
3262.000000	0.014014
3263.000000	0.009521
3264.000000	0.008593
3265.000000	0.019763
3266.000000	0.034576
3267.000000	0.041968
3268.000000	0.037438
3269.000000	0.021585
3270.000000	0.008845
3271.000000	0.011645
3272.000000	0.020528
3273.000000	0.023706
3274.000000	0.021930
3275.000000	0.019656
3276.000000	0.023598
3277.000000	0.037355
3278.000000	0.049789
3279.000000	0.050179
3280.000000	0.044203
3281.000000	0.040090
3282.000000	0.039862
3283.000000	0.043415
3284.000000	0.048338
3285.000000	0.052231
3286.000000	0.055042
3287.000000	0.056247
3288.000000	0.051097
3289.000000	0.037670
3290.000000	0.029589
3291.000000	0.038385
3292.000000	0.051660
3293.000000	0.055076
3294.000000	0.050443
3295.000000	0.044265
3296.000000	0.045658
3297.000000	0.059731
3298.000000	0.072944
3299.000000	0.072946
3300.000000	0.070798
3301.000000	0.078150
3302.000000	0.085588
3303.000000	0.081580
3304.000000	0.067167
3305.000000	0.048321
3306.000000	0.038148
3307.000000	0.046345
3308.000000	0.061822
3309.000000	0.071256
3310.000000	0.073167
3311.000000	0.069532
3312.000000	0.064310
3313.000000	0.061329
3314.000000	0.061912
3315.000000	0.066285
3316.000000	0.072785
3317.000000	0.078963
3318.000000	0.081107
3319.000000	0.076778
3320.000000	0.069899
3321.000000	0.066434
3322.000000	0.074139
3323.000000	0.094385
3324.000000	0.101203
3325.000000	0.074170
3326.000000	0.042389
3327.000000	0.036465
3328.000000	0.043475
3329.000000	0.044808
3330.000000	0.042615
3331.000000	0.043159
3332.000000	0.048401
3333.000000	0.058301
3334.000000	0.069127
3335.000000	0.076687
3336.000000	0.078628
3337.000000	0.074041
3338.000000	0.065936
3339.000000	0.058439
3340.000000	0.056219
3341.000000	0.061332
3342.000000	0.064845
3343.000000	0.058912
3344.000000	0.051024
3345.000000	0.049113
3346.000000	0.047550
3347.000000	0.041290
3348.000000	0.041199
3349.000000	0.056162
3350.000000	0.071219
3351.000000	0.071543
3352.000000	0.066680
3353.000000	0.068428
3354.000000	0.073234
3355.000000	0.074301
3356.000000	0.067219
3357.000000	0.050783
3358.000000	0.034231
3359.000000	0.026760
3360.000000	0.026967
3361.000000	0.031042
3362.000000	0.036135
3363.000000	0.040885
3364.000000	0.048924
3365.000000	0.062011
3366.000000	0.069406
3367.000000	0.062439
3368.000000	0.053219
3369.000000	0.054425
3370.000000	0.060243
3371.000000	0.061766
3372.000000	0.056198
3373.000000	0.044150
3374.000000	0.033757
3375.000000	0.032198
3376.000000	0.035308
3377.000000	0.037398
3378.000000	0.038039
3379.000000	0.037925
3380.000000	0.036984
3381.000000	0.034819
3382.000000	0.030514
3383.000000	0.025076
3384.000000	0.027731
3385.000000	0.044555
3386.000000	0.060813
3387.000000	0.061358
3388.000000	0.050204
3389.000000	0.036002
3390.000000	0.026791
3391.000000	0.027243
3392.000000	0.029178
3393.000000	0.024676
3394.000000	0.019723
3395.000000	0.021837
3396.000000	0.030766
3397.000000	0.043490
3398.000000	0.053680
3399.000000	0.056218
3400.000000	0.054142
3401.000000	0.051489
3402.000000	0.048139
3403.000000	0.043371
3404.000000	0.038229
3405.000000	0.034586
3406.000000	0.035865
3407.000000	0.042756
3408.000000	0.043461
3409.000000	0.028972
3410.000000	0.013925
3411.000000	0.013418
3412.000000	0.020758
3413.000000	0.026160
3414.000000	0.029255
3415.000000	0.030523
3416.000000	0.024432
3417.000000	0.008010
3418.000000	-0.005471
3419.000000	-0.002872
3420.000000	0.012157
3421.000000	0.031131
3422.000000	0.043019
3423.000000	0.039996
3424.000000	0.029619
3425.000000	0.021783
3426.000000	0.020339
3427.000000	0.025872
3428.000000	0.031933
3429.000000	0.032391
3430.000000	0.029411
3431.000000	0.026185
3432.000000	0.021704
3433.000000	0.014992
3434.000000	0.009412
3435.000000	0.009427
3436.000000	0.019561
3437.000000	0.039928
3438.000000	0.052929
3439.000000	0.043731
3440.000000	0.026263
3441.000000	0.017848
3442.000000	0.020630
3443.000000	0.031192
3444.000000	0.039058
3445.000000	0.034569
3446.000000	0.018404
3447.000000	-0.003445
3448.000000	-0.014059
3449.000000	-0.000091
3450.000000	0.026608
3451.000000	0.048772
3452.000000	0.052684
3453.000000	0.031439
3454.000000	0.001844
3455.000000	-0.017658
3456.000000	-0.025790
3457.000000	-0.024557
3458.000000	-0.011933
3459.000000	0.010915
3460.000000	0.026013
3461.000000	0.019834
3462.000000	0.013448
3463.000000	0.026222
3464.000000	0.036107
3465.000000	0.021107
3466.000000	0.000867
3467.000000	-0.001971
3468.000000	0.005595
3469.000000	0.011565
3470.000000	0.013570
3471.000000	0.011795
3472.000000	0.007003
3473.000000	0.001585
3474.000000	0.003854
3475.000000	0.019285
3476.000000	0.036085
3477.000000	0.040605
3478.000000	0.029047
3479.000000	0.004384
3480.000000	-0.013169
3481.000000	-0.006728
3482.000000	0.010010
3483.000000	0.020717
3484.000000	0.029107
3485.000000	0.039958
3486.000000	0.042263
3487.000000	0.026100
3488.000000	0.001677
3489.000000	-0.016933
3490.000000	-0.020321
3491.000000	-0.005363
3492.000000	0.010596
3493.000000	0.011440
3494.000000	0.006431
3495.000000	0.007576
3496.000000	0.012470
3497.000000	0.015395
3498.000000	0.011793
3499.000000	0.000547
3500.000000	-0.006848
3501.000000	-0.000308
3502.000000	0.011988
3503.000000	0.019226
3504.000000	0.018307
3505.000000	0.010068
3506.000000	0.003379
3507.000000	0.004825
3508.000000	0.003808
3509.000000	-0.009357
3510.000000	-0.023519
3511.000000	-0.025316
3512.000000	-0.013382
3513.000000	0.007691
3514.000000	0.021476
3515.000000	0.015329
3516.000000	0.003588
3517.000000	0.001601
3518.000000	0.001786
3519.000000	-0.004669
3520.000000	-0.008563
3521.000000	-0.000558
3522.000000	0.011235
3523.000000	0.016481
3524.000000	0.013409
3525.000000	0.003618
3526.000000	-0.006390
3527.000000	-0.010480
3528.000000	-0.008895
3529.000000	-0.003871
3530.000000	0.000762
3531.000000	0.001302
3532.000000	-0.003841
3533.000000	-0.013822
3534.000000	-0.020166
3535.000000	-0.015130
3536.000000	-0.001520
3537.000000	0.013759
3538.000000	0.017973
3539.000000	0.004363
3540.000000	-0.004090
3541.000000	0.012485
3542.000000	0.031797
3543.000000	0.029279
3544.000000	0.013434
3545.000000	-0.000134
3546.000000	-0.000490
3547.000000	0.015923
3548.000000	0.027806
3549.000000	0.016425
3550.000000	-0.001836
3551.000000	-0.007768
3552.000000	-0.005982
3553.000000	-0.004686
3554.000000	-0.002658
3555.000000	0.002673
3556.000000	0.009830
3557.000000	0.015481
3558.000000	0.012909
3559.000000	-0.000885
3560.000000	-0.010639
3561.000000	-0.002737
3562.000000	0.011582
3563.000000	0.017668
3564.000000	0.012069
3565.000000	-0.002488
3566.000000	-0.009761
3567.000000	0.001674
3568.000000	0.010464
3569.000000	-0.002658
3570.000000	-0.015844
3571.000000	-0.006420
3572.000000	0.010488
3573.000000	0.015703
3574.000000	0.011645
3575.000000	0.005064
3576.000000	-0.001577
3577.000000	-0.007273
3578.000000	-0.012559
3579.000000	-0.017389
3580.000000	-0.017839
3581.000000	-0.010797
3582.000000	-0.000275
3583.000000	0.008090
3584.000000	0.009296
3585.000000	0.000953
3586.000000	-0.009499
3587.000000	-0.014677
3588.000000	-0.017251
3589.000000	-0.021289
3590.000000	-0.026410
3591.000000	-0.030256
3592.000000	-0.027012
3593.000000	-0.013279
3594.000000	0.001234
3595.000000	0.006218
3596.000000	0.002069
3597.000000	-0.007725
3598.000000	-0.018029
3599.000000	-0.023294
3600.000000	-0.017973
