400.000000	0.000631
401.000000	0.008594
402.000000	0.012688
403.000000	0.013393
404.000000	0.011191
405.000000	0.007072
406.000000	0.004062
407.000000	0.004562
408.000000	0.006428
409.000000	0.006909
410.000000	0.005358
411.000000	0.002101
412.000000	-0.000743
413.000000	-0.001227
414.000000	0.000116
415.000000	0.002174
416.000000	0.003992
417.000000	0.005038
418.000000	0.006313
419.000000	0.008854
420.000000	0.012318
421.000000	0.015838
422.000000	0.017845
423.000000	0.017248
424.000000	0.015568
425.000000	0.014702
426.000000	0.015424
427.000000	0.017672
428.000000	0.019160
429.000000	0.017663
430.000000	0.013418
431.000000	0.007380
432.000000	0.000899
433.000000	-0.004335
434.000000	-0.005671
435.000000	-0.001001
436.000000	0.008644
437.000000	0.020540
438.000000	0.028323
439.000000	0.026817
440.000000	0.019249
441.000000	0.010663
442.000000	0.004967
443.000000	0.004420
444.000000	0.005808
445.000000	0.005390
446.000000	0.002794
447.000000	-0.001257
448.000000	-0.005020
449.000000	-0.007160
450.000000	-0.008982
451.000000	-0.012145
452.000000	-0.017068
453.000000	-0.023457
454.000000	-0.029396
455.000000	-0.032938
456.000000	-0.033637
457.000000	-0.031495
458.000000	-0.026816
459.000000	-0.020111
460.000000	-0.012412
461.000000	-0.004887
462.000000	0.001287
463.000000	0.004885
464.000000	0.004497
465.000000	-0.000623
466.000000	-0.008375
467.000000	-0.016125
468.000000	-0.021939
469.000000	-0.024283
470.000000	-0.022518
471.000000	-0.016813
472.000000	-0.009666
473.000000	-0.004233
474.000000	-0.003973
475.000000	-0.010809
476.000000	-0.020211
477.000000	-0.026888
478.000000	-0.028945
479.000000	-0.025953
480.000000	-0.019946
481.000000	-0.013405
482.000000	-0.008131
483.000000	-0.005568
484.000000	-0.006401
485.000000	-0.010326
486.000000	-0.013826
487.000000	-0.013522
488.000000	-0.009804
489.000000	-0.004300
490.000000	0.000164
491.000000	0.001371
492.000000	0.000734
493.000000	0.000236
494.000000	0.000514
495.000000	0.001489
496.000000	0.001555
497.000000	-0.000638
498.000000	-0.003902
499.000000	-0.006481
500.000000	-0.006887
501.000000	-0.004051
502.000000	0.001682
503.000000	0.009412
504.000000	0.017424
505.000000	0.023658
506.000000	0.025485
507.000000	0.021219
508.000000	0.013532
509.000000	0.005846
510.000000	0.000245
511.000000	-0.001849
512.000000	-0.000307
513.000000	0.004310
514.000000	0.009984
515.000000	0.014425
516.000000	0.015701
517.000000	0.013053
518.000000	0.010056
519.000000	0.010363
520.000000	0.013606
521.000000	0.017886
522.000000	0.019205
523.000000	0.014609
524.000000	0.007410
525.000000	0.001903
526.000000	0.000051
527.000000	0.002309
528.000000	0.005420
529.000000	0.006157
530.000000	0.005123
531.000000	0.003882
532.000000	0.004023
533.000000	0.006494
534.000000	0.009646
535.000000	0.011543
536.000000	0.011697
537.000000	0.010133
538.000000	0.007495
539.000000	0.004530
540.000000	0.001781
541.000000	-0.000319
542.000000	-0.001581
543.000000	-0.002002
544.000000	-0.002094
545.000000	-0.002366
546.000000	-0.002804
547.000000	-0.003260
548.000000	-0.003589
549.000000	-0.003874
550.000000	-0.005116
551.000000	-0.008138
552.000000	-0.012125
553.000000	-0.015601
554.000000	-0.016072
555.000000	-0.011848
556.000000	-0.005466
557.000000	-0.000101
558.000000	0.002744
559.000000	0.002635
560.000000	0.001737
561.000000	0.002237
562.000000	0.003813
563.000000	0.005515
564.000000	0.006394
565.000000	0.005760
566.000000	0.003961
567.000000	0.001617
568.000000	-0.000618
569.000000	-0.002045
570.000000	-0.001830
571.000000	0.000474
572.000000	0.003647
573.000000	0.006207
574.000000	0.007309
575.000000	0.006413
576.000000	0.003578
577.000000	-0.000791
578.000000	-0.005493
579.000000	-0.009200
580.000000	-0.010886
581.000000	-0.010000
582.000000	-0.007603
583.000000	-0.005030
584.000000	-0.003115
585.000000	-0.002535
586.000000	-0.003850
587.000000	-0.007183
588.000000	-0.011041
589.000000	-0.013769
590.000000	-0.014677
591.000000	-0.013545
592.000000	-0.011058
593.000000	-0.008141
594.000000	-0.005758
595.000000	-0.004763
596.000000	-0.005522
597.000000	-0.007802
598.000000	-0.009470
599.000000	-0.008487
600.000000	-0.005101
601.000000	-0.000274
602.000000	0.004466
603.000000	0.007792
604.000000	0.009761
605.000000	0.010609
606.000000	0.009920
607.000000	0.006951
608.000000	0.000310
609.000000	-0.010657
610.000000	-0.023002
611.000000	-0.033196
612.000000	-0.038981
613.000000	-0.038962
614.000000	-0.033932
615.000000	-0.025460
616.000000	-0.016028
617.000000	-0.008282
618.000000	-0.004601
619.000000	-0.006132
620.000000	-0.009343
621.000000	-0.010401
622.000000	-0.008942
623.000000	-0.005899
624.000000	-0.003937
625.000000	-0.005154
626.000000	-0.007663
627.000000	-0.009008
628.000000	-0.008431
629.000000	-0.006186
630.000000	-0.004860
631.000000	-0.006760
632.000000	-0.010724
633.000000	-0.014792
634.000000	-0.017279
635.000000	-0.017020
636.000000	-0.014647
637.000000	-0.011102
638.000000	-0.006768
639.000000	-0.001873
640.000000	0.003400
641.000000	0.008545
642.000000	0.011705
643.000000	0.011172
644.000000	0.007187
645.000000	0.000916
646.000000	-0.004716
647.000000	-0.007185
648.000000	-0.007337
649.000000	-0.006698
650.000000	-0.006156
651.000000	-0.005991
652.000000	-0.004703
653.000000	-0.001215
654.000000	0.002087
655.000000	0.002106
656.000000	-0.003626
657.000000	-0.015826
658.000000	-0.028824
659.000000	-0.036526
660.000000	-0.037532
661.000000	-0.032062
662.000000	-0.022119
663.000000	-0.010106
664.000000	0.001747
665.000000	0.011530
666.000000	0.018426
667.000000	0.022245
668.000000	0.024199
669.000000	0.025519
670.000000	0.026116
671.000000	0.025615
672.000000	0.023828
673.000000	0.020683
674.000000	0.016374
675.000000	0.011285
676.000000	0.006277
677.000000	0.002296
678.000000	0.000135
679.000000	-0.000106
680.000000	-0.000960
681.000000	-0.004852
682.000000	-0.011138
683.000000	-0.018032
684.000000	-0.022241
685.000000	-0.021282
686.000000	-0.017415
687.000000	-0.013697
688.000000	-0.011633
689.000000	-0.012024
690.000000	-0.014421
691.000000	-0.017815
692.000000	-0.020212
693.000000	-0.019617
694.000000	-0.015012
695.000000	-0.006260
696.000000	0.004240
697.000000	0.013582
698.000000	0.019388
699.000000	0.019608
700.000000	0.012996
701.000000	0.000207
702.000000	-0.011293
703.000000	-0.014220
704.000000	-0.008828
705.000000	0.001862
706.000000	0.011303
707.000000	0.013727
708.000000	0.009994
709.000000	0.002561
710.000000	-0.006370
711.000000	-0.014488
712.000000	-0.018780
713.000000	-0.017079
714.000000	-0.011288
715.000000	-0.004151
716.000000	0.002308
717.000000	0.006724
718.000000	0.009644
719.000000	0.012049
720.000000	0.014733
721.000000	0.018385
722.000000	0.023467
723.000000	0.030085
724.000000	0.037153
725.000000	0.043222
726.000000	0.046592
727.000000	0.045488
728.000000	0.038075
729.000000	0.024218
730.000000	0.010642
731.000000	0.004266
732.000000	0.005938
733.000000	0.013666
734.000000	0.020161
735.000000	0.019092
736.000000	0.013240
737.000000	0.007344
738.000000	0.004856
739.000000	0.008192
740.000000	0.016915
741.000000	0.030460
742.000000	0.050608
743.000000	0.076818
744.000000	0.096910
745.000000	0.100552
746.000000	0.096445
747.000000	0.095193
748.000000	0.095980
749.000000	0.095952
750.000000	0.095514
751.000000	0.095481
752.000000	0.095049
753.000000	0.093812
754.000000	0.094584
755.000000	0.098171
756.000000	0.094119
757.000000	0.074037
758.000000	0.049046
759.000000	0.031971
760.000000	0.022944
761.000000	0.019125
762.000000	0.018469
763.000000	0.019092
764.000000	0.018942
765.000000	0.016251
766.000000	0.010549
767.000000	0.002354
768.000000	-0.005164
769.000000	-0.009054
770.000000	-0.009904
771.000000	-0.009178
772.000000	-0.008310
773.000000	-0.008118
774.000000	-0.006977
775.000000	-0.003192
776.000000	0.002759
777.000000	0.009748
778.000000	0.016223
779.000000	0.020640
780.000000	0.021923
781.000000	0.019630
782.000000	0.015391
783.000000	0.011763
784.000000	0.012925
785.000000	0.021194
786.000000	0.029808
787.000000	0.031284
788.000000	0.024338
789.000000	0.011001
790.000000	0.000374
791.000000	0.000411
792.000000	0.007395
793.000000	0.015246
794.000000	0.020100
795.000000	0.019776
796.000000	0.016614
797.000000	0.013477
798.000000	0.010792
799.000000	0.008377
800.000000	0.006049
801.000000	0.003724
802.000000	0.001706
803.000000	0.000262
804.000000	-0.000869
805.000000	-0.002072
806.000000	-0.003709
807.000000	-0.005672
808.000000	-0.005999
809.000000	-0.002858
810.000000	0.003200
811.000000	0.010774
812.000000	0.017438
813.000000	0.021007
814.000000	0.021267
815.000000	0.018587
816.000000	0.013676
817.000000	0.007445
818.000000	0.001261
819.000000	-0.003565
820.000000	-0.006411
821.000000	-0.006994
822.000000	-0.005715
823.000000	-0.003501
824.000000	-0.002717
825.000000	-0.005039
826.000000	-0.007964
827.000000	-0.008349
828.000000	-0.004670
829.000000	0.003042
830.000000	0.010166
831.000000	0.012168
832.000000	0.009461
833.000000	0.003790
834.000000	-0.002708
835.000000	-0.007893
836.000000	-0.009998
837.000000	-0.008029
838.000000	-0.003710
839.000000	0.000462
840.000000	0.001632
841.000000	-0.001584
842.000000	-0.004317
843.000000	-0.001637
844.000000	0.005371
845.000000	0.013509
846.000000	0.017149
847.000000	0.012305
848.000000	0.003982
849.000000	-0.001662
850.000000	-0.002856
851.000000	0.000314
852.000000	0.004732
853.000000	0.007565
854.000000	0.010156
855.000000	0.014351
856.000000	0.019848
857.000000	0.025024
858.000000	0.025139
859.000000	0.016921
860.000000	0.006098
861.000000	-0.000323
862.000000	0.000794
863.000000	0.009457
864.000000	0.017037
865.000000	0.015528
866.000000	0.008057
867.000000	0.000235
868.000000	-0.003512
869.000000	-0.000501
870.000000	0.006178
871.000000	0.012414
872.000000	0.015802
873.000000	0.014605
874.000000	0.008057
875.000000	-0.002850
876.000000	-0.011064
877.000000	-0.010232
878.000000	-0.002862
879.000000	0.005916
880.000000	0.009356
881.000000	0.002921
882.000000	-0.007476
883.000000	-0.014586
884.000000	-0.016265
885.000000	-0.012129
886.000000	-0.003724
887.000000	0.006608
888.000000	0.015278
889.000000	0.018999
890.000000	0.016929
891.000000	0.009257
892.000000	-0.002169
893.000000	-0.014582
894.000000	-0.023210
895.000000	-0.023893
896.000000	-0.016927
897.000000	-0.005077
898.000000	0.003458
899.000000	0.002145
900.000000	-0.003456
901.000000	-0.005886
902.000000	-0.002191
903.000000	0.007679
904.000000	0.016667
905.000000	0.018298
906.000000	0.015527
907.000000	0.013141
908.000000	0.013832
909.000000	0.018384
910.000000	0.022060
911.000000	0.020430
912.000000	0.015822
913.000000	0.012003
914.000000	0.011747
915.000000	0.016350
916.000000	0.022185
917.000000	0.025436
918.000000	0.026450
919.000000	0.026614
920.000000	0.027312
921.000000	0.028952
922.000000	0.028033
923.000000	0.021645
924.000000	0.013146
925.000000	0.007482
926.000000	0.009670
927.000000	0.021882
928.000000	0.034829
929.000000	0.038918
930.000000	0.034790
931.000000	0.026314
932.000000	0.020026
933.000000	0.021218
934.000000	0.027537
935.000000	0.034929
936.000000	0.040168
937.000000	0.040266
938.000000	0.032352
939.000000	0.015797
940.000000	-0.001192
941.000000	-0.009996
942.000000	-0.009193
943.000000	-0.000295
944.000000	0.010648
945.000000	0.017880
946.000000	0.021372
947.000000	0.022458
948.000000	0.022196
949.000000	0.021678
950.000000	0.022392
951.000000	0.025239
952.000000	0.028371
953.000000	0.029670
954.000000	0.028684
955.000000	0.025839
956.000000	0.023394
957.000000	0.023489
958.000000	0.025957
959.000000	0.030002
960.000000	0.034624
961.000000	0.038574
962.000000	0.039815
963.000000	0.037118
964.000000	0.033265
965.000000	0.031439
966.000000	0.032411
967.000000	0.034842
968.000000	0.031375
969.000000	0.016628
970.000000	-0.000863
971.000000	-0.010357
972.000000	-0.006201
973.000000	0.012690
974.000000	0.034214
975.000000	0.045867
976.000000	0.046730
977.000000	0.039138
978.000000	0.026849
979.000000	0.014821
980.000000	0.011389
981.000000	0.022489
982.000000	0.041103
983.000000	0.057469
984.000000	0.063818
985.000000	0.056413
986.000000	0.045642
987.000000	0.042403
988.000000	0.045507
989.000000	0.050693
990.000000	0.053499
991.000000	0.051038
992.000000	0.046920
993.000000	0.045407
994.000000	0.046864
995.000000	0.050587
996.000000	0.055500
997.000000	0.060621
998.000000	0.065724
999.000000	0.070992
1000.000000	0.077493
1001.000000	0.086396
1002.000000	0.098383
1003.000000	0.112053
1004.000000	0.118147
1005.000000	0.108701
1006.000000	0.088787
1007.000000	0.067226
1008.000000	0.054792
1009.000000	0.058198
1010.000000	0.065955
1011.000000	0.065204
1012.000000	0.055799
1013.000000	0.041544
1014.000000	0.029326
1015.000000	0.024343
1016.000000	0.021961
1017.000000	0.016595
1018.000000	0.008699
1019.000000	0.000628
1020.000000	-0.003704
1021.000000	-0.001448
1022.000000	0.004407
1023.000000	0.010144
1024.000000	0.014954
1025.000000	0.018996
1026.000000	0.023389
1027.000000	0.028810
1028.000000	0.033196
1029.000000	0.034517
1030.000000	0.033608
1031.000000	0.032280
1032.000000	0.033398
1033.000000	0.038814
1034.000000	0.045292
1035.000000	0.048887
1036.000000	0.047902
1037.000000	0.041483
1038.000000	0.029886
1039.000000	0.014695
1040.000000	0.001697
1041.000000	-0.003566
1042.000000	-0.000741
1043.000000	0.008490
1044.000000	0.019502
1045.000000	0.027807
1046.000000	0.032422
1047.000000	0.033368
1048.000000	0.031187
1049.000000	0.026707
1050.000000	0.021374
1051.000000	0.016849
1052.000000	0.015022
1053.000000	0.017400
1054.000000	0.023721
1055.000000	0.033028
1056.000000	0.043356
1057.000000	0.052013
1058.000000	0.054396
1059.000000	0.046933
1060.000000	0.032087
1061.000000	0.014799
1062.000000	0.003890
1063.000000	0.006296
1064.000000	0.017536
1065.000000	0.031083
1066.000000	0.043654
1067.000000	0.053202
1068.000000	0.059396
1069.000000	0.062169
1070.000000	0.060800
1071.000000	0.054930
1072.000000	0.046305
1073.000000	0.037463
1074.000000	0.032016
1075.000000	0.033025
1076.000000	0.040274
1077.000000	0.052260
1078.000000	0.065603
1079.000000	0.076135
1080.000000	0.078417
1081.000000	0.069378
1082.000000	0.056698
1083.000000	0.049108
1084.000000	0.048782
1085.000000	0.055276
1086.000000	0.064220
1087.000000	0.071291
1088.000000	0.076289
1089.000000	0.079799
1090.000000	0.081419
1091.000000	0.080459
1092.000000	0.076055
1093.000000	0.068089
1094.000000	0.059584
1095.000000	0.053740
1096.000000	0.051317
1097.000000	0.052108
1098.000000	0.054484
1099.000000	0.056964
1100.000000	0.060076
1101.000000	0.064441
1102.000000	0.069030
1103.000000	0.072244
1104.000000	0.071838
1105.000000	0.066990
1106.000000	0.063216
1107.000000	0.065997
1108.000000	0.074332
1109.000000	0.084918
1110.000000	0.091720
1111.000000	0.090145
1112.000000	0.084094
1113.000000	0.078685
1114.000000	0.075423
1115.000000	0.074603
1116.000000	0.075305
1117.000000	0.076425
1118.000000	0.077354
1119.000000	0.077975
1120.000000	0.079648
1121.000000	0.084209
1122.000000	0.093922
1123.000000	0.109868
1124.000000	0.127982
1125.000000	0.144161
1126.000000	0.159303
1127.000000	0.174005
1128.000000	0.182656
1129.000000	0.180535
1130.000000	0.172680
1131.000000	0.165696
1132.000000	0.162703
1133.000000	0.162831
1134.000000	0.152727
1135.000000	0.122631
1136.000000	0.089619
1137.000000	0.072131
1138.000000	0.067207
1139.000000	0.066721
1140.000000	0.063271
1141.000000	0.052015
1142.000000	0.037626
1143.000000	0.026096
1144.000000	0.019187
1145.000000	0.017307
1146.000000	0.019689
1147.000000	0.024517
1148.000000	0.026958
1149.000000	0.023035
1150.000000	0.015203
1151.000000	0.007525
1152.000000	0.004063
1153.000000	0.007652
1154.000000	0.016220
1155.000000	0.026808
1156.000000	0.037817
1157.000000	0.047975
1158.000000	0.055962
1159.000000	0.059931
1160.000000	0.055985
1161.000000	0.042315
1162.000000	0.027507
1163.000000	0.021517
1164.000000	0.029383
1165.000000	0.050973
1166.000000	0.070400
1167.000000	0.072715
1168.000000	0.062488
1169.000000	0.048623
1170.000000	0.037840
1171.000000	0.034597
1172.000000	0.036485
1173.000000	0.040117
1174.000000	0.045071
1175.000000	0.051320
1176.000000	0.057451
1177.000000	0.061088
1178.000000	0.057376
1179.000000	0.043260
1180.000000	0.025352
1181.000000	0.011586
1182.000000	0.005504
1183.000000	0.008161
1184.000000	0.015061
1185.000000	0.020998
1186.000000	0.023473
1187.000000	0.021086
1188.000000	0.014138
1189.000000	0.003815
1190.000000	-0.006839
1191.000000	-0.014725
1192.000000	-0.018367
1193.000000	-0.017180
1194.000000	-0.012510
1195.000000	-0.006574
1196.000000	-0.003133
1197.000000	-0.004832
1198.000000	-0.008320
1199.000000	-0.009654
1200.000000	-0.008521
1201.000000	-0.005944
1202.000000	-0.004646
1203.000000	-0.006226
1204.000000	-0.006075
1205.000000	0.000443
1206.000000	0.011856
1207.000000	0.024749
1208.000000	0.034046
1209.000000	0.036458
1210.000000	0.037510
1211.000000	0.042963
1212.000000	0.050709
1213.000000	0.056565
1214.000000	0.055905
1215.000000	0.046783
1216.000000	0.038410
1217.000000	0.039841
1218.000000	0.048346
1219.000000	0.058289
1220.000000	0.064192
1221.000000	0.063492
1222.000000	0.065133
1223.000000	0.077237
1224.000000	0.093143
1225.000000	0.103380
1226.000000	0.102036
1227.000000	0.087688
1228.000000	0.073311
1229.000000	0.071704
1230.000000	0.080567
1231.000000	0.094018
1232.000000	0.106957
1233.000000	0.115133
1234.000000	0.116920
1235.000000	0.112450
1236.000000	0.106276
1237.000000	0.103267
1238.000000	0.105143
1239.000000	0.111787
1240.000000	0.118876
1241.000000	0.121577
1242.000000	0.117208
1243.000000	0.104662
1244.000000	0.086970
1245.000000	0.069165
1246.000000	0.060139
1247.000000	0.065976
1248.000000	0.077683
1249.000000	0.084542
1250.000000	0.084025
1251.000000	0.076769
1252.000000	0.067889
1253.000000	0.062349
1254.000000	0.060031
1255.000000	0.059769
1256.000000	0.061297
1257.000000	0.064527
1258.000000	0.069181
1259.000000	0.074431
1260.000000	0.077444
1261.000000	0.075783
1262.000000	0.070589
1263.000000	0.063987
1264.000000	0.058445
1265.000000	0.055581
1266.000000	0.053262
1267.000000	0.049532
1268.000000	0.046885
1269.000000	0.048466
1270.000000	0.055575
1271.000000	0.067213
1272.000000	0.075032
1273.000000	0.071873
1274.000000	0.062673
1275.000000	0.054594
1276.000000	0.051609
1277.000000	0.055078
1278.000000	0.059098
1279.000000	0.057994
1280.000000	0.054263
1281.000000	0.051901
1282.000000	0.052736
1283.000000	0.057486
1284.000000	0.064590
1285.000000	0.072189
1286.000000	0.079501
1287.000000	0.085984
1288.000000	0.090989
1289.000000	0.093878
1290.000000	0.094161
1291.000000	0.091888
1292.000000	0.089122
1293.000000	0.087935
1294.000000	0.088431
1295.000000	0.090103
1296.000000	0.091960
1297.000000	0.093960
1298.000000	0.100343
1299.000000	0.114905
1300.000000	0.135373
1301.000000	0.157831
1302.000000	0.177867
1303.000000	0.191886
1304.000000	0.200065
1305.000000	0.203675
1306.000000	0.204586
1307.000000	0.204680
1308.000000	0.205277
1309.000000	0.207027
1310.000000	0.208455
1311.000000	0.208101
1312.000000	0.206690
1313.000000	0.205276
1314.000000	0.204050
1315.000000	0.202660
1316.000000	0.199448
1317.000000	0.193198
1318.000000	0.185773
1319.000000	0.179452
1320.000000	0.175111
1321.000000	0.173034
1322.000000	0.172557
1323.000000	0.172364
1324.000000	0.169487
1325.000000	0.161729
1326.000000	0.151643
1327.000000	0.143260
1328.000000	0.141775
1329.000000	0.150420
1330.000000	0.163402
1331.000000	0.174029
1332.000000	0.181049
1333.000000	0.184848
1334.000000	0.186922
1335.000000	0.189005
1336.000000	0.192669
1337.000000	0.198769
1338.000000	0.205461
1339.000000	0.210298
1340.000000	0.211128
1341.000000	0.206152
1342.000000	0.194687
1343.000000	0.177236
1344.000000	0.157924
1345.000000	0.141314
1346.000000	0.130104
1347.000000	0.125966
1348.000000	0.128335
1349.000000	0.135184
1350.000000	0.140880
1351.000000	0.140226
1352.000000	0.133375
1353.000000	0.122623
1354.000000	0.113493
1355.000000	0.110421
1356.000000	0.110284
1357.000000	0.109284
1358.000000	0.108484
1359.000000	0.110171
1360.000000	0.116659
1361.000000	0.128436
1362.000000	0.138643
1363.000000	0.140656
1364.000000	0.136122
1365.000000	0.128788
1366.000000	0.122533
1367.000000	0.120768
1368.000000	0.124898
1369.000000	0.134389
1370.000000	0.142942
1371.000000	0.144084
1372.000000	0.136398
1373.000000	0.121643
1374.000000	0.109213
1375.000000	0.106704
1376.000000	0.106891
1377.000000	0.101190
1378.000000	0.090416
1379.000000	0.079005
1380.000000	0.076485
1381.000000	0.088925
1382.000000	0.103458
1383.000000	0.106247
1384.000000	0.098522
1385.000000	0.085930
1386.000000	0.076736
1387.000000	0.076950
1388.000000	0.080958
1389.000000	0.081929
1390.000000	0.079778
1391.000000	0.076154
1392.000000	0.072882
1393.000000	0.071781
1394.000000	0.074474
1395.000000	0.081101
1396.000000	0.086078
1397.000000	0.083887
1398.000000	0.075018
1399.000000	0.063322
1400.000000	0.060106
1401.000000	0.073123
1402.000000	0.088470
1403.000000	0.090597
1404.000000	0.079017
1405.000000	0.058708
1406.000000	0.041454
1407.000000	0.037034
1408.000000	0.040411
1409.000000	0.044251
1410.000000	0.046850
1411.000000	0.048018
1412.000000	0.047983
1413.000000	0.046281
1414.000000	0.039267
1415.000000	0.024677
1416.000000	0.008948
1417.000000	-0.000262
1418.000000	0.000892
1419.000000	0.013569
1420.000000	0.032009
1421.000000	0.049121
1422.000000	0.059408
1423.000000	0.059189
1424.000000	0.050467
1425.000000	0.037696
1426.000000	0.029458
1427.000000	0.032344
1428.000000	0.040845
1429.000000	0.047812
1430.000000	0.051622
1431.000000	0.052415
1432.000000	0.051845
1433.000000	0.051744
1434.000000	0.053148
1435.000000	0.056487
1436.000000	0.060569
1437.000000	0.064018
1438.000000	0.066347
1439.000000	0.067825
1440.000000	0.070870
1441.000000	0.078080
1442.000000	0.090630
1443.000000	0.108476
1444.000000	0.128128
1445.000000	0.144516
1446.000000	0.149712
1447.000000	0.139385
1448.000000	0.126451
1449.000000	0.124557
1450.000000	0.133021
1451.000000	0.146609
1452.000000	0.156210
1453.000000	0.154733
1454.000000	0.147054
1455.000000	0.139832
1456.000000	0.134889
1457.000000	0.132668
1458.000000	0.132927
1459.000000	0.135247
1460.000000	0.139192
1461.000000	0.143616
1462.000000	0.144549
1463.000000	0.138520
1464.000000	0.126867
1465.000000	0.113160
1466.000000	0.105070
1467.000000	0.108530
1468.000000	0.118403
1469.000000	0.127356
1470.000000	0.130322
1471.000000	0.123475
1472.000000	0.105667
1473.000000	0.079069
1474.000000	0.056431
1475.000000	0.049488
1476.000000	0.055331
1477.000000	0.067352
1478.000000	0.078797
1479.000000	0.083918
1480.000000	0.081126
1481.000000	0.071414
1482.000000	0.061935
1483.000000	0.059641
1484.000000	0.064528
1485.000000	0.073413
1486.000000	0.077348
1487.000000	0.069048
1488.000000	0.053649
1489.000000	0.038497
1490.000000	0.027361
1491.000000	0.022593
1492.000000	0.024451
1493.000000	0.031336
1494.000000	0.036319
1495.000000	0.033385
1496.000000	0.025498
1497.000000	0.017348
1498.000000	0.011538
1499.000000	0.008682
1500.000000	0.003533
1501.000000	-0.007969
1502.000000	-0.019279
1503.000000	-0.023105
1504.000000	-0.019777
1505.000000	-0.012537
1506.000000	-0.008657
1507.000000	-0.013725
1508.000000	-0.022555
1509.000000	-0.028735
1510.000000	-0.031713
1511.000000	-0.032481
1512.000000	-0.032338
1513.000000	-0.031819
1514.000000	-0.028086
1515.000000	-0.018959
1516.000000	-0.008263
1517.000000	-0.000655
1518.000000	0.001886
1519.000000	-0.001057
1520.000000	-0.006321
1521.000000	-0.010619
1522.000000	-0.013738
1523.000000	-0.015929
1524.000000	-0.016209
1525.000000	-0.013391
1526.000000	-0.006689
1527.000000	0.003794
1528.000000	0.014819
1529.000000	0.022753
1530.000000	0.025538
1531.000000	0.022094
1532.000000	0.013683
1533.000000	0.003179
1534.000000	-0.002447
1535.000000	0.002013
1536.000000	0.010616
1537.000000	0.016125
1538.000000	0.017283
1539.000000	0.015237
1540.000000	0.014783
1541.000000	0.020130
1542.000000	0.029484
1543.000000	0.039782
1544.000000	0.048893
1545.000000	0.055170
1546.000000	0.057973
1547.000000	0.057680
1548.000000	0.057731
1549.000000	0.061026
1550.000000	0.065231
1551.000000	0.067319
1552.000000	0.066718
1553.000000	0.064072
1554.000000	0.062423
1555.000000	0.064734
1556.000000	0.071243
1557.000000	0.081008
1558.000000	0.091100
1559.000000	0.098264
1560.000000	0.099921
1561.000000	0.095072
1562.000000	0.088360
1563.000000	0.084839
1564.000000	0.085561
1565.000000	0.090418
1566.000000	0.098664
1567.000000	0.109330
1568.000000	0.121190
1569.000000	0.132776
1570.000000	0.141915
1571.000000	0.146827
1572.000000	0.148019
1573.000000	0.146805
1574.000000	0.145436
1575.000000	0.147002
1576.000000	0.157026
1577.000000	0.178191
1578.000000	0.199405
1579.000000	0.208254
1580.000000	0.200818
1581.000000	0.179745
1582.000000	0.165459
1583.000000	0.175207
1584.000000	0.195743
1585.000000	0.209398
1586.000000	0.211294
1587.000000	0.201423
1588.000000	0.186456
1589.000000	0.172664
1590.000000	0.158037
1591.000000	0.140522
1592.000000	0.126174
1593.000000	0.121702
1594.000000	0.128310
1595.000000	0.142457
1596.000000	0.147122
1597.000000	0.129313
1598.000000	0.105636
1599.000000	0.095617
1600.000000	0.100852
1601.000000	0.116055
1602.000000	0.126339
1603.000000	0.119955
1604.000000	0.107291
1605.000000	0.100884
1606.000000	0.099716
1607.000000	0.099632
1608.000000	0.097491
1609.000000	0.092333
1610.000000	0.090903
1611.000000	0.098034
1612.000000	0.103217
1613.000000	0.095487
1614.000000	0.077406
1615.000000	0.056613
1616.000000	0.047523
1617.000000	0.059701
1618.000000	0.076526
1619.000000	0.080409
1620.000000	0.076084
1621.000000	0.073028
1622.000000	0.077362
1623.000000	0.090205
1624.000000	0.096036
1625.000000	0.081563
1626.000000	0.059053
1627.000000	0.044138
1628.000000	0.040350
1629.000000	0.046424
1630.000000	0.053998
1631.000000	0.055751
1632.000000	0.055623
1633.000000	0.058901
1634.000000	0.065006
1635.000000	0.071842
1636.000000	0.077124
1637.000000	0.078725
1638.000000	0.075329
1639.000000	0.066898
1640.000000	0.057683
1641.000000	0.052154
1642.000000	0.051367
1643.000000	0.055015
1644.000000	0.060750
1645.000000	0.066071
1646.000000	0.069897
1647.000000	0.072063
1648.000000	0.074638
1649.000000	0.079842
1650.000000	0.088277
1651.000000	0.099298
1652.000000	0.108897
1653.000000	0.113209
1654.000000	0.112317
1655.000000	0.107560
1656.000000	0.101345
1657.000000	0.096311
1658.000000	0.094951
1659.000000	0.098697
1660.000000	0.104883
1661.000000	0.110629
1662.000000	0.116285
1663.000000	0.122746
1664.000000	0.129857
1665.000000	0.136749
1666.000000	0.140746
1667.000000	0.139711
1668.000000	0.135470
1669.000000	0.130317
1670.000000	0.124457
1671.000000	0.117556
1672.000000	0.109227
1673.000000	0.099863
1674.000000	0.093034
1675.000000	0.091890
1676.000000	0.094715
1677.000000	0.098935
1678.000000	0.103401
1679.000000	0.107799
1680.000000	0.113714
1681.000000	0.121517
1682.000000	0.124819
1683.000000	0.117758
1684.000000	0.103349
1685.000000	0.086873
1686.000000	0.073807
1687.000000	0.068079
1688.000000	0.067223
1689.000000	0.067464
1690.000000	0.066176
1691.000000	0.061673
1692.000000	0.054881
1693.000000	0.047780
1694.000000	0.043940
1695.000000	0.045350
1696.000000	0.046078
1697.000000	0.040570
1698.000000	0.032694
1699.000000	0.027505
1700.000000	0.025369
1701.000000	0.025377
1702.000000	0.026206
1703.000000	0.026733
1704.000000	0.027043
1705.000000	0.027438
1706.000000	0.027880
1707.000000	0.028282
1708.000000	0.028717
1709.000000	0.029224
1710.000000	0.029554
1711.000000	0.029635
1712.000000	0.030391
1713.000000	0.032071
1714.000000	0.031228
1715.000000	0.025323
1716.000000	0.019141
1717.000000	0.016990
1718.000000	0.013944
1719.000000	0.004861
1720.000000	-0.007042
1721.000000	-0.016822
1722.000000	-0.020997
1723.000000	-0.018298
1724.000000	-0.014847
1725.000000	-0.016430
1726.000000	-0.020087
1727.000000	-0.021114
1728.000000	-0.016563
1729.000000	-0.005969
1730.000000	0.002956
1731.000000	0.003274
1732.000000	-0.000698
1733.000000	-0.003248
1734.000000	-0.004352
1735.000000	-0.005433
1736.000000	-0.008005
1737.000000	-0.012751
1738.000000	-0.016924
1739.000000	-0.017761
1740.000000	-0.015870
1741.000000	-0.012665
1742.000000	-0.009405
1743.000000	-0.007243
1744.000000	-0.007059
1745.000000	-0.009155
1746.000000	-0.011787
1747.000000	-0.013143
1748.000000	-0.013188
1749.000000	-0.012398
1750.000000	-0.011525
1751.000000	-0.011331
1752.000000	-0.012354
1753.000000	-0.015247
1754.000000	-0.021345
1755.000000	-0.030579
1756.000000	-0.036589
1757.000000	-0.032996
1758.000000	-0.019623
1759.000000	-0.000488
1760.000000	0.009821
1761.000000	-0.000085
1762.000000	-0.018223
1763.000000	-0.029732
1764.000000	-0.031607
1765.000000	-0.024828
1766.000000	-0.014457
1767.000000	-0.006550
1768.000000	-0.007056
1769.000000	-0.018586
1770.000000	-0.030518
1771.000000	-0.031684
1772.000000	-0.021980
1773.000000	-0.005795
1774.000000	0.005574
1775.000000	0.003449
1776.000000	-0.003462
1777.000000	-0.004925
1778.000000	-0.002000
1779.000000	0.001591
1780.000000	0.002760
1781.000000	-0.000755
1782.000000	-0.008533
1783.000000	-0.018520
1784.000000	-0.024806
1785.000000	-0.022407
1786.000000	-0.013897
1787.000000	-0.003842
1788.000000	0.002791
1789.000000	0.002451
1790.000000	-0.002328
1791.000000	-0.007999
1792.000000	-0.013031
1793.000000	-0.016546
1794.000000	-0.018261
1795.000000	-0.018174
1796.000000	-0.016814
1797.000000	-0.014672
1798.000000	-0.011546
1799.000000	-0.007321
1800.000000	-0.002930
1801.000000	0.000547
1802.000000	0.002488
1803.000000	0.002542
1804.000000	0.000972
1805.000000	-0.001537
1806.000000	-0.003232
1807.000000	-0.002712
1808.000000	-0.001036
1809.000000	0.000223
1810.000000	-0.000089
1811.000000	-0.002520
1812.000000	-0.005622
1813.000000	-0.008002
1814.000000	-0.010489
1815.000000	-0.013904
1816.000000	-0.016812
1817.000000	-0.017389
1818.000000	-0.014517
1819.000000	-0.008570
1820.000000	-0.005187
1821.000000	-0.008930
1822.000000	-0.014790
1823.000000	-0.016760
1824.000000	-0.014414
1825.000000	-0.009432
1826.000000	-0.006327
1827.000000	-0.008766
1828.000000	-0.014193
1829.000000	-0.018706
1830.000000	-0.019244
1831.000000	-0.013958
1832.000000	-0.004992
1833.000000	0.003734
1834.000000	0.005195
1835.000000	-0.005157
1836.000000	-0.018863
1837.000000	-0.026334
1838.000000	-0.026469
1839.000000	-0.020629
1840.000000	-0.011550
1841.000000	-0.002003
1842.000000	0.006463
1843.000000	0.012470
1844.000000	0.014100
1845.000000	0.010121
1846.000000	0.002568
1847.000000	-0.005716
1848.000000	-0.011934
1849.000000	-0.014063
1850.000000	-0.013121
1851.000000	-0.010863
1852.000000	-0.008950
1853.000000	-0.008604
1854.000000	-0.009401
1855.000000	-0.010422
1856.000000	-0.010424
1857.000000	-0.009265
1858.000000	-0.011532
1859.000000	-0.020307
1860.000000	-0.027914
1861.000000	-0.026196
1862.000000	-0.015835
1863.000000	-0.001111
1864.000000	0.008123
1865.000000	0.005044
1866.000000	0.000504
1867.000000	0.005619
1868.000000	0.014881
1869.000000	0.019875
1870.000000	0.017190
1871.000000	0.006525
1872.000000	-0.004967
1873.000000	-0.010523
1874.000000	-0.012381
1875.000000	-0.014028
1876.000000	-0.014946
1877.000000	-0.013794
1878.000000	-0.009942
1879.000000	-0.003407
1880.000000	0.003903
1881.000000	0.010023
1882.000000	0.014638
1883.000000	0.017670
1884.000000	0.018339
1885.000000	0.015979
1886.000000	0.011093
1887.000000	0.005228
1888.000000	0.002937
1889.000000	0.007131
1890.000000	0.011157
1891.000000	0.008096
1892.000000	-0.000458
1893.000000	-0.010444
1894.000000	-0.016441
1895.000000	-0.014649
1896.000000	-0.009120
1897.000000	-0.004559
1898.000000	-0.000446
1899.000000	0.004395
1900.000000	0.008539
1901.000000	0.009951
1902.000000	0.006744
1903.000000	-0.001621
1904.000000	-0.010447
1905.000000	-0.014764
1906.000000	-0.013733
1907.000000	-0.007982
1908.000000	0.000135
1909.000000	0.007815
1910.000000	0.012183
1911.000000	0.011290
1912.000000	0.006974
1913.000000	0.002117
1914.000000	0.000000
1915.000000	0.003059
1916.000000	0.009949
1917.000000	0.017821
1918.000000	0.021598
1919.000000	0.017241
1920.000000	0.007104
1921.000000	-0.004426
1922.000000	-0.011223
1923.000000	-0.008464
1924.000000	0.001715
1925.000000	0.013969
1926.000000	0.017068
1927.000000	0.003166
1928.000000	-0.016166
1929.000000	-0.027273
1930.000000	-0.027591
1931.000000	-0.018302
1932.000000	-0.004491
1933.000000	0.007490
1934.000000	0.010131
1935.000000	-0.000595
1936.000000	-0.013608
1937.000000	-0.017203
1938.000000	-0.012274
1939.000000	-0.003025
1940.000000	0.005701
1941.000000	0.009858
1942.000000	0.009235
1943.000000	0.005545
1944.000000	0.004367
1945.000000	0.009710
1946.000000	0.015433
1947.000000	0.014177
1948.000000	0.003870
1949.000000	-0.012776
1950.000000	-0.019188
1951.000000	-0.003070
1952.000000	0.016918
1953.000000	0.020306
1954.000000	0.010342
1955.000000	-0.003569
1956.000000	-0.011122
1957.000000	-0.005149
1958.000000	0.008072
1959.000000	0.020311
1960.000000	0.028964
1961.000000	0.032707
1962.000000	0.029697
1963.000000	0.018862
1964.000000	0.002743
1965.000000	-0.013652
1966.000000	-0.019063
1967.000000	-0.005896
1968.000000	0.012522
1969.000000	0.021265
1970.000000	0.019932
1971.000000	0.012448
1972.000000	0.005514
1973.000000	0.004776
1974.000000	0.008898
1975.000000	0.014283
1976.000000	0.015279
1977.000000	0.007738
1978.000000	-0.004421
1979.000000	-0.015375
1980.000000	-0.019741
1981.000000	-0.014518
1982.000000	-0.005794
1983.000000	-0.000456
1984.000000	0.000503
1985.000000	-0.001887
1986.000000	-0.004393
1987.000000	-0.003647
1988.000000	0.002067
1989.000000	0.012417
1990.000000	0.020520
1991.000000	0.020563
1992.000000	0.017551
1993.000000	0.017571
1994.000000	0.020221
1995.000000	0.023261
1996.000000	0.023587
1997.000000	0.018972
1998.000000	0.011548
1999.000000	0.004205
2000.000000	-0.001510
2001.000000	-0.004820
2002.000000	-0.006688
2003.000000	-0.008358
2004.000000	-0.010469
2005.000000	-0.012593
2006.000000	-0.010656
2007.000000	-0.001985
2008.000000	0.006826
2009.000000	0.008884
2010.000000	0.005361
2011.000000	-0.000384
2012.000000	-0.004308
2013.000000	-0.003733
2014.000000	-0.002122
2015.000000	-0.002765
2016.000000	-0.002117
2017.000000	0.003365
2018.000000	0.010393
2019.000000	0.014328
2020.000000	0.011951
2021.000000	0.002304
2022.000000	-0.007965
2023.000000	-0.012812
2024.000000	-0.016218
2025.000000	-0.022646
2026.000000	-0.028451
2027.000000	-0.028635
2028.000000	-0.020889
2029.000000	-0.005760
2030.000000	0.007482
2031.000000	0.010447
2032.000000	0.006985
2033.000000	0.002954
2034.000000	0.000003
2035.000000	-0.001429
2036.000000	-0.001529
2037.000000	-0.000484
2038.000000	0.002132
2039.000000	0.006268
2040.000000	0.009349
2041.000000	0.008866
2042.000000	0.005109
2043.000000	-0.000678
2044.000000	-0.006231
2045.000000	-0.009107
2046.000000	-0.007178
2047.000000	0.000244
2048.000000	0.008399
2049.000000	0.012385
2050.000000	0.012184
2051.000000	0.009220
2052.000000	0.005798
2053.000000	0.004236
2054.000000	0.006023
2055.000000	0.011198
2056.000000	0.014837
2057.000000	0.012799
2058.000000	0.009050
2059.000000	0.008588
2060.000000	0.012439
2061.000000	0.019532
2062.000000	0.024376
2063.000000	0.022062
2064.000000	0.014416
2065.000000	0.004679
2066.000000	-0.004975
2067.000000	-0.012630
2068.000000	-0.016331
2069.000000	-0.014448
2070.000000	-0.006682
2071.000000	0.006172
2072.000000	0.020284
2073.000000	0.031058
2074.000000	0.033875
2075.000000	0.025802
2076.000000	0.010672
2077.000000	-0.005645
2078.000000	-0.015900
2079.000000	-0.015232
2080.000000	-0.009701
2081.000000	-0.006271
2082.000000	-0.004588
2083.000000	-0.003018
2084.000000	-0.002131
2085.000000	-0.002950
2086.000000	-0.006111
2087.000000	-0.011399
2088.000000	-0.015596
2089.000000	-0.015219
2090.000000	-0.008730
2091.000000	0.003440
2092.000000	0.014925
2093.000000	0.018912
2094.000000	0.012731
2095.000000	-0.002362
2096.000000	-0.013540
2097.000000	-0.009487
2098.000000	0.003489
2099.000000	0.015922
2100.000000	0.023326
2101.000000	0.023523
2102.000000	0.018573
2103.000000	0.012330
2104.000000	0.011588
2105.000000	0.020399
2106.000000	0.028892
2107.000000	0.026905
2108.000000	0.017022
2109.000000	0.004960
2110.000000	-0.003775
2111.000000	-0.004791
2112.000000	0.002044
2113.000000	0.013797
2114.000000	0.019527
2115.000000	0.010917
2116.000000	-0.001833
2117.000000	-0.006656
2118.000000	-0.002525
2119.000000	0.007104
2120.000000	0.011899
2121.000000	0.004176
2122.000000	-0.006269
2123.000000	-0.008317
2124.000000	-0.003027
2125.000000	0.005484
2126.000000	0.013033
2127.000000	0.016063
2128.000000	0.013568
2129.000000	0.006586
2130.000000	0.001773
2131.000000	0.005059
2132.000000	0.013869
2133.000000	0.023847
2134.000000	0.032038
2135.000000	0.036160
2136.000000	0.035238
2137.000000	0.028848
2138.000000	0.017456
2139.000000	0.002992
2140.000000	-0.007666
2141.000000	-0.008993
2142.000000	-0.005828
2143.000000	-0.004511
2144.000000	-0.007019
2145.000000	-0.012559
2146.000000	-0.013630
2147.000000	-0.004037
2148.000000	0.010497
2149.000000	0.022100
2150.000000	0.026234
2151.000000	0.020772
2152.000000	0.009886
2153.000000	-0.000409
2154.000000	-0.003027
2155.000000	0.005623
2156.000000	0.014090
2157.000000	0.011400
2158.000000	0.003524
2159.000000	-0.001115
2160.000000	-0.001243
2161.000000	0.001973
2162.000000	0.004740
2163.000000	0.003537
2164.000000	-0.001438
2165.000000	-0.008246
2166.000000	-0.011696
2167.000000	-0.007930
2168.000000	-0.001672
2169.000000	0.001061
2170.000000	-0.002326
2171.000000	-0.011545
2172.000000	-0.018189
2173.000000	-0.014802
2174.000000	-0.005847
2175.000000	0.002376
2176.000000	0.008138
2177.000000	0.010950
2178.000000	0.010721
2179.000000	0.007582
2180.000000	0.002141
2181.000000	-0.003422
2182.000000	-0.001126
2183.000000	0.013602
2184.000000	0.025912
2185.000000	0.020854
2186.000000	0.002491
2187.000000	-0.019381
2188.000000	-0.031053
2189.000000	-0.022634
2190.000000	-0.003422
2191.000000	0.014265
2192.000000	0.025203
2193.000000	0.026937
2194.000000	0.020988
2195.000000	0.010303
2196.000000	-0.000435
2197.000000	-0.006560
2198.000000	-0.005218
2199.000000	0.003708
2200.000000	0.011207
2201.000000	0.008936
2202.000000	0.000363
2203.000000	-0.008633
2204.000000	-0.014334
2205.000000	-0.014562
2206.000000	-0.011144
2207.000000	-0.007013
2208.000000	-0.005523
2209.000000	-0.008703
2210.000000	-0.012861
2211.000000	-0.014008
2212.000000	-0.012672
2213.000000	-0.010635
2214.000000	-0.010162
2215.000000	-0.012619
2216.000000	-0.015293
2217.000000	-0.015549
2218.000000	-0.015152
2219.000000	-0.016084
2220.000000	-0.016800
2221.000000	-0.014870
2222.000000	-0.007864
2223.000000	0.004741
2224.000000	0.015843
2225.000000	0.019287
2226.000000	0.020319
2227.000000	0.024194
2228.000000	0.024795
2229.000000	0.016164
2230.000000	0.004357
2231.000000	-0.003168
2232.000000	-0.005361
2233.000000	-0.002789
2234.000000	0.003927
2235.000000	0.013112
2236.000000	0.018933
2237.000000	0.016469
2238.000000	0.008599
2239.000000	0.000062
2240.000000	-0.004766
2241.000000	-0.002705
2242.000000	0.005011
2243.000000	0.014680
2244.000000	0.017148
2245.000000	0.006419
2246.000000	-0.005409
2247.000000	-0.005204
2248.000000	0.006210
2249.000000	0.023019
2250.000000	0.033402
2251.000000	0.028500
2252.000000	0.017318
2253.000000	0.010601
2254.000000	0.008191
2255.000000	0.007649
2256.000000	0.008327
2257.000000	0.009893
2258.000000	0.011486
2259.000000	0.011965
2260.000000	0.009610
2261.000000	0.003512
2262.000000	-0.003404
2263.000000	-0.008217
2264.000000	-0.011859
2265.000000	-0.015248
2266.000000	-0.015411
2267.000000	-0.008776
2268.000000	0.006721
2269.000000	0.029532
2270.000000	0.045167
2271.000000	0.041350
2272.000000	0.027610
2273.000000	0.016321
2274.000000	0.009425
2275.000000	0.005893
2276.000000	0.003258
2277.000000	-0.000485
2278.000000	-0.004039
2279.000000	-0.004696
2280.000000	0.002588
2281.000000	0.019839
2282.000000	0.034675
2283.000000	0.034951
2284.000000	0.023883
2285.000000	0.009509
2286.000000	0.003787
2287.000000	0.014123
2288.000000	0.025807
2289.000000	0.024807
2290.000000	0.021924
2291.000000	0.029470
2292.000000	0.040971
2293.000000	0.046685
2294.000000	0.042575
2295.000000	0.028796
2296.000000	0.016569
2297.000000	0.016002
2298.000000	0.021701
2299.000000	0.025976
2300.000000	0.027465
2301.000000	0.026460
2302.000000	0.023552
2303.000000	0.019490
2304.000000	0.015346
2305.000000	0.012300
2306.000000	0.011642
2307.000000	0.013688
2308.000000	0.014741
2309.000000	0.011560
2310.000000	0.006746
2311.000000	0.003697
2312.000000	0.003163
2313.000000	0.004610
2314.000000	0.005010
2315.000000	0.002416
2316.000000	0.001699
2317.000000	0.007067
2318.000000	0.013258
2319.000000	0.014274
2320.000000	0.010637
2321.000000	0.005189
2322.000000	0.003542
2323.000000	0.009571
2324.000000	0.017428
2325.000000	0.021268
2326.000000	0.024976
2327.000000	0.031779
2328.000000	0.032524
2329.000000	0.019618
2330.000000	0.004073
2331.000000	-0.000976
2332.000000	0.007502
2333.000000	0.026562
2334.000000	0.039456
2335.000000	0.032238
2336.000000	0.015983
2337.000000	0.005039
2338.000000	0.001822
2339.000000	0.005264
2340.000000	0.012288
2341.000000	0.019765
2342.000000	0.026365
2343.000000	0.030825
2344.000000	0.030343
2345.000000	0.023588
2346.000000	0.016636
2347.000000	0.015357
2348.000000	0.017381
2349.000000	0.018447
2350.000000	0.014980
2351.000000	0.005232
2352.000000	-0.005918
2353.000000	-0.012468
2354.000000	-0.010563
2355.000000	0.000466
2356.000000	0.010681
2357.000000	0.010574
2358.000000	0.002969
2359.000000	-0.005786
2360.000000	-0.007586
2361.000000	0.001917
2362.000000	0.010278
2363.000000	0.005789
2364.000000	-0.003508
2365.000000	-0.007115
2366.000000	-0.004452
2367.000000	0.002404
2368.000000	0.010653
2369.000000	0.017746
2370.000000	0.022845
2371.000000	0.025722
2372.000000	0.026879
2373.000000	0.026788
2374.000000	0.025084
2375.000000	0.021562
2376.000000	0.017502
2377.000000	0.014303
2378.000000	0.012359
2379.000000	0.011440
2380.000000	0.009844
2381.000000	0.006271
2382.000000	0.002516
2383.000000	0.000115
2384.000000	-0.003537
2385.000000	-0.010467
2386.000000	-0.016243
2387.000000	-0.015688
2388.000000	-0.007087
2389.000000	0.008261
2390.000000	0.020468
2391.000000	0.020633
2392.000000	0.012377
2393.000000	0.001852
2394.000000	-0.007202
2395.000000	-0.012036
2396.000000	-0.011472
2397.000000	-0.005426
2398.000000	0.003373
2399.000000	0.011038
2400.000000	0.011866
2401.000000	0.002405
2402.000000	-0.009987
2403.000000	-0.017094
2404.000000	-0.018080
2405.000000	-0.014149
2406.000000	-0.007293
2407.000000	0.000404
2408.000000	0.007287
2409.000000	0.011575
2410.000000	0.010558
2411.000000	0.003326
2412.000000	-0.002892
2413.000000	-0.001413
2414.000000	0.004130
2415.000000	0.008324
2416.000000	0.008959
2417.000000	0.005670
2418.000000	0.002273
2419.000000	0.002285
2420.000000	0.003848
2421.000000	0.004273
2422.000000	0.002934
2423.000000	-0.000127
2424.000000	-0.004266
2425.000000	-0.008521
2426.000000	-0.011276
2427.000000	-0.010956
2428.000000	-0.006806
2429.000000	0.001023
2430.000000	0.009560
2431.000000	0.015508
2432.000000	0.017068
2433.000000	0.013533
2434.000000	0.007050
2435.000000	0.000157
2436.000000	-0.005894
2437.000000	-0.010070
2438.000000	-0.010930
2439.000000	-0.007775
2440.000000	-0.003286
2441.000000	0.000132
2442.000000	0.004548
2443.000000	0.011058
2444.000000	0.012381
2445.000000	0.003211
2446.000000	-0.005499
2447.000000	-0.003725
2448.000000	-0.001430
2449.000000	-0.008488
2450.000000	-0.014425
2451.000000	-0.008429
2452.000000	0.001308
2453.000000	0.004727
2454.000000	0.003294
2455.000000	0.001109
2456.000000	0.001274
2457.000000	0.004924
2458.000000	0.006334
2459.000000	0.001158
2460.000000	-0.002560
2461.000000	0.003215
2462.000000	0.014082
2463.000000	0.023099
2464.000000	0.025575
2465.000000	0.018912
2466.000000	0.006616
2467.000000	-0.005649
2468.000000	-0.009703
2469.000000	-0.000633
2470.000000	0.010874
2471.000000	0.013449
2472.000000	0.008585
2473.000000	0.000939
2474.000000	-0.005030
2475.000000	-0.005704
2476.000000	-0.000635
2477.000000	0.009135
2478.000000	0.019772
2479.000000	0.026876
2480.000000	0.026585
2481.000000	0.017780
2482.000000	0.009764
2483.000000	0.011493
2484.000000	0.020101
2485.000000	0.029618
2486.000000	0.033486
2487.000000	0.027014
2488.000000	0.013572
2489.000000	-0.000874
2490.000000	-0.008049
2491.000000	-0.002896
2492.000000	0.004445
2493.000000	0.003416
2494.000000	-0.003013
2495.000000	-0.008896
2496.000000	-0.009914
2497.000000	-0.004244
2498.000000	0.001587
2499.000000	0.001042
2500.000000	-0.004093
2501.000000	-0.009534
2502.000000	-0.009320
2503.000000	0.000080
2504.000000	0.010811
2505.000000	0.013949
2506.000000	0.007696
2507.000000	-0.005725
2508.000000	-0.015131
2509.000000	-0.011217
2510.000000	-0.001147
2511.000000	0.006172
2512.000000	0.011324
2513.000000	0.016457
2514.000000	0.020499
2515.000000	0.021948
2516.000000	0.020819
2517.000000	0.017824
2518.000000	0.014948
2519.000000	0.013772
2520.000000	0.012993
2521.000000	0.011144
2522.000000	0.008984
2523.000000	0.007983
2524.000000	0.010216
2525.000000	0.016405
2526.000000	0.021246
2527.000000	0.018703
2528.000000	0.005825
2529.000000	-0.015177
2530.000000	-0.024530
2531.000000	-0.007002
2532.000000	0.016898
2533.000000	0.024174
2534.000000	0.017614
2535.000000	0.006347
2536.000000	-0.000916
2537.000000	0.002175
2538.000000	0.012957
2539.000000	0.025364
2540.000000	0.028731
2541.000000	0.015411
2542.000000	-0.005559
2543.000000	-0.022252
2544.000000	-0.027855
2545.000000	-0.018948
2546.000000	-0.000565
2547.000000	0.020003
2548.000000	0.034904
2549.000000	0.038048
2550.000000	0.030970
2551.000000	0.018110
2552.000000	0.007916
2553.000000	0.007126
2554.000000	0.011632
2555.000000	0.015347
2556.000000	0.015114
2557.000000	0.009904
2558.000000	0.004257
2559.000000	0.003843
2560.000000	0.013272
2561.000000	0.032399
2562.000000	0.043107
2563.000000	0.030187
2564.000000	0.008049
2565.000000	-0.005536
2566.000000	-0.008954
2567.000000	-0.005156
2568.000000	0.000807
2569.000000	0.004466
2570.000000	0.005782
2571.000000	0.005652
2572.000000	0.004291
2573.000000	0.002629
2574.000000	0.005154
2575.000000	0.014432
2576.000000	0.021791
2577.000000	0.018481
2578.000000	0.006672
2579.000000	-0.007999
2580.000000	-0.016938
2581.000000	-0.013893
2582.000000	-0.004933
2583.000000	0.003067
2584.000000	0.012318
2585.000000	0.024844
2586.000000	0.032843
2587.000000	0.028916
2588.000000	0.017105
2589.000000	0.003957
2590.000000	-0.005417
2591.000000	-0.008324
2592.000000	-0.010314
2593.000000	-0.016371
2594.000000	-0.020963
2595.000000	-0.018759
2596.000000	-0.015756
2597.000000	-0.018164
2598.000000	-0.021720
2599.000000	-0.020718
2600.000000	-0.014159
2601.000000	-0.003314
2602.000000	0.006172
2603.000000	0.009668
2604.000000	0.010987
2605.000000	0.014459
2606.000000	0.018057
2607.000000	0.018654
2608.000000	0.015096
2609.000000	0.007416
2610.000000	-0.001560
2611.000000	-0.008382
2612.000000	-0.009884
2613.000000	-0.003906
2614.000000	0.007964
2615.000000	0.021705
2616.000000	0.027293
2617.000000	0.017778
2618.000000	0.004495
2619.000000	-0.000223
2620.000000	0.001666
2621.000000	0.004722
2622.000000	0.003881
2623.000000	-0.003876
2624.000000	-0.013751
2625.000000	-0.019370
2626.000000	-0.015883
2627.000000	-0.001498
2628.000000	0.014868
2629.000000	0.024373
2630.000000	0.029181
2631.000000	0.032824
2632.000000	0.033303
2633.000000	0.027836
2634.000000	0.016026
2635.000000	0.000429
2636.000000	-0.006982
2637.000000	0.002412
2638.000000	0.014397
2639.000000	0.014493
2640.000000	0.009984
2641.000000	0.010440
2642.000000	0.012817
2643.000000	0.011942
2644.000000	0.006736
2645.000000	-0.001397
2646.000000	-0.005231
2647.000000	0.000810
2648.000000	0.009878
2649.000000	0.014246
2650.000000	0.015096
2651.000000	0.014525
2652.000000	0.009371
2653.000000	-0.002782
2654.000000	-0.016123
2655.000000	-0.023624
2656.000000	-0.021621
2657.000000	-0.009875
2658.000000	0.001525
2659.000000	0.003313
2660.000000	-0.000166
2661.000000	-0.002365
2662.000000	-0.001544
2663.000000	0.002183
2664.000000	0.006102
2665.000000	0.007703
2666.000000	0.007880
2667.000000	0.008308
2668.000000	0.010365
2669.000000	0.013206
2670.000000	0.007394
2671.000000	-0.011669
2672.000000	-0.020624
2673.000000	-0.000698
2674.000000	0.020595
2675.000000	0.014618
2676.000000	-0.005458
2677.000000	-0.018464
2678.000000	-0.013043
2679.000000	0.012465
2680.000000	0.030736
2681.000000	0.018879
2682.000000	0.000729
2683.000000	0.002657
2684.000000	0.014464
2685.000000	0.020352
2686.000000	0.018704
2687.000000	0.012226
2688.000000	0.006743
2689.000000	0.007751
2690.000000	0.016311
2691.000000	0.030974
2692.000000	0.044669
2693.000000	0.049939
2694.000000	0.043382
2695.000000	0.025141
2696.000000	0.005465
2697.000000	-0.004728
2698.000000	-0.001951
2699.000000	0.013223
2700.000000	0.031419
2701.000000	0.042156
2702.000000	0.039333
2703.000000	0.021442
2704.000000	0.000962
2705.000000	-0.008979
2706.000000	-0.006638
2707.000000	0.004930
2708.000000	0.014872
2709.000000	0.014522
2710.000000	0.011769
2711.000000	0.016379
2712.000000	0.029085
2713.000000	0.046119
2714.000000	0.054734
2715.000000	0.045262
2716.000000	0.029317
2717.000000	0.020800
2718.000000	0.021465
2719.000000	0.028966
2720.000000	0.036686
2721.000000	0.037981
2722.000000	0.030351
2723.000000	0.014348
2724.000000	-0.001416
2725.000000	-0.007248
2726.000000	0.002816
2727.000000	0.028071
2728.000000	0.044879
2729.000000	0.033713
2730.000000	0.014444
2731.000000	0.009494
2732.000000	0.012107
2733.000000	0.011148
2734.000000	0.007149
2735.000000	0.003888
2736.000000	0.006469
2737.000000	0.017586
2738.000000	0.028977
2739.000000	0.031840
2740.000000	0.026183
2741.000000	0.014708
2742.000000	0.002090
2743.000000	-0.006600
2744.000000	-0.006668
2745.000000	0.003784
2746.000000	0.015866
2747.000000	0.019803
2748.000000	0.013081
2749.000000	-0.001937
2750.000000	-0.010633
2751.000000	-0.001559
2752.000000	0.011796
2753.000000	0.014674
2754.000000	0.012187
2755.000000	0.012392
2756.000000	0.015248
2757.000000	0.018602
2758.000000	0.019957
2759.000000	0.017477
2760.000000	0.012328
2761.000000	0.006627
2762.000000	0.003290
2763.000000	0.004153
2764.000000	0.005933
2765.000000	0.004743
2766.000000	-0.000594
2767.000000	-0.009392
2768.000000	-0.016227
2769.000000	-0.016273
2770.000000	-0.011850
2771.000000	-0.006857
2772.000000	-0.004368
2773.000000	-0.005592
2774.000000	-0.005093
2775.000000	0.001889
2776.000000	0.010777
2777.000000	0.014993
2778.000000	0.009286
2779.000000	-0.007815
2780.000000	-0.023984
2781.000000	-0.027075
2782.000000	-0.019456
2783.000000	-0.007448
2784.000000	0.001342
2785.000000	0.001900
2786.000000	0.000865
2787.000000	0.004513
2788.000000	0.006010
2789.000000	-0.001066
2790.000000	-0.008368
2791.000000	-0.007555
2792.000000	-0.005071
2793.000000	-0.008690
2794.000000	-0.016709
2795.000000	-0.024692
2796.000000	-0.026756
2797.000000	-0.018866
2798.000000	-0.005816
2799.000000	0.005459
2800.000000	0.008302
2801.000000	-0.001346
2802.000000	-0.017441
2803.000000	-0.031947
2804.000000	-0.038982
2805.000000	-0.034661
2806.000000	-0.020946
2807.000000	-0.002247
2808.000000	0.013068
2809.000000	0.017142
2810.000000	0.008129
2811.000000	-0.011247
2812.000000	-0.025986
2813.000000	-0.024305
2814.000000	-0.019570
2815.000000	-0.025701
2816.000000	-0.033687
2817.000000	-0.032220
2818.000000	-0.023738
2819.000000	-0.013766
2820.000000	-0.006428
2821.000000	-0.004070
2822.000000	-0.003331
2823.000000	-0.000759
2824.000000	0.001762
2825.000000	0.001502
2826.000000	-0.002313
2827.000000	-0.007931
2828.000000	-0.005437
2829.000000	0.012488
2830.000000	0.034633
2831.000000	0.047862
2832.000000	0.049874
2833.000000	0.042743
2834.000000	0.035213
2835.000000	0.034973
2836.000000	0.038826
2837.000000	0.042054
2838.000000	0.044739
2839.000000	0.048657
2840.000000	0.057555
2841.000000	0.073754
2842.000000	0.091915
2843.000000	0.105751
2844.000000	0.112859
2845.000000	0.112883
2846.000000	0.109779
2847.000000	0.108383
2848.000000	0.112731
2849.000000	0.126085
2850.000000	0.149394
2851.000000	0.180275
2852.000000	0.205319
2853.000000	0.213970
2854.000000	0.218124
2855.000000	0.231454
2856.000000	0.252303
2857.000000	0.274670
2858.000000	0.290501
2859.000000	0.293743
2860.000000	0.288397
2861.000000	0.281500
2862.000000	0.282189
2863.000000	0.296275
2864.000000	0.314162
2865.000000	0.326755
2866.000000	0.342369
2867.000000	0.368063
2868.000000	0.388464
2869.000000	0.389095
2870.000000	0.381488
2871.000000	0.382151
2872.000000	0.401486
2873.000000	0.441943
2874.000000	0.480264
2875.000000	0.494651
2876.000000	0.494852
2877.000000	0.495629
2878.000000	0.500255
2879.000000	0.508319
2880.000000	0.516162
2881.000000	0.520389
2882.000000	0.521914
2883.000000	0.522733
2884.000000	0.524854
2885.000000	0.529345
2886.000000	0.533499
2887.000000	0.533874
2888.000000	0.527871
2889.000000	0.515973
2890.000000	0.510164
2891.000000	0.519768
2892.000000	0.531982
2893.000000	0.533812
2894.000000	0.533628
2895.000000	0.541941
2896.000000	0.556443
2897.000000	0.571811
2898.000000	0.583462
2899.000000	0.589271
2900.000000	0.596199
2901.000000	0.610135
2902.000000	0.623596
2903.000000	0.628652
2904.000000	0.628969
2905.000000	0.630846
2906.000000	0.639514
2907.000000	0.656452
2908.000000	0.669204
2909.000000	0.667085
2910.000000	0.660433
2911.000000	0.663332
2912.000000	0.683823
2913.000000	0.722118
2914.000000	0.753156
2915.000000	0.754924
2916.000000	0.742871
2917.000000	0.738312
2918.000000	0.748561
2919.000000	0.775338
2920.000000	0.811996
2921.000000	0.850741
2922.000000	0.887570
2923.000000	0.919806
2924.000000	0.946281
2925.000000	0.965963
2926.000000	0.976857
2927.000000	0.977598
2928.000000	0.970314
2929.000000	0.960250
2930.000000	0.961616
2931.000000	0.982808
2932.000000	1.000000
2933.000000	0.990348
2934.000000	0.967156
2935.000000	0.950085
2936.000000	0.948062
2937.000000	0.963214
2938.000000	0.981188
2939.000000	0.985840
2940.000000	0.970327
2941.000000	0.934756
2942.000000	0.897717
2943.000000	0.876098
2944.000000	0.861485
2945.000000	0.842066
2946.000000	0.817749
2947.000000	0.792605
2948.000000	0.775644
2949.000000	0.774219
2950.000000	0.784106
2951.000000	0.796928
2952.000000	0.799281
2953.000000	0.780041
2954.000000	0.742224
2955.000000	0.695318
2956.000000	0.660550
2957.000000	0.653196
2958.000000	0.652970
2959.000000	0.638378
2960.000000	0.618635
2961.000000	0.607383
2962.000000	0.605250
2963.000000	0.609112
2964.000000	0.613861
2965.000000	0.614792
2966.000000	0.610815
2967.000000	0.602237
2968.000000	0.591349
2969.000000	0.580544
2970.000000	0.570645
2971.000000	0.561250
2972.000000	0.548623
2973.000000	0.530764
2974.000000	0.515959
2975.000000	0.511712
2976.000000	0.512107
2977.000000	0.508601
2978.000000	0.495573
2979.000000	0.470738
2980.000000	0.442230
2981.000000	0.419930
2982.000000	0.410298
2983.000000	0.415301
2984.000000	0.422364
2985.000000	0.417579
2986.000000	0.396260
2987.000000	0.359360
2988.000000	0.321155
2989.000000	0.296370
2990.000000	0.288194
2991.000000	0.294095
2992.000000	0.300197
2993.000000	0.293127
2994.000000	0.272880
2995.000000	0.244287
2996.000000	0.218153
2997.000000	0.203198
2998.000000	0.193823
2999.000000	0.183358
3000.000000	0.175181
3001.000000	0.172959
3002.000000	0.171475
3003.000000	0.163596
3004.000000	0.143398
3005.000000	0.109976
3006.000000	0.081279
3007.000000	0.074515
3008.000000	0.085063
3009.000000	0.101921
3010.000000	0.110404
3011.000000	0.100804
3012.000000	0.087008
3013.000000	0.084021
3014.000000	0.087732
3015.000000	0.089675
3016.000000	0.083070
3017.000000	0.065472
3018.000000	0.050077
3019.000000	0.048935
3020.000000	0.053862
3021.000000	0.053627
3022.000000	0.045055
3023.000000	0.029165
3024.000000	0.015714
3025.000000	0.013776
3026.000000	0.020967
3027.000000	0.030167
3028.000000	0.026778
3029.000000	0.001561
3030.000000	-0.025801
3031.000000	-0.034728
3032.000000	-0.029977
3033.000000	-0.021227
3034.000000	-0.012503
3035.000000	-0.005866
3036.000000	-0.001168
3037.000000	0.002157
3038.000000	0.004142
3039.000000	0.004919
3040.000000	0.005541
3041.000000	0.007458
3042.000000	0.012772
3043.000000	0.022385
3044.000000	0.031739
3045.000000	0.035896
3046.000000	0.033863
3047.000000	0.026368
3048.000000	0.017084
3049.000000	0.010538
3050.000000	0.011740
3051.000000	0.022858
3052.000000	0.034218
3053.000000	0.035581
3054.000000	0.026306
3055.000000	0.010416
3056.000000	0.000998
3057.000000	0.008508
3058.000000	0.023828
3059.000000	0.036566
3060.000000	0.050822
3061.000000	0.070079
3062.000000	0.080876
3063.000000	0.071146
3064.000000	0.051351
3065.000000	0.035190
3066.000000	0.026788
3067.000000	0.026576
3068.000000	0.029782
3069.000000	0.031542
3070.000000	0.031812
3071.000000	0.031628
3072.000000	0.031519
3073.000000	0.030314
3074.000000	0.020541
3075.000000	-0.000667
3076.000000	-0.011446
3077.000000	0.005377
3078.000000	0.023493
3079.000000	0.016436
3080.000000	0.000605
3081.000000	-0.002965
3082.000000	0.002443
3083.000000	0.008217
3084.000000	0.008755
3085.000000	0.001719
3086.000000	-0.005185
3087.000000	-0.005383
3088.000000	-0.006883
3089.000000	-0.017533
3090.000000	-0.029953
3091.000000	-0.033903
3092.000000	-0.022922
3093.000000	0.002972
3094.000000	0.021613
3095.000000	0.014131
3096.000000	-0.003024
3097.000000	-0.010381
3098.000000	-0.011701
3099.000000	-0.014832
3100.000000	-0.020743
3101.000000	-0.027055
3102.000000	-0.024879
3103.000000	-0.009324
3104.000000	0.001994
3105.000000	-0.006236
3106.000000	-0.017612
3107.000000	-0.014126
3108.000000	-0.003071
3109.000000	0.004174
3110.000000	0.005195
3111.000000	0.000571
3112.000000	-0.006122
3113.000000	-0.010656
3114.000000	-0.009202
3115.000000	-0.000139
3116.000000	0.009716
3117.000000	0.012874
3118.000000	0.007599
3119.000000	-0.003998
3120.000000	-0.010161
3121.000000	-0.002206
3122.000000	0.006635
3123.000000	0.003630
3124.000000	-0.000030
3125.000000	0.007722
3126.000000	0.018552
3127.000000	0.021485
3128.000000	0.015401
3129.000000	0.002624
3130.000000	-0.010599
3131.000000	-0.018083
3132.000000	-0.017821
3133.000000	-0.010339
3134.000000	-0.002135
3135.000000	-0.000035
3136.000000	-0.006222
3137.000000	-0.018873
3138.000000	-0.024798
3139.000000	-0.014592
3140.000000	-0.005368
3141.000000	-0.013543
3142.000000	-0.026238
3143.000000	-0.027364
3144.000000	-0.017301
3145.000000	-0.001396
3146.000000	0.011597
3147.000000	0.014808
3148.000000	0.012307
3149.000000	0.010170
3150.000000	0.011556
3151.000000	0.017141
3152.000000	0.020575
3153.000000	0.016349
3154.000000	0.009351
3155.000000	0.005716
3156.000000	0.006163
3157.000000	0.007965
3158.000000	0.000020
3159.000000	-0.023931
3160.000000	-0.042411
3161.000000	-0.035255
3162.000000	-0.015277
3163.000000	-0.000741
3164.000000	0.001265
3165.000000	-0.010266
3166.000000	-0.023193
3167.000000	-0.025220
3168.000000	-0.016575
3169.000000	-0.001806
3170.000000	0.009778
3171.000000	0.011327
3172.000000	0.010584
3173.000000	0.015696
3174.000000	0.021819
3175.000000	0.022571
3176.000000	0.018402
3177.000000	0.011208
3178.000000	0.001850
3179.000000	-0.008512
3180.000000	-0.016480
3181.000000	-0.018732
3182.000000	-0.014483
3183.000000	-0.004720
3184.000000	0.005020
3185.000000	0.009266
3186.000000	0.007350
3187.000000	0.001331
3188.000000	-0.000619
3189.000000	0.007453
3190.000000	0.016508
3191.000000	0.016470
3192.000000	0.008111
3193.000000	-0.004407
3194.000000	-0.014212
3195.000000	-0.015625
3196.000000	-0.010449
3197.000000	-0.002734
3198.000000	0.001975
3199.000000	-0.000705
3200.000000	-0.009019
3201.000000	-0.019257
3202.000000	-0.026022
3203.000000	-0.024845
3204.000000	-0.016642
3205.000000	-0.004219
3206.000000	0.007437
3207.000000	0.013915
3208.000000	0.015280
3209.000000	0.012689
3210.000000	0.007187
3211.000000	0.000215
3212.000000	-0.005099
3213.000000	-0.005728
3214.000000	-0.000746
3215.000000	0.008636
3216.000000	0.014764
3217.000000	0.011439
3218.000000	0.004726
3219.000000	0.002470
3220.000000	0.007385
3221.000000	0.018080
3222.000000	0.021875
3223.000000	0.008581
3224.000000	-0.010750
3225.000000	-0.021777
3226.000000	-0.018252
3227.000000	-0.000354
3228.000000	0.014139
3229.000000	0.009499
3230.000000	-0.004190
3231.000000	-0.012785
3232.000000	-0.011724
3233.000000	-0.000919
3234.000000	0.011391
3235.000000	0.016574
3236.000000	0.012756
3237.000000	0.001436
3238.000000	-0.009162
3239.000000	-0.011323
3240.000000	-0.006089
3241.000000	0.001946
3242.000000	0.002727
3243.000000	-0.010090
3244.000000	-0.022540
3245.000000	-0.020748
3246.000000	-0.011505
3247.000000	-0.004559
3248.000000	-0.000814
3249.000000	0.001056
3250.000000	0.002471
3251.000000	0.004691
3252.000000	0.008255
3253.000000	0.012874
3254.000000	0.015662
3255.000000	0.014433
3256.000000	0.012393
3257.000000	0.013072
3258.000000	0.015894
3259.000000	0.018219
3260.000000	0.013262
3261.000000	-0.001824
3262.000000	-0.009976
3263.000000	0.003400
3264.000000	0.023116
3265.000000	0.031395
3266.000000	0.029897
3267.000000	0.025141
3268.000000	0.023658
3269.000000	0.028476
3270.000000	0.028602
3271.000000	0.015105
3272.000000	0.001316
3273.000000	0.002256
3274.000000	0.017436
3275.000000	0.040312
3276.000000	0.055628
3277.000000	0.051304
3278.000000	0.036690
3279.000000	0.024868
3280.000000	0.022434
3281.000000	0.031231
3282.000000	0.040589
3283.000000	0.040168
3284.000000	0.033448
3285.000000	0.027379
3286.000000	0.028964
3287.000000	0.041484
3288.000000	0.053288
3289.000000	0.052982
3290.000000	0.045126
3291.000000	0.037530
3292.000000	0.035045
3293.000000	0.040400
3294.000000	0.050787
3295.000000	0.062265
3296.000000	0.071902
3297.000000	0.077288
3298.000000	0.077106
3299.000000	0.071012
3300.000000	0.061469
3301.000000	0.051372
3302.000000	0.042534
3303.000000	0.037269
3304.000000	0.040975
3305.000000	0.055963
3306.000000	0.069120
3307.000000	0.068346
3308.000000	0.061037
3309.000000	0.056407
3310.000000	0.051465
3311.000000	0.043257
3312.000000	0.041186
3313.000000	0.053293
3314.000000	0.069813
3315.000000	0.078558
3316.000000	0.075449
3317.000000	0.061019
3318.000000	0.046152
3319.000000	0.040464
3320.000000	0.038166
3321.000000	0.032623
3322.000000	0.029223
3323.000000	0.034398
3324.000000	0.046720
3325.000000	0.060918
3326.000000	0.064217
3327.000000	0.048784
3328.000000	0.034067
3329.000000	0.038667
3330.000000	0.050511
3331.000000	0.054132
3332.000000	0.051174
3333.000000	0.047311
3334.000000	0.047237
3335.000000	0.053433
3336.000000	0.060508
3337.000000	0.062249
3338.000000	0.057041
3339.000000	0.046077
3340.000000	0.037197
3341.000000	0.036649
3342.000000	0.037660
3343.000000	0.034332
3344.000000	0.037282
3345.000000	0.054526
3346.000000	0.067151
3347.000000	0.057954
3348.000000	0.043507
3349.000000	0.042300
3350.000000	0.046704
3351.000000	0.045318
3352.000000	0.037755
3353.000000	0.027158
3354.000000	0.019774
3355.000000	0.021285
3356.000000	0.031997
3357.000000	0.049239
3358.000000	0.063805
3359.000000	0.067171
3360.000000	0.060088
3361.000000	0.047556
3362.000000	0.042298
3363.000000	0.052743
3364.000000	0.062404
3365.000000	0.055893
3366.000000	0.047118
3367.000000	0.051632
3368.000000	0.062256
3369.000000	0.068520
3370.000000	0.069513
3371.000000	0.066795
3372.000000	0.062252
3373.000000	0.056758
3374.000000	0.046803
3375.000000	0.030705
3376.000000	0.018486
3377.000000	0.018946
3378.000000	0.024284
3379.000000	0.024697
3380.000000	0.018963
3381.000000	0.010761
3382.000000	0.014799
3383.000000	0.041026
3384.000000	0.069318
3385.000000	0.077089
3386.000000	0.061971
3387.000000	0.031960
3388.000000	0.016277
3389.000000	0.035710
3390.000000	0.056080
3391.000000	0.043933
3392.000000	0.023672
3393.000000	0.024730
3394.000000	0.038784
3395.000000	0.049869
3396.000000	0.049186
3397.000000	0.034577
3398.000000	0.023268
3399.000000	0.030480
3400.000000	0.044040
3401.000000	0.048358
3402.000000	0.041566
3403.000000	0.027176
3404.000000	0.016487
3405.000000	0.017809
3406.000000	0.019705
3407.000000	0.011741
3408.000000	0.007250
3409.000000	0.017586
3410.000000	0.022414
3411.000000	0.003940
3412.000000	-0.013766
3413.000000	-0.007055
3414.000000	0.004174
3415.000000	-0.001886
3416.000000	-0.011118
3417.000000	-0.006316
3418.000000	0.006154
3419.000000	0.016217
3420.000000	0.022526
3421.000000	0.025404
3422.000000	0.023136
3423.000000	0.014835
3424.000000	0.004978
3425.000000	-0.000844
3426.000000	0.002042
3427.000000	0.015012
3428.000000	0.027165
3429.000000	0.027779
3430.000000	0.019122
3431.000000	0.008510
3432.000000	0.010455
3433.000000	0.032284
3434.000000	0.045385
3435.000000	0.025217
3436.000000	-0.000551
3437.000000	-0.001603
3438.000000	0.010753
3439.000000	0.018012
3440.000000	0.014519
3441.000000	0.001139
3442.000000	-0.008025
3443.000000	-0.000840
3444.000000	0.013708
3445.000000	0.023828
3446.000000	0.027617
3447.000000	0.025713
3448.000000	0.019033
3449.000000	0.009800
3450.000000	0.005172
3451.000000	0.011201
3452.000000	0.024564
3453.000000	0.038360
3454.000000	0.040745
3455.000000	0.024647
3456.000000	0.007022
3457.000000	0.005000
3458.000000	0.012382
3459.000000	0.018424
3460.000000	0.017534
3461.000000	0.008543
3462.000000	0.002812
3463.000000	0.009934
3464.000000	0.019882
3465.000000	0.021179
3466.000000	0.016147
3467.000000	0.009553
3468.000000	0.002128
3469.000000	-0.005656
3470.000000	-0.010327
3471.000000	-0.008970
3472.000000	-0.003897
3473.000000	0.001818
3474.000000	0.007283
3475.000000	0.012162
3476.000000	0.016178
3477.000000	0.018214
3478.000000	0.013750
3479.000000	0.000002
3480.000000	-0.015471
3481.000000	-0.023402
3482.000000	-0.018040
3483.000000	0.000696
3484.000000	0.013738
3485.000000	0.005768
3486.000000	-0.004371
3487.000000	0.002286
3488.000000	0.011047
3489.000000	0.005286
3490.000000	-0.005691
3491.000000	-0.009305
3492.000000	-0.005806
3493.000000	0.000092
3494.000000	-0.001341
3495.000000	-0.014933
3496.000000	-0.020895
3497.000000	-0.002016
3498.000000	0.023977
3499.000000	0.035979
3500.000000	0.034308
3501.000000	0.025035
3502.000000	0.015822
3503.000000	0.012346
3504.000000	0.010746
3505.000000	0.007157
3506.000000	0.007247
3507.000000	0.015889
3508.000000	0.025248
3509.000000	0.026075
3510.000000	0.016187
3511.000000	-0.002908
3512.000000	-0.021997
3513.000000	-0.032182
3514.000000	-0.033517
3515.000000	-0.026941
3516.000000	-0.007989
3517.000000	0.022650
3518.000000	0.038261
3519.000000	0.017764
3520.000000	-0.011344
3521.000000	-0.018662
3522.000000	-0.010737
3523.000000	-0.001396
3524.000000	0.003355
3525.000000	0.001345
3526.000000	-0.002081
3527.000000	-0.001287
3528.000000	0.002994
3529.000000	0.008783
3530.000000	0.015468
3531.000000	0.021894
3532.000000	0.023365
3533.000000	0.015879
3534.000000	0.001758
3535.000000	-0.013685
3536.000000	-0.019489
3537.000000	-0.007819
3538.000000	0.011010
3539.000000	0.024308
3540.000000	0.028035
3541.000000	0.022440
3542.000000	0.016275
3543.000000	0.016535
3544.000000	0.014696
3545.000000	0.002798
3546.000000	-0.009343
3547.000000	-0.010798
3548.000000	-0.003975
3549.000000	0.005474
3550.000000	0.012249
3551.000000	0.013292
3552.000000	0.014150
3553.000000	0.019484
3554.000000	0.021803
3555.000000	0.014625
3556.000000	0.007656
3557.000000	0.010761
3558.000000	0.018257
3559.000000	0.021590
3560.000000	0.016272
3561.000000	0.001718
3562.000000	-0.011120
3563.000000	-0.011758
3564.000000	-0.003128
3565.000000	0.008418
3566.000000	0.016278
3567.000000	0.015510
3568.000000	0.008075
3569.000000	-0.002572
3570.000000	-0.013911
3571.000000	-0.022925
3572.000000	-0.023685
3573.000000	-0.013640
3574.000000	-0.006674
3575.000000	-0.014167
3576.000000	-0.021053
3577.000000	-0.012275
3578.000000	0.000749
3579.000000	0.004321
3580.000000	0.002106
3581.000000	0.000669
3582.000000	0.000800
3583.000000	0.001629
3584.000000	0.001413
3585.000000	-0.001725
3586.000000	-0.009340
3587.000000	-0.020493
3588.000000	-0.024608
3589.000000	-0.013331
3590.000000	0.003160
3591.000000	0.012587
3592.000000	0.012819
3593.000000	0.005033
3594.000000	-0.006493
3595.000000	-0.017196
3596.000000	-0.024458
3597.000000	-0.026540
3598.000000	-0.023274
3599.000000	-0.014883
3600.000000	-0.001592
