400.000000	0.028736
401.000000	0.032994
402.000000	0.030405
403.000000	0.023504
404.000000	0.014828
405.000000	0.007478
406.000000	0.006823
407.000000	0.016416
408.000000	0.030287
409.000000	0.041202
410.000000	0.046409
411.000000	0.045088
412.000000	0.039676
413.000000	0.033195
414.000000	0.027763
415.000000	0.025100
416.000000	0.026245
417.000000	0.031335
418.000000	0.037588
419.000000	0.041814
420.000000	0.042108
421.000000	0.036881
422.000000	0.024509
423.000000	0.005631
424.000000	-0.010041
425.000000	-0.012280
426.000000	0.002110
427.000000	0.031015
428.000000	0.058099
429.000000	0.067675
430.000000	0.060858
431.000000	0.043569
432.000000	0.024144
433.000000	0.010115
434.000000	0.003376
435.000000	0.004000
436.000000	0.010417
437.000000	0.019956
438.000000	0.027178
439.000000	0.027434
440.000000	0.022005
441.000000	0.013582
442.000000	0.004565
443.000000	-0.003243
444.000000	-0.010125
445.000000	-0.016470
446.000000	-0.021005
447.000000	-0.021896
448.000000	-0.016730
449.000000	-0.004884
450.000000	0.006538
451.000000	0.009897
452.000000	0.003147
453.000000	-0.012194
454.000000	-0.025941
455.000000	-0.028839
456.000000	-0.024006
457.000000	-0.017643
458.000000	-0.015900
459.000000	-0.022437
460.000000	-0.030996
461.000000	-0.034356
462.000000	-0.031374
463.000000	-0.023220
464.000000	-0.014254
465.000000	-0.008458
466.000000	-0.005106
467.000000	-0.002547
468.000000	-0.000133
469.000000	0.001844
470.000000	0.000338
471.000000	-0.007050
472.000000	-0.017377
473.000000	-0.026230
474.000000	-0.028650
475.000000	-0.021824
476.000000	-0.012079
477.000000	-0.006724
478.000000	-0.007862
479.000000	-0.015356
480.000000	-0.025301
481.000000	-0.033253
482.000000	-0.036360
483.000000	-0.032603
484.000000	-0.021685
485.000000	-0.005705
486.000000	0.005387
487.000000	0.002749
488.000000	-0.010173
489.000000	-0.025929
490.000000	-0.033339
491.000000	-0.024737
492.000000	-0.010258
493.000000	-0.002277
494.000000	-0.004338
495.000000	-0.015259
496.000000	-0.023778
497.000000	-0.019830
498.000000	-0.008223
499.000000	0.002887
500.000000	0.006835
501.000000	0.000012
502.000000	-0.010445
503.000000	-0.016466
504.000000	-0.016985
505.000000	-0.013296
506.000000	-0.009112
507.000000	-0.007610
508.000000	-0.007394
509.000000	-0.006231
510.000000	-0.003108
511.000000	0.002455
512.000000	0.010031
513.000000	0.018658
514.000000	0.026132
515.000000	0.030118
516.000000	0.029013
517.000000	0.022795
518.000000	0.017045
519.000000	0.017381
520.000000	0.023956
521.000000	0.034911
522.000000	0.045801
523.000000	0.052580
524.000000	0.055382
525.000000	0.055306
526.000000	0.053134
527.000000	0.049476
528.000000	0.044568
529.000000	0.038939
530.000000	0.034674
531.000000	0.034065
532.000000	0.038689
533.000000	0.048428
534.000000	0.057107
535.000000	0.058500
536.000000	0.052250
537.000000	0.040202
538.000000	0.027149
539.000000	0.017658
540.000000	0.012445
541.000000	0.011208
542.000000	0.013423
543.000000	0.018317
544.000000	0.024336
545.000000	0.029908
546.000000	0.034171
547.000000	0.036502
548.000000	0.036525
549.000000	0.033878
550.000000	0.028009
551.000000	0.018844
552.000000	0.008416
553.000000	-0.000389
554.000000	-0.003373
555.000000	0.002293
556.000000	0.012647
557.000000	0.022598
558.000000	0.029336
559.000000	0.031416
560.000000	0.030566
561.000000	0.028759
562.000000	0.025776
563.000000	0.020949
564.000000	0.013993
565.000000	0.005765
566.000000	0.001293
567.000000	0.004928
568.000000	0.014132
569.000000	0.023798
570.000000	0.025436
571.000000	0.013505
572.000000	-0.002361
573.000000	-0.010700
574.000000	-0.007921
575.000000	0.004961
576.000000	0.016383
577.000000	0.015712
578.000000	0.006602
579.000000	-0.003966
580.000000	-0.009969
581.000000	-0.007605
582.000000	-0.000988
583.000000	0.004787
584.000000	0.008608
585.000000	0.010607
586.000000	0.011901
587.000000	0.013333
588.000000	0.013659
589.000000	0.011503
590.000000	0.007042
591.000000	0.001204
592.000000	-0.003647
593.000000	-0.005118
594.000000	-0.002149
595.000000	0.005661
596.000000	0.017416
597.000000	0.030492
598.000000	0.036642
599.000000	0.029032
600.000000	0.012094
601.000000	-0.006401
602.000000	-0.016595
603.000000	-0.011913
604.000000	-0.000998
605.000000	0.005645
606.000000	0.005265
607.000000	-0.001701
608.000000	-0.009829
609.000000	-0.013795
610.000000	-0.013656
611.000000	-0.010856
612.000000	-0.007016
613.000000	-0.004304
614.000000	-0.006920
615.000000	-0.017675
616.000000	-0.031805
617.000000	-0.042746
618.000000	-0.044300
619.000000	-0.033373
620.000000	-0.018913
621.000000	-0.010667
622.000000	-0.009534
623.000000	-0.013149
624.000000	-0.014949
625.000000	-0.009912
626.000000	-0.003371
627.000000	-0.001937
628.000000	-0.006970
629.000000	-0.016691
630.000000	-0.022020
631.000000	-0.015260
632.000000	-0.001532
633.000000	0.011280
634.000000	0.017074
635.000000	0.012447
636.000000	0.003006
637.000000	-0.004590
638.000000	-0.008493
639.000000	-0.008306
640.000000	-0.004631
641.000000	0.000765
642.000000	0.002463
643.000000	-0.004292
644.000000	-0.017931
645.000000	-0.033820
646.000000	-0.041382
647.000000	-0.032702
648.000000	-0.016461
649.000000	-0.003992
650.000000	-0.000647
651.000000	-0.007228
652.000000	-0.012312
653.000000	-0.004676
654.000000	0.013864
655.000000	0.038050
656.000000	0.061883
657.000000	0.080021
658.000000	0.090481
659.000000	0.092691
660.000000	0.088348
661.000000	0.080093
662.000000	0.072065
663.000000	0.066904
664.000000	0.059742
665.000000	0.045322
666.000000	0.024336
667.000000	0.000640
668.000000	-0.015209
669.000000	-0.014751
670.000000	-0.004630
671.000000	0.005598
672.000000	0.009821
673.000000	0.005162
674.000000	-0.001759
675.000000	-0.003957
676.000000	-0.002474
677.000000	-0.000441
678.000000	-0.001305
679.000000	-0.006888
680.000000	-0.012202
681.000000	-0.012144
682.000000	-0.007950
683.000000	-0.003165
684.000000	-0.004226
685.000000	-0.015168
686.000000	-0.027518
687.000000	-0.031531
688.000000	-0.024888
689.000000	-0.009177
690.000000	0.005819
691.000000	0.011191
692.000000	0.009720
693.000000	0.006649
694.000000	0.005394
695.000000	0.007483
696.000000	0.008731
697.000000	0.004981
698.000000	-0.002096
699.000000	-0.009335
700.000000	-0.013416
701.000000	-0.012244
702.000000	-0.008781
703.000000	-0.006600
704.000000	-0.006671
705.000000	-0.009106
706.000000	-0.013181
707.000000	-0.017545
708.000000	-0.019161
709.000000	-0.015356
710.000000	-0.006593
711.000000	0.004977
712.000000	0.013597
713.000000	0.014260
714.000000	0.008566
715.000000	-0.000285
716.000000	-0.009298
717.000000	-0.015448
718.000000	-0.015388
719.000000	-0.007073
720.000000	0.006000
721.000000	0.018988
722.000000	0.027197
723.000000	0.027341
724.000000	0.021612
725.000000	0.013285
726.000000	0.004487
727.000000	-0.002987
728.000000	-0.007507
729.000000	-0.008140
730.000000	-0.006565
731.000000	-0.004775
732.000000	-0.003418
733.000000	-0.002558
734.000000	-0.001276
735.000000	0.001327
736.000000	0.005072
737.000000	0.009537
738.000000	0.014388
739.000000	0.019376
740.000000	0.024495
741.000000	0.029562
742.000000	0.033438
743.000000	0.034957
744.000000	0.033790
745.000000	0.031043
746.000000	0.032715
747.000000	0.043640
748.000000	0.059104
749.000000	0.071783
750.000000	0.073450
751.000000	0.059676
752.000000	0.042116
753.000000	0.033437
754.000000	0.034267
755.000000	0.040813
756.000000	0.043624
757.000000	0.034881
758.000000	0.018942
759.000000	0.002507
760.000000	-0.010541
761.000000	-0.017360
762.000000	-0.016467
763.000000	-0.008054
764.000000	0.002339
765.000000	0.008567
766.000000	0.007400
767.000000	-0.002096
768.000000	-0.014588
769.000000	-0.024241
770.000000	-0.029484
771.000000	-0.029990
772.000000	-0.026141
773.000000	-0.018943
774.000000	-0.011203
775.000000	-0.005497
776.000000	-0.001685
777.000000	0.001189
778.000000	0.004617
779.000000	0.009585
780.000000	0.014500
781.000000	0.017295
782.000000	0.016570
783.000000	0.011067
784.000000	-0.000569
785.000000	-0.017621
786.000000	-0.030972
787.000000	-0.031688
788.000000	-0.019953
789.000000	-0.000962
790.000000	0.009176
791.000000	-0.002295
792.000000	-0.023820
793.000000	-0.039628
794.000000	-0.041406
795.000000	-0.026184
796.000000	-0.004889
797.000000	0.010351
798.000000	0.016524
799.000000	0.013356
800.000000	0.002426
801.000000	-0.012545
802.000000	-0.021118
803.000000	-0.014599
804.000000	0.001999
805.000000	0.019916
806.000000	0.029092
807.000000	0.023508
808.000000	0.014587
809.000000	0.015134
810.000000	0.026020
811.000000	0.044077
812.000000	0.061900
813.000000	0.073044
814.000000	0.079145
815.000000	0.083578
816.000000	0.088601
817.000000	0.096234
818.000000	0.108677
819.000000	0.126580
820.000000	0.144223
821.000000	0.155250
822.000000	0.157124
823.000000	0.149557
824.000000	0.137441
825.000000	0.125786
826.000000	0.114888
827.000000	0.104068
828.000000	0.093466
829.000000	0.084267
830.000000	0.081037
831.000000	0.086869
832.000000	0.095605
833.000000	0.099246
834.000000	0.091693
835.000000	0.070544
836.000000	0.046280
837.000000	0.030004
838.000000	0.022419
839.000000	0.021168
840.000000	0.022043
841.000000	0.021299
842.000000	0.018878
843.000000	0.015666
844.000000	0.012629
845.000000	0.010799
846.000000	0.011375
847.000000	0.015552
848.000000	0.024332
849.000000	0.037820
850.000000	0.052715
851.000000	0.064105
852.000000	0.064022
853.000000	0.047618
854.000000	0.025562
855.000000	0.010535
856.000000	0.007738
857.000000	0.018592
858.000000	0.036867
859.000000	0.054940
860.000000	0.067268
861.000000	0.069698
862.000000	0.061565
863.000000	0.044964
864.000000	0.029539
865.000000	0.024032
866.000000	0.026034
867.000000	0.030543
868.000000	0.033325
869.000000	0.031607
870.000000	0.027681
871.000000	0.024132
872.000000	0.019640
873.000000	0.012142
874.000000	0.000513
875.000000	-0.014033
876.000000	-0.021852
877.000000	-0.014373
878.000000	0.004256
879.000000	0.026177
880.000000	0.041395
881.000000	0.042514
882.000000	0.034663
883.000000	0.024983
884.000000	0.016141
885.000000	0.009333
886.000000	0.004335
887.000000	0.001451
888.000000	0.004505
889.000000	0.016487
890.000000	0.033535
891.000000	0.048886
892.000000	0.051011
893.000000	0.032400
894.000000	0.006371
895.000000	-0.011112
896.000000	-0.014326
897.000000	-0.002345
898.000000	0.016794
899.000000	0.034085
900.000000	0.045591
901.000000	0.049212
902.000000	0.045115
903.000000	0.035125
904.000000	0.025420
905.000000	0.021310
906.000000	0.020262
907.000000	0.018341
908.000000	0.013835
909.000000	0.006987
910.000000	0.003622
911.000000	0.008871
912.000000	0.019503
913.000000	0.030400
914.000000	0.037274
915.000000	0.036860
916.000000	0.029171
917.000000	0.015686
918.000000	0.000480
919.000000	-0.011905
920.000000	-0.017662
921.000000	-0.014490
922.000000	-0.005380
923.000000	0.005821
924.000000	0.017123
925.000000	0.027094
926.000000	0.034677
927.000000	0.038740
928.000000	0.037477
929.000000	0.029959
930.000000	0.019452
931.000000	0.010436
932.000000	0.008050
933.000000	0.014820
934.000000	0.022157
935.000000	0.021220
936.000000	0.013263
937.000000	0.003011
938.000000	-0.001013
939.000000	0.007305
940.000000	0.020647
941.000000	0.030051
942.000000	0.033400
943.000000	0.031150
944.000000	0.027210
945.000000	0.025472
946.000000	0.026306
947.000000	0.029081
948.000000	0.032688
949.000000	0.035657
950.000000	0.035541
951.000000	0.030925
952.000000	0.025496
953.000000	0.023326
954.000000	0.024936
955.000000	0.029068
956.000000	0.030911
957.000000	0.025961
958.000000	0.014495
959.000000	-0.001672
960.000000	-0.019368
961.000000	-0.034321
962.000000	-0.039227
963.000000	-0.029363
964.000000	-0.013371
965.000000	-0.001813
966.000000	0.000422
967.000000	-0.007337
968.000000	-0.014561
969.000000	-0.011626
970.000000	-0.003728
971.000000	0.001194
972.000000	-0.000947
973.000000	-0.010853
974.000000	-0.019538
975.000000	-0.018546
976.000000	-0.011230
977.000000	-0.003471
978.000000	0.000541
979.000000	-0.001122
980.000000	-0.003034
981.000000	-0.000087
982.000000	0.004184
983.000000	0.004626
984.000000	-0.001753
985.000000	-0.014675
986.000000	-0.022936
987.000000	-0.016393
988.000000	-0.000067
989.000000	0.017419
990.000000	0.028207
991.000000	0.027598
992.000000	0.022769
993.000000	0.022035
994.000000	0.026375
995.000000	0.034776
996.000000	0.045587
997.000000	0.057587
998.000000	0.071920
999.000000	0.089788
1000.000000	0.110257
1001.000000	0.131798
1002.000000	0.152632
1003.000000	0.171637
1004.000000	0.190578
1005.000000	0.210581
1006.000000	0.227349
1007.000000	0.235459
1008.000000	0.230422
1009.000000	0.213457
1010.000000	0.207683
1011.000000	0.234598
1012.000000	0.287317
1013.000000	0.350192
1014.000000	0.400910
1015.000000	0.421496
1016.000000	0.417986
1017.000000	0.400502
1018.000000	0.371490
1019.000000	0.331332
1020.000000	0.279813
1021.000000	0.219062
1022.000000	0.161163
1023.000000	0.117979
1024.000000	0.090521
1025.000000	0.076056
1026.000000	0.067729
1027.000000	0.059102
1028.000000	0.049528
1029.000000	0.039912
1030.000000	0.031572
1031.000000	0.026030
1032.000000	0.025206
1033.000000	0.030199
1034.000000	0.038431
1035.000000	0.046612
1036.000000	0.052293
1037.000000	0.053387
1038.000000	0.048409
1039.000000	0.036908
1040.000000	0.021951
1041.000000	0.007245
1042.000000	-0.004476
1043.000000	-0.010866
1044.000000	-0.010155
1045.000000	-0.002384
1046.000000	0.005755
1047.000000	0.007658
1048.000000	0.003736
1049.000000	-0.002917
1050.000000	-0.005477
1051.000000	0.000840
1052.000000	0.008915
1053.000000	0.010731
1054.000000	0.006569
1055.000000	-0.000156
1056.000000	-0.001778
1057.000000	0.006925
1058.000000	0.017168
1059.000000	0.019047
1060.000000	0.012208
1061.000000	-0.000000
1062.000000	-0.008965
1063.000000	-0.008205
1064.000000	-0.005029
1065.000000	-0.007757
1066.000000	-0.014961
1067.000000	-0.021482
1068.000000	-0.016997
1069.000000	0.004706
1070.000000	0.028219
1071.000000	0.036703
1072.000000	0.029206
1073.000000	0.010934
1074.000000	-0.004152
1075.000000	-0.004450
1076.000000	0.003464
1077.000000	0.010063
1078.000000	0.012187
1079.000000	0.008979
1080.000000	0.002417
1081.000000	-0.004490
1082.000000	-0.007428
1083.000000	-0.002901
1084.000000	0.008030
1085.000000	0.022471
1086.000000	0.034774
1087.000000	0.040411
1088.000000	0.042103
1089.000000	0.043627
1090.000000	0.045732
1091.000000	0.048057
1092.000000	0.048836
1093.000000	0.047058
1094.000000	0.046129
1095.000000	0.049304
1096.000000	0.054803
1097.000000	0.058996
1098.000000	0.055899
1099.000000	0.042612
1100.000000	0.030935
1101.000000	0.032642
1102.000000	0.044689
1103.000000	0.058835
1104.000000	0.060855
1105.000000	0.041378
1106.000000	0.016428
1107.000000	0.004494
1108.000000	0.008536
1109.000000	0.026103
1110.000000	0.048618
1111.000000	0.066967
1112.000000	0.076008
1113.000000	0.073109
1114.000000	0.061699
1115.000000	0.047318
1116.000000	0.037898
1117.000000	0.038870
1118.000000	0.043261
1119.000000	0.043088
1120.000000	0.038733
1121.000000	0.033180
1122.000000	0.031460
1123.000000	0.037267
1124.000000	0.046890
1125.000000	0.055630
1126.000000	0.062248
1127.000000	0.066543
1128.000000	0.068997
1129.000000	0.069399
1130.000000	0.064070
1131.000000	0.049995
1132.000000	0.030270
1133.000000	0.009709
1134.000000	-0.006111
1135.000000	-0.013145
1136.000000	-0.014223
1137.000000	-0.012986
1138.000000	-0.009428
1139.000000	-0.002700
1140.000000	0.007773
1141.000000	0.021426
1142.000000	0.033414
1143.000000	0.038716
1144.000000	0.035898
1145.000000	0.024919
1146.000000	0.007734
1147.000000	-0.011404
1148.000000	-0.021045
1149.000000	-0.012100
1150.000000	0.007878
1151.000000	0.027505
1152.000000	0.036726
1153.000000	0.029688
1154.000000	0.016015
1155.000000	0.006344
1156.000000	-0.000131
1157.000000	-0.006767
1158.000000	-0.015694
1159.000000	-0.026957
1160.000000	-0.033484
1161.000000	-0.029036
1162.000000	-0.017836
1163.000000	-0.006252
1164.000000	0.001210
1165.000000	0.002215
1166.000000	0.001239
1167.000000	0.002832
1168.000000	0.005037
1169.000000	0.004688
1170.000000	0.000296
1171.000000	-0.008497
1172.000000	-0.019211
1173.000000	-0.028546
1174.000000	-0.032768
1175.000000	-0.028955
1176.000000	-0.017867
1177.000000	-0.002705
1178.000000	0.007232
1179.000000	0.004330
1180.000000	-0.006203
1181.000000	-0.016912
1182.000000	-0.024170
1183.000000	-0.026443
1184.000000	-0.026738
1185.000000	-0.028094
1186.000000	-0.029151
1187.000000	-0.027768
1188.000000	-0.023094
1189.000000	-0.014780
1190.000000	-0.003199
1191.000000	0.010259
1192.000000	0.020857
1193.000000	0.024232
1194.000000	0.020879
1195.000000	0.013312
1196.000000	0.007276
1197.000000	0.007501
1198.000000	0.011416
1199.000000	0.015353
1200.000000	0.018559
1201.000000	0.021270
1202.000000	0.024781
1203.000000	0.029680
1204.000000	0.032680
1205.000000	0.030612
1206.000000	0.024655
1207.000000	0.017333
1208.000000	0.012200
1209.000000	0.011692
1210.000000	0.012738
1211.000000	0.011916
1212.000000	0.009910
1213.000000	0.008481
1214.000000	0.009580
1215.000000	0.013803
1216.000000	0.016131
1217.000000	0.012226
1218.000000	0.006079
1219.000000	0.003356
1220.000000	0.008083
1221.000000	0.020383
1222.000000	0.026396
1223.000000	0.014562
1224.000000	-0.003510
1225.000000	-0.012074
1226.000000	-0.002001
1227.000000	0.028224
1228.000000	0.056263
1229.000000	0.061091
1230.000000	0.050776
1231.000000	0.039346
1232.000000	0.035589
1233.000000	0.044260
1234.000000	0.059232
1235.000000	0.072478
1236.000000	0.079254
1237.000000	0.076595
1238.000000	0.065381
1239.000000	0.048858
1240.000000	0.035905
1241.000000	0.033430
1242.000000	0.034837
1243.000000	0.032214
1244.000000	0.025895
1245.000000	0.019917
1246.000000	0.024874
1247.000000	0.047318
1248.000000	0.071068
1249.000000	0.078480
1250.000000	0.068790
1251.000000	0.047453
1252.000000	0.027910
1253.000000	0.022133
1254.000000	0.028240
1255.000000	0.040975
1256.000000	0.055448
1257.000000	0.066986
1258.000000	0.071419
1259.000000	0.067259
1260.000000	0.063234
1261.000000	0.067525
1262.000000	0.075913
1263.000000	0.081236
1264.000000	0.076961
1265.000000	0.060052
1266.000000	0.040832
1267.000000	0.030675
1268.000000	0.031794
1269.000000	0.043439
1270.000000	0.062174
1271.000000	0.082684
1272.000000	0.094815
1273.000000	0.090667
1274.000000	0.076185
1275.000000	0.059907
1276.000000	0.046912
1277.000000	0.039308
1278.000000	0.030796
1279.000000	0.016808
1280.000000	0.008119
1281.000000	0.016360
1282.000000	0.041240
1283.000000	0.076596
1284.000000	0.104698
1285.000000	0.110136
1286.000000	0.098347
1287.000000	0.079315
1288.000000	0.060359
1289.000000	0.047721
1290.000000	0.045991
1291.000000	0.057271
1292.000000	0.075354
1293.000000	0.092954
1294.000000	0.106758
1295.000000	0.114937
1296.000000	0.117606
1297.000000	0.116369
1298.000000	0.116837
1299.000000	0.123543
1300.000000	0.132709
1301.000000	0.138710
1302.000000	0.136842
1303.000000	0.125109
1304.000000	0.111427
1305.000000	0.104659
1306.000000	0.107535
1307.000000	0.120335
1308.000000	0.139660
1309.000000	0.159119
1310.000000	0.164043
1311.000000	0.144060
1312.000000	0.114266
1313.000000	0.093598
1314.000000	0.090881
1315.000000	0.109018
1316.000000	0.137338
1317.000000	0.163126
1318.000000	0.179071
1319.000000	0.180972
1320.000000	0.171659
1321.000000	0.157042
1322.000000	0.148329
1323.000000	0.153897
1324.000000	0.165491
1325.000000	0.172661
1326.000000	0.172803
1327.000000	0.166034
1328.000000	0.155497
1329.000000	0.145616
1330.000000	0.142904
1331.000000	0.152166
1332.000000	0.169284
1333.000000	0.187796
1334.000000	0.200794
1335.000000	0.202524
1336.000000	0.192302
1337.000000	0.172286
1338.000000	0.150924
1339.000000	0.137023
1340.000000	0.134533
1341.000000	0.143122
1342.000000	0.150199
1343.000000	0.144944
1344.000000	0.135890
1345.000000	0.134089
1346.000000	0.141306
1347.000000	0.154442
1348.000000	0.160216
1349.000000	0.148233
1350.000000	0.129821
1351.000000	0.118844
1352.000000	0.117593
1353.000000	0.124058
1354.000000	0.130595
1355.000000	0.131215
1356.000000	0.132187
1357.000000	0.140424
1358.000000	0.153157
1359.000000	0.165129
1360.000000	0.170803
1361.000000	0.168157
1362.000000	0.169509
1363.000000	0.185352
1364.000000	0.204528
1365.000000	0.212206
1366.000000	0.200520
1367.000000	0.169144
1368.000000	0.140948
1369.000000	0.137436
1370.000000	0.151456
1371.000000	0.169892
1372.000000	0.184421
1373.000000	0.189609
1374.000000	0.186776
1375.000000	0.179401
1376.000000	0.172850
1377.000000	0.172481
1378.000000	0.181748
1379.000000	0.203059
1380.000000	0.236548
1381.000000	0.277635
1382.000000	0.305167
1383.000000	0.300814
1384.000000	0.274100
1385.000000	0.242237
1386.000000	0.225325
1387.000000	0.237410
1388.000000	0.265420
1389.000000	0.292273
1390.000000	0.311949
1391.000000	0.321833
1392.000000	0.321861
1393.000000	0.313592
1394.000000	0.302529
1395.000000	0.293892
1396.000000	0.287822
1397.000000	0.283421
1398.000000	0.280715
1399.000000	0.280309
1400.000000	0.284190
1401.000000	0.292362
1402.000000	0.295513
1403.000000	0.284724
1404.000000	0.261979
1405.000000	0.233030
1406.000000	0.207807
1407.000000	0.193833
1408.000000	0.184824
1409.000000	0.172901
1410.000000	0.157616
1411.000000	0.140680
1412.000000	0.125026
1413.000000	0.113813
1414.000000	0.109896
1415.000000	0.114995
1416.000000	0.126594
1417.000000	0.141133
1418.000000	0.155112
1419.000000	0.165221
1420.000000	0.168859
1421.000000	0.165285
1422.000000	0.160506
1423.000000	0.161034
1424.000000	0.168659
1425.000000	0.183168
1426.000000	0.201062
1427.000000	0.218026
1428.000000	0.229775
1429.000000	0.234004
1430.000000	0.236282
1431.000000	0.243896
1432.000000	0.263114
1433.000000	0.295130
1434.000000	0.321853
1435.000000	0.326532
1436.000000	0.317045
1437.000000	0.306450
1438.000000	0.303884
1439.000000	0.314049
1440.000000	0.327812
1441.000000	0.335901
1442.000000	0.342318
1443.000000	0.352882
1444.000000	0.367418
1445.000000	0.383127
1446.000000	0.392718
1447.000000	0.390786
1448.000000	0.383962
1449.000000	0.379783
1450.000000	0.377373
1451.000000	0.373471
1452.000000	0.363682
1453.000000	0.346798
1454.000000	0.335488
1455.000000	0.340207
1456.000000	0.348684
1457.000000	0.345027
1458.000000	0.321576
1459.000000	0.278826
1460.000000	0.241639
1461.000000	0.232248
1462.000000	0.237986
1463.000000	0.240342
1464.000000	0.232329
1465.000000	0.212336
1466.000000	0.188720
1467.000000	0.171076
1468.000000	0.163986
1469.000000	0.168655
1470.000000	0.177806
1471.000000	0.182082
1472.000000	0.172294
1473.000000	0.144703
1474.000000	0.117208
1475.000000	0.107223
1476.000000	0.108582
1477.000000	0.110018
1478.000000	0.103427
1479.000000	0.084260
1480.000000	0.059020
1481.000000	0.036406
1482.000000	0.022842
1483.000000	0.022550
1484.000000	0.033214
1485.000000	0.049681
1486.000000	0.061977
1487.000000	0.061673
1488.000000	0.051335
1489.000000	0.036076
1490.000000	0.020186
1491.000000	0.007443
1492.000000	0.000386
1493.000000	-0.000091
1494.000000	0.001554
1495.000000	0.000655
1496.000000	-0.002928
1497.000000	-0.008279
1498.000000	-0.014788
1499.000000	-0.022317
1500.000000	-0.032309
1501.000000	-0.044930
1502.000000	-0.053668
1503.000000	-0.052182
1504.000000	-0.041496
1505.000000	-0.025402
1506.000000	-0.011387
1507.000000	-0.005179
1508.000000	-0.001775
1509.000000	0.004523
1510.000000	0.011459
1511.000000	0.015000
1512.000000	0.011971
1513.000000	0.000876
1514.000000	-0.013920
1515.000000	-0.027151
1516.000000	-0.035807
1517.000000	-0.038105
1518.000000	-0.034913
1519.000000	-0.028530
1520.000000	-0.024321
1521.000000	-0.025552
1522.000000	-0.024022
1523.000000	-0.011858
1524.000000	0.006027
1525.000000	0.021205
1526.000000	0.023957
1527.000000	0.008892
1528.000000	-0.010786
1529.000000	-0.020513
1530.000000	-0.018879
1531.000000	-0.008212
1532.000000	0.007359
1533.000000	0.023091
1534.000000	0.033580
1535.000000	0.035195
1536.000000	0.032064
1537.000000	0.029113
1538.000000	0.026692
1539.000000	0.023471
1540.000000	0.015974
1541.000000	0.002868
1542.000000	-0.006462
1543.000000	-0.002801
1544.000000	0.011659
1545.000000	0.031661
1546.000000	0.051100
1547.000000	0.064676
1548.000000	0.071153
1549.000000	0.071610
1550.000000	0.072338
1551.000000	0.079524
1552.000000	0.093745
1553.000000	0.112836
1554.000000	0.129279
1555.000000	0.137035
1556.000000	0.141330
1557.000000	0.148503
1558.000000	0.158070
1559.000000	0.167778
1560.000000	0.175112
1561.000000	0.179329
1562.000000	0.187035
1563.000000	0.203991
1564.000000	0.225223
1565.000000	0.244042
1566.000000	0.257621
1567.000000	0.265516
1568.000000	0.272949
1569.000000	0.284986
1570.000000	0.300409
1571.000000	0.316699
1572.000000	0.332412
1573.000000	0.346439
1574.000000	0.357933
1575.000000	0.366272
1576.000000	0.371486
1577.000000	0.373462
1578.000000	0.370880
1579.000000	0.362616
1580.000000	0.349543
1581.000000	0.333952
1582.000000	0.321801
1583.000000	0.316986
1584.000000	0.311487
1585.000000	0.297092
1586.000000	0.276729
1587.000000	0.256896
1588.000000	0.247211
1589.000000	0.253494
1590.000000	0.263239
1591.000000	0.262876
1592.000000	0.252913
1593.000000	0.237449
1594.000000	0.220876
1595.000000	0.206765
1596.000000	0.195103
1597.000000	0.185679
1598.000000	0.181075
1599.000000	0.183550
1600.000000	0.191285
1601.000000	0.201057
1602.000000	0.208117
1603.000000	0.208698
1604.000000	0.204481
1605.000000	0.198181
1606.000000	0.191196
1607.000000	0.184448
1608.000000	0.178275
1609.000000	0.172548
1610.000000	0.165841
1611.000000	0.157314
1612.000000	0.149748
1613.000000	0.146043
1614.000000	0.145944
1615.000000	0.148024
1616.000000	0.149323
1617.000000	0.147158
1618.000000	0.141479
1619.000000	0.133439
1620.000000	0.126350
1621.000000	0.123527
1622.000000	0.126120
1623.000000	0.133360
1624.000000	0.138962
1625.000000	0.137786
1626.000000	0.134779
1627.000000	0.136000
1628.000000	0.141866
1629.000000	0.150650
1630.000000	0.157700
1631.000000	0.159325
1632.000000	0.158608
1633.000000	0.158733
1634.000000	0.156515
1635.000000	0.148295
1636.000000	0.134878
1637.000000	0.120715
1638.000000	0.120379
1639.000000	0.144212
1640.000000	0.175520
1641.000000	0.194700
1642.000000	0.197553
1643.000000	0.185752
1644.000000	0.169068
1645.000000	0.157062
1646.000000	0.150367
1647.000000	0.148117
1648.000000	0.152391
1649.000000	0.164987
1650.000000	0.183626
1651.000000	0.203558
1652.000000	0.214223
1653.000000	0.207951
1654.000000	0.194436
1655.000000	0.185433
1656.000000	0.183591
1657.000000	0.188314
1658.000000	0.195152
1659.000000	0.199252
1660.000000	0.198015
1661.000000	0.190880
1662.000000	0.183178
1663.000000	0.180599
1664.000000	0.184387
1665.000000	0.193095
1666.000000	0.198961
1667.000000	0.194848
1668.000000	0.182446
1669.000000	0.166043
1670.000000	0.151501
1671.000000	0.144435
1672.000000	0.147912
1673.000000	0.160936
1674.000000	0.168805
1675.000000	0.159359
1676.000000	0.144307
1677.000000	0.138151
1678.000000	0.142683
1679.000000	0.153385
1680.000000	0.153189
1681.000000	0.130141
1682.000000	0.105273
1683.000000	0.100943
1684.000000	0.111813
1685.000000	0.125630
1686.000000	0.130166
1687.000000	0.117876
1688.000000	0.099904
1689.000000	0.088314
1690.000000	0.080145
1691.000000	0.070127
1692.000000	0.058768
1693.000000	0.048587
1694.000000	0.044359
1695.000000	0.049521
1696.000000	0.059898
1697.000000	0.069514
1698.000000	0.072809
1699.000000	0.066954
1700.000000	0.059648
1701.000000	0.058557
1702.000000	0.060708
1703.000000	0.061662
1704.000000	0.061767
1705.000000	0.062220
1706.000000	0.062826
1707.000000	0.063239
1708.000000	0.063885
1709.000000	0.064958
1710.000000	0.064945
1711.000000	0.063418
1712.000000	0.066004
1713.000000	0.074216
1714.000000	0.067063
1715.000000	0.029048
1716.000000	-0.010833
1717.000000	-0.022380
1718.000000	-0.015066
1719.000000	-0.005190
1720.000000	0.003311
1721.000000	0.008507
1722.000000	0.004134
1723.000000	-0.013088
1724.000000	-0.030151
1725.000000	-0.034054
1726.000000	-0.028096
1727.000000	-0.019081
1728.000000	-0.011544
1729.000000	-0.008863
1730.000000	-0.012078
1731.000000	-0.019905
1732.000000	-0.024119
1733.000000	-0.017745
1734.000000	-0.005745
1735.000000	0.004557
1736.000000	0.008331
1737.000000	0.002764
1738.000000	-0.009397
1739.000000	-0.023214
1740.000000	-0.030559
1741.000000	-0.025354
1742.000000	-0.012930
1743.000000	-0.001369
1744.000000	0.001634
1745.000000	-0.008308
1746.000000	-0.022757
1747.000000	-0.031501
1748.000000	-0.030074
1749.000000	-0.017230
1750.000000	0.001144
1751.000000	0.016792
1752.000000	0.019100
1753.000000	0.002379
1754.000000	-0.017016
1755.000000	-0.022331
1756.000000	-0.017254
1757.000000	-0.009932
1758.000000	-0.005901
1759.000000	-0.008044
1760.000000	-0.011234
1761.000000	-0.009974
1762.000000	-0.005303
1763.000000	-0.000071
1764.000000	0.002146
1765.000000	-0.001817
1766.000000	-0.012762
1767.000000	-0.028810
1768.000000	-0.039716
1769.000000	-0.036857
1770.000000	-0.026464
1771.000000	-0.017097
1772.000000	-0.011782
1773.000000	-0.011172
1774.000000	-0.011955
1775.000000	-0.010723
1776.000000	-0.007659
1777.000000	-0.003789
1778.000000	0.000079
1779.000000	0.003227
1780.000000	0.005081
1781.000000	0.005267
1782.000000	0.004051
1783.000000	0.001703
1784.000000	-0.002145
1785.000000	-0.007424
1786.000000	-0.011682
1787.000000	-0.012344
1788.000000	-0.008732
1789.000000	-0.002305
1790.000000	-0.001171
1791.000000	-0.011367
1792.000000	-0.023980
1793.000000	-0.028857
1794.000000	-0.025817
1795.000000	-0.018107
1796.000000	-0.012703
1797.000000	-0.014243
1798.000000	-0.014279
1799.000000	-0.005182
1800.000000	0.004309
1801.000000	0.003861
1802.000000	-0.006880
1803.000000	-0.023548
1804.000000	-0.032879
1805.000000	-0.024316
1806.000000	-0.007043
1807.000000	0.006733
1808.000000	0.012442
1809.000000	0.008453
1810.000000	-0.002745
1811.000000	-0.016655
1812.000000	-0.024875
1813.000000	-0.020906
1814.000000	-0.009774
1815.000000	0.001344
1816.000000	0.008204
1817.000000	0.008052
1818.000000	0.001181
1819.000000	-0.009835
1820.000000	-0.016333
1821.000000	-0.012003
1822.000000	-0.006033
1823.000000	-0.008347
1824.000000	-0.016323
1825.000000	-0.023202
1826.000000	-0.018218
1827.000000	0.003738
1828.000000	0.021150
1829.000000	0.014316
1830.000000	-0.002578
1831.000000	-0.010381
1832.000000	-0.003964
1833.000000	0.014586
1834.000000	0.028352
1835.000000	0.022627
1836.000000	0.006376
1837.000000	-0.006804
1838.000000	-0.008470
1839.000000	0.003649
1840.000000	0.012294
1841.000000	0.002254
1842.000000	-0.013944
1843.000000	-0.021320
1844.000000	-0.022806
1845.000000	-0.024501
1846.000000	-0.027256
1847.000000	-0.030318
1848.000000	-0.031767
1849.000000	-0.031318
1850.000000	-0.036386
1851.000000	-0.048903
1852.000000	-0.041160
1853.000000	0.005973
1854.000000	0.047665
1855.000000	0.040971
1856.000000	0.014444
1857.000000	0.003852
1858.000000	0.002332
1859.000000	-0.003680
1860.000000	-0.011921
1861.000000	-0.017167
1862.000000	-0.018172
1863.000000	-0.015034
1864.000000	-0.009236
1865.000000	-0.002975
1866.000000	0.000085
1867.000000	-0.002375
1868.000000	-0.005823
1869.000000	-0.005175
1870.000000	-0.000000
1871.000000	0.007684
1872.000000	0.010723
1873.000000	0.003825
1874.000000	-0.005718
1875.000000	-0.010025
1876.000000	-0.011433
1877.000000	-0.014104
1878.000000	-0.019283
1879.000000	-0.025681
1880.000000	-0.024795
1881.000000	-0.011465
1882.000000	-0.001113
1883.000000	-0.008323
1884.000000	-0.023747
1885.000000	-0.033135
1886.000000	-0.026566
1887.000000	-0.001087
1888.000000	0.022711
1889.000000	0.025842
1890.000000	0.019276
1891.000000	0.017470
1892.000000	0.018881
1893.000000	0.017916
1894.000000	0.008785
1895.000000	-0.009805
1896.000000	-0.020971
1897.000000	-0.010697
1898.000000	0.005393
1899.000000	0.009041
1900.000000	0.001087
1901.000000	-0.011508
1902.000000	-0.016415
1903.000000	-0.005549
1904.000000	0.006813
1905.000000	0.006156
1906.000000	-0.000638
1907.000000	-0.003437
1908.000000	-0.000505
1909.000000	0.006630
1910.000000	0.011775
1911.000000	0.010107
1912.000000	0.006932
1913.000000	0.007953
1914.000000	0.010323
1915.000000	0.009827
1916.000000	0.005313
1917.000000	-0.002881
1918.000000	-0.011532
1919.000000	-0.016977
1920.000000	-0.016690
1921.000000	-0.009560
1922.000000	0.001000
1923.000000	0.010717
1924.000000	0.016401
1925.000000	0.015770
1926.000000	0.009106
1927.000000	-0.001246
1928.000000	-0.007235
1929.000000	-0.002444
1930.000000	0.007301
1931.000000	0.014125
1932.000000	0.014193
1933.000000	0.006592
1934.000000	-0.001926
1935.000000	-0.004984
1936.000000	-0.005348
1937.000000	-0.006982
1938.000000	-0.009481
1939.000000	-0.011445
1940.000000	-0.011852
1941.000000	-0.010121
1942.000000	-0.007043
1943.000000	-0.003843
1944.000000	-0.002098
1945.000000	-0.002710
1946.000000	-0.003522
1947.000000	-0.002000
1948.000000	0.002824
1949.000000	0.010699
1950.000000	0.018047
1951.000000	0.020780
1952.000000	0.016101
1953.000000	0.003383
1954.000000	-0.010597
1955.000000	-0.018151
1956.000000	-0.015346
1957.000000	-0.001880
1958.000000	0.011768
1959.000000	0.015690
1960.000000	0.013044
1961.000000	0.009049
1962.000000	0.004107
1963.000000	-0.002300
1964.000000	-0.009569
1965.000000	-0.015613
1966.000000	-0.013548
1967.000000	0.001021
1968.000000	0.017727
1969.000000	0.025466
1970.000000	0.024939
1971.000000	0.020205
1972.000000	0.016953
1973.000000	0.019784
1974.000000	0.027323
1975.000000	0.036150
1976.000000	0.040654
1977.000000	0.036542
1978.000000	0.026990
1979.000000	0.017011
1980.000000	0.011501
1981.000000	0.013650
1982.000000	0.019937
1983.000000	0.025108
1984.000000	0.023682
1985.000000	0.012363
1986.000000	-0.003178
1987.000000	-0.015429
1988.000000	-0.018470
1989.000000	-0.009772
1990.000000	0.001242
1991.000000	0.005211
1992.000000	0.004992
1993.000000	0.005601
1994.000000	0.008485
1995.000000	0.013813
1996.000000	0.020199
1997.000000	0.025760
1998.000000	0.028161
1999.000000	0.025740
2000.000000	0.019970
2001.000000	0.012815
2002.000000	0.005082
2003.000000	-0.002693
2004.000000	-0.009892
2005.000000	-0.015547
2006.000000	-0.017358
2007.000000	-0.013907
2008.000000	-0.008623
2009.000000	-0.005166
2010.000000	-0.003260
2011.000000	-0.001541
2012.000000	0.001766
2013.000000	0.008091
2014.000000	0.017078
2015.000000	0.026833
2016.000000	0.031113
2017.000000	0.025175
2018.000000	0.014637
2019.000000	0.006986
2020.000000	0.006827
2021.000000	0.014929
2022.000000	0.019587
2023.000000	0.011066
2024.000000	-0.000006
2025.000000	-0.001733
2026.000000	0.002512
2027.000000	0.006065
2028.000000	0.004389
2029.000000	-0.003697
2030.000000	-0.008059
2031.000000	-0.000307
2032.000000	0.009676
2033.000000	0.010739
2034.000000	0.004945
2035.000000	-0.002354
2036.000000	-0.005863
2037.000000	-0.001602
2038.000000	0.009206
2039.000000	0.021889
2040.000000	0.023174
2041.000000	0.003606
2042.000000	-0.022396
2043.000000	-0.036962
2044.000000	-0.032297
2045.000000	-0.008003
2046.000000	0.016793
2047.000000	0.023719
2048.000000	0.016956
2049.000000	0.005734
2050.000000	-0.003075
2051.000000	-0.004624
2052.000000	0.000193
2053.000000	0.007770
2054.000000	0.009386
2055.000000	-0.000328
2056.000000	-0.008235
2057.000000	-0.001528
2058.000000	0.012755
2059.000000	0.023892
2060.000000	0.026252
2061.000000	0.017450
2062.000000	0.002990
2063.000000	-0.009647
2064.000000	-0.012961
2065.000000	-0.002826
2066.000000	0.011371
2067.000000	0.018977
2068.000000	0.017792
2069.000000	0.009298
2070.000000	0.001270
2071.000000	-0.000071
2072.000000	-0.000995
2073.000000	-0.008106
2074.000000	-0.016842
2075.000000	-0.020907
2076.000000	-0.018243
2077.000000	-0.008669
2078.000000	0.004725
2079.000000	0.018160
2080.000000	0.028362
2081.000000	0.032824
2082.000000	0.031604
2083.000000	0.025542
2084.000000	0.016038
2085.000000	0.004737
2086.000000	-0.006299
2087.000000	-0.014818
2088.000000	-0.018221
2089.000000	-0.014748
2090.000000	-0.006353
2091.000000	0.003775
2092.000000	0.011213
2093.000000	0.012225
2094.000000	0.007041
2095.000000	-0.001276
2096.000000	-0.002316
2097.000000	0.011036
2098.000000	0.025361
2099.000000	0.026570
2100.000000	0.018441
2101.000000	0.008585
2102.000000	0.002091
2103.000000	0.000898
2104.000000	-0.003127
2105.000000	-0.015867
2106.000000	-0.024143
2107.000000	-0.015013
2108.000000	0.004463
2109.000000	0.023214
2110.000000	0.034141
2111.000000	0.033235
2112.000000	0.024885
2113.000000	0.015109
2114.000000	0.008046
2115.000000	0.006219
2116.000000	0.007574
2117.000000	0.009370
2118.000000	0.010712
2119.000000	0.011481
2120.000000	0.012828
2121.000000	0.014860
2122.000000	0.012231
2123.000000	0.001210
2124.000000	-0.010013
2125.000000	-0.012571
2126.000000	-0.006808
2127.000000	0.003919
2128.000000	0.013419
2129.000000	0.016588
2130.000000	0.015514
2131.000000	0.013612
2132.000000	0.012421
2133.000000	0.012369
2134.000000	0.011309
2135.000000	0.007148
2136.000000	0.000592
2137.000000	-0.005486
2138.000000	-0.002345
2139.000000	0.015121
2140.000000	0.031601
2141.000000	0.031845
2142.000000	0.021260
2143.000000	0.009360
2144.000000	0.001414
2145.000000	-0.000748
2146.000000	-0.004816
2147.000000	-0.015696
2148.000000	-0.017631
2149.000000	0.002112
2150.000000	0.023499
2151.000000	0.024387
2152.000000	0.006965
2153.000000	-0.017577
2154.000000	-0.026379
2155.000000	-0.004225
2156.000000	0.021861
2157.000000	0.024302
2158.000000	0.015541
2159.000000	0.013673
2160.000000	0.019372
2161.000000	0.028043
2162.000000	0.031439
2163.000000	0.023713
2164.000000	0.012279
2165.000000	0.005611
2166.000000	0.003161
2167.000000	0.002361
2168.000000	0.001588
2169.000000	0.000042
2170.000000	-0.000735
2171.000000	0.001834
2172.000000	0.012131
2173.000000	0.031375
2174.000000	0.046331
2175.000000	0.044101
2176.000000	0.027579
2177.000000	0.004305
2178.000000	-0.015401
2179.000000	-0.021873
2180.000000	-0.010846
2181.000000	0.015371
2182.000000	0.033574
2183.000000	0.024387
2184.000000	0.004655
2185.000000	-0.004580
2186.000000	-0.001705
2187.000000	0.008631
2188.000000	0.016161
2189.000000	0.013498
2190.000000	0.010389
2191.000000	0.016397
2192.000000	0.023196
2193.000000	0.021019
2194.000000	0.012204
2195.000000	0.002006
2196.000000	-0.004768
2197.000000	-0.004904
2198.000000	-0.001108
2199.000000	0.003414
2200.000000	0.009368
2201.000000	0.017033
2202.000000	0.021068
2203.000000	0.017143
2204.000000	0.010581
2205.000000	0.009356
2206.000000	0.022384
2207.000000	0.052111
2208.000000	0.074160
2209.000000	0.066389
2210.000000	0.042430
2211.000000	0.020914
2212.000000	0.004688
2213.000000	-0.007787
2214.000000	-0.019803
2215.000000	-0.032073
2216.000000	-0.033243
2217.000000	-0.015262
2218.000000	0.004630
2219.000000	0.008405
2220.000000	0.000171
2221.000000	-0.010786
2222.000000	-0.016606
2223.000000	-0.011897
2224.000000	0.000293
2225.000000	0.014775
2226.000000	0.026231
2227.000000	0.030279
2228.000000	0.026418
2229.000000	0.016011
2230.000000	0.004003
2231.000000	-0.004208
2232.000000	-0.005005
2233.000000	0.002849
2234.000000	0.012861
2235.000000	0.018669
2236.000000	0.022184
2237.000000	0.026124
2238.000000	0.028174
2239.000000	0.025415
2240.000000	0.017533
2241.000000	0.005866
2242.000000	-0.004262
2243.000000	-0.007755
2244.000000	-0.004419
2245.000000	0.003850
2246.000000	0.011691
2247.000000	0.014593
2248.000000	0.014895
2249.000000	0.016617
2250.000000	0.023646
2251.000000	0.036014
2252.000000	0.038455
2253.000000	0.018766
2254.000000	-0.007713
2255.000000	-0.023099
2256.000000	-0.026885
2257.000000	-0.023085
2258.000000	-0.016425
2259.000000	-0.009990
2260.000000	0.000400
2261.000000	0.017506
2262.000000	0.031160
2263.000000	0.032136
2264.000000	0.027923
2265.000000	0.027674
2266.000000	0.030499
2267.000000	0.032335
2268.000000	0.026462
2269.000000	0.009965
2270.000000	-0.002207
2271.000000	0.003425
2272.000000	0.016599
2273.000000	0.024253
2274.000000	0.025863
2275.000000	0.024210
2276.000000	0.022757
2277.000000	0.023959
2278.000000	0.025547
2279.000000	0.024855
2280.000000	0.022338
2281.000000	0.019696
2282.000000	0.020476
2283.000000	0.027157
2284.000000	0.036103
2285.000000	0.042168
2286.000000	0.040294
2287.000000	0.027868
2288.000000	0.011977
2289.000000	0.001339
2290.000000	0.001499
2291.000000	0.014192
2292.000000	0.029073
2293.000000	0.034850
2294.000000	0.028509
2295.000000	0.011908
2296.000000	-0.001880
2297.000000	-0.001975
2298.000000	0.002513
2299.000000	0.001093
2300.000000	-0.002261
2301.000000	-0.001261
2302.000000	0.005179
2303.000000	0.016105
2304.000000	0.027600
2305.000000	0.035433
2306.000000	0.037084
2307.000000	0.032050
2308.000000	0.026175
2309.000000	0.025174
2310.000000	0.027912
2311.000000	0.031489
2312.000000	0.032813
2313.000000	0.029423
2314.000000	0.021577
2315.000000	0.010562
2316.000000	-0.000935
2317.000000	-0.009410
2318.000000	-0.009475
2319.000000	0.001850
2320.000000	0.016035
2321.000000	0.023284
2322.000000	0.020243
2323.000000	0.008605
2324.000000	0.003811
2325.000000	0.018316
2326.000000	0.038880
2327.000000	0.049458
2328.000000	0.048475
2329.000000	0.038767
2330.000000	0.026354
2331.000000	0.017352
2332.000000	0.015093
2333.000000	0.020036
2334.000000	0.023939
2335.000000	0.020078
2336.000000	0.016488
2337.000000	0.021385
2338.000000	0.028936
2339.000000	0.031001
2340.000000	0.024249
2341.000000	0.008527
2342.000000	-0.008417
2343.000000	-0.018748
2344.000000	-0.022196
2345.000000	-0.019711
2346.000000	-0.009564
2347.000000	0.008475
2348.000000	0.025965
2349.000000	0.033690
2350.000000	0.027998
2351.000000	0.009605
2352.000000	-0.008855
2353.000000	-0.016296
2354.000000	-0.019742
2355.000000	-0.026754
2356.000000	-0.028936
2357.000000	-0.017094
2358.000000	0.005188
2359.000000	0.030367
2360.000000	0.047829
2361.000000	0.049747
2362.000000	0.042509
2363.000000	0.034475
2364.000000	0.027693
2365.000000	0.022118
2366.000000	0.015655
2367.000000	0.006628
2368.000000	-0.002904
2369.000000	-0.009709
2370.000000	-0.009597
2371.000000	-0.000524
2372.000000	0.009998
2373.000000	0.014005
2374.000000	0.011276
2375.000000	0.004207
2376.000000	-0.002070
2377.000000	-0.002732
2378.000000	0.003072
2379.000000	0.014052
2380.000000	0.024333
2381.000000	0.027771
2382.000000	0.021721
2383.000000	0.007197
2384.000000	-0.003648
2385.000000	-0.000339
2386.000000	0.009736
2387.000000	0.015783
2388.000000	0.011244
2389.000000	-0.004843
2390.000000	-0.015300
2391.000000	-0.005563
2392.000000	0.010330
2393.000000	0.015903
2394.000000	0.013536
2395.000000	0.009490
2396.000000	0.006695
2397.000000	0.006496
2398.000000	0.007215
2399.000000	0.006721
2400.000000	0.004092
2401.000000	-0.000178
2402.000000	-0.001144
2403.000000	0.005478
2404.000000	0.016886
2405.000000	0.028491
2406.000000	0.035642
2407.000000	0.034732
2408.000000	0.026380
2409.000000	0.013891
2410.000000	0.007094
2411.000000	0.012621
2412.000000	0.017805
2413.000000	0.010497
2414.000000	-0.000070
2415.000000	-0.002278
2416.000000	0.003664
2417.000000	0.012771
2418.000000	0.012794
2419.000000	-0.003218
2420.000000	-0.013743
2421.000000	0.000300
2422.000000	0.019772
2423.000000	0.022808
2424.000000	0.014879
2425.000000	0.006986
2426.000000	0.004926
2427.000000	0.010356
2428.000000	0.013585
2429.000000	0.005455
2430.000000	-0.009703
2431.000000	-0.023767
2432.000000	-0.026936
2433.000000	-0.013035
2434.000000	0.007915
2435.000000	0.023684
2436.000000	0.029399
2437.000000	0.025038
2438.000000	0.022632
2439.000000	0.030768
2440.000000	0.032207
2441.000000	0.012574
2442.000000	-0.005218
2443.000000	0.002033
2444.000000	0.021409
2445.000000	0.033225
2446.000000	0.026858
2447.000000	0.000360
2448.000000	-0.022576
2449.000000	-0.020355
2450.000000	-0.005403
2451.000000	0.005144
2452.000000	0.009329
2453.000000	0.009569
2454.000000	0.010590
2455.000000	0.016398
2456.000000	0.025810
2457.000000	0.035062
2458.000000	0.035243
2459.000000	0.020455
2460.000000	0.001989
2461.000000	-0.008012
2462.000000	-0.011192
2463.000000	-0.011607
2464.000000	-0.009186
2465.000000	-0.003463
2466.000000	0.003471
2467.000000	0.008096
2468.000000	0.003720
2469.000000	-0.011037
2470.000000	-0.013138
2471.000000	0.015000
2472.000000	0.044710
2473.000000	0.045286
2474.000000	0.024101
2475.000000	-0.002300
2476.000000	-0.018751
2477.000000	-0.016806
2478.000000	-0.013513
2479.000000	-0.024687
2480.000000	-0.035727
2481.000000	-0.030318
2482.000000	-0.015700
2483.000000	-0.002793
2484.000000	0.006322
2485.000000	0.012017
2486.000000	0.015653
2487.000000	0.017964
2488.000000	0.016206
2489.000000	0.008791
2490.000000	0.002240
2491.000000	0.002327
2492.000000	0.003733
2493.000000	0.000432
2494.000000	-0.005341
2495.000000	-0.009665
2496.000000	-0.010131
2497.000000	-0.006011
2498.000000	-0.001798
2499.000000	-0.001005
2500.000000	0.001995
2501.000000	0.011606
2502.000000	0.018211
2503.000000	0.012486
2504.000000	0.000309
2505.000000	-0.009578
2506.000000	-0.012184
2507.000000	-0.005699
2508.000000	0.002703
2509.000000	0.005953
2510.000000	0.006386
2511.000000	0.008212
2512.000000	0.013748
2513.000000	0.023164
2514.000000	0.029932
2515.000000	0.027881
2516.000000	0.018964
2517.000000	0.008205
2518.000000	0.004772
2519.000000	0.014364
2520.000000	0.024646
2521.000000	0.022701
2522.000000	0.011328
2523.000000	-0.002752
2524.000000	-0.012846
2525.000000	-0.013634
2526.000000	-0.005258
2527.000000	0.009674
2528.000000	0.024148
2529.000000	0.030653
2530.000000	0.024111
2531.000000	0.003972
2532.000000	-0.014623
2533.000000	-0.016978
2534.000000	-0.005867
2535.000000	0.011181
2536.000000	0.025102
2537.000000	0.028250
2538.000000	0.020196
2539.000000	0.004080
2540.000000	-0.009891
2541.000000	-0.013147
2542.000000	-0.010736
2543.000000	-0.008806
2544.000000	-0.004283
2545.000000	0.006191
2546.000000	0.017893
2547.000000	0.024677
2548.000000	0.022797
2549.000000	0.011649
2550.000000	0.000815
2551.000000	-0.000922
2552.000000	0.001858
2553.000000	0.003290
2554.000000	0.005746
2555.000000	0.012198
2556.000000	0.019782
2557.000000	0.024764
2558.000000	0.025756
2559.000000	0.023077
2560.000000	0.021509
2561.000000	0.024871
2562.000000	0.028653
2563.000000	0.028222
2564.000000	0.026782
2565.000000	0.027361
2566.000000	0.024461
2567.000000	0.012706
2568.000000	-0.004249
2569.000000	-0.019676
2570.000000	-0.023567
2571.000000	-0.010058
2572.000000	0.006871
2573.000000	0.012948
2574.000000	0.012582
2575.000000	0.012358
2576.000000	0.008898
2577.000000	-0.001157
2578.000000	-0.011113
2579.000000	-0.012942
2580.000000	-0.003339
2581.000000	0.015118
2582.000000	0.021029
2583.000000	-0.000969
2584.000000	-0.023273
2585.000000	-0.018443
2586.000000	-0.002665
2587.000000	0.002666
2588.000000	-0.001040
2589.000000	-0.006620
2590.000000	-0.006687
2591.000000	0.002404
2592.000000	0.009109
2593.000000	0.003377
2594.000000	-0.003694
2595.000000	-0.000774
2596.000000	0.003232
2597.000000	-0.001253
2598.000000	-0.006244
2599.000000	-0.002148
2600.000000	0.009512
2601.000000	0.022911
2602.000000	0.026130
2603.000000	0.011636
2604.000000	-0.004457
2605.000000	-0.006153
2606.000000	-0.001579
2607.000000	-0.000892
2608.000000	0.001739
2609.000000	0.012949
2610.000000	0.026596
2611.000000	0.033841
2612.000000	0.027837
2613.000000	0.006284
2614.000000	-0.016932
2615.000000	-0.028264
2616.000000	-0.031701
2617.000000	-0.032964
2618.000000	-0.027176
2619.000000	-0.010250
2620.000000	0.008132
2621.000000	0.016882
2622.000000	0.013061
2623.000000	-0.001666
2624.000000	-0.015369
2625.000000	-0.016869
2626.000000	-0.008251
2627.000000	0.005263
2628.000000	0.019161
2629.000000	0.029684
2630.000000	0.035364
2631.000000	0.035835
2632.000000	0.032838
2633.000000	0.028502
2634.000000	0.024394
2635.000000	0.021461
2636.000000	0.018735
2637.000000	0.015584
2638.000000	0.014639
2639.000000	0.017501
2640.000000	0.018400
2641.000000	0.012524
2642.000000	0.006285
2643.000000	0.006767
2644.000000	0.012540
2645.000000	0.018690
2646.000000	0.014899
2647.000000	-0.005192
2648.000000	-0.026695
2649.000000	-0.033546
2650.000000	-0.026239
2651.000000	-0.011046
2652.000000	-0.000813
2653.000000	-0.005519
2654.000000	-0.017117
2655.000000	-0.024229
2656.000000	-0.020184
2657.000000	-0.004533
2658.000000	0.003003
2659.000000	-0.012458
2660.000000	-0.026262
2661.000000	-0.014345
2662.000000	0.005470
2663.000000	0.012038
2664.000000	0.012809
2665.000000	0.017979
2666.000000	0.020149
2667.000000	0.011747
2668.000000	0.002121
2669.000000	0.000717
2670.000000	0.000450
2671.000000	-0.006475
2672.000000	-0.014162
2673.000000	-0.015767
2674.000000	-0.014339
2675.000000	-0.014387
2676.000000	-0.016362
2677.000000	-0.019583
2678.000000	-0.022891
2679.000000	-0.025326
2680.000000	-0.027195
2681.000000	-0.027493
2682.000000	-0.018714
2683.000000	0.002983
2684.000000	0.020262
2685.000000	0.016967
2686.000000	0.002830
2687.000000	-0.008615
2688.000000	-0.014524
2689.000000	-0.015511
2690.000000	-0.015335
2691.000000	-0.015771
2692.000000	-0.007529
2693.000000	0.015246
2694.000000	0.033594
2695.000000	0.029679
2696.000000	0.014973
2697.000000	0.004825
2698.000000	0.000785
2699.000000	0.001054
2700.000000	0.004244
2701.000000	0.009487
2702.000000	0.017582
2703.000000	0.028109
2704.000000	0.034099
2705.000000	0.029945
2706.000000	0.022045
2707.000000	0.017273
2708.000000	0.012401
2709.000000	0.004052
2710.000000	-0.001658
2711.000000	0.001825
2712.000000	0.013307
2713.000000	0.028067
2714.000000	0.035019
2715.000000	0.025261
2716.000000	0.004985
2717.000000	-0.013825
2718.000000	-0.011103
2719.000000	0.025022
2720.000000	0.065553
2721.000000	0.079704
2722.000000	0.070400
2723.000000	0.049744
2724.000000	0.032826
2725.000000	0.030209
2726.000000	0.031343
2727.000000	0.024961
2728.000000	0.018026
2729.000000	0.017771
2730.000000	0.014286
2731.000000	-0.001046
2732.000000	-0.014530
2733.000000	-0.011715
2734.000000	0.002556
2735.000000	0.018883
2736.000000	0.028938
2737.000000	0.028487
2738.000000	0.028613
2739.000000	0.038079
2740.000000	0.041041
2741.000000	0.023264
2742.000000	0.001539
2743.000000	-0.005191
2744.000000	-0.000404
2745.000000	0.007555
2746.000000	0.013286
2747.000000	0.013459
2748.000000	0.010090
2749.000000	0.006088
2750.000000	0.002600
2751.000000	0.000196
2752.000000	-0.001099
2753.000000	-0.001070
2754.000000	0.001807
2755.000000	0.008128
2756.000000	0.013476
2757.000000	0.013652
2758.000000	0.010343
2759.000000	0.006623
2760.000000	0.005219
2761.000000	0.007309
2762.000000	0.008221
2763.000000	0.003580
2764.000000	-0.003941
2765.000000	-0.009283
2766.000000	-0.004878
2767.000000	0.012931
2768.000000	0.029641
2769.000000	0.030261
2770.000000	0.016012
2771.000000	-0.006453
2772.000000	-0.024963
2773.000000	-0.029547
2774.000000	-0.024547
2775.000000	-0.016410
2776.000000	-0.005698
2777.000000	0.006727
2778.000000	0.012906
2779.000000	0.006665
2780.000000	-0.003922
2781.000000	-0.009494
2782.000000	-0.009776
2783.000000	-0.007118
2784.000000	-0.005280
2785.000000	-0.006648
2786.000000	-0.006712
2787.000000	-0.002349
2788.000000	-0.002887
2789.000000	-0.016266
2790.000000	-0.032421
2791.000000	-0.039476
2792.000000	-0.036322
2793.000000	-0.025956
2794.000000	-0.017020
2795.000000	-0.017305
2796.000000	-0.025533
2797.000000	-0.036652
2798.000000	-0.039573
2799.000000	-0.026340
2800.000000	-0.007581
2801.000000	0.002997
2802.000000	-0.002060
2803.000000	-0.024104
2804.000000	-0.046347
2805.000000	-0.052144
2806.000000	-0.043577
2807.000000	-0.028022
2808.000000	-0.015304
2809.000000	-0.012865
2810.000000	-0.016178
2811.000000	-0.018484
2812.000000	-0.016085
2813.000000	-0.008380
2814.000000	-0.004114
2815.000000	-0.011063
2816.000000	-0.023800
2817.000000	-0.034165
2818.000000	-0.036274
2819.000000	-0.027129
2820.000000	-0.012993
2821.000000	-0.001895
2822.000000	0.000329
2823.000000	-0.008201
2824.000000	-0.015734
2825.000000	-0.011104
2826.000000	0.000896
2827.000000	0.012406
2828.000000	0.019252
2829.000000	0.019272
2830.000000	0.014680
2831.000000	0.008764
2832.000000	0.004753
2833.000000	0.005211
2834.000000	0.010114
2835.000000	0.018487
2836.000000	0.028125
2837.000000	0.036667
2838.000000	0.042346
2839.000000	0.044128
2840.000000	0.043329
2841.000000	0.042789
2842.000000	0.049106
2843.000000	0.066327
2844.000000	0.084536
2845.000000	0.093080
2846.000000	0.092316
2847.000000	0.088095
2848.000000	0.097223
2849.000000	0.130860
2850.000000	0.166626
2851.000000	0.182084
2852.000000	0.188109
2853.000000	0.198917
2854.000000	0.208787
2855.000000	0.210107
2856.000000	0.207648
2857.000000	0.208570
2858.000000	0.217207
2859.000000	0.235080
2860.000000	0.255278
2861.000000	0.269946
2862.000000	0.275886
2863.000000	0.274790
2864.000000	0.283269
2865.000000	0.313496
2866.000000	0.344987
2867.000000	0.358263
2868.000000	0.370534
2869.000000	0.400380
2870.000000	0.435176
2871.000000	0.456805
2872.000000	0.456379
2873.000000	0.435180
2874.000000	0.425947
2875.000000	0.454793
2876.000000	0.489865
2877.000000	0.495895
2878.000000	0.481905
2879.000000	0.466074
2880.000000	0.458903
2881.000000	0.464128
2882.000000	0.466089
2883.000000	0.450141
2884.000000	0.425084
2885.000000	0.406177
2886.000000	0.411075
2887.000000	0.447840
2888.000000	0.483761
2889.000000	0.488360
2890.000000	0.480873
2891.000000	0.485764
2892.000000	0.498708
2893.000000	0.510075
2894.000000	0.517816
2895.000000	0.522769
2896.000000	0.529737
2897.000000	0.542556
2898.000000	0.557219
2899.000000	0.567408
2900.000000	0.565404
2901.000000	0.547892
2902.000000	0.530574
2903.000000	0.530609
2904.000000	0.551975
2905.000000	0.590550
2906.000000	0.623006
2907.000000	0.628814
2908.000000	0.617858
2909.000000	0.607207
2910.000000	0.612269
2911.000000	0.642796
2912.000000	0.687582
2913.000000	0.730434
2914.000000	0.756171
2915.000000	0.758043
2916.000000	0.762001
2917.000000	0.789012
2918.000000	0.807420
2919.000000	0.786993
2920.000000	0.755839
2921.000000	0.748632
2922.000000	0.767983
2923.000000	0.806818
2924.000000	0.851390
2925.000000	0.889569
2926.000000	0.922367
2927.000000	0.952850
2928.000000	0.979152
2929.000000	0.996522
2930.000000	0.993582
2931.000000	0.966708
2932.000000	0.949900
2933.000000	0.971553
2934.000000	1.000000
2935.000000	0.998819
2936.000000	0.972618
2937.000000	0.936685
2938.000000	0.908012
2939.000000	0.897884
2940.000000	0.893068
2941.000000	0.878789
2942.000000	0.858617
2943.000000	0.841648
2944.000000	0.840743
2945.000000	0.860366
2946.000000	0.867637
2947.000000	0.832495
2948.000000	0.773498
2949.000000	0.718625
2950.000000	0.684937
2951.000000	0.680076
2952.000000	0.684942
2953.000000	0.677075
2954.000000	0.647307
2955.000000	0.598035
2956.000000	0.564619
2957.000000	0.575424
2958.000000	0.597888
2959.000000	0.595971
2960.000000	0.580660
2961.000000	0.569981
2962.000000	0.563082
2963.000000	0.555076
2964.000000	0.543797
2965.000000	0.529119
2966.000000	0.516338
2967.000000	0.510229
2968.000000	0.508059
2969.000000	0.503521
2970.000000	0.483520
2971.000000	0.442789
2972.000000	0.414162
2973.000000	0.425959
2974.000000	0.450337
2975.000000	0.454266
2976.000000	0.440142
2977.000000	0.418684
2978.000000	0.398485
2979.000000	0.386021
2980.000000	0.381430
2981.000000	0.382870
2982.000000	0.386921
2983.000000	0.388999
2984.000000	0.381438
2985.000000	0.361373
2986.000000	0.348232
2987.000000	0.357083
2988.000000	0.363277
2989.000000	0.342517
2990.000000	0.311637
2991.000000	0.290594
2992.000000	0.270703
2993.000000	0.240489
2994.000000	0.205967
2995.000000	0.178653
2996.000000	0.174579
2997.000000	0.200418
2998.000000	0.220901
2999.000000	0.204230
3000.000000	0.174449
3001.000000	0.160711
3002.000000	0.156769
3003.000000	0.149903
3004.000000	0.136895
3005.000000	0.118601
3006.000000	0.102676
3007.000000	0.096081
3008.000000	0.096196
3009.000000	0.098004
3010.000000	0.096494
3011.000000	0.089052
3012.000000	0.082668
3013.000000	0.082868
3014.000000	0.079738
3015.000000	0.064515
3016.000000	0.048492
3017.000000	0.042771
3018.000000	0.037628
3019.000000	0.022996
3020.000000	0.008252
3021.000000	0.003897
3022.000000	0.005492
3023.000000	0.005763
3024.000000	0.001024
3025.000000	-0.008720
3026.000000	-0.012292
3027.000000	-0.001557
3028.000000	0.008281
3029.000000	0.001298
3030.000000	-0.017977
3031.000000	-0.038676
3032.000000	-0.045029
3033.000000	-0.027553
3034.000000	-0.006816
3035.000000	-0.003664
3036.000000	-0.010012
3037.000000	-0.012600
3038.000000	-0.006407
3039.000000	0.008669
3040.000000	0.021289
3041.000000	0.022257
3042.000000	0.022388
3043.000000	0.031199
3044.000000	0.033000
3045.000000	0.013841
3046.000000	-0.008075
3047.000000	-0.012733
3048.000000	-0.005042
3049.000000	0.005968
3050.000000	0.019702
3051.000000	0.035927
3052.000000	0.047438
3053.000000	0.047868
3054.000000	0.041192
3055.000000	0.035092
3056.000000	0.041748
3057.000000	0.067457
3058.000000	0.090486
3059.000000	0.090621
3060.000000	0.081750
3061.000000	0.081592
3062.000000	0.089078
3063.000000	0.097517
3064.000000	0.096523
3065.000000	0.079811
3066.000000	0.061192
3067.000000	0.055399
3068.000000	0.060764
3069.000000	0.070720
3070.000000	0.075520
3071.000000	0.069308
3072.000000	0.064985
3073.000000	0.074295
3074.000000	0.085609
3075.000000	0.086539
3076.000000	0.085035
3077.000000	0.089526
3078.000000	0.090021
3079.000000	0.076674
3080.000000	0.058626
3081.000000	0.047427
3082.000000	0.045257
3083.000000	0.051124
3084.000000	0.060706
3085.000000	0.069197
3086.000000	0.073195
3087.000000	0.069578
3088.000000	0.054952
3089.000000	0.029750
3090.000000	0.009997
3091.000000	0.009742
3092.000000	0.019532
3093.000000	0.026321
3094.000000	0.026180
3095.000000	0.018554
3096.000000	0.007259
3097.000000	-0.002782
3098.000000	-0.006589
3099.000000	-0.000762
3100.000000	0.011718
3101.000000	0.025687
3102.000000	0.033635
3103.000000	0.029399
3104.000000	0.014550
3105.000000	-0.005760
3106.000000	-0.019789
3107.000000	-0.019401
3108.000000	-0.017466
3109.000000	-0.025476
3110.000000	-0.028400
3111.000000	-0.011825
3112.000000	0.009673
3113.000000	0.018775
3114.000000	0.016189
3115.000000	0.007941
3116.000000	0.003289
3117.000000	0.008639
3118.000000	0.015746
3119.000000	0.014550
3120.000000	0.002385
3121.000000	-0.018852
3122.000000	-0.036415
3123.000000	-0.038899
3124.000000	-0.031125
3125.000000	-0.021213
3126.000000	-0.014244
3127.000000	-0.013406
3128.000000	-0.017339
3129.000000	-0.022929
3130.000000	-0.024575
3131.000000	-0.018371
3132.000000	-0.009669
3133.000000	-0.005231
3134.000000	-0.008208
3135.000000	-0.018234
3136.000000	-0.024492
3137.000000	-0.017767
3138.000000	-0.005711
3139.000000	0.001887
3140.000000	0.003564
3141.000000	-0.000646
3142.000000	-0.013047
3143.000000	-0.032872
3144.000000	-0.044722
3145.000000	-0.035688
3146.000000	-0.017459
3147.000000	-0.005302
3148.000000	-0.004199
3149.000000	-0.014082
3150.000000	-0.024978
3151.000000	-0.027284
3152.000000	-0.022787
3153.000000	-0.015326
3154.000000	-0.005554
3155.000000	0.005267
3156.000000	0.010254
3157.000000	0.004287
3158.000000	-0.005084
3159.000000	-0.009040
3160.000000	-0.006361
3161.000000	0.001247
3162.000000	0.007968
3163.000000	0.008262
3164.000000	0.001809
3165.000000	-0.009277
3166.000000	-0.018377
3167.000000	-0.019337
3168.000000	-0.012362
3169.000000	-0.000631
3170.000000	0.007149
3171.000000	0.003540
3172.000000	-0.008303
3173.000000	-0.021526
3174.000000	-0.025087
3175.000000	-0.013699
3176.000000	-0.009304
3177.000000	-0.029413
3178.000000	-0.046599
3179.000000	-0.033443
3180.000000	-0.007488
3181.000000	0.007514
3182.000000	0.007929
3183.000000	-0.002557
3184.000000	-0.011106
3185.000000	-0.007931
3186.000000	-0.004594
3187.000000	-0.012013
3188.000000	-0.017164
3189.000000	-0.006620
3190.000000	0.010725
3191.000000	0.021501
3192.000000	0.016768
3193.000000	-0.005443
3194.000000	-0.023627
3195.000000	-0.018655
3196.000000	-0.004366
3197.000000	0.001977
3198.000000	0.002374
3199.000000	0.002832
3200.000000	0.006135
3201.000000	0.012679
3202.000000	0.016539
3203.000000	0.012754
3204.000000	0.006556
3205.000000	0.003225
3206.000000	-0.001950
3207.000000	-0.012591
3208.000000	-0.017969
3209.000000	-0.008765
3210.000000	0.004343
3211.000000	0.009504
3212.000000	0.010172
3213.000000	0.011731
3214.000000	0.011981
3215.000000	0.007573
3216.000000	-0.001844
3217.000000	-0.014108
3218.000000	-0.020017
3219.000000	-0.011371
3220.000000	0.008961
3221.000000	0.033628
3222.000000	0.048408
3223.000000	0.042404
3224.000000	0.024893
3225.000000	0.008659
3226.000000	0.000346
3227.000000	0.003390
3228.000000	0.014535
3229.000000	0.027847
3230.000000	0.033371
3231.000000	0.024868
3232.000000	0.014971
3233.000000	0.015761
3234.000000	0.018232
3235.000000	0.012195
3236.000000	0.003811
3237.000000	0.001753
3238.000000	0.008398
3239.000000	0.020859
3240.000000	0.021509
3241.000000	-0.002261
3242.000000	-0.028232
3243.000000	-0.033778
3244.000000	-0.029482
3245.000000	-0.028710
3246.000000	-0.022749
3247.000000	-0.002677
3248.000000	0.019182
3249.000000	0.029694
3250.000000	0.033719
3251.000000	0.038887
3252.000000	0.045911
3253.000000	0.053147
3254.000000	0.056446
3255.000000	0.052642
3256.000000	0.044993
3257.000000	0.037803
3258.000000	0.033134
3259.000000	0.031663
3260.000000	0.030782
3261.000000	0.029187
3262.000000	0.034087
3263.000000	0.049499
3264.000000	0.058162
3265.000000	0.045349
3266.000000	0.027734
3267.000000	0.024102
3268.000000	0.030278
3269.000000	0.036698
3270.000000	0.035208
3271.000000	0.022383
3272.000000	0.012308
3273.000000	0.017337
3274.000000	0.025385
3275.000000	0.023299
3276.000000	0.018104
3277.000000	0.019153
3278.000000	0.024950
3279.000000	0.031897
3280.000000	0.038853
3281.000000	0.045548
3282.000000	0.052757
3283.000000	0.060623
3284.000000	0.065722
3285.000000	0.064580
3286.000000	0.057086
3287.000000	0.045117
3288.000000	0.035154
3289.000000	0.033369
3290.000000	0.040104
3291.000000	0.053602
3292.000000	0.069544
3293.000000	0.083065
3294.000000	0.089687
3295.000000	0.086320
3296.000000	0.075048
3297.000000	0.059565
3298.000000	0.044827
3299.000000	0.034832
3300.000000	0.028484
3301.000000	0.024664
3302.000000	0.027253
3303.000000	0.038900
3304.000000	0.052324
3305.000000	0.059432
3306.000000	0.058821
3307.000000	0.052967
3308.000000	0.053169
3309.000000	0.066803
3310.000000	0.076730
3311.000000	0.066989
3312.000000	0.050858
3313.000000	0.044865
3314.000000	0.049292
3315.000000	0.058827
3316.000000	0.062025
3317.000000	0.051762
3318.000000	0.044321
3319.000000	0.055297
3320.000000	0.074130
3321.000000	0.085259
3322.000000	0.079269
3323.000000	0.053973
3324.000000	0.029952
3325.000000	0.026871
3326.000000	0.037957
3327.000000	0.051717
3328.000000	0.064209
3329.000000	0.072803
3330.000000	0.072553
3331.000000	0.060948
3332.000000	0.047533
3333.000000	0.041760
3334.000000	0.040651
3335.000000	0.039259
3336.000000	0.037195
3337.000000	0.036124
3338.000000	0.041381
3339.000000	0.055619
3340.000000	0.067100
3341.000000	0.065715
3342.000000	0.062273
3343.000000	0.068069
3344.000000	0.075412
3345.000000	0.074712
3346.000000	0.067754
3347.000000	0.058458
3348.000000	0.047921
3349.000000	0.037984
3350.000000	0.036299
3351.000000	0.047461
3352.000000	0.058022
3353.000000	0.055090
3354.000000	0.046045
3355.000000	0.041145
3356.000000	0.041893
3357.000000	0.046250
3358.000000	0.046766
3359.000000	0.038074
3360.000000	0.028562
3361.000000	0.027308
3362.000000	0.032409
3363.000000	0.039963
3364.000000	0.049058
3365.000000	0.057749
3366.000000	0.056965
3367.000000	0.042325
3368.000000	0.035333
3369.000000	0.054058
3370.000000	0.076954
3371.000000	0.079937
3372.000000	0.068374
3373.000000	0.053539
3374.000000	0.040873
3375.000000	0.033962
3376.000000	0.034809
3377.000000	0.042982
3378.000000	0.049877
3379.000000	0.047673
3380.000000	0.039840
3381.000000	0.032906
3382.000000	0.034340
3383.000000	0.047263
3384.000000	0.056475
3385.000000	0.049435
3386.000000	0.042545
3387.000000	0.050866
3388.000000	0.055136
3389.000000	0.038274
3390.000000	0.026259
3391.000000	0.042588
3392.000000	0.057787
3393.000000	0.042411
3394.000000	0.020104
3395.000000	0.018206
3396.000000	0.025765
3397.000000	0.027063
3398.000000	0.025609
3399.000000	0.028074
3400.000000	0.034545
3401.000000	0.042763
3402.000000	0.047667
3403.000000	0.045677
3404.000000	0.041944
3405.000000	0.041294
3406.000000	0.038528
3407.000000	0.028610
3408.000000	0.017191
3409.000000	0.011349
3410.000000	0.013187
3411.000000	0.022527
3412.000000	0.035033
3413.000000	0.046385
3414.000000	0.056477
3415.000000	0.065192
3416.000000	0.068153
3417.000000	0.060905
3418.000000	0.042941
3419.000000	0.018365
3420.000000	0.005784
3421.000000	0.019332
3422.000000	0.040748
3423.000000	0.049134
3424.000000	0.045455
3425.000000	0.036543
3426.000000	0.030847
3427.000000	0.033409
3428.000000	0.034029
3429.000000	0.023629
3430.000000	0.012878
3431.000000	0.013243
3432.000000	0.019653
3433.000000	0.024723
3434.000000	0.028354
3435.000000	0.030155
3436.000000	0.021285
3437.000000	-0.002061
3438.000000	-0.015097
3439.000000	0.003235
3440.000000	0.030479
3441.000000	0.040010
3442.000000	0.032038
3443.000000	0.013782
3444.000000	-0.006347
3445.000000	-0.020418
3446.000000	-0.023625
3447.000000	-0.014006
3448.000000	0.002158
3449.000000	0.017153
3450.000000	0.025786
3451.000000	0.025205
3452.000000	0.019404
3453.000000	0.013395
3454.000000	0.009404
3455.000000	0.008237
3456.000000	0.007796
3457.000000	0.005597
3458.000000	0.000512
3459.000000	-0.005426
3460.000000	0.001088
3461.000000	0.027775
3462.000000	0.048731
3463.000000	0.039991
3464.000000	0.018960
3465.000000	0.007996
3466.000000	0.007899
3467.000000	0.013258
3468.000000	0.015381
3469.000000	0.008113
3470.000000	-0.001263
3471.000000	-0.003201
3472.000000	0.007453
3473.000000	0.030396
3474.000000	0.047876
3475.000000	0.043967
3476.000000	0.027488
3477.000000	0.012437
3478.000000	0.008769
3479.000000	0.019942
3480.000000	0.027463
3481.000000	0.015179
3482.000000	-0.001763
3483.000000	-0.005209
3484.000000	0.003715
3485.000000	0.018397
3486.000000	0.029564
3487.000000	0.029598
3488.000000	0.020177
3489.000000	0.005739
3490.000000	-0.007518
3491.000000	-0.013654
3492.000000	-0.009504
3493.000000	0.005399
3494.000000	0.023512
3495.000000	0.035707
3496.000000	0.034529
3497.000000	0.017106
3498.000000	-0.002779
3499.000000	-0.011026
3500.000000	-0.008911
3501.000000	-0.002340
3502.000000	-0.000367
3503.000000	-0.008816
3504.000000	-0.017455
3505.000000	-0.015805
3506.000000	-0.008465
3507.000000	-0.003567
3508.000000	-0.008293
3509.000000	-0.024187
3510.000000	-0.031185
3511.000000	-0.013959
3512.000000	0.002266
3513.000000	-0.005918
3514.000000	-0.014114
3515.000000	0.002099
3516.000000	0.019417
3517.000000	0.013129
3518.000000	0.000628
3519.000000	0.001835
3520.000000	0.004679
3521.000000	-0.003923
3522.000000	-0.009121
3523.000000	0.003129
3524.000000	0.015725
3525.000000	0.010263
3526.000000	-0.005721
3527.000000	-0.019753
3528.000000	-0.025539
3529.000000	-0.020634
3530.000000	-0.011803
3531.000000	-0.006260
3532.000000	-0.003813
3533.000000	-0.002803
3534.000000	-0.003118
3535.000000	-0.004782
3536.000000	-0.006820
3537.000000	-0.007865
3538.000000	-0.005999
3539.000000	-0.000010
3540.000000	0.007922
3541.000000	0.014290
3542.000000	0.013677
3543.000000	0.003108
3544.000000	-0.008712
3545.000000	-0.012525
3546.000000	-0.008544
3547.000000	0.000077
3548.000000	0.007888
3549.000000	0.009091
3550.000000	-0.001214
3551.000000	-0.023429
3552.000000	-0.040877
3553.000000	-0.037980
3554.000000	-0.020654
3555.000000	0.000701
3556.000000	0.019229
3557.000000	0.029750
3558.000000	0.030233
3559.000000	0.020583
3560.000000	0.005290
3561.000000	-0.010570
3562.000000	-0.024168
3563.000000	-0.033224
3564.000000	-0.035420
3565.000000	-0.029275
3566.000000	-0.016691
3567.000000	-0.001872
3568.000000	0.005151
3569.000000	-0.002379
3570.000000	-0.012287
3571.000000	-0.011711
3572.000000	-0.003969
3573.000000	0.004243
3574.000000	0.008896
3575.000000	0.007611
3576.000000	0.001954
3577.000000	-0.005834
3578.000000	-0.014745
3579.000000	-0.022854
3580.000000	-0.023333
3581.000000	-0.012058
3582.000000	-0.000630
3583.000000	-0.000092
3584.000000	-0.003536
3585.000000	-0.002728
3586.000000	-0.002072
3587.000000	-0.007383
3588.000000	-0.017465
3589.000000	-0.028300
3590.000000	-0.031579
3591.000000	-0.021661
3592.000000	-0.007866
3593.000000	-0.000920
3594.000000	-0.002224
3595.000000	-0.010040
3596.000000	-0.019408
3597.000000	-0.025619
3598.000000	-0.028201
3599.000000	-0.027743
3600.000000	-0.024834
