400.000000	0.036817
401.000000	0.038260
402.000000	0.041752
403.000000	0.046194
404.000000	0.050488
405.000000	0.053390
406.000000	0.053081
407.000000	0.048674
408.000000	0.043578
409.000000	0.041411
410.000000	0.042325
411.000000	0.044604
412.000000	0.042513
413.000000	0.031710
414.000000	0.017438
415.000000	0.006873
416.000000	0.005328
417.000000	0.014854
418.000000	0.026328
419.000000	0.030129
420.000000	0.025835
421.000000	0.016306
422.000000	0.008325
423.000000	0.007746
424.000000	0.012767
425.000000	0.019927
426.000000	0.026781
427.000000	0.031264
428.000000	0.031812
429.000000	0.027679
430.000000	0.020898
431.000000	0.014266
432.000000	0.010865
433.000000	0.012467
434.000000	0.015321
435.000000	0.015199
436.000000	0.011494
437.000000	0.005285
438.000000	0.000780
439.000000	0.001543
440.000000	0.005427
441.000000	0.009065
442.000000	0.009922
443.000000	0.006488
444.000000	0.000515
445.000000	-0.005793
446.000000	-0.011679
447.000000	-0.016829
448.000000	-0.021261
449.000000	-0.024993
450.000000	-0.027715
451.000000	-0.029095
452.000000	-0.029050
453.000000	-0.027605
454.000000	-0.024979
455.000000	-0.021552
456.000000	-0.018142
457.000000	-0.015638
458.000000	-0.014768
459.000000	-0.015790
460.000000	-0.017251
461.000000	-0.017652
462.000000	-0.017031
463.000000	-0.016082
464.000000	-0.016578
465.000000	-0.019637
466.000000	-0.022669
467.000000	-0.022602
468.000000	-0.018153
469.000000	-0.009582
470.000000	-0.001530
471.000000	0.001574
472.000000	0.000534
473.000000	-0.002344
474.000000	-0.003973
475.000000	-0.002181
476.000000	0.000758
477.000000	0.001949
478.000000	0.000467
479.000000	-0.003808
480.000000	-0.009742
481.000000	-0.015916
482.000000	-0.021012
483.000000	-0.023858
484.000000	-0.023744
485.000000	-0.020449
486.000000	-0.015232
487.000000	-0.009549
488.000000	-0.004173
489.000000	0.000336
490.000000	0.003585
491.000000	0.005440
492.000000	0.006640
493.000000	0.007969
494.000000	0.009536
495.000000	0.011021
496.000000	0.011078
497.000000	0.008717
498.000000	0.005389
499.000000	0.003025
500.000000	0.003036
501.000000	0.005836
502.000000	0.008373
503.000000	0.007588
504.000000	0.003865
505.000000	-0.001217
506.000000	-0.004743
507.000000	-0.004260
508.000000	-0.000488
509.000000	0.005139
510.000000	0.011523
511.000000	0.017597
512.000000	0.022099
513.000000	0.024262
514.000000	0.025501
515.000000	0.027688
516.000000	0.032352
517.000000	0.039880
518.000000	0.046441
519.000000	0.048271
520.000000	0.046098
521.000000	0.042355
522.000000	0.041813
523.000000	0.047809
524.000000	0.055608
525.000000	0.059407
526.000000	0.057212
527.000000	0.049549
528.000000	0.043213
529.000000	0.044478
530.000000	0.051251
531.000000	0.059325
532.000000	0.064405
533.000000	0.063463
534.000000	0.058626
535.000000	0.052826
536.000000	0.047054
537.000000	0.041643
538.000000	0.036245
539.000000	0.030720
540.000000	0.026450
541.000000	0.024881
542.000000	0.026190
543.000000	0.029689
544.000000	0.032487
545.000000	0.031889
546.000000	0.028196
547.000000	0.022523
548.000000	0.016240
549.000000	0.010752
550.000000	0.007354
551.000000	0.006852
552.000000	0.008216
553.000000	0.009624
554.000000	0.007929
555.000000	0.001362
556.000000	-0.005017
557.000000	-0.005438
558.000000	0.001875
559.000000	0.016165
560.000000	0.030524
561.000000	0.038165
562.000000	0.038925
563.000000	0.034438
564.000000	0.026904
565.000000	0.018651
566.000000	0.011966
567.000000	0.008599
568.000000	0.008188
569.000000	0.009541
570.000000	0.010262
571.000000	0.008615
572.000000	0.006712
573.000000	0.007143
574.000000	0.010573
575.000000	0.016620
576.000000	0.022645
577.000000	0.025876
578.000000	0.025272
579.000000	0.020413
580.000000	0.011635
581.000000	0.000312
582.000000	-0.008795
583.000000	-0.011334
584.000000	-0.007966
585.000000	-0.001037
586.000000	0.005377
587.000000	0.007750
588.000000	0.006490
589.000000	0.002982
590.000000	-0.001407
591.000000	-0.005107
592.000000	-0.005724
593.000000	-0.001652
594.000000	0.004721
595.000000	0.010227
596.000000	0.012562
597.000000	0.010463
598.000000	0.005961
599.000000	0.001358
600.000000	-0.003264
601.000000	-0.008439
602.000000	-0.014961
603.000000	-0.022942
604.000000	-0.029518
605.000000	-0.031728
606.000000	-0.029194
607.000000	-0.022644
608.000000	-0.014638
609.000000	-0.007853
610.000000	-0.003617
611.000000	-0.002736
612.000000	-0.005299
613.000000	-0.010870
614.000000	-0.017648
615.000000	-0.023571
616.000000	-0.026912
617.000000	-0.026163
618.000000	-0.020369
619.000000	-0.009377
620.000000	0.004302
621.000000	0.017598
622.000000	0.027884
623.000000	0.032608
624.000000	0.029090
625.000000	0.016575
626.000000	0.002140
627.000000	-0.006483
628.000000	-0.006786
629.000000	0.000685
630.000000	0.008393
631.000000	0.009035
632.000000	0.003234
633.000000	-0.006346
634.000000	-0.016817
635.000000	-0.025191
636.000000	-0.028322
637.000000	-0.024024
638.000000	-0.014124
639.000000	-0.001737
640.000000	0.008875
641.000000	0.013987
642.000000	0.013161
643.000000	0.007125
644.000000	-0.002020
645.000000	-0.011320
646.000000	-0.015785
647.000000	-0.011925
648.000000	-0.004299
649.000000	0.001341
650.000000	0.002505
651.000000	-0.000735
652.000000	-0.001324
653.000000	0.007374
654.000000	0.023329
655.000000	0.042249
656.000000	0.059449
657.000000	0.071004
658.000000	0.076418
659.000000	0.076071
660.000000	0.070405
661.000000	0.059965
662.000000	0.045645
663.000000	0.029177
664.000000	0.015314
665.000000	0.008550
666.000000	0.009333
667.000000	0.015985
668.000000	0.022360
669.000000	0.022934
670.000000	0.019144
671.000000	0.013921
672.000000	0.009196
673.000000	0.005844
674.000000	0.001498
675.000000	-0.005899
676.000000	-0.013934
677.000000	-0.019149
678.000000	-0.018364
679.000000	-0.010245
680.000000	-0.000558
681.000000	0.004505
682.000000	0.004139
683.000000	-0.000545
684.000000	-0.006156
685.000000	-0.009541
686.000000	-0.010768
687.000000	-0.010687
688.000000	-0.010045
689.000000	-0.009686
690.000000	-0.010944
691.000000	-0.014636
692.000000	-0.019028
693.000000	-0.021916
694.000000	-0.021778
695.000000	-0.017542
696.000000	-0.009247
697.000000	0.002129
698.000000	0.012979
699.000000	0.019189
700.000000	0.017256
701.000000	0.005932
702.000000	-0.007616
703.000000	-0.015696
704.000000	-0.016932
705.000000	-0.012172
706.000000	-0.004845
707.000000	0.001523
708.000000	0.005611
709.000000	0.006850
710.000000	0.005484
711.000000	0.002335
712.000000	-0.000274
713.000000	-0.000587
714.000000	-0.000611
715.000000	-0.002879
716.000000	-0.008250
717.000000	-0.016041
718.000000	-0.021060
719.000000	-0.018672
720.000000	-0.010983
721.000000	-0.001814
722.000000	0.004897
723.000000	0.006306
724.000000	0.004068
725.000000	0.000594
726.000000	-0.003191
727.000000	-0.006807
728.000000	-0.010074
729.000000	-0.012610
730.000000	-0.012917
731.000000	-0.009733
732.000000	-0.003853
733.000000	0.002943
734.000000	0.006981
735.000000	0.005502
736.000000	0.001282
737.000000	-0.001876
738.000000	-0.001615
739.000000	0.003671
740.000000	0.014020
741.000000	0.028350
742.000000	0.042666
743.000000	0.052614
744.000000	0.055314
745.000000	0.049906
746.000000	0.042134
747.000000	0.038021
748.000000	0.038116
749.000000	0.041326
750.000000	0.045479
751.000000	0.048170
752.000000	0.047155
753.000000	0.040933
754.000000	0.030822
755.000000	0.019263
756.000000	0.010376
757.000000	0.007441
758.000000	0.008715
759.000000	0.011443
760.000000	0.013855
761.000000	0.014571
762.000000	0.012782
763.000000	0.008140
764.000000	0.001581
765.000000	-0.005603
766.000000	-0.011979
767.000000	-0.015813
768.000000	-0.014306
769.000000	-0.005885
770.000000	0.005061
771.000000	0.012957
772.000000	0.013450
773.000000	0.004599
774.000000	-0.007121
775.000000	-0.014630
776.000000	-0.016856
777.000000	-0.014568
778.000000	-0.009899
779.000000	-0.004942
780.000000	-0.000280
781.000000	0.003776
782.000000	0.006484
783.000000	0.006981
784.000000	0.004343
785.000000	-0.001761
786.000000	-0.009220
787.000000	-0.015620
788.000000	-0.019771
789.000000	-0.021077
790.000000	-0.020085
791.000000	-0.017581
792.000000	-0.014161
793.000000	-0.010411
794.000000	-0.007073
795.000000	-0.005138
796.000000	-0.006432
797.000000	-0.011902
798.000000	-0.018152
799.000000	-0.021026
800.000000	-0.017680
801.000000	-0.007252
802.000000	0.004516
803.000000	0.011689
804.000000	0.014171
805.000000	0.013570
806.000000	0.012461
807.000000	0.013197
808.000000	0.016277
809.000000	0.021647
810.000000	0.028902
811.000000	0.037474
812.000000	0.046482
813.000000	0.055103
814.000000	0.063060
815.000000	0.070372
816.000000	0.077709
817.000000	0.086082
818.000000	0.097217
819.000000	0.112088
820.000000	0.127935
821.000000	0.141390
822.000000	0.150381
823.000000	0.153486
824.000000	0.150580
825.000000	0.142349
826.000000	0.131426
827.000000	0.120692
828.000000	0.112063
829.000000	0.106719
830.000000	0.103842
831.000000	0.101807
832.000000	0.097743
833.000000	0.088780
834.000000	0.073284
835.000000	0.051511
836.000000	0.030039
837.000000	0.015437
838.000000	0.007917
839.000000	0.005791
840.000000	0.006128
841.000000	0.006424
842.000000	0.007126
843.000000	0.009150
844.000000	0.012339
845.000000	0.016215
846.000000	0.020088
847.000000	0.023285
848.000000	0.025421
849.000000	0.026278
850.000000	0.026008
851.000000	0.024921
852.000000	0.023577
853.000000	0.022641
854.000000	0.022939
855.000000	0.025065
856.000000	0.028519
857.000000	0.032165
858.000000	0.033426
859.000000	0.030162
860.000000	0.023413
861.000000	0.014962
862.000000	0.006373
863.000000	-0.001087
864.000000	-0.007136
865.000000	-0.011122
866.000000	-0.009944
867.000000	-0.000613
868.000000	0.016961
869.000000	0.039339
870.000000	0.051866
871.000000	0.042254
872.000000	0.018897
873.000000	-0.004801
874.000000	-0.016081
875.000000	-0.007578
876.000000	0.007150
877.000000	0.013179
878.000000	0.011045
879.000000	0.005740
880.000000	0.004629
881.000000	0.012408
882.000000	0.020734
883.000000	0.020480
884.000000	0.012435
885.000000	0.000727
886.000000	-0.007065
887.000000	-0.005104
888.000000	0.002028
889.000000	0.008261
890.000000	0.011982
891.000000	0.013280
892.000000	0.014604
893.000000	0.018054
894.000000	0.021978
895.000000	0.024225
896.000000	0.024402
897.000000	0.022961
898.000000	0.021978
899.000000	0.023100
900.000000	0.024651
901.000000	0.024505
902.000000	0.022072
903.000000	0.017746
904.000000	0.014308
905.000000	0.014071
906.000000	0.015070
907.000000	0.014694
908.000000	0.012024
909.000000	0.007664
910.000000	0.006630
911.000000	0.013017
912.000000	0.022821
913.000000	0.030458
914.000000	0.032123
915.000000	0.026373
916.000000	0.019424
917.000000	0.017387
918.000000	0.018288
919.000000	0.018280
920.000000	0.014104
921.000000	0.004707
922.000000	-0.002743
923.000000	-0.001469
924.000000	0.005501
925.000000	0.012570
926.000000	0.013657
927.000000	0.005581
928.000000	-0.002756
929.000000	-0.002090
930.000000	0.006206
931.000000	0.017526
932.000000	0.024961
933.000000	0.023552
934.000000	0.018430
935.000000	0.016008
936.000000	0.017724
937.000000	0.023336
938.000000	0.030867
939.000000	0.038002
940.000000	0.042808
941.000000	0.043868
942.000000	0.041445
943.000000	0.036512
944.000000	0.031199
945.000000	0.027451
946.000000	0.025311
947.000000	0.024253
948.000000	0.023377
949.000000	0.021492
950.000000	0.016625
951.000000	0.008084
952.000000	0.001094
953.000000	0.001045
954.000000	0.008058
955.000000	0.019505
956.000000	0.027032
957.000000	0.023521
958.000000	0.012537
959.000000	-0.000189
960.000000	-0.010949
961.000000	-0.016991
962.000000	-0.017374
963.000000	-0.012707
964.000000	-0.007981
965.000000	-0.008310
966.000000	-0.014912
967.000000	-0.026113
968.000000	-0.032567
969.000000	-0.026108
970.000000	-0.010972
971.000000	0.005860
972.000000	0.018818
973.000000	0.023465
974.000000	0.018473
975.000000	0.004604
976.000000	-0.012143
977.000000	-0.024989
978.000000	-0.029288
979.000000	-0.022482
980.000000	-0.008233
981.000000	0.008362
982.000000	0.022688
983.000000	0.030701
984.000000	0.030155
985.000000	0.020896
986.000000	0.009327
987.000000	0.001666
988.000000	-0.003166
989.000000	-0.007890
990.000000	-0.014510
991.000000	-0.022709
992.000000	-0.023602
993.000000	-0.009313
994.000000	0.015421
995.000000	0.042685
996.000000	0.064467
997.000000	0.075381
998.000000	0.080641
999.000000	0.087100
1000.000000	0.097567
1001.000000	0.113493
1002.000000	0.134955
1003.000000	0.159998
1004.000000	0.179917
1005.000000	0.187159
1006.000000	0.185531
1007.000000	0.182133
1008.000000	0.185879
1009.000000	0.203657
1010.000000	0.232424
1011.000000	0.267084
1012.000000	0.304243
1013.000000	0.340889
1014.000000	0.373822
1015.000000	0.398752
1016.000000	0.407208
1017.000000	0.392233
1018.000000	0.357095
1019.000000	0.308474
1020.000000	0.256468
1021.000000	0.209831
1022.000000	0.168519
1023.000000	0.130948
1024.000000	0.098171
1025.000000	0.071913
1026.000000	0.053951
1027.000000	0.045436
1028.000000	0.044965
1029.000000	0.050208
1030.000000	0.057678
1031.000000	0.063551
1032.000000	0.063800
1033.000000	0.056005
1034.000000	0.044372
1035.000000	0.033932
1036.000000	0.026394
1037.000000	0.022263
1038.000000	0.020562
1039.000000	0.020003
1040.000000	0.019524
1041.000000	0.018259
1042.000000	0.015893
1043.000000	0.012346
1044.000000	0.007935
1045.000000	0.003418
1046.000000	0.000916
1047.000000	0.002274
1048.000000	0.006869
1049.000000	0.013142
1050.000000	0.018258
1051.000000	0.019596
1052.000000	0.016655
1053.000000	0.009791
1054.000000	0.000674
1055.000000	-0.008521
1056.000000	-0.014896
1057.000000	-0.016010
1058.000000	-0.011964
1059.000000	-0.003948
1060.000000	0.005047
1061.000000	0.011294
1062.000000	0.009915
1063.000000	-0.001233
1064.000000	-0.012216
1065.000000	-0.012657
1066.000000	-0.002493
1067.000000	0.014346
1068.000000	0.028268
1069.000000	0.030686
1070.000000	0.022711
1071.000000	0.008134
1072.000000	-0.008216
1073.000000	-0.021015
1074.000000	-0.023984
1075.000000	-0.013509
1076.000000	0.002423
1077.000000	0.014523
1078.000000	0.019912
1079.000000	0.018220
1080.000000	0.012718
1081.000000	0.006985
1082.000000	0.002200
1083.000000	-0.001074
1084.000000	-0.002323
1085.000000	-0.001157
1086.000000	0.002374
1087.000000	0.008011
1088.000000	0.015100
1089.000000	0.022742
1090.000000	0.029457
1091.000000	0.033561
1092.000000	0.033126
1093.000000	0.027630
1094.000000	0.022419
1095.000000	0.022740
1096.000000	0.027585
1097.000000	0.033640
1098.000000	0.034609
1099.000000	0.026384
1100.000000	0.016574
1101.000000	0.013587
1102.000000	0.017304
1103.000000	0.024579
1104.000000	0.028696
1105.000000	0.024912
1106.000000	0.019944
1107.000000	0.021244
1108.000000	0.027747
1109.000000	0.035561
1110.000000	0.037988
1111.000000	0.030630
1112.000000	0.021083
1113.000000	0.018113
1114.000000	0.023173
1115.000000	0.034453
1116.000000	0.044397
1117.000000	0.046680
1118.000000	0.045647
1119.000000	0.046464
1120.000000	0.046897
1121.000000	0.044783
1122.000000	0.045632
1123.000000	0.054096
1124.000000	0.063707
1125.000000	0.067061
1126.000000	0.064115
1127.000000	0.057017
1128.000000	0.049315
1129.000000	0.043598
1130.000000	0.037233
1131.000000	0.027476
1132.000000	0.016375
1133.000000	0.007209
1134.000000	0.003396
1135.000000	0.006344
1136.000000	0.009271
1137.000000	0.005625
1138.000000	-0.002040
1139.000000	-0.008818
1140.000000	-0.009512
1141.000000	-0.001537
1142.000000	0.006938
1143.000000	0.007580
1144.000000	0.002158
1145.000000	-0.004957
1146.000000	-0.009091
1147.000000	-0.007348
1148.000000	-0.004260
1149.000000	-0.004673
1150.000000	-0.007273
1151.000000	-0.009325
1152.000000	-0.008574
1153.000000	-0.004065
1154.000000	0.000443
1155.000000	0.001169
1156.000000	-0.001034
1157.000000	-0.004258
1158.000000	-0.006996
1159.000000	-0.008689
1160.000000	-0.012161
1161.000000	-0.019584
1162.000000	-0.027129
1163.000000	-0.030049
1164.000000	-0.025910
1165.000000	-0.014461
1166.000000	-0.001863
1167.000000	0.005654
1168.000000	0.007986
1169.000000	0.006565
1170.000000	0.002824
1171.000000	-0.001966
1172.000000	-0.007198
1173.000000	-0.012315
1174.000000	-0.016287
1175.000000	-0.018197
1176.000000	-0.018041
1177.000000	-0.016448
1178.000000	-0.015661
1179.000000	-0.017159
1180.000000	-0.017739
1181.000000	-0.013867
1182.000000	-0.005353
1183.000000	0.006220
1184.000000	0.015520
1185.000000	0.017521
1186.000000	0.012183
1187.000000	0.001075
1188.000000	-0.012781
1189.000000	-0.025611
1190.000000	-0.032077
1191.000000	-0.028621
1192.000000	-0.020368
1193.000000	-0.013205
1194.000000	-0.007395
1195.000000	-0.000871
1196.000000	0.012128
1197.000000	0.034228
1198.000000	0.051804
1199.000000	0.051173
1200.000000	0.034659
1201.000000	0.010244
1202.000000	-0.007453
1203.000000	-0.006550
1204.000000	0.007260
1205.000000	0.024600
1206.000000	0.038941
1207.000000	0.044889
1208.000000	0.038739
1209.000000	0.020319
1210.000000	0.001895
1211.000000	-0.004693
1212.000000	-0.001758
1213.000000	0.004462
1214.000000	0.006185
1215.000000	-0.001312
1216.000000	-0.008952
1217.000000	-0.007176
1218.000000	0.001719
1219.000000	0.012440
1220.000000	0.019558
1221.000000	0.019032
1222.000000	0.012513
1223.000000	0.003018
1224.000000	-0.006677
1225.000000	-0.014018
1226.000000	-0.017108
1227.000000	-0.014595
1228.000000	-0.006636
1229.000000	0.005698
1230.000000	0.019200
1231.000000	0.030563
1232.000000	0.038226
1233.000000	0.042018
1234.000000	0.045580
1235.000000	0.051825
1236.000000	0.056944
1237.000000	0.056428
1238.000000	0.049701
1239.000000	0.038430
1240.000000	0.029324
1241.000000	0.027797
1242.000000	0.029040
1243.000000	0.027003
1244.000000	0.020891
1245.000000	0.012236
1246.000000	0.006619
1247.000000	0.008351
1248.000000	0.012615
1249.000000	0.013592
1250.000000	0.010588
1251.000000	0.004801
1252.000000	-0.000118
1253.000000	-0.001247
1254.000000	-0.001023
1255.000000	-0.002103
1256.000000	-0.002659
1257.000000	0.000305
1258.000000	0.009973
1259.000000	0.027548
1260.000000	0.046114
1261.000000	0.058236
1262.000000	0.062527
1263.000000	0.059540
1264.000000	0.051558
1265.000000	0.041714
1266.000000	0.034823
1267.000000	0.034635
1268.000000	0.038954
1269.000000	0.044194
1270.000000	0.047144
1271.000000	0.045379
1272.000000	0.039252
1273.000000	0.030408
1274.000000	0.022894
1275.000000	0.020552
1276.000000	0.024001
1277.000000	0.031489
1278.000000	0.034990
1279.000000	0.028182
1280.000000	0.017813
1281.000000	0.012374
1282.000000	0.014248
1283.000000	0.022755
1284.000000	0.031081
1285.000000	0.033052
1286.000000	0.031206
1287.000000	0.029843
1288.000000	0.031607
1289.000000	0.038485
1290.000000	0.051500
1291.000000	0.069794
1292.000000	0.085950
1293.000000	0.092826
1294.000000	0.090952
1295.000000	0.083369
1296.000000	0.075489
1297.000000	0.072404
1298.000000	0.075541
1299.000000	0.084400
1300.000000	0.094423
1301.000000	0.100452
1302.000000	0.098973
1303.000000	0.089804
1304.000000	0.084433
1305.000000	0.093347
1306.000000	0.111349
1307.000000	0.129834
1308.000000	0.142238
1309.000000	0.144584
1310.000000	0.141192
1311.000000	0.137045
1312.000000	0.131482
1313.000000	0.123052
1314.000000	0.112780
1315.000000	0.103004
1316.000000	0.098828
1317.000000	0.104352
1318.000000	0.116883
1319.000000	0.132071
1320.000000	0.145733
1321.000000	0.153790
1322.000000	0.152426
1323.000000	0.140673
1324.000000	0.128690
1325.000000	0.126360
1326.000000	0.131332
1327.000000	0.137434
1328.000000	0.135452
1329.000000	0.120294
1330.000000	0.106399
1331.000000	0.108224
1332.000000	0.120761
1333.000000	0.134203
1334.000000	0.139000
1335.000000	0.129948
1336.000000	0.118957
1337.000000	0.117985
1338.000000	0.122059
1339.000000	0.122962
1340.000000	0.116425
1341.000000	0.101699
1342.000000	0.088161
1343.000000	0.085067
1344.000000	0.091061
1345.000000	0.102127
1346.000000	0.114232
1347.000000	0.123373
1348.000000	0.125684
1349.000000	0.118962
1350.000000	0.107529
1351.000000	0.096837
1352.000000	0.090346
1353.000000	0.090597
1354.000000	0.098461
1355.000000	0.113286
1356.000000	0.129997
1357.000000	0.143470
1358.000000	0.152796
1359.000000	0.158393
1360.000000	0.161772
1361.000000	0.164416
1362.000000	0.166595
1363.000000	0.167970
1364.000000	0.166969
1365.000000	0.162104
1366.000000	0.153470
1367.000000	0.142762
1368.000000	0.136503
1369.000000	0.139912
1370.000000	0.148159
1371.000000	0.155004
1372.000000	0.158610
1373.000000	0.159793
1374.000000	0.165591
1375.000000	0.181032
1376.000000	0.196884
1377.000000	0.203099
1378.000000	0.200622
1379.000000	0.194492
1380.000000	0.195125
1381.000000	0.210132
1382.000000	0.230534
1383.000000	0.245416
1384.000000	0.252718
1385.000000	0.253238
1386.000000	0.250343
1387.000000	0.248546
1388.000000	0.254361
1389.000000	0.272179
1390.000000	0.295898
1391.000000	0.317235
1392.000000	0.329683
1393.000000	0.328883
1394.000000	0.317308
1395.000000	0.299343
1396.000000	0.280196
1397.000000	0.264494
1398.000000	0.253720
1399.000000	0.247589
1400.000000	0.241887
1401.000000	0.233189
1402.000000	0.225170
1403.000000	0.221825
1404.000000	0.221346
1405.000000	0.220045
1406.000000	0.212527
1407.000000	0.195069
1408.000000	0.172327
1409.000000	0.150234
1410.000000	0.131433
1411.000000	0.117440
1412.000000	0.108538
1413.000000	0.104075
1414.000000	0.100888
1415.000000	0.096476
1416.000000	0.093500
1417.000000	0.095199
1418.000000	0.101964
1419.000000	0.112049
1420.000000	0.118007
1421.000000	0.114617
1422.000000	0.111256
1423.000000	0.118233
1424.000000	0.134983
1425.000000	0.156587
1426.000000	0.171570
1427.000000	0.171102
1428.000000	0.163476
1429.000000	0.159730
1430.000000	0.164768
1431.000000	0.181097
1432.000000	0.207787
1433.000000	0.240784
1434.000000	0.266975
1435.000000	0.275337
1436.000000	0.272263
1437.000000	0.267865
1438.000000	0.269709
1439.000000	0.282299
1440.000000	0.300442
1441.000000	0.317902
1442.000000	0.333959
1443.000000	0.348883
1444.000000	0.361384
1445.000000	0.369592
1446.000000	0.370891
1447.000000	0.363915
1448.000000	0.353055
1449.000000	0.342955
1450.000000	0.333520
1451.000000	0.323315
1452.000000	0.310280
1453.000000	0.293908
1454.000000	0.280536
1455.000000	0.276125
1456.000000	0.278294
1457.000000	0.282561
1458.000000	0.284375
1459.000000	0.279542
1460.000000	0.265357
1461.000000	0.241732
1462.000000	0.217545
1463.000000	0.202019
1464.000000	0.196794
1465.000000	0.199949
1466.000000	0.202903
1467.000000	0.197177
1468.000000	0.181359
1469.000000	0.156830
1470.000000	0.129066
1471.000000	0.104544
1472.000000	0.089642
1473.000000	0.088725
1474.000000	0.098197
1475.000000	0.112004
1476.000000	0.122233
1477.000000	0.121701
1478.000000	0.108011
1479.000000	0.082389
1480.000000	0.055781
1481.000000	0.038720
1482.000000	0.030380
1483.000000	0.027336
1484.000000	0.027117
1485.000000	0.027674
1486.000000	0.027698
1487.000000	0.026418
1488.000000	0.024470
1489.000000	0.022494
1490.000000	0.019747
1491.000000	0.015259
1492.000000	0.008526
1493.000000	0.000486
1494.000000	-0.002621
1495.000000	0.003639
1496.000000	0.011167
1497.000000	0.010457
1498.000000	-0.001079
1499.000000	-0.021090
1500.000000	-0.034380
1501.000000	-0.028697
1502.000000	-0.016412
1503.000000	-0.012426
1504.000000	-0.017129
1505.000000	-0.025612
1506.000000	-0.026278
1507.000000	-0.011170
1508.000000	0.006426
1509.000000	0.011854
1510.000000	0.006221
1511.000000	-0.005157
1512.000000	-0.015883
1513.000000	-0.020800
1514.000000	-0.020780
1515.000000	-0.018208
1516.000000	-0.015481
1517.000000	-0.014574
1518.000000	-0.015763
1519.000000	-0.018376
1520.000000	-0.019638
1521.000000	-0.017268
1522.000000	-0.013065
1523.000000	-0.009408
1524.000000	-0.006932
1525.000000	-0.005676
1526.000000	-0.005057
1527.000000	-0.004269
1528.000000	-0.002245
1529.000000	0.001669
1530.000000	0.006219
1531.000000	0.009930
1532.000000	0.012349
1533.000000	0.013914
1534.000000	0.017609
1535.000000	0.025411
1536.000000	0.032722
1537.000000	0.034729
1538.000000	0.032332
1539.000000	0.028533
1540.000000	0.029038
1541.000000	0.037439
1542.000000	0.046172
1543.000000	0.047412
1544.000000	0.043444
1545.000000	0.039003
1546.000000	0.038527
1547.000000	0.044746
1548.000000	0.053863
1549.000000	0.061812
1550.000000	0.069978
1551.000000	0.080607
1552.000000	0.093927
1553.000000	0.109235
1554.000000	0.124105
1555.000000	0.136547
1556.000000	0.148025
1557.000000	0.160261
1558.000000	0.172547
1559.000000	0.183644
1560.000000	0.192613
1561.000000	0.199435
1562.000000	0.207472
1563.000000	0.220093
1564.000000	0.237313
1565.000000	0.257844
1566.000000	0.278548
1567.000000	0.295354
1568.000000	0.302297
1569.000000	0.296702
1570.000000	0.290940
1571.000000	0.297835
1572.000000	0.316962
1573.000000	0.343510
1574.000000	0.368361
1575.000000	0.383883
1576.000000	0.392689
1577.000000	0.398359
1578.000000	0.398110
1579.000000	0.388606
1580.000000	0.370667
1581.000000	0.347810
1582.000000	0.330177
1583.000000	0.325939
1584.000000	0.328759
1585.000000	0.330052
1586.000000	0.326745
1587.000000	0.317855
1588.000000	0.305250
1589.000000	0.290849
1590.000000	0.273936
1591.000000	0.254180
1592.000000	0.235419
1593.000000	0.221816
1594.000000	0.214666
1595.000000	0.212981
1596.000000	0.209510
1597.000000	0.198415
1598.000000	0.185771
1599.000000	0.179068
1600.000000	0.179532
1601.000000	0.185989
1602.000000	0.193927
1603.000000	0.198806
1604.000000	0.199305
1605.000000	0.195452
1606.000000	0.189447
1607.000000	0.183857
1608.000000	0.180545
1609.000000	0.180669
1610.000000	0.183259
1611.000000	0.186171
1612.000000	0.184681
1613.000000	0.174985
1614.000000	0.159538
1615.000000	0.143029
1616.000000	0.132819
1617.000000	0.133928
1618.000000	0.139329
1619.000000	0.141158
1620.000000	0.140254
1621.000000	0.139371
1622.000000	0.140227
1623.000000	0.143164
1624.000000	0.144047
1625.000000	0.138902
1626.000000	0.128880
1627.000000	0.116811
1628.000000	0.107127
1629.000000	0.104476
1630.000000	0.112761
1631.000000	0.132052
1632.000000	0.147818
1633.000000	0.146805
1634.000000	0.135462
1635.000000	0.124374
1636.000000	0.120976
1637.000000	0.128859
1638.000000	0.139386
1639.000000	0.143467
1640.000000	0.142424
1641.000000	0.139856
1642.000000	0.138052
1643.000000	0.138735
1644.000000	0.142673
1645.000000	0.149366
1646.000000	0.154194
1647.000000	0.153211
1648.000000	0.149285
1649.000000	0.146621
1650.000000	0.147959
1651.000000	0.154472
1652.000000	0.162540
1653.000000	0.169403
1654.000000	0.180520
1655.000000	0.200442
1656.000000	0.221852
1657.000000	0.234422
1658.000000	0.227632
1659.000000	0.197330
1660.000000	0.165024
1661.000000	0.152420
1662.000000	0.156371
1663.000000	0.167864
1664.000000	0.179287
1665.000000	0.184698
1666.000000	0.183445
1667.000000	0.177062
1668.000000	0.170537
1669.000000	0.167949
1670.000000	0.166291
1671.000000	0.160926
1672.000000	0.147772
1673.000000	0.126073
1674.000000	0.107819
1675.000000	0.104306
1676.000000	0.111305
1677.000000	0.121204
1678.000000	0.128388
1679.000000	0.128543
1680.000000	0.120564
1681.000000	0.106545
1682.000000	0.098156
1683.000000	0.105039
1684.000000	0.119157
1685.000000	0.128709
1686.000000	0.124525
1687.000000	0.103019
1688.000000	0.080323
1689.000000	0.072063
1690.000000	0.072137
1691.000000	0.070796
1692.000000	0.065420
1693.000000	0.056225
1694.000000	0.047632
1695.000000	0.044036
1696.000000	0.045534
1697.000000	0.050345
1698.000000	0.053482
1699.000000	0.051144
1700.000000	0.047488
1701.000000	0.047125
1702.000000	0.048523
1703.000000	0.049269
1704.000000	0.049557
1705.000000	0.050040
1706.000000	0.050592
1707.000000	0.051017
1708.000000	0.051627
1709.000000	0.052547
1710.000000	0.052661
1711.000000	0.051659
1712.000000	0.053696
1713.000000	0.059889
1714.000000	0.054731
1715.000000	0.027229
1716.000000	0.001075
1717.000000	-0.001027
1718.000000	0.005000
1719.000000	-0.000390
1720.000000	-0.012602
1721.000000	-0.022413
1722.000000	-0.026239
1723.000000	-0.022814
1724.000000	-0.014505
1725.000000	-0.004745
1726.000000	0.002412
1727.000000	0.003704
1728.000000	-0.000342
1729.000000	-0.007778
1730.000000	-0.014745
1731.000000	-0.017740
1732.000000	-0.016581
1733.000000	-0.012395
1734.000000	-0.008220
1735.000000	-0.007037
1736.000000	-0.009684
1737.000000	-0.015710
1738.000000	-0.021645
1739.000000	-0.023825
1740.000000	-0.020825
1741.000000	-0.012966
1742.000000	-0.005303
1743.000000	-0.003484
1744.000000	-0.010782
1745.000000	-0.026877
1746.000000	-0.039444
1747.000000	-0.037436
1748.000000	-0.026924
1749.000000	-0.016897
1750.000000	-0.010889
1751.000000	-0.010030
1752.000000	-0.011276
1753.000000	-0.011791
1754.000000	-0.013750
1755.000000	-0.019096
1756.000000	-0.023838
1757.000000	-0.023316
1758.000000	-0.016125
1759.000000	-0.002994
1760.000000	0.010052
1761.000000	0.016852
1762.000000	0.015990
1763.000000	0.007876
1764.000000	-0.004514
1765.000000	-0.017542
1766.000000	-0.027495
1767.000000	-0.031289
1768.000000	-0.028428
1769.000000	-0.020061
1770.000000	-0.011341
1771.000000	-0.007399
1772.000000	-0.009292
1773.000000	-0.016316
1774.000000	-0.024807
1775.000000	-0.030781
1776.000000	-0.031923
1777.000000	-0.027211
1778.000000	-0.019120
1779.000000	-0.010705
1780.000000	-0.003845
1781.000000	0.000508
1782.000000	0.003930
1783.000000	0.007856
1784.000000	0.010618
1785.000000	0.010234
1786.000000	0.006566
1787.000000	0.000129
1788.000000	-0.007792
1789.000000	-0.015727
1790.000000	-0.022244
1791.000000	-0.025759
1792.000000	-0.024032
1793.000000	-0.015725
1794.000000	-0.003749
1795.000000	0.007745
1796.000000	0.013886
1797.000000	0.011741
1798.000000	0.006839
1799.000000	0.004750
1800.000000	0.002756
1801.000000	-0.002930
1802.000000	-0.012067
1803.000000	-0.022504
1804.000000	-0.028461
1805.000000	-0.025238
1806.000000	-0.016077
1807.000000	-0.005536
1808.000000	0.004500
1809.000000	0.012972
1810.000000	0.019444
1811.000000	0.023661
1812.000000	0.025482
1813.000000	0.025234
1814.000000	0.025007
1815.000000	0.026184
1816.000000	0.025557
1817.000000	0.019270
1818.000000	0.005466
1819.000000	-0.014347
1820.000000	-0.027209
1821.000000	-0.022508
1822.000000	-0.010484
1823.000000	-0.003671
1824.000000	-0.002939
1825.000000	-0.004994
1826.000000	-0.001566
1827.000000	0.012778
1828.000000	0.027146
1829.000000	0.029949
1830.000000	0.023146
1831.000000	0.011945
1832.000000	0.001010
1833.000000	-0.005711
1834.000000	-0.006605
1835.000000	-0.001985
1836.000000	0.002450
1837.000000	0.001551
1838.000000	-0.002253
1839.000000	-0.005091
1840.000000	-0.004890
1841.000000	-0.001343
1842.000000	0.000600
1843.000000	-0.003386
1844.000000	-0.009865
1845.000000	-0.014309
1846.000000	-0.015596
1847.000000	-0.013755
1848.000000	-0.010028
1849.000000	-0.005960
1850.000000	-0.003088
1851.000000	-0.002630
1852.000000	-0.004527
1853.000000	-0.008084
1854.000000	-0.011344
1855.000000	-0.012205
1856.000000	-0.009239
1857.000000	-0.002100
1858.000000	0.005911
1859.000000	0.011051
1860.000000	0.011465
1861.000000	0.006844
1862.000000	0.001177
1863.000000	-0.001437
1864.000000	-0.000765
1865.000000	0.002227
1866.000000	0.005658
1867.000000	0.008251
1868.000000	0.012081
1869.000000	0.017984
1870.000000	0.018504
1871.000000	0.007989
1872.000000	-0.003712
1873.000000	-0.006606
1874.000000	-0.005628
1875.000000	-0.007344
1876.000000	-0.009919
1877.000000	-0.009836
1878.000000	-0.005250
1879.000000	0.004476
1880.000000	0.016829
1881.000000	0.027984
1882.000000	0.032013
1883.000000	0.024718
1884.000000	0.010908
1885.000000	-0.002570
1886.000000	-0.009738
1887.000000	-0.006645
1888.000000	0.003408
1889.000000	0.014822
1890.000000	0.020048
1891.000000	0.013575
1892.000000	0.000000
1893.000000	-0.013495
1894.000000	-0.019487
1895.000000	-0.014085
1896.000000	-0.007775
1897.000000	-0.009761
1898.000000	-0.009742
1899.000000	0.002013
1900.000000	0.013456
1901.000000	0.011954
1902.000000	0.004317
1903.000000	-0.000552
1904.000000	-0.004822
1905.000000	-0.011627
1906.000000	-0.016894
1907.000000	-0.016564
1908.000000	-0.013841
1909.000000	-0.012694
1910.000000	-0.012889
1911.000000	-0.012675
1912.000000	-0.008423
1913.000000	0.001888
1914.000000	0.011969
1915.000000	0.015008
1916.000000	0.010414
1917.000000	0.000398
1918.000000	-0.007847
1919.000000	-0.008207
1920.000000	-0.003875
1921.000000	0.000573
1922.000000	0.004333
1923.000000	0.007594
1924.000000	0.010732
1925.000000	0.014144
1926.000000	0.018116
1927.000000	0.021903
1928.000000	0.020739
1929.000000	0.011027
1930.000000	-0.002126
1931.000000	-0.012116
1932.000000	-0.015049
1933.000000	-0.009063
1934.000000	0.002279
1935.000000	0.013698
1936.000000	0.018461
1937.000000	0.011917
1938.000000	-0.000818
1939.000000	-0.012739
1940.000000	-0.019046
1941.000000	-0.017130
1942.000000	-0.010937
1943.000000	-0.005817
1944.000000	-0.006184
1945.000000	-0.013975
1946.000000	-0.022150
1947.000000	-0.022642
1948.000000	-0.012268
1949.000000	0.008015
1950.000000	0.025559
1951.000000	0.029125
1952.000000	0.024782
1953.000000	0.021082
1954.000000	0.019187
1955.000000	0.018225
1956.000000	0.016582
1957.000000	0.012962
1958.000000	0.008097
1959.000000	0.003386
1960.000000	0.000868
1961.000000	0.001788
1962.000000	0.003562
1963.000000	0.003088
1964.000000	-0.000982
1965.000000	-0.008009
1966.000000	-0.011149
1967.000000	-0.004907
1968.000000	0.004604
1969.000000	0.010459
1970.000000	0.014079
1971.000000	0.018572
1972.000000	0.025449
1973.000000	0.033218
1974.000000	0.029961
1975.000000	0.007777
1976.000000	-0.014743
1977.000000	-0.018376
1978.000000	-0.007854
1979.000000	0.005872
1980.000000	0.010932
1981.000000	-0.000070
1982.000000	-0.015717
1983.000000	-0.023031
1984.000000	-0.021594
1985.000000	-0.014165
1986.000000	-0.003664
1987.000000	0.007050
1988.000000	0.015504
1989.000000	0.020166
1990.000000	0.022869
1991.000000	0.024583
1992.000000	0.019470
1993.000000	0.003316
1994.000000	-0.014784
1995.000000	-0.023530
1996.000000	-0.016099
1997.000000	0.008019
1998.000000	0.028576
1999.000000	0.027344
2000.000000	0.014950
2001.000000	0.006211
2002.000000	0.003863
2003.000000	0.006892
2004.000000	0.011360
2005.000000	0.013609
2006.000000	0.014008
2007.000000	0.013783
2008.000000	0.013545
2009.000000	0.013762
2010.000000	0.014940
2011.000000	0.017448
2012.000000	0.021083
2013.000000	0.025412
2014.000000	0.029659
2015.000000	0.032582
2016.000000	0.031423
2017.000000	0.024423
2018.000000	0.015347
2019.000000	0.008833
2020.000000	0.007496
2021.000000	0.011582
2022.000000	0.013878
2023.000000	0.008616
2024.000000	0.003275
2025.000000	0.005978
2026.000000	0.014172
2027.000000	0.022740
2028.000000	0.026986
2029.000000	0.023958
2030.000000	0.017265
2031.000000	0.011242
2032.000000	0.006553
2033.000000	0.003142
2034.000000	0.001733
2035.000000	0.002972
2036.000000	0.006412
2037.000000	0.011102
2038.000000	0.015161
2039.000000	0.016266
2040.000000	0.011255
2041.000000	-0.001194
2042.000000	-0.014207
2043.000000	-0.020249
2044.000000	-0.017348
2045.000000	-0.007107
2046.000000	0.000127
2047.000000	-0.003801
2048.000000	-0.009520
2049.000000	-0.006384
2050.000000	0.003846
2051.000000	0.016439
2052.000000	0.027197
2053.000000	0.032942
2054.000000	0.034030
2055.000000	0.031521
2056.000000	0.025750
2057.000000	0.017148
2058.000000	0.007271
2059.000000	-0.002059
2060.000000	-0.009062
2061.000000	-0.012164
2062.000000	-0.010564
2063.000000	-0.004747
2064.000000	0.000435
2065.000000	0.000991
2066.000000	0.000745
2067.000000	0.004218
2068.000000	0.010914
2069.000000	0.018407
2070.000000	0.021569
2071.000000	0.017098
2072.000000	0.011691
2073.000000	0.012211
2074.000000	0.016178
2075.000000	0.019531
2076.000000	0.021238
2077.000000	0.021400
2078.000000	0.021614
2079.000000	0.023078
2080.000000	0.023898
2081.000000	0.022123
2082.000000	0.018664
2083.000000	0.014925
2084.000000	0.011405
2085.000000	0.008340
2086.000000	0.005818
2087.000000	0.004003
2088.000000	0.003522
2089.000000	0.005181
2090.000000	0.010030
2091.000000	0.018209
2092.000000	0.025977
2093.000000	0.029133
2094.000000	0.025515
2095.000000	0.014922
2096.000000	0.002942
2097.000000	-0.004098
2098.000000	-0.002708
2099.000000	0.008099
2100.000000	0.022141
2101.000000	0.032194
2102.000000	0.034033
2103.000000	0.025921
2104.000000	0.013061
2105.000000	0.002094
2106.000000	-0.001524
2107.000000	0.004575
2108.000000	0.011598
2109.000000	0.010454
2110.000000	0.002021
2111.000000	-0.008194
2112.000000	-0.006127
2113.000000	0.016212
2114.000000	0.033955
2115.000000	0.023486
2116.000000	-0.000963
2117.000000	-0.019088
2118.000000	-0.024161
2119.000000	-0.015653
2120.000000	-0.004269
2121.000000	-0.000581
2122.000000	-0.003405
2123.000000	-0.008467
2124.000000	-0.010882
2125.000000	-0.007134
2126.000000	0.000216
2127.000000	0.007120
2128.000000	0.009660
2129.000000	0.006475
2130.000000	0.006304
2131.000000	0.016672
2132.000000	0.030148
2133.000000	0.037357
2134.000000	0.036102
2135.000000	0.027009
2136.000000	0.014814
2137.000000	0.005490
2138.000000	0.005833
2139.000000	0.019135
2140.000000	0.033840
2141.000000	0.037946
2142.000000	0.032524
2143.000000	0.022122
2144.000000	0.012127
2145.000000	0.007092
2146.000000	0.007398
2147.000000	0.012295
2148.000000	0.020689
2149.000000	0.029851
2150.000000	0.030859
2151.000000	0.016757
2152.000000	-0.005359
2153.000000	-0.024105
2154.000000	-0.024981
2155.000000	-0.000248
2156.000000	0.027692
2157.000000	0.036015
2158.000000	0.030361
2159.000000	0.021605
2160.000000	0.013091
2161.000000	0.005775
2162.000000	-0.001419
2163.000000	-0.008653
2164.000000	-0.010394
2165.000000	-0.002803
2166.000000	0.005490
2167.000000	0.005863
2168.000000	0.002202
2169.000000	0.000652
2170.000000	0.003900
2171.000000	0.011566
2172.000000	0.014458
2173.000000	0.005243
2174.000000	-0.007171
2175.000000	-0.012380
2176.000000	-0.010227
2177.000000	-0.003438
2178.000000	0.003985
2179.000000	0.008160
2180.000000	0.006977
2181.000000	0.000131
2182.000000	-0.007218
2183.000000	-0.010192
2184.000000	-0.010503
2185.000000	-0.010581
2186.000000	-0.009138
2187.000000	-0.004202
2188.000000	0.005226
2189.000000	0.018115
2190.000000	0.026292
2191.000000	0.023151
2192.000000	0.015493
2193.000000	0.011618
2194.000000	0.012420
2195.000000	0.016442
2196.000000	0.020219
2197.000000	0.020207
2198.000000	0.014537
2199.000000	0.003361
2200.000000	-0.006757
2201.000000	-0.009476
2202.000000	-0.005743
2203.000000	0.001633
2204.000000	0.009699
2205.000000	0.015852
2206.000000	0.019052
2207.000000	0.018759
2208.000000	0.014878
2209.000000	0.008212
2210.000000	0.002711
2211.000000	0.001588
2212.000000	0.001954
2213.000000	-0.000047
2214.000000	-0.006056
2215.000000	-0.014819
2216.000000	-0.015732
2217.000000	-0.001379
2218.000000	0.013561
2219.000000	0.014299
2220.000000	0.007714
2221.000000	0.004348
2222.000000	0.007720
2223.000000	0.017056
2224.000000	0.021436
2225.000000	0.012187
2226.000000	-0.000224
2227.000000	-0.004214
2228.000000	-0.002874
2229.000000	-0.001606
2230.000000	-0.000392
2231.000000	0.002307
2232.000000	0.008700
2233.000000	0.019297
2234.000000	0.027160
2235.000000	0.026193
2236.000000	0.021135
2237.000000	0.018077
2238.000000	0.017694
2239.000000	0.019052
2240.000000	0.020208
2241.000000	0.019315
2242.000000	0.015925
2243.000000	0.010771
2244.000000	0.007923
2245.000000	0.010624
2246.000000	0.015461
2247.000000	0.017947
2248.000000	0.015945
2249.000000	0.008763
2250.000000	-0.000849
2251.000000	-0.008648
2252.000000	-0.007857
2253.000000	0.005314
2254.000000	0.020169
2255.000000	0.025322
2256.000000	0.021098
2257.000000	0.011316
2258.000000	0.002049
2259.000000	-0.001204
2260.000000	0.002512
2261.000000	0.011202
2262.000000	0.015606
2263.000000	0.008057
2264.000000	-0.005476
2265.000000	-0.016689
2266.000000	-0.021563
2267.000000	-0.018313
2268.000000	-0.009804
2269.000000	0.000308
2270.000000	0.009845
2271.000000	0.017455
2272.000000	0.023598
2273.000000	0.028617
2274.000000	0.030562
2275.000000	0.027489
2276.000000	0.019766
2277.000000	0.009120
2278.000000	0.000396
2279.000000	-0.001769
2280.000000	0.003299
2281.000000	0.013990
2282.000000	0.023517
2283.000000	0.025395
2284.000000	0.019525
2285.000000	0.008291
2286.000000	-0.002386
2287.000000	-0.006624
2288.000000	-0.002225
2289.000000	0.009584
2290.000000	0.017564
2291.000000	0.012074
2292.000000	-0.000130
2293.000000	-0.009299
2294.000000	-0.010101
2295.000000	-0.000876
2296.000000	0.009775
2297.000000	0.013787
2298.000000	0.015504
2299.000000	0.020004
2300.000000	0.022891
2301.000000	0.019397
2302.000000	0.012753
2303.000000	0.007949
2304.000000	0.009022
2305.000000	0.017154
2306.000000	0.023060
2307.000000	0.018139
2308.000000	0.007004
2309.000000	-0.003125
2310.000000	-0.007797
2311.000000	-0.004529
2312.000000	0.004070
2313.000000	0.013694
2314.000000	0.018337
2315.000000	0.014067
2316.000000	0.006954
2317.000000	0.003289
2318.000000	0.000247
2319.000000	-0.005624
2320.000000	-0.011182
2321.000000	-0.012089
2322.000000	-0.005832
2323.000000	0.008084
2324.000000	0.023909
2325.000000	0.034890
2326.000000	0.036513
2327.000000	0.027205
2328.000000	0.014903
2329.000000	0.008092
2330.000000	0.007929
2331.000000	0.012825
2332.000000	0.017549
2333.000000	0.018000
2334.000000	0.018252
2335.000000	0.021958
2336.000000	0.022912
2337.000000	0.015736
2338.000000	0.008240
2339.000000	0.009150
2340.000000	0.017684
2341.000000	0.028811
2342.000000	0.030015
2343.000000	0.013200
2344.000000	-0.004556
2345.000000	-0.005894
2346.000000	0.002487
2347.000000	0.009730
2348.000000	0.012393
2349.000000	0.009775
2350.000000	0.004710
2351.000000	0.000593
2352.000000	-0.000465
2353.000000	0.002422
2354.000000	0.006540
2355.000000	0.009233
2356.000000	0.011673
2357.000000	0.015527
2358.000000	0.020598
2359.000000	0.025869
2360.000000	0.028892
2361.000000	0.027041
2362.000000	0.018391
2363.000000	0.003312
2364.000000	-0.009360
2365.000000	-0.011300
2366.000000	-0.004697
2367.000000	0.005474
2368.000000	0.013603
2369.000000	0.014967
2370.000000	0.009036
2371.000000	-0.002185
2372.000000	-0.010739
2373.000000	-0.010450
2374.000000	-0.008204
2375.000000	-0.011008
2376.000000	-0.013280
2377.000000	-0.008037
2378.000000	0.004724
2379.000000	0.021013
2380.000000	0.027845
2381.000000	0.015341
2382.000000	-0.004963
2383.000000	-0.018295
2384.000000	-0.018353
2385.000000	-0.003499
2386.000000	0.017714
2387.000000	0.034950
2388.000000	0.040932
2389.000000	0.032151
2390.000000	0.017097
2391.000000	0.005492
2392.000000	-0.000029
2393.000000	0.000815
2394.000000	0.005960
2395.000000	0.012558
2396.000000	0.016965
2397.000000	0.016118
2398.000000	0.010068
2399.000000	0.000758
2400.000000	-0.005419
2401.000000	-0.003231
2402.000000	0.003470
2403.000000	0.009728
2404.000000	0.015260
2405.000000	0.020485
2406.000000	0.023944
2407.000000	0.023960
2408.000000	0.019857
2409.000000	0.012954
2410.000000	0.011552
2411.000000	0.021589
2412.000000	0.032569
2413.000000	0.033211
2414.000000	0.025521
2415.000000	0.014801
2416.000000	0.006258
2417.000000	0.003882
2418.000000	0.006891
2419.000000	0.012841
2420.000000	0.017414
2421.000000	0.016833
2422.000000	0.011356
2423.000000	0.002559
2424.000000	-0.006752
2425.000000	-0.013774
2426.000000	-0.016955
2427.000000	-0.015553
2428.000000	-0.010826
2429.000000	-0.005072
2430.000000	-0.002751
2431.000000	-0.006166
2432.000000	-0.006820
2433.000000	0.002909
2434.000000	0.016348
2435.000000	0.024665
2436.000000	0.024677
2437.000000	0.016985
2438.000000	0.011668
2439.000000	0.015636
2440.000000	0.013644
2441.000000	-0.006666
2442.000000	-0.023947
2443.000000	-0.016352
2444.000000	0.006263
2445.000000	0.027217
2446.000000	0.034221
2447.000000	0.021337
2448.000000	0.003629
2449.000000	-0.003596
2450.000000	-0.005060
2451.000000	-0.008056
2452.000000	-0.010121
2453.000000	-0.007599
2454.000000	-0.001815
2455.000000	0.004760
2456.000000	0.010064
2457.000000	0.012834
2458.000000	0.014590
2459.000000	0.016782
2460.000000	0.017802
2461.000000	0.015782
2462.000000	0.010860
2463.000000	0.004307
2464.000000	-0.000096
2465.000000	0.001230
2466.000000	0.008526
2467.000000	0.020044
2468.000000	0.029399
2469.000000	0.030722
2470.000000	0.024831
2471.000000	0.014164
2472.000000	0.000942
2473.000000	-0.011822
2474.000000	-0.017728
2475.000000	-0.011639
2476.000000	0.003138
2477.000000	0.019447
2478.000000	0.023194
2479.000000	0.005520
2480.000000	-0.014548
2481.000000	-0.017057
2482.000000	-0.006246
2483.000000	0.008418
2484.000000	0.020739
2485.000000	0.026238
2486.000000	0.024049
2487.000000	0.014758
2488.000000	0.001163
2489.000000	-0.012339
2490.000000	-0.017162
2491.000000	-0.007351
2492.000000	0.008331
2493.000000	0.019390
2494.000000	0.023131
2495.000000	0.019731
2496.000000	0.013046
2497.000000	0.007368
2498.000000	0.005058
2499.000000	0.007876
2500.000000	0.017118
2501.000000	0.031489
2502.000000	0.039806
2503.000000	0.032529
2504.000000	0.016571
2505.000000	0.001813
2506.000000	-0.006460
2507.000000	-0.006433
2508.000000	-0.005589
2509.000000	-0.009424
2510.000000	-0.006186
2511.000000	0.013453
2512.000000	0.031885
2513.000000	0.030919
2514.000000	0.016961
2515.000000	0.001763
2516.000000	-0.006141
2517.000000	-0.001880
2518.000000	0.007980
2519.000000	0.015293
2520.000000	0.017037
2521.000000	0.012785
2522.000000	0.007375
2523.000000	0.005592
2524.000000	0.006733
2525.000000	0.009251
2526.000000	0.013704
2527.000000	0.021095
2528.000000	0.032117
2529.000000	0.045353
2530.000000	0.051275
2531.000000	0.042088
2532.000000	0.025046
2533.000000	0.009436
2534.000000	-0.002381
2535.000000	-0.010183
2536.000000	-0.015383
2537.000000	-0.019321
2538.000000	-0.021398
2539.000000	-0.019775
2540.000000	-0.009594
2541.000000	0.011025
2542.000000	0.029039
2543.000000	0.032810
2544.000000	0.031242
2545.000000	0.034970
2546.000000	0.041019
2547.000000	0.043088
2548.000000	0.035173
2549.000000	0.014921
2550.000000	-0.005723
2551.000000	-0.014507
2552.000000	-0.012243
2553.000000	-0.003478
2554.000000	0.005357
2555.000000	0.009011
2556.000000	0.008845
2557.000000	0.007941
2558.000000	0.009667
2559.000000	0.016254
2560.000000	0.025101
2561.000000	0.031661
2562.000000	0.028424
2563.000000	0.011702
2564.000000	-0.003946
2565.000000	-0.004864
2566.000000	0.000743
2567.000000	0.003092
2568.000000	0.007951
2569.000000	0.020966
2570.000000	0.031731
2571.000000	0.030056
2572.000000	0.022650
2573.000000	0.017848
2574.000000	0.013569
2575.000000	0.007109
2576.000000	0.003671
2577.000000	0.007600
2578.000000	0.011890
2579.000000	0.009764
2580.000000	0.006720
2581.000000	0.008183
2582.000000	0.007030
2583.000000	-0.003349
2584.000000	-0.014958
2585.000000	-0.018311
2586.000000	-0.012581
2587.000000	-0.000006
2588.000000	0.013570
2589.000000	0.022237
2590.000000	0.023435
2591.000000	0.016785
2592.000000	0.007281
2593.000000	0.000442
2594.000000	-0.001472
2595.000000	0.001801
2596.000000	0.005806
2597.000000	0.006205
2598.000000	0.003859
2599.000000	0.000951
2600.000000	-0.000231
2601.000000	0.001931
2602.000000	0.006276
2603.000000	0.010568
2604.000000	0.011054
2605.000000	0.006290
2606.000000	0.005577
2607.000000	0.016598
2608.000000	0.029822
2609.000000	0.034212
2610.000000	0.029918
2611.000000	0.020534
2612.000000	0.012234
2613.000000	0.009347
2614.000000	0.006233
2615.000000	-0.002214
2616.000000	-0.009002
2617.000000	-0.006885
2618.000000	0.000284
2619.000000	0.006849
2620.000000	0.011033
2621.000000	0.012375
2622.000000	0.011792
2623.000000	0.010367
2624.000000	0.008454
2625.000000	0.005953
2626.000000	0.001666
2627.000000	-0.003806
2628.000000	-0.001561
2629.000000	0.014499
2630.000000	0.030969
2631.000000	0.033276
2632.000000	0.021687
2633.000000	0.001605
2634.000000	-0.015864
2635.000000	-0.021614
2636.000000	-0.020242
2637.000000	-0.017276
2638.000000	-0.008261
2639.000000	0.009926
2640.000000	0.025092
2641.000000	0.025211
2642.000000	0.014235
2643.000000	0.000044
2644.000000	-0.009732
2645.000000	-0.009718
2646.000000	-0.003293
2647.000000	0.003962
2648.000000	0.006417
2649.000000	0.001904
2650.000000	0.002136
2651.000000	0.016394
2652.000000	0.030336
2653.000000	0.028428
2654.000000	0.013984
2655.000000	-0.004414
2656.000000	-0.015974
2657.000000	-0.013806
2658.000000	-0.008842
2659.000000	-0.012289
2660.000000	-0.018634
2661.000000	-0.019150
2662.000000	-0.008978
2663.000000	0.012184
2664.000000	0.030267
2665.000000	0.032496
2666.000000	0.025653
2667.000000	0.019341
2668.000000	0.014891
2669.000000	0.011858
2670.000000	0.010955
2671.000000	0.011619
2672.000000	0.007018
2673.000000	-0.007461
2674.000000	-0.021303
2675.000000	-0.023375
2676.000000	-0.015205
2677.000000	-0.001460
2678.000000	0.013315
2679.000000	0.024289
2680.000000	0.025382
2681.000000	0.013168
2682.000000	-0.003910
2683.000000	-0.015941
2684.000000	-0.018998
2685.000000	-0.012573
2686.000000	-0.003848
2687.000000	-0.000274
2688.000000	-0.002677
2689.000000	-0.009246
2690.000000	-0.014229
2691.000000	-0.012253
2692.000000	-0.003396
2693.000000	0.010894
2694.000000	0.029133
2695.000000	0.047745
2696.000000	0.054832
2697.000000	0.041299
2698.000000	0.017590
2699.000000	-0.002399
2700.000000	-0.010495
2701.000000	-0.002798
2702.000000	0.013218
2703.000000	0.028290
2704.000000	0.037363
2705.000000	0.037202
2706.000000	0.027651
2707.000000	0.011548
2708.000000	0.000618
2709.000000	0.004665
2710.000000	0.016922
2711.000000	0.027607
2712.000000	0.031454
2713.000000	0.026519
2714.000000	0.019616
2715.000000	0.016552
2716.000000	0.010338
2717.000000	-0.004705
2718.000000	-0.016208
2719.000000	-0.012152
2720.000000	0.000048
2721.000000	0.009767
2722.000000	0.012985
2723.000000	0.009154
2724.000000	0.005002
2725.000000	0.008005
2726.000000	0.021353
2727.000000	0.043649
2728.000000	0.059428
2729.000000	0.055348
2730.000000	0.040620
2731.000000	0.028045
2732.000000	0.022242
2733.000000	0.024030
2734.000000	0.027213
2735.000000	0.025341
2736.000000	0.017961
2737.000000	0.007817
2738.000000	0.004451
2739.000000	0.014586
2740.000000	0.026867
2741.000000	0.029646
2742.000000	0.028175
2743.000000	0.029341
2744.000000	0.029665
2745.000000	0.024658
2746.000000	0.016164
2747.000000	0.007340
2748.000000	0.000260
2749.000000	-0.004701
2750.000000	-0.012888
2751.000000	-0.026568
2752.000000	-0.029962
2753.000000	-0.010482
2754.000000	0.013672
2755.000000	0.023314
2756.000000	0.026121
2757.000000	0.032971
2758.000000	0.040699
2759.000000	0.042614
2760.000000	0.031970
2761.000000	0.006481
2762.000000	-0.018233
2763.000000	-0.027388
2764.000000	-0.027431
2765.000000	-0.026902
2766.000000	-0.021466
2767.000000	-0.006642
2768.000000	0.009766
2769.000000	0.018734
2770.000000	0.018643
2771.000000	0.010713
2772.000000	0.000113
2773.000000	-0.008221
2774.000000	-0.014250
2775.000000	-0.017738
2776.000000	-0.012784
2777.000000	0.003309
2778.000000	0.014747
2779.000000	0.007869
2780.000000	-0.003973
2781.000000	-0.005228
2782.000000	0.001433
2783.000000	0.008581
2784.000000	0.007973
2785.000000	-0.004552
2786.000000	-0.016008
2787.000000	-0.014255
2788.000000	-0.007695
2789.000000	-0.008168
2790.000000	-0.020720
2791.000000	-0.044315
2792.000000	-0.060386
2793.000000	-0.052176
2794.000000	-0.027710
2795.000000	-0.001146
2796.000000	0.013619
2797.000000	0.007935
2798.000000	-0.006104
2799.000000	-0.014613
2800.000000	-0.017283
2801.000000	-0.016908
2802.000000	-0.015104
2803.000000	-0.013148
2804.000000	-0.012131
2805.000000	-0.012514
2806.000000	-0.012436
2807.000000	-0.010188
2808.000000	-0.007002
2809.000000	-0.005160
2810.000000	-0.008197
2811.000000	-0.017158
2812.000000	-0.021859
2813.000000	-0.014027
2814.000000	-0.004250
2815.000000	-0.003639
2816.000000	-0.006531
2817.000000	-0.006236
2818.000000	-0.008721
2819.000000	-0.018441
2820.000000	-0.021144
2821.000000	-0.004970
2822.000000	0.013676
2823.000000	0.016211
2824.000000	0.003609
2825.000000	-0.015863
2826.000000	-0.024334
2827.000000	-0.009574
2828.000000	0.008474
2829.000000	0.008940
2830.000000	-0.000572
2831.000000	-0.006694
2832.000000	-0.001483
2833.000000	0.018298
2834.000000	0.042487
2835.000000	0.059307
2836.000000	0.063911
2837.000000	0.056304
2838.000000	0.048971
2839.000000	0.053566
2840.000000	0.065941
2841.000000	0.078861
2842.000000	0.088541
2843.000000	0.093222
2844.000000	0.095797
2845.000000	0.100181
2846.000000	0.109712
2847.000000	0.126345
2848.000000	0.147069
2849.000000	0.167151
2850.000000	0.179920
2851.000000	0.181985
2852.000000	0.185003
2853.000000	0.200140
2854.000000	0.221566
2855.000000	0.239475
2856.000000	0.245172
2857.000000	0.233824
2858.000000	0.214953
2859.000000	0.201582
2860.000000	0.206393
2861.000000	0.237010
2862.000000	0.281170
2863.000000	0.322462
2864.000000	0.347788
2865.000000	0.350891
2866.000000	0.349588
2867.000000	0.361981
2868.000000	0.383256
2869.000000	0.403632
2870.000000	0.416375
2871.000000	0.418456
2872.000000	0.418616
2873.000000	0.427275
2874.000000	0.449816
2875.000000	0.485225
2876.000000	0.511956
2877.000000	0.512155
2878.000000	0.503283
2879.000000	0.506080
2880.000000	0.519102
2881.000000	0.534598
2882.000000	0.541786
2883.000000	0.532561
2884.000000	0.512566
2885.000000	0.490986
2886.000000	0.477432
2887.000000	0.477363
2888.000000	0.479215
2889.000000	0.472408
2890.000000	0.467309
2891.000000	0.475328
2892.000000	0.491087
2893.000000	0.506776
2894.000000	0.521645
2895.000000	0.536356
2896.000000	0.550169
2897.000000	0.562045
2898.000000	0.571142
2899.000000	0.577203
2900.000000	0.582102
2901.000000	0.587708
2902.000000	0.593746
2903.000000	0.599831
2904.000000	0.607302
2905.000000	0.616985
2906.000000	0.625948
2907.000000	0.631506
2908.000000	0.635725
2909.000000	0.641596
2910.000000	0.651067
2911.000000	0.665246
2912.000000	0.682920
2913.000000	0.702456
2914.000000	0.722844
2915.000000	0.743557
2916.000000	0.765368
2917.000000	0.787451
2918.000000	0.801294
2919.000000	0.802146
2920.000000	0.807980
2921.000000	0.835891
2922.000000	0.876721
2923.000000	0.915363
2924.000000	0.939154
2925.000000	0.940801
2926.000000	0.932038
2927.000000	0.928081
2928.000000	0.939054
2929.000000	0.967366
2930.000000	0.989653
2931.000000	0.986232
2932.000000	0.977913
2933.000000	0.986842
2934.000000	1.000000
2935.000000	0.999862
2936.000000	0.986033
2937.000000	0.963605
2938.000000	0.942489
2939.000000	0.931077
2940.000000	0.926863
2941.000000	0.924967
2942.000000	0.921912
2943.000000	0.913811
2944.000000	0.893742
2945.000000	0.857615
2946.000000	0.815696
2947.000000	0.778447
2948.000000	0.742749
2949.000000	0.705198
2950.000000	0.674838
2951.000000	0.660633
2952.000000	0.658773
2953.000000	0.660716
2954.000000	0.651781
2955.000000	0.623464
2956.000000	0.598119
2957.000000	0.596630
2958.000000	0.603136
2959.000000	0.598263
2960.000000	0.585325
2961.000000	0.571479
2962.000000	0.556549
2963.000000	0.539591
2964.000000	0.523906
2965.000000	0.513460
2966.000000	0.510622
2967.000000	0.515684
2968.000000	0.522216
2969.000000	0.522620
2970.000000	0.511347
2971.000000	0.487675
2972.000000	0.468148
2973.000000	0.465759
2974.000000	0.462044
2975.000000	0.438157
2976.000000	0.405197
2977.000000	0.379525
2978.000000	0.368616
2979.000000	0.374617
2980.000000	0.387247
2981.000000	0.394828
2982.000000	0.392513
2983.000000	0.379603
2984.000000	0.365155
2985.000000	0.355870
2986.000000	0.339258
2987.000000	0.306452
2988.000000	0.282257
2989.000000	0.288974
2990.000000	0.305210
2991.000000	0.304775
2992.000000	0.285994
2993.000000	0.255068
2994.000000	0.225177
2995.000000	0.207919
2996.000000	0.201582
2997.000000	0.201331
2998.000000	0.203159
2999.000000	0.202533
3000.000000	0.191996
3001.000000	0.167311
3002.000000	0.140058
3003.000000	0.122954
3004.000000	0.117450
3005.000000	0.120594
3006.000000	0.123096
3007.000000	0.116323
3008.000000	0.100603
3009.000000	0.079832
3010.000000	0.063223
3011.000000	0.058981
3012.000000	0.065959
3013.000000	0.079132
3014.000000	0.087325
3015.000000	0.081057
3016.000000	0.063773
3017.000000	0.043134
3018.000000	0.030734
3019.000000	0.033797
3020.000000	0.038145
3021.000000	0.029112
3022.000000	0.011481
3023.000000	-0.005362
3024.000000	-0.013064
3025.000000	-0.007544
3026.000000	-0.000784
3027.000000	-0.004202
3028.000000	-0.010889
3029.000000	-0.012572
3030.000000	-0.013839
3031.000000	-0.019022
3032.000000	-0.018568
3033.000000	-0.004176
3034.000000	0.013562
3035.000000	0.022381
3036.000000	0.022204
3037.000000	0.016013
3038.000000	0.006823
3039.000000	-0.002432
3040.000000	-0.009171
3041.000000	-0.009784
3042.000000	0.003806
3043.000000	0.033239
3044.000000	0.049935
3045.000000	0.030807
3046.000000	0.004948
3047.000000	0.003514
3048.000000	0.013744
3049.000000	0.017430
3050.000000	0.018509
3051.000000	0.024792
3052.000000	0.037439
3053.000000	0.054878
3054.000000	0.071266
3055.000000	0.081596
3056.000000	0.088485
3057.000000	0.095043
3058.000000	0.098717
3059.000000	0.097775
3060.000000	0.099425
3061.000000	0.109823
3062.000000	0.121969
3063.000000	0.126809
3064.000000	0.120227
3065.000000	0.102441
3066.000000	0.086061
3067.000000	0.083190
3068.000000	0.091507
3069.000000	0.104170
3070.000000	0.110679
3071.000000	0.103747
3072.000000	0.092591
3073.000000	0.088307
3074.000000	0.092998
3075.000000	0.105097
3076.000000	0.117349
3077.000000	0.122364
3078.000000	0.117888
3079.000000	0.106183
3080.000000	0.102442
3081.000000	0.118480
3082.000000	0.139683
3083.000000	0.148220
3084.000000	0.139822
3085.000000	0.117097
3086.000000	0.096604
3087.000000	0.092707
3088.000000	0.097034
3089.000000	0.097983
3090.000000	0.093766
3091.000000	0.084647
3092.000000	0.069275
3093.000000	0.046663
3094.000000	0.018879
3095.000000	-0.009853
3096.000000	-0.029762
3097.000000	-0.032370
3098.000000	-0.019937
3099.000000	0.001587
3100.000000	0.022221
3101.000000	0.033298
3102.000000	0.035428
3103.000000	0.032173
3104.000000	0.029633
3105.000000	0.031427
3106.000000	0.028716
3107.000000	0.013390
3108.000000	-0.007291
3109.000000	-0.022642
3110.000000	-0.023658
3111.000000	-0.006896
3112.000000	0.010522
3113.000000	0.011962
3114.000000	0.003311
3115.000000	-0.005011
3116.000000	-0.006970
3117.000000	-0.000414
3118.000000	0.005659
3119.000000	0.003116
3120.000000	-0.001576
3121.000000	-0.001453
3122.000000	-0.002161
3123.000000	-0.009645
3124.000000	-0.018430
3125.000000	-0.021436
3126.000000	-0.016582
3127.000000	-0.005116
3128.000000	0.003404
3129.000000	0.000383
3130.000000	-0.010605
3131.000000	-0.022974
3132.000000	-0.030270
3133.000000	-0.028129
3134.000000	-0.020419
3135.000000	-0.012354
3136.000000	-0.006285
3137.000000	-0.002766
3138.000000	0.001988
3139.000000	0.009418
3140.000000	0.007241
3141.000000	-0.012379
3142.000000	-0.025778
3143.000000	-0.011147
3144.000000	0.014403
3145.000000	0.028884
3146.000000	0.029708
3147.000000	0.020386
3148.000000	0.009413
3149.000000	0.004603
3150.000000	0.006058
3151.000000	0.011438
3152.000000	0.016341
3153.000000	0.015574
3154.000000	0.002825
3155.000000	-0.022383
3156.000000	-0.036079
3157.000000	-0.018571
3158.000000	0.008274
3159.000000	0.019337
3160.000000	0.018041
3161.000000	0.013364
3162.000000	0.007962
3163.000000	0.002742
3164.000000	-0.002049
3165.000000	-0.005836
3166.000000	-0.006061
3167.000000	-0.000871
3168.000000	0.006786
3169.000000	0.012685
3170.000000	0.012290
3171.000000	0.003975
3172.000000	-0.001929
3173.000000	0.003014
3174.000000	0.007703
3175.000000	0.001329
3176.000000	-0.006218
3177.000000	-0.003927
3178.000000	0.002990
3179.000000	0.006659
3180.000000	0.004771
3181.000000	-0.003336
3182.000000	-0.017311
3183.000000	-0.034918
3184.000000	-0.047405
3185.000000	-0.045783
3186.000000	-0.026643
3187.000000	0.007091
3188.000000	0.032732
3189.000000	0.032084
3190.000000	0.024678
3191.000000	0.030684
3192.000000	0.035107
3193.000000	0.021177
3194.000000	0.000187
3195.000000	-0.013067
3196.000000	-0.017845
3197.000000	-0.016694
3198.000000	-0.011253
3199.000000	-0.003074
3200.000000	0.005717
3201.000000	0.012458
3202.000000	0.012904
3203.000000	0.004430
3204.000000	-0.007530
3205.000000	-0.015187
3206.000000	-0.009386
3207.000000	0.012705
3208.000000	0.027262
3209.000000	0.014401
3210.000000	-0.003350
3211.000000	-0.001505
3212.000000	0.009847
3213.000000	0.015647
3214.000000	0.015548
3215.000000	0.012531
3216.000000	0.008195
3217.000000	0.003876
3218.000000	0.001241
3219.000000	0.001619
3220.000000	0.004657
3221.000000	0.009053
3222.000000	0.011391
3223.000000	0.009673
3224.000000	0.009680
3225.000000	0.015312
3226.000000	0.015170
3227.000000	-0.000074
3228.000000	-0.016163
3229.000000	-0.016568
3230.000000	0.000747
3231.000000	0.030291
3232.000000	0.050954
3233.000000	0.045095
3234.000000	0.024561
3235.000000	0.006494
3236.000000	-0.000287
3237.000000	0.007623
3238.000000	0.020287
3239.000000	0.026754
3240.000000	0.025353
3241.000000	0.016544
3242.000000	0.000041
3243.000000	-0.021513
3244.000000	-0.033022
3245.000000	-0.022426
3246.000000	-0.002268
3247.000000	0.011984
3248.000000	0.017775
3249.000000	0.016695
3250.000000	0.013990
3251.000000	0.014503
3252.000000	0.017801
3253.000000	0.022373
3254.000000	0.027667
3255.000000	0.033090
3256.000000	0.036933
3257.000000	0.037757
3258.000000	0.036318
3259.000000	0.034460
3260.000000	0.036189
3261.000000	0.042871
3262.000000	0.043146
3263.000000	0.028054
3264.000000	0.010948
3265.000000	0.006375
3266.000000	0.011352
3267.000000	0.019390
3268.000000	0.027517
3269.000000	0.033479
3270.000000	0.034388
3271.000000	0.029941
3272.000000	0.030817
3273.000000	0.045546
3274.000000	0.063090
3275.000000	0.069829
3276.000000	0.061385
3277.000000	0.039796
3278.000000	0.023514
3279.000000	0.027678
3280.000000	0.037757
3281.000000	0.037749
3282.000000	0.035432
3283.000000	0.039813
3284.000000	0.041027
3285.000000	0.030344
3286.000000	0.022440
3287.000000	0.030978
3288.000000	0.042160
3289.000000	0.041726
3290.000000	0.041042
3291.000000	0.052750
3292.000000	0.068983
3293.000000	0.078506
3294.000000	0.077141
3295.000000	0.065223
3296.000000	0.054098
3297.000000	0.053668
3298.000000	0.057041
3299.000000	0.055429
3300.000000	0.049257
3301.000000	0.041923
3302.000000	0.039502
3303.000000	0.046825
3304.000000	0.061075
3305.000000	0.075662
3306.000000	0.076565
3307.000000	0.055740
3308.000000	0.036494
3309.000000	0.041900
3310.000000	0.062756
3311.000000	0.082786
3312.000000	0.089703
3313.000000	0.077352
3314.000000	0.060126
3315.000000	0.053448
3316.000000	0.056310
3317.000000	0.062529
3318.000000	0.061654
3319.000000	0.048110
3320.000000	0.040108
3321.000000	0.053277
3322.000000	0.069131
3323.000000	0.067829
3324.000000	0.058229
3325.000000	0.053001
3326.000000	0.051371
3327.000000	0.050337
3328.000000	0.051438
3329.000000	0.055751
3330.000000	0.057972
3331.000000	0.053182
3332.000000	0.044370
3333.000000	0.035873
3334.000000	0.029500
3335.000000	0.026362
3336.000000	0.027299
3337.000000	0.033004
3338.000000	0.043854
3339.000000	0.058668
3340.000000	0.070359
3341.000000	0.072721
3342.000000	0.068988
3343.000000	0.064013
3344.000000	0.059685
3345.000000	0.056837
3346.000000	0.055040
3347.000000	0.053713
3348.000000	0.052926
3349.000000	0.053095
3350.000000	0.055379
3351.000000	0.060325
3352.000000	0.065283
3353.000000	0.067322
3354.000000	0.065583
3355.000000	0.060071
3356.000000	0.052187
3357.000000	0.043534
3358.000000	0.035133
3359.000000	0.028115
3360.000000	0.024628
3361.000000	0.026571
3362.000000	0.033814
3363.000000	0.044604
3364.000000	0.052718
3365.000000	0.053222
3366.000000	0.050816
3367.000000	0.051066
3368.000000	0.053366
3369.000000	0.056053
3370.000000	0.059406
3371.000000	0.063143
3372.000000	0.062797
3373.000000	0.054514
3374.000000	0.041090
3375.000000	0.028116
3376.000000	0.025715
3377.000000	0.040165
3378.000000	0.057827
3379.000000	0.063381
3380.000000	0.054686
3381.000000	0.035775
3382.000000	0.022202
3383.000000	0.026038
3384.000000	0.033916
3385.000000	0.031588
3386.000000	0.026728
3387.000000	0.029372
3388.000000	0.037077
3389.000000	0.044492
3390.000000	0.047120
3391.000000	0.042795
3392.000000	0.037816
3393.000000	0.037937
3394.000000	0.038268
3395.000000	0.033576
3396.000000	0.027912
3397.000000	0.026154
3398.000000	0.027221
3399.000000	0.028953
3400.000000	0.030846
3401.000000	0.032671
3402.000000	0.033642
3403.000000	0.032733
3404.000000	0.028520
3405.000000	0.021058
3406.000000	0.016714
3407.000000	0.021533
3408.000000	0.033959
3409.000000	0.049446
3410.000000	0.059094
3411.000000	0.056060
3412.000000	0.046070
3413.000000	0.036867
3414.000000	0.031686
3415.000000	0.031287
3416.000000	0.031049
3417.000000	0.025856
3418.000000	0.013991
3419.000000	-0.002576
3420.000000	-0.010530
3421.000000	0.000737
3422.000000	0.019665
3423.000000	0.032261
3424.000000	0.036976
3425.000000	0.035858
3426.000000	0.032910
3427.000000	0.030886
3428.000000	0.025588
3429.000000	0.014276
3430.000000	0.006998
3431.000000	0.012926
3432.000000	0.024932
3433.000000	0.032886
3434.000000	0.030952
3435.000000	0.017190
3436.000000	0.000949
3437.000000	-0.008117
3438.000000	-0.010418
3439.000000	-0.007928
3440.000000	0.001197
3441.000000	0.017632
3442.000000	0.033554
3443.000000	0.040001
3444.000000	0.031953
3445.000000	0.009254
3446.000000	-0.012733
3447.000000	-0.019225
3448.000000	-0.013282
3449.000000	-0.001972
3450.000000	0.009437
3451.000000	0.017263
3452.000000	0.022351
3453.000000	0.025385
3454.000000	0.021872
3455.000000	0.009167
3456.000000	-0.002820
3457.000000	-0.005109
3458.000000	-0.004993
3459.000000	-0.010119
3460.000000	-0.013273
3461.000000	-0.007229
3462.000000	0.000431
3463.000000	0.001620
3464.000000	0.001055
3465.000000	0.004074
3466.000000	0.005702
3467.000000	0.001256
3468.000000	-0.002476
3469.000000	0.001317
3470.000000	0.008051
3471.000000	0.012139
3472.000000	0.015379
3473.000000	0.019589
3474.000000	0.019296
3475.000000	0.009693
3476.000000	-0.004069
3477.000000	-0.014205
3478.000000	-0.012362
3479.000000	0.004567
3480.000000	0.018135
3481.000000	0.011741
3482.000000	-0.002268
3483.000000	-0.008436
3484.000000	-0.007828
3485.000000	-0.004716
3486.000000	0.000308
3487.000000	0.006453
3488.000000	0.008444
3489.000000	0.002928
3490.000000	-0.001265
3491.000000	0.003479
3492.000000	0.007740
3493.000000	0.002110
3494.000000	-0.005743
3495.000000	-0.006687
3496.000000	-0.002818
3497.000000	0.001326
3498.000000	0.002660
3499.000000	-0.000307
3500.000000	-0.004132
3501.000000	-0.005445
3502.000000	-0.006094
3503.000000	-0.008221
3504.000000	-0.009930
3505.000000	-0.008569
3506.000000	-0.002516
3507.000000	0.007670
3508.000000	0.013736
3509.000000	0.008855
3510.000000	-0.000385
3511.000000	-0.005485
3512.000000	-0.003704
3513.000000	0.003789
3514.000000	0.005959
3515.000000	-0.005533
3516.000000	-0.018361
3517.000000	-0.018544
3518.000000	-0.006143
3519.000000	0.012774
3520.000000	0.022141
3521.000000	0.010183
3522.000000	-0.007713
3523.000000	-0.013674
3524.000000	-0.007041
3525.000000	0.006722
3526.000000	0.014885
3527.000000	0.007756
3528.000000	-0.004926
3529.000000	-0.011524
3530.000000	-0.012231
3531.000000	-0.009996
3532.000000	-0.006961
3533.000000	-0.004312
3534.000000	-0.000213
3535.000000	0.005851
3536.000000	0.006085
3537.000000	-0.005088
3538.000000	-0.016066
3539.000000	-0.014861
3540.000000	-0.005133
3541.000000	0.005086
3542.000000	0.005917
3543.000000	-0.008028
3544.000000	-0.022315
3545.000000	-0.022510
3546.000000	-0.013995
3547.000000	-0.005700
3548.000000	-0.000919
3549.000000	-0.001016
3550.000000	-0.005265
3551.000000	-0.011938
3552.000000	-0.017383
3553.000000	-0.019407
3554.000000	-0.023563
3555.000000	-0.032893
3556.000000	-0.032649
3557.000000	-0.011074
3558.000000	0.013842
3559.000000	0.022829
3560.000000	0.021248
3561.000000	0.018791
3562.000000	0.017836
3563.000000	0.017421
3564.000000	0.010545
3565.000000	-0.006513
3566.000000	-0.018325
3567.000000	-0.011804
3568.000000	-0.002369
3569.000000	-0.006237
3570.000000	-0.014301
3571.000000	-0.015737
3572.000000	-0.018180
3573.000000	-0.028717
3574.000000	-0.033792
3575.000000	-0.020893
3576.000000	-0.002316
3577.000000	0.006686
3578.000000	0.003836
3579.000000	-0.008161
3580.000000	-0.019665
3581.000000	-0.022520
3582.000000	-0.021458
3583.000000	-0.021698
3584.000000	-0.017515
3585.000000	-0.004896
3586.000000	0.002386
3587.000000	-0.007446
3588.000000	-0.020386
3589.000000	-0.021161
3590.000000	-0.015197
3591.000000	-0.011351
3592.000000	-0.011501
3593.000000	-0.014675
3594.000000	-0.015492
3595.000000	-0.009571
3596.000000	-0.000943
3597.000000	0.005052
3598.000000	0.006246
3599.000000	0.001267
3600.000000	-0.011257
