400.000000	0.034094
401.000000	0.011117
402.000000	-0.001597
403.000000	-0.004855
404.000000	0.000538
405.000000	0.012355
406.000000	0.022680
407.000000	0.025210
408.000000	0.025767
409.000000	0.031588
410.000000	0.043435
411.000000	0.059022
412.000000	0.070358
413.000000	0.070398
414.000000	0.061590
415.000000	0.048653
416.000000	0.035905
417.000000	0.026684
418.000000	0.020815
419.000000	0.017291
420.000000	0.015306
421.000000	0.013990
422.000000	0.012032
423.000000	0.008777
424.000000	0.006629
425.000000	0.008251
426.000000	0.014271
427.000000	0.023739
428.000000	0.031416
429.000000	0.032499
430.000000	0.028206
431.000000	0.021446
432.000000	0.015884
433.000000	0.014029
434.000000	0.013025
435.000000	0.009518
436.000000	0.003536
437.000000	-0.003252
438.000000	-0.006002
439.000000	-0.001090
440.000000	0.007040
441.000000	0.012412
442.000000	0.010986
443.000000	0.001221
444.000000	-0.010353
445.000000	-0.016859
446.000000	-0.018094
447.000000	-0.016064
448.000000	-0.014941
449.000000	-0.017880
450.000000	-0.021816
451.000000	-0.022808
452.000000	-0.019638
453.000000	-0.012641
454.000000	-0.005634
455.000000	-0.002455
456.000000	-0.003556
457.000000	-0.008406
458.000000	-0.015939
459.000000	-0.024427
460.000000	-0.030025
461.000000	-0.029373
462.000000	-0.023153
463.000000	-0.013772
464.000000	-0.006480
465.000000	-0.005620
466.000000	-0.009047
467.000000	-0.013285
468.000000	-0.016013
469.000000	-0.015673
470.000000	-0.012616
471.000000	-0.007748
472.000000	-0.002296
473.000000	0.002419
474.000000	0.005002
475.000000	0.004421
476.000000	0.001151
477.000000	-0.003928
478.000000	-0.009830
479.000000	-0.015464
480.000000	-0.019416
481.000000	-0.020473
482.000000	-0.018559
483.000000	-0.013989
484.000000	-0.007503
485.000000	-0.000373
486.000000	0.004425
487.000000	0.004318
488.000000	0.000064
489.000000	-0.006474
490.000000	-0.012339
491.000000	-0.015119
492.000000	-0.015691
493.000000	-0.015482
494.000000	-0.014845
495.000000	-0.013565
496.000000	-0.010239
497.000000	-0.003826
498.000000	0.004078
499.000000	0.011292
500.000000	0.015931
501.000000	0.016525
502.000000	0.012967
503.000000	0.005807
504.000000	-0.003139
505.000000	-0.011569
506.000000	-0.016516
507.000000	-0.015526
508.000000	-0.008867
509.000000	0.002335
510.000000	0.016235
511.000000	0.030327
512.000000	0.040188
513.000000	0.042252
514.000000	0.038293
515.000000	0.031458
516.000000	0.025051
517.000000	0.021950
518.000000	0.023181
519.000000	0.028829
520.000000	0.037073
521.000000	0.045251
522.000000	0.049238
523.000000	0.046229
524.000000	0.040172
525.000000	0.035983
526.000000	0.035702
527.000000	0.039435
528.000000	0.042435
529.000000	0.040441
530.000000	0.035999
531.000000	0.033233
532.000000	0.035768
533.000000	0.044908
534.000000	0.053179
535.000000	0.052871
536.000000	0.044112
537.000000	0.029967
538.000000	0.017415
539.000000	0.012516
540.000000	0.013729
541.000000	0.017876
542.000000	0.022835
543.000000	0.026972
544.000000	0.029560
545.000000	0.030234
546.000000	0.029168
547.000000	0.026722
548.000000	0.023449
549.000000	0.020095
550.000000	0.017989
551.000000	0.018178
552.000000	0.019988
553.000000	0.022065
554.000000	0.022063
555.000000	0.018214
556.000000	0.012065
557.000000	0.005811
558.000000	0.000915
559.000000	-0.001467
560.000000	-0.000691
561.000000	0.003299
562.000000	0.008710
563.000000	0.013364
564.000000	0.015388
565.000000	0.013791
566.000000	0.010797
567.000000	0.008891
568.000000	0.008378
569.000000	0.008821
570.000000	0.008994
571.000000	0.007698
572.000000	0.004643
573.000000	-0.000106
574.000000	-0.005956
575.000000	-0.011894
576.000000	-0.015757
577.000000	-0.015821
578.000000	-0.013284
579.000000	-0.010001
580.000000	-0.007541
581.000000	-0.006772
582.000000	-0.006052
583.000000	-0.003605
584.000000	0.000369
585.000000	0.005054
586.000000	0.009148
587.000000	0.011205
588.000000	0.009693
589.000000	0.003666
590.000000	-0.005399
591.000000	-0.014497
592.000000	-0.016948
593.000000	-0.007819
594.000000	0.007161
595.000000	0.020183
596.000000	0.025775
597.000000	0.021135
598.000000	0.011807
599.000000	0.004193
600.000000	-0.000213
601.000000	-0.001368
602.000000	-0.000131
603.000000	0.001881
604.000000	0.000924
605.000000	-0.006135
606.000000	-0.017869
607.000000	-0.030659
608.000000	-0.036675
609.000000	-0.029901
610.000000	-0.015776
611.000000	-0.001922
612.000000	0.006767
613.000000	0.007288
614.000000	0.001472
615.000000	-0.007546
616.000000	-0.016248
617.000000	-0.021184
618.000000	-0.019563
619.000000	-0.010651
620.000000	-0.001291
621.000000	0.001511
622.000000	-0.002327
623.000000	-0.010318
624.000000	-0.016615
625.000000	-0.016415
626.000000	-0.012452
627.000000	-0.008764
628.000000	-0.007063
629.000000	-0.007847
630.000000	-0.009080
631.000000	-0.008658
632.000000	-0.006746
633.000000	-0.004081
634.000000	-0.001430
635.000000	0.000340
636.000000	-0.000021
637.000000	-0.003293
638.000000	-0.007983
639.000000	-0.011910
640.000000	-0.012419
641.000000	-0.008040
642.000000	-0.002528
643.000000	-0.000088
644.000000	-0.001500
645.000000	-0.006050
646.000000	-0.010476
647.000000	-0.011876
648.000000	-0.011328
649.000000	-0.010701
650.000000	-0.011040
651.000000	-0.011684
652.000000	-0.005968
653.000000	0.010332
654.000000	0.025665
655.000000	0.028860
656.000000	0.026031
657.000000	0.025409
658.000000	0.026397
659.000000	0.026788
660.000000	0.026763
661.000000	0.026919
662.000000	0.027129
663.000000	0.027211
664.000000	0.027495
665.000000	0.028110
666.000000	0.027861
667.000000	0.025535
668.000000	0.021157
669.000000	0.015193
670.000000	0.008646
671.000000	0.002620
672.000000	-0.001902
673.000000	-0.004530
674.000000	-0.007112
675.000000	-0.011359
676.000000	-0.016191
677.000000	-0.019843
678.000000	-0.020596
679.000000	-0.017501
680.000000	-0.012624
681.000000	-0.008450
682.000000	-0.006106
683.000000	-0.006267
684.000000	-0.009150
685.000000	-0.014310
686.000000	-0.019102
687.000000	-0.020850
688.000000	-0.018938
689.000000	-0.013897
690.000000	-0.008772
691.000000	-0.006271
692.000000	-0.005224
693.000000	-0.003735
694.000000	-0.000870
695.000000	0.003302
696.000000	0.005662
697.000000	0.003332
698.000000	-0.002542
699.000000	-0.009724
700.000000	-0.015648
701.000000	-0.018048
702.000000	-0.016182
703.000000	-0.010167
704.000000	-0.002033
705.000000	0.005443
706.000000	0.008400
707.000000	0.004273
708.000000	-0.003227
709.000000	-0.009475
710.000000	-0.012455
711.000000	-0.011335
712.000000	-0.007407
713.000000	-0.002533
714.000000	0.001282
715.000000	0.002253
716.000000	-0.000388
717.000000	-0.005699
718.000000	-0.006926
719.000000	0.000766
720.000000	0.008722
721.000000	0.008237
722.000000	0.003914
723.000000	0.001635
724.000000	-0.000894
725.000000	-0.006342
726.000000	-0.010705
727.000000	-0.010115
728.000000	-0.007934
729.000000	-0.008070
730.000000	-0.009387
731.000000	-0.009920
732.000000	-0.009420
733.000000	-0.008215
734.000000	-0.007222
735.000000	-0.007403
736.000000	-0.009314
737.000000	-0.013141
738.000000	-0.018007
739.000000	-0.022051
740.000000	-0.020538
741.000000	-0.010153
742.000000	0.003883
743.000000	0.014689
744.000000	0.017295
745.000000	0.009662
746.000000	-0.000427
747.000000	-0.004736
748.000000	-0.003028
749.000000	0.002591
750.000000	0.008648
751.000000	0.012162
752.000000	0.013474
753.000000	0.013591
754.000000	0.012858
755.000000	0.011430
756.000000	0.009375
757.000000	0.006961
758.000000	0.005357
759.000000	0.005647
760.000000	0.007669
761.000000	0.010631
762.000000	0.012449
763.000000	0.011145
764.000000	0.006444
765.000000	-0.001288
766.000000	-0.010835
767.000000	-0.020062
768.000000	-0.024015
769.000000	-0.019106
770.000000	-0.010019
771.000000	-0.003171
772.000000	-0.003625
773.000000	-0.013322
774.000000	-0.023068
775.000000	-0.023563
776.000000	-0.016229
777.000000	-0.005668
778.000000	0.001516
779.000000	0.000680
780.000000	-0.002972
781.000000	-0.003235
782.000000	0.000240
783.000000	0.005651
784.000000	0.008449
785.000000	0.005074
786.000000	-0.001324
787.000000	-0.006587
788.000000	-0.009228
789.000000	-0.009010
790.000000	-0.008037
791.000000	-0.008485
792.000000	-0.010489
793.000000	-0.013604
794.000000	-0.017101
795.000000	-0.019879
796.000000	-0.019635
797.000000	-0.014740
798.000000	-0.007454
799.000000	-0.000841
800.000000	0.002702
801.000000	0.001828
802.000000	-0.001273
803.000000	-0.003809
804.000000	-0.004120
805.000000	-0.000961
806.000000	0.006397
807.000000	0.017534
808.000000	0.027966
809.000000	0.033473
810.000000	0.034956
811.000000	0.035107
812.000000	0.038650
813.000000	0.049228
814.000000	0.064114
815.000000	0.079502
816.000000	0.093628
817.000000	0.105505
818.000000	0.115207
819.000000	0.123168
820.000000	0.130216
821.000000	0.136985
822.000000	0.142945
823.000000	0.146798
824.000000	0.145327
825.000000	0.135912
826.000000	0.120237
827.000000	0.101097
828.000000	0.081415
829.000000	0.064433
830.000000	0.054547
831.000000	0.054485
832.000000	0.059157
833.000000	0.061852
834.000000	0.057186
835.000000	0.042652
836.000000	0.025921
837.000000	0.015370
838.000000	0.012039
839.000000	0.014759
840.000000	0.020880
841.000000	0.027217
842.000000	0.029928
843.000000	0.026228
844.000000	0.018205
845.000000	0.009684
846.000000	0.006567
847.000000	0.012998
848.000000	0.024003
849.000000	0.033333
850.000000	0.038760
851.000000	0.039655
852.000000	0.037754
853.000000	0.035114
854.000000	0.032694
855.000000	0.031053
856.000000	0.030245
857.000000	0.029955
858.000000	0.028905
859.000000	0.026103
860.000000	0.022660
861.000000	0.019942
862.000000	0.018218
863.000000	0.016735
864.000000	0.011735
865.000000	0.000670
866.000000	-0.011168
867.000000	-0.017207
868.000000	-0.013602
869.000000	0.000362
870.000000	0.015615
871.000000	0.022883
872.000000	0.021876
873.000000	0.014835
874.000000	0.005141
875.000000	-0.003648
876.000000	-0.008401
877.000000	-0.006899
878.000000	-0.000138
879.000000	0.009859
880.000000	0.020167
881.000000	0.028144
882.000000	0.033186
883.000000	0.035295
884.000000	0.034860
885.000000	0.032449
886.000000	0.028943
887.000000	0.025553
888.000000	0.024485
889.000000	0.027441
890.000000	0.033100
891.000000	0.038853
892.000000	0.039946
893.000000	0.033044
894.000000	0.022631
895.000000	0.014340
896.000000	0.010594
897.000000	0.012377
898.000000	0.018145
899.000000	0.025511
900.000000	0.031249
901.000000	0.032498
902.000000	0.028691
903.000000	0.020809
904.000000	0.013716
905.000000	0.011572
906.000000	0.011840
907.000000	0.010814
908.000000	0.006822
909.000000	-0.000140
910.000000	-0.005440
911.000000	-0.004567
912.000000	0.001875
913.000000	0.011949
914.000000	0.023494
915.000000	0.034478
916.000000	0.043613
917.000000	0.049657
918.000000	0.050820
919.000000	0.045531
920.000000	0.033649
921.000000	0.017241
922.000000	0.005779
923.000000	0.007524
924.000000	0.018493
925.000000	0.031391
926.000000	0.037929
927.000000	0.032821
928.000000	0.023781
929.000000	0.019711
930.000000	0.021261
931.000000	0.026552
932.000000	0.031830
933.000000	0.033559
934.000000	0.030942
935.000000	0.024352
936.000000	0.016087
937.000000	0.009163
938.000000	0.007534
939.000000	0.013399
940.000000	0.021002
941.000000	0.024045
942.000000	0.022029
943.000000	0.016718
944.000000	0.013122
945.000000	0.015379
946.000000	0.020877
947.000000	0.025899
948.000000	0.029061
949.000000	0.029950
950.000000	0.029715
951.000000	0.029375
952.000000	0.027879
953.000000	0.024045
954.000000	0.018244
955.000000	0.011668
956.000000	0.007242
957.000000	0.007132
958.000000	0.008732
959.000000	0.008743
960.000000	0.005867
961.000000	0.000002
962.000000	-0.006164
963.000000	-0.010102
964.000000	-0.012694
965.000000	-0.015378
966.000000	-0.018406
967.000000	-0.021150
968.000000	-0.020652
969.000000	-0.014594
970.000000	-0.005564
971.000000	0.002870
972.000000	0.008108
973.000000	0.008226
974.000000	0.003033
975.000000	-0.006398
976.000000	-0.015666
977.000000	-0.020072
978.000000	-0.017040
979.000000	-0.006056
980.000000	0.007281
981.000000	0.016826
982.000000	0.020370
983.000000	0.017073
984.000000	0.007628
985.000000	-0.005796
986.000000	-0.016658
987.000000	-0.019280
988.000000	-0.015796
989.000000	-0.010194
990.000000	-0.006058
991.000000	-0.004852
992.000000	0.000040
993.000000	0.014671
994.000000	0.034780
995.000000	0.053686
996.000000	0.065358
997.000000	0.067275
998.000000	0.070310
999.000000	0.085325
1000.000000	0.109741
1001.000000	0.137294
1002.000000	0.160422
1003.000000	0.173446
1004.000000	0.179512
1005.000000	0.183577
1006.000000	0.189002
1007.000000	0.198678
1008.000000	0.215206
1009.000000	0.238918
1010.000000	0.261369
1011.000000	0.275753
1012.000000	0.290610
1013.000000	0.313552
1014.000000	0.333137
1015.000000	0.339153
1016.000000	0.345368
1017.000000	0.361562
1018.000000	0.357599
1019.000000	0.307178
1020.000000	0.239273
1021.000000	0.187869
1022.000000	0.151735
1023.000000	0.122793
1024.000000	0.100800
1025.000000	0.087017
1026.000000	0.080877
1027.000000	0.080604
1028.000000	0.081400
1029.000000	0.078781
1030.000000	0.072533
1031.000000	0.063975
1032.000000	0.056278
1033.000000	0.051976
1034.000000	0.049209
1035.000000	0.045440
1036.000000	0.039821
1037.000000	0.032060
1038.000000	0.022392
1039.000000	0.012244
1040.000000	0.007274
1041.000000	0.012205
1042.000000	0.023776
1043.000000	0.035802
1044.000000	0.038385
1045.000000	0.024800
1046.000000	0.004733
1047.000000	-0.010101
1048.000000	-0.016284
1049.000000	-0.013482
1050.000000	-0.005401
1051.000000	0.003722
1052.000000	0.011571
1053.000000	0.016558
1054.000000	0.018082
1055.000000	0.016002
1056.000000	0.011023
1057.000000	0.004664
1058.000000	0.000865
1059.000000	0.002994
1060.000000	0.009721
1061.000000	0.017889
1062.000000	0.021734
1063.000000	0.016789
1064.000000	0.006378
1065.000000	-0.004522
1066.000000	-0.012102
1067.000000	-0.012909
1068.000000	-0.003727
1069.000000	0.015233
1070.000000	0.030303
1071.000000	0.028358
1072.000000	0.011892
1073.000000	-0.010432
1074.000000	-0.020901
1075.000000	-0.006681
1076.000000	0.016487
1077.000000	0.029693
1078.000000	0.029911
1079.000000	0.020189
1080.000000	0.011987
1081.000000	0.014607
1082.000000	0.020309
1083.000000	0.019593
1084.000000	0.012959
1085.000000	0.004594
1086.000000	0.003446
1087.000000	0.015721
1088.000000	0.031906
1089.000000	0.040946
1090.000000	0.041322
1091.000000	0.035059
1092.000000	0.028806
1093.000000	0.028577
1094.000000	0.033212
1095.000000	0.040012
1096.000000	0.047299
1097.000000	0.053694
1098.000000	0.057993
1099.000000	0.059263
1100.000000	0.057492
1101.000000	0.053060
1102.000000	0.047004
1103.000000	0.040595
1104.000000	0.035386
1105.000000	0.032643
1106.000000	0.032208
1107.000000	0.033586
1108.000000	0.036358
1109.000000	0.040106
1110.000000	0.044350
1111.000000	0.048478
1112.000000	0.051429
1113.000000	0.052265
1114.000000	0.050998
1115.000000	0.047970
1116.000000	0.043879
1117.000000	0.039922
1118.000000	0.038928
1119.000000	0.042848
1120.000000	0.048493
1121.000000	0.051196
1122.000000	0.045511
1123.000000	0.029255
1124.000000	0.014067
1125.000000	0.011817
1126.000000	0.021478
1127.000000	0.037982
1128.000000	0.052985
1129.000000	0.058898
1130.000000	0.054432
1131.000000	0.040526
1132.000000	0.020722
1133.000000	-0.000634
1134.000000	-0.018597
1135.000000	-0.028878
1136.000000	-0.030419
1137.000000	-0.023731
1138.000000	-0.012364
1139.000000	-0.000611
1140.000000	0.007294
1141.000000	0.008663
1142.000000	0.006915
1143.000000	0.006041
1144.000000	0.006198
1145.000000	0.006530
1146.000000	0.005954
1147.000000	0.003579
1148.000000	-0.000495
1149.000000	-0.005539
1150.000000	-0.009297
1151.000000	-0.009440
1152.000000	-0.004869
1153.000000	0.003676
1154.000000	0.009340
1155.000000	0.006080
1156.000000	-0.002784
1157.000000	-0.011892
1158.000000	-0.017098
1159.000000	-0.016397
1160.000000	-0.015127
1161.000000	-0.018548
1162.000000	-0.024247
1163.000000	-0.028240
1164.000000	-0.027916
1165.000000	-0.022004
1166.000000	-0.013224
1167.000000	-0.004952
1168.000000	0.000809
1169.000000	0.002730
1170.000000	0.000811
1171.000000	-0.003898
1172.000000	-0.007467
1173.000000	-0.006748
1174.000000	-0.004590
1175.000000	-0.004682
1176.000000	-0.008072
1177.000000	-0.014035
1178.000000	-0.017404
1179.000000	-0.013861
1180.000000	-0.006925
1181.000000	-0.001381
1182.000000	0.000748
1183.000000	-0.001055
1184.000000	-0.004054
1185.000000	-0.005541
1186.000000	-0.006166
1187.000000	-0.007032
1188.000000	-0.007678
1189.000000	-0.006893
1190.000000	-0.002010
1191.000000	0.008006
1192.000000	0.016222
1193.000000	0.015704
1194.000000	0.007477
1195.000000	-0.004175
1196.000000	-0.009879
1197.000000	-0.002657
1198.000000	0.009810
1199.000000	0.018195
1200.000000	0.021253
1201.000000	0.020585
1202.000000	0.021085
1203.000000	0.026235
1204.000000	0.030573
1205.000000	0.028175
1206.000000	0.020218
1207.000000	0.010059
1208.000000	0.002682
1209.000000	0.001416
1210.000000	0.001335
1211.000000	-0.002828
1212.000000	-0.009465
1213.000000	-0.015160
1214.000000	-0.016141
1215.000000	-0.010282
1216.000000	-0.002383
1217.000000	0.002390
1218.000000	0.004332
1219.000000	0.005110
1220.000000	0.006417
1221.000000	0.008836
1222.000000	0.008494
1223.000000	0.002368
1224.000000	-0.004705
1225.000000	-0.006604
1226.000000	0.000071
1227.000000	0.015866
1228.000000	0.032642
1229.000000	0.042167
1230.000000	0.044508
1231.000000	0.041882
1232.000000	0.036790
1233.000000	0.031820
1234.000000	0.029629
1235.000000	0.031825
1236.000000	0.035754
1237.000000	0.038106
1238.000000	0.037210
1239.000000	0.032283
1240.000000	0.024443
1241.000000	0.015765
1242.000000	0.010260
1243.000000	0.011432
1244.000000	0.018839
1245.000000	0.030250
1246.000000	0.040235
1247.000000	0.044291
1248.000000	0.044812
1249.000000	0.045171
1250.000000	0.045747
1251.000000	0.045880
1252.000000	0.043739
1253.000000	0.038183
1254.000000	0.032006
1255.000000	0.028300
1256.000000	0.027408
1257.000000	0.028785
1258.000000	0.031081
1259.000000	0.033296
1260.000000	0.036644
1261.000000	0.042108
1262.000000	0.047539
1263.000000	0.050228
1264.000000	0.048352
1265.000000	0.042263
1266.000000	0.040118
1267.000000	0.048808
1268.000000	0.062339
1269.000000	0.072225
1270.000000	0.072884
1271.000000	0.062462
1272.000000	0.051104
1273.000000	0.048815
1274.000000	0.053023
1275.000000	0.058461
1276.000000	0.061641
1277.000000	0.060369
1278.000000	0.055835
1279.000000	0.050236
1280.000000	0.046399
1281.000000	0.046615
1282.000000	0.050387
1283.000000	0.055754
1284.000000	0.057695
1285.000000	0.052477
1286.000000	0.044583
1287.000000	0.039655
1288.000000	0.039767
1289.000000	0.045493
1290.000000	0.054982
1291.000000	0.065819
1292.000000	0.075757
1293.000000	0.083005
1294.000000	0.087428
1295.000000	0.089474
1296.000000	0.090265
1297.000000	0.090465
1298.000000	0.088215
1299.000000	0.081995
1300.000000	0.074147
1301.000000	0.067902
1302.000000	0.066183
1303.000000	0.070792
1304.000000	0.079358
1305.000000	0.089077
1306.000000	0.099576
1307.000000	0.110867
1308.000000	0.122064
1309.000000	0.131244
1310.000000	0.133229
1311.000000	0.124786
1312.000000	0.113719
1313.000000	0.109007
1314.000000	0.113278
1315.000000	0.125443
1316.000000	0.135887
1317.000000	0.135829
1318.000000	0.128360
1319.000000	0.119028
1320.000000	0.111339
1321.000000	0.107960
1322.000000	0.110250
1323.000000	0.118148
1324.000000	0.127219
1325.000000	0.132972
1326.000000	0.135073
1327.000000	0.134590
1328.000000	0.134045
1329.000000	0.135930
1330.000000	0.141168
1331.000000	0.149471
1332.000000	0.157293
1333.000000	0.160554
1334.000000	0.156310
1335.000000	0.143789
1336.000000	0.129787
1337.000000	0.120926
1338.000000	0.115584
1339.000000	0.110505
1340.000000	0.104160
1341.000000	0.096778
1342.000000	0.093910
1343.000000	0.100056
1344.000000	0.110195
1345.000000	0.117924
1346.000000	0.120834
1347.000000	0.118604
1348.000000	0.115276
1349.000000	0.114748
1350.000000	0.115990
1351.000000	0.116986
1352.000000	0.116724
1353.000000	0.114571
1354.000000	0.110424
1355.000000	0.104869
1356.000000	0.100720
1357.000000	0.100679
1358.000000	0.104763
1359.000000	0.112110
1360.000000	0.121025
1361.000000	0.130166
1362.000000	0.140442
1363.000000	0.151958
1364.000000	0.159338
1365.000000	0.156954
1366.000000	0.143635
1367.000000	0.122401
1368.000000	0.108572
1369.000000	0.115382
1370.000000	0.135417
1371.000000	0.157178
1372.000000	0.173478
1373.000000	0.179764
1374.000000	0.177694
1375.000000	0.170639
1376.000000	0.162597
1377.000000	0.157347
1378.000000	0.157171
1379.000000	0.163564
1380.000000	0.176373
1381.000000	0.194095
1382.000000	0.211490
1383.000000	0.223655
1384.000000	0.230779
1385.000000	0.234613
1386.000000	0.238055
1387.000000	0.243430
1388.000000	0.249634
1389.000000	0.255337
1390.000000	0.261742
1391.000000	0.270248
1392.000000	0.280495
1393.000000	0.290430
1394.000000	0.292988
1395.000000	0.283165
1396.000000	0.269211
1397.000000	0.260856
1398.000000	0.260496
1399.000000	0.266705
1400.000000	0.270094
1401.000000	0.262361
1402.000000	0.247513
1403.000000	0.231685
1404.000000	0.217224
1405.000000	0.205137
1406.000000	0.194849
1407.000000	0.185386
1408.000000	0.175755
1409.000000	0.165209
1410.000000	0.153997
1411.000000	0.142663
1412.000000	0.131929
1413.000000	0.122391
1414.000000	0.113974
1415.000000	0.106601
1416.000000	0.100859
1417.000000	0.097373
1418.000000	0.096264
1419.000000	0.097204
1420.000000	0.098574
1421.000000	0.099691
1422.000000	0.104904
1423.000000	0.118159
1424.000000	0.136757
1425.000000	0.155385
1426.000000	0.164908
1427.000000	0.159857
1428.000000	0.153231
1429.000000	0.158903
1430.000000	0.175769
1431.000000	0.198354
1432.000000	0.218685
1433.000000	0.231057
1434.000000	0.241347
1435.000000	0.255938
1436.000000	0.271669
1437.000000	0.283616
1438.000000	0.289343
1439.000000	0.288522
1440.000000	0.286761
1441.000000	0.289948
1442.000000	0.299163
1443.000000	0.313736
1444.000000	0.330793
1445.000000	0.346506
1446.000000	0.355434
1447.000000	0.354156
1448.000000	0.348953
1449.000000	0.346880
1450.000000	0.348380
1451.000000	0.351787
1452.000000	0.353611
1453.000000	0.350496
1454.000000	0.341451
1455.000000	0.326940
1456.000000	0.310897
1457.000000	0.297470
1458.000000	0.288200
1459.000000	0.282300
1460.000000	0.272267
1461.000000	0.251385
1462.000000	0.222801
1463.000000	0.192176
1464.000000	0.165354
1465.000000	0.148099
1466.000000	0.145661
1467.000000	0.159155
1468.000000	0.173675
1469.000000	0.174198
1470.000000	0.161242
1471.000000	0.140233
1472.000000	0.120685
1473.000000	0.110599
1474.000000	0.107851
1475.000000	0.108136
1476.000000	0.108561
1477.000000	0.106838
1478.000000	0.101676
1479.000000	0.092666
1480.000000	0.081922
1481.000000	0.071629
1482.000000	0.061736
1483.000000	0.051801
1484.000000	0.042061
1485.000000	0.033003
1486.000000	0.025436
1487.000000	0.020053
1488.000000	0.016751
1489.000000	0.015008
1490.000000	0.013413
1491.000000	0.010471
1492.000000	0.005247
1493.000000	-0.002255
1494.000000	-0.008819
1495.000000	-0.011392
1496.000000	-0.010771
1497.000000	-0.008711
1498.000000	-0.006941
1499.000000	-0.007042
1500.000000	-0.010043
1501.000000	-0.016091
1502.000000	-0.022371
1503.000000	-0.025947
1504.000000	-0.026354
1505.000000	-0.024122
1506.000000	-0.021274
1507.000000	-0.019375
1508.000000	-0.016662
1509.000000	-0.011597
1510.000000	-0.006855
1511.000000	-0.005808
1512.000000	-0.010390
1513.000000	-0.020531
1514.000000	-0.029579
1515.000000	-0.031359
1516.000000	-0.028193
1517.000000	-0.023862
1518.000000	-0.019483
1519.000000	-0.014692
1520.000000	-0.005856
1521.000000	0.008829
1522.000000	0.020588
1523.000000	0.020640
1524.000000	0.010767
1525.000000	-0.003977
1526.000000	-0.016011
1527.000000	-0.019440
1528.000000	-0.017641
1529.000000	-0.015191
1530.000000	-0.012181
1531.000000	-0.007717
1532.000000	-0.001449
1533.000000	0.006474
1534.000000	0.014441
1535.000000	0.020993
1536.000000	0.026742
1537.000000	0.032272
1538.000000	0.035989
1539.000000	0.035633
1540.000000	0.028446
1541.000000	0.014151
1542.000000	0.002882
1543.000000	0.003996
1544.000000	0.013328
1545.000000	0.023679
1546.000000	0.029224
1547.000000	0.027581
1548.000000	0.028769
1549.000000	0.041824
1550.000000	0.059441
1551.000000	0.072203
1552.000000	0.078583
1553.000000	0.080790
1554.000000	0.088093
1555.000000	0.107175
1556.000000	0.127312
1557.000000	0.136737
1558.000000	0.136928
1559.000000	0.133104
1560.000000	0.132207
1561.000000	0.139183
1562.000000	0.149263
1563.000000	0.157143
1564.000000	0.165086
1565.000000	0.176598
1566.000000	0.192580
1567.000000	0.212429
1568.000000	0.232130
1569.000000	0.247838
1570.000000	0.259798
1571.000000	0.269143
1572.000000	0.276480
1573.000000	0.282264
1574.000000	0.286868
1575.000000	0.290591
1576.000000	0.293521
1577.000000	0.295701
1578.000000	0.297217
1579.000000	0.298022
1580.000000	0.297482
1581.000000	0.294564
1582.000000	0.287213
1583.000000	0.274484
1584.000000	0.260891
1585.000000	0.251213
1586.000000	0.245833
1587.000000	0.243530
1588.000000	0.241075
1589.000000	0.235244
1590.000000	0.224835
1591.000000	0.209911
1592.000000	0.193561
1593.000000	0.179301
1594.000000	0.169315
1595.000000	0.164535
1596.000000	0.162223
1597.000000	0.159601
1598.000000	0.157403
1599.000000	0.156962
1600.000000	0.158503
1601.000000	0.161831
1602.000000	0.166170
1603.000000	0.169856
1604.000000	0.168245
1605.000000	0.158299
1606.000000	0.146388
1607.000000	0.140190
1608.000000	0.143213
1609.000000	0.155009
1610.000000	0.163486
1611.000000	0.157898
1612.000000	0.144528
1613.000000	0.132550
1614.000000	0.125687
1615.000000	0.125392
1616.000000	0.129495
1617.000000	0.134769
1618.000000	0.137397
1619.000000	0.134398
1620.000000	0.126741
1621.000000	0.116560
1622.000000	0.106700
1623.000000	0.100096
1624.000000	0.099319
1625.000000	0.105373
1626.000000	0.113345
1627.000000	0.118124
1628.000000	0.119720
1629.000000	0.120021
1630.000000	0.123301
1631.000000	0.131869
1632.000000	0.137797
1633.000000	0.133783
1634.000000	0.125259
1635.000000	0.120102
1636.000000	0.123227
1637.000000	0.136482
1638.000000	0.152408
1639.000000	0.163355
1640.000000	0.170221
1641.000000	0.175305
1642.000000	0.177949
1643.000000	0.176729
1644.000000	0.170111
1645.000000	0.158748
1646.000000	0.152154
1647.000000	0.158857
1648.000000	0.174588
1649.000000	0.192211
1650.000000	0.205926
1651.000000	0.211489
1652.000000	0.209539
1653.000000	0.203101
1654.000000	0.199870
1655.000000	0.206059
1656.000000	0.217294
1657.000000	0.226155
1658.000000	0.223624
1659.000000	0.205226
1660.000000	0.186258
1661.000000	0.181912
1662.000000	0.187174
1663.000000	0.193071
1664.000000	0.194986
1665.000000	0.191446
1666.000000	0.189206
1667.000000	0.194030
1668.000000	0.199485
1669.000000	0.198216
1670.000000	0.191370
1671.000000	0.182496
1672.000000	0.176251
1673.000000	0.175631
1674.000000	0.175878
1675.000000	0.172357
1676.000000	0.168686
1677.000000	0.169093
1678.000000	0.171995
1679.000000	0.173108
1680.000000	0.163157
1681.000000	0.137354
1682.000000	0.113861
1683.000000	0.110510
1684.000000	0.120868
1685.000000	0.132615
1686.000000	0.134152
1687.000000	0.118711
1688.000000	0.098136
1689.000000	0.085300
1690.000000	0.078590
1691.000000	0.073602
1692.000000	0.069252
1693.000000	0.065657
1694.000000	0.064411
1695.000000	0.066203
1696.000000	0.066636
1697.000000	0.061505
1698.000000	0.052458
1699.000000	0.042743
1700.000000	0.036171
1701.000000	0.035282
1702.000000	0.036984
1703.000000	0.037730
1704.000000	0.037796
1705.000000	0.038137
1706.000000	0.038609
1707.000000	0.038935
1708.000000	0.039422
1709.000000	0.040214
1710.000000	0.040235
1711.000000	0.039180
1712.000000	0.041048
1713.000000	0.046913
1714.000000	0.041861
1715.000000	0.015481
1716.000000	-0.008623
1717.000000	-0.007654
1718.000000	0.003929
1719.000000	0.007599
1720.000000	0.005801
1721.000000	0.005000
1722.000000	0.006772
1723.000000	0.010422
1724.000000	0.011062
1725.000000	0.004770
1726.000000	-0.004314
1727.000000	-0.011066
1728.000000	-0.014496
1729.000000	-0.015188
1730.000000	-0.015877
1731.000000	-0.018236
1732.000000	-0.017531
1733.000000	-0.009907
1734.000000	-0.001423
1735.000000	0.000735
1736.000000	-0.005205
1737.000000	-0.017609
1738.000000	-0.026621
1739.000000	-0.023766
1740.000000	-0.014302
1741.000000	-0.005812
1742.000000	-0.001456
1743.000000	-0.002678
1744.000000	-0.008491
1745.000000	-0.016685
1746.000000	-0.022597
1747.000000	-0.022113
1748.000000	-0.015775
1749.000000	-0.005623
1750.000000	0.004957
1751.000000	0.012337
1752.000000	0.013271
1753.000000	0.006562
1754.000000	-0.001168
1755.000000	-0.003525
1756.000000	-0.002854
1757.000000	-0.003245
1758.000000	-0.007040
1759.000000	-0.015067
1760.000000	-0.023842
1761.000000	-0.029557
1762.000000	-0.031419
1763.000000	-0.029738
1764.000000	-0.026213
1765.000000	-0.022768
1766.000000	-0.020820
1767.000000	-0.020609
1768.000000	-0.018157
1769.000000	-0.010535
1770.000000	-0.003218
1771.000000	-0.002246
1772.000000	-0.007499
1773.000000	-0.016475
1774.000000	-0.023291
1775.000000	-0.022866
1776.000000	-0.016697
1777.000000	-0.007956
1778.000000	0.000072
1779.000000	0.004587
1780.000000	0.004845
1781.000000	0.001311
1782.000000	-0.002758
1783.000000	-0.004427
1784.000000	-0.004822
1785.000000	-0.005883
1786.000000	-0.008724
1787.000000	-0.013906
1788.000000	-0.020587
1789.000000	-0.026747
1790.000000	-0.027040
1791.000000	-0.017944
1792.000000	-0.006558
1793.000000	-0.000866
1794.000000	-0.001768
1795.000000	-0.007590
1796.000000	-0.013447
1797.000000	-0.015131
1798.000000	-0.014343
1799.000000	-0.013584
1800.000000	-0.012638
1801.000000	-0.010876
1802.000000	-0.008723
1803.000000	-0.007052
1804.000000	-0.007466
1805.000000	-0.010690
1806.000000	-0.013210
1807.000000	-0.011785
1808.000000	-0.008503
1809.000000	-0.006399
1810.000000	-0.006976
1811.000000	-0.010239
1812.000000	-0.011731
1813.000000	-0.007914
1814.000000	-0.003392
1815.000000	-0.003321
1816.000000	-0.006928
1817.000000	-0.011757
1818.000000	-0.014557
1819.000000	-0.012703
1820.000000	-0.006854
1821.000000	0.000719
1822.000000	0.004593
1823.000000	0.000406
1824.000000	-0.008817
1825.000000	-0.017701
1826.000000	-0.018847
1827.000000	-0.008527
1828.000000	0.000293
1829.000000	-0.004636
1830.000000	-0.016007
1831.000000	-0.023243
1832.000000	-0.022249
1833.000000	-0.012514
1834.000000	-0.001389
1835.000000	0.003856
1836.000000	0.004132
1837.000000	0.001984
1838.000000	-0.001704
1839.000000	-0.006355
1840.000000	-0.010970
1841.000000	-0.014362
1842.000000	-0.015014
1843.000000	-0.012151
1844.000000	-0.008293
1845.000000	-0.006214
1846.000000	-0.006407
1847.000000	-0.008488
1848.000000	-0.010853
1849.000000	-0.011154
1850.000000	-0.005299
1851.000000	0.008329
1852.000000	0.019705
1853.000000	0.018990
1854.000000	0.008739
1855.000000	-0.004662
1856.000000	-0.011889
1857.000000	-0.006603
1858.000000	0.002652
1859.000000	0.006304
1860.000000	0.005553
1861.000000	0.003846
1862.000000	0.002843
1863.000000	0.003355
1864.000000	0.004598
1865.000000	0.005696
1866.000000	0.007007
1867.000000	0.008535
1868.000000	0.007634
1869.000000	0.001951
1870.000000	-0.007050
1871.000000	-0.016124
1872.000000	-0.018708
1873.000000	-0.010808
1874.000000	-0.002027
1875.000000	-0.001830
1876.000000	-0.005547
1877.000000	-0.005985
1878.000000	-0.000000
1879.000000	0.012143
1880.000000	0.020607
1881.000000	0.016861
1882.000000	0.007182
1883.000000	-0.000037
1884.000000	-0.002745
1885.000000	-0.001026
1886.000000	0.002847
1887.000000	0.005903
1888.000000	0.004565
1889.000000	-0.003328
1890.000000	-0.013678
1891.000000	-0.021447
1892.000000	-0.024088
1893.000000	-0.020280
1894.000000	-0.011118
1895.000000	0.000891
1896.000000	0.010009
1897.000000	0.011762
1898.000000	0.009959
1899.000000	0.009305
1900.000000	0.009809
1901.000000	0.010031
1902.000000	0.007421
1903.000000	0.000839
1904.000000	-0.004117
1905.000000	-0.002235
1906.000000	0.003399
1907.000000	0.008313
1908.000000	0.010774
1909.000000	0.010266
1910.000000	0.008394
1911.000000	0.007079
1912.000000	0.007381
1913.000000	0.009660
1914.000000	0.012339
1915.000000	0.013599
1916.000000	0.012585
1917.000000	0.009033
1918.000000	0.004069
1919.000000	-0.000973
1920.000000	-0.005325
1921.000000	-0.007871
1922.000000	-0.005533
1923.000000	0.003869
1924.000000	0.016946
1925.000000	0.027991
1926.000000	0.027582
1927.000000	0.010450
1928.000000	-0.008343
1929.000000	-0.013325
1930.000000	-0.007718
1931.000000	0.001048
1932.000000	0.007410
1933.000000	0.007902
1934.000000	0.005582
1935.000000	0.004364
1936.000000	0.005052
1937.000000	0.007272
1938.000000	0.009035
1939.000000	0.008295
1940.000000	0.004385
1941.000000	-0.002385
1942.000000	-0.009181
1943.000000	-0.013154
1944.000000	-0.013909
1945.000000	-0.012202
1946.000000	-0.010937
1947.000000	-0.012746
1948.000000	-0.017014
1949.000000	-0.020860
1950.000000	-0.015576
1951.000000	0.004203
1952.000000	0.024635
1953.000000	0.031039
1954.000000	0.024589
1955.000000	0.010890
1956.000000	-0.002588
1957.000000	-0.009611
1958.000000	-0.010757
1959.000000	-0.007679
1960.000000	0.000467
1961.000000	0.013503
1962.000000	0.024666
1963.000000	0.026712
1964.000000	0.017073
1965.000000	-0.002569
1966.000000	-0.018203
1967.000000	-0.017751
1968.000000	-0.009189
1969.000000	-0.003159
1970.000000	-0.000900
1971.000000	-0.000962
1972.000000	-0.000545
1973.000000	0.002334
1974.000000	0.005038
1975.000000	0.005099
1976.000000	0.005347
1977.000000	0.008649
1978.000000	0.012730
1979.000000	0.014353
1980.000000	0.011577
1981.000000	0.004522
1982.000000	0.000267
1983.000000	0.004632
1984.000000	0.011454
1985.000000	0.013364
1986.000000	0.010156
1987.000000	0.003853
1988.000000	-0.001785
1989.000000	-0.003171
1990.000000	0.000841
1991.000000	0.009415
1992.000000	0.016231
1993.000000	0.015527
1994.000000	0.009247
1995.000000	0.001432
1996.000000	-0.003201
1997.000000	-0.001076
1998.000000	0.006141
1999.000000	0.014600
2000.000000	0.016967
2001.000000	0.008098
2002.000000	-0.004919
2003.000000	-0.012718
2004.000000	-0.009064
2005.000000	0.007297
2006.000000	0.020832
2007.000000	0.017218
2008.000000	0.003760
2009.000000	-0.008164
2010.000000	-0.012527
2011.000000	-0.006093
2012.000000	0.008542
2013.000000	0.025475
2014.000000	0.031399
2015.000000	0.017446
2016.000000	-0.000078
2017.000000	-0.003602
2018.000000	0.004343
2019.000000	0.015913
2020.000000	0.022103
2021.000000	0.016511
2022.000000	0.004298
2023.000000	-0.006986
2024.000000	-0.011808
2025.000000	-0.007069
2026.000000	0.002598
2027.000000	0.011125
2028.000000	0.014436
2029.000000	0.011113
2030.000000	0.008387
2031.000000	0.012065
2032.000000	0.013609
2033.000000	0.004534
2034.000000	-0.009094
2035.000000	-0.018539
2036.000000	-0.018927
2037.000000	-0.009173
2038.000000	0.000519
2039.000000	0.001093
2040.000000	-0.000618
2041.000000	0.003459
2042.000000	0.010466
2043.000000	0.015435
2044.000000	0.015877
2045.000000	0.011413
2046.000000	0.007622
2047.000000	0.009095
2048.000000	0.010508
2049.000000	0.006526
2050.000000	0.001687
2051.000000	0.001768
2052.000000	0.007640
2053.000000	0.017420
2054.000000	0.023109
2055.000000	0.018647
2056.000000	0.011861
2057.000000	0.011316
2058.000000	0.014661
2059.000000	0.017404
2060.000000	0.017417
2061.000000	0.014021
2062.000000	0.009978
2063.000000	0.008177
2064.000000	0.008560
2065.000000	0.010497
2066.000000	0.014009
2067.000000	0.019031
2068.000000	0.024511
2069.000000	0.029095
2070.000000	0.031223
2071.000000	0.029180
2072.000000	0.020840
2073.000000	0.006183
2074.000000	-0.005961
2075.000000	-0.007090
2076.000000	0.001146
2077.000000	0.013710
2078.000000	0.022170
2079.000000	0.020564
2080.000000	0.016214
2081.000000	0.017094
2082.000000	0.020499
2083.000000	0.021591
2084.000000	0.017675
2085.000000	0.007459
2086.000000	-0.006877
2087.000000	-0.020879
2088.000000	-0.024477
2089.000000	-0.010981
2090.000000	0.007170
2091.000000	0.016120
2092.000000	0.015468
2093.000000	0.008818
2094.000000	0.002332
2095.000000	0.001180
2096.000000	0.004005
2097.000000	0.008166
2098.000000	0.012424
2099.000000	0.016031
2100.000000	0.018815
2101.000000	0.020661
2102.000000	0.021110
2103.000000	0.019412
2104.000000	0.014007
2105.000000	0.004894
2106.000000	-0.000887
2107.000000	0.002705
2108.000000	0.010670
2109.000000	0.016220
2110.000000	0.016455
2111.000000	0.010853
2112.000000	0.004525
2113.000000	0.002656
2114.000000	0.005096
2115.000000	0.009914
2116.000000	0.013400
2117.000000	0.012501
2118.000000	0.008581
2119.000000	0.004463
2120.000000	0.004392
2121.000000	0.010614
2122.000000	0.015953
2123.000000	0.013442
2124.000000	0.006379
2125.000000	0.000086
2126.000000	-0.002288
2127.000000	0.001099
2128.000000	0.009039
2129.000000	0.018677
2130.000000	0.023613
2131.000000	0.019371
2132.000000	0.012731
2133.000000	0.011126
2134.000000	0.013364
2135.000000	0.016119
2136.000000	0.016160
2137.000000	0.011748
2138.000000	0.007026
2139.000000	0.006172
2140.000000	0.007629
2141.000000	0.009031
2142.000000	0.010524
2143.000000	0.012676
2144.000000	0.015229
2145.000000	0.017460
2146.000000	0.017620
2147.000000	0.014592
2148.000000	0.010800
2149.000000	0.008438
2150.000000	0.005229
2151.000000	-0.001173
2152.000000	-0.008932
2153.000000	-0.014867
2154.000000	-0.014597
2155.000000	-0.005762
2156.000000	0.004725
2157.000000	0.009900
2158.000000	0.011875
2159.000000	0.013955
2160.000000	0.015150
2161.000000	0.013566
2162.000000	0.007990
2163.000000	-0.001103
2164.000000	-0.007172
2165.000000	-0.004446
2166.000000	0.003695
2167.000000	0.012012
2168.000000	0.016991
2169.000000	0.016533
2170.000000	0.012476
2171.000000	0.008439
2172.000000	0.011215
2173.000000	0.024002
2174.000000	0.032433
2175.000000	0.023262
2176.000000	0.005277
2177.000000	-0.009014
2178.000000	-0.014260
2179.000000	-0.009074
2180.000000	-0.000760
2181.000000	0.003198
2182.000000	0.003297
2183.000000	0.001472
2184.000000	-0.002578
2185.000000	-0.008744
2186.000000	-0.013044
2187.000000	-0.011084
2188.000000	-0.000705
2189.000000	0.017682
2190.000000	0.035631
2191.000000	0.044480
2192.000000	0.042754
2193.000000	0.031801
2194.000000	0.017087
2195.000000	0.004535
2196.000000	-0.002224
2197.000000	-0.001372
2198.000000	0.003938
2199.000000	0.009342
2200.000000	0.010613
2201.000000	0.005716
2202.000000	0.001247
2203.000000	0.003977
2204.000000	0.012734
2205.000000	0.023397
2206.000000	0.027994
2207.000000	0.021462
2208.000000	0.014224
2209.000000	0.016380
2210.000000	0.021258
2211.000000	0.019979
2212.000000	0.011613
2213.000000	-0.001904
2214.000000	-0.015132
2215.000000	-0.022267
2216.000000	-0.019562
2217.000000	-0.006326
2218.000000	0.007969
2219.000000	0.013965
2220.000000	0.012919
2221.000000	0.008667
2222.000000	0.004741
2223.000000	0.003694
2224.000000	0.004463
2225.000000	0.005892
2226.000000	0.010081
2227.000000	0.018153
2228.000000	0.024064
2229.000000	0.022049
2230.000000	0.014624
2231.000000	0.006599
2232.000000	0.003673
2233.000000	0.009078
2234.000000	0.015277
2235.000000	0.014653
2236.000000	0.010040
2237.000000	0.006228
2238.000000	0.005383
2239.000000	0.008276
2240.000000	0.012732
2241.000000	0.015539
2242.000000	0.012275
2243.000000	0.001142
2244.000000	-0.007949
2245.000000	-0.005712
2246.000000	0.002942
2247.000000	0.010816
2248.000000	0.015771
2249.000000	0.017624
2250.000000	0.018955
2251.000000	0.021180
2252.000000	0.018280
2253.000000	0.006181
2254.000000	-0.003985
2255.000000	-0.001164
2256.000000	0.010178
2257.000000	0.022073
2258.000000	0.028055
2259.000000	0.024498
2260.000000	0.017647
2261.000000	0.013632
2262.000000	0.008267
2263.000000	-0.001921
2264.000000	-0.007230
2265.000000	0.001547
2266.000000	0.018466
2267.000000	0.033298
2268.000000	0.033818
2269.000000	0.014212
2270.000000	-0.003710
2271.000000	0.000561
2272.000000	0.014688
2273.000000	0.022160
2274.000000	0.022611
2275.000000	0.019745
2276.000000	0.017405
2277.000000	0.017795
2278.000000	0.016434
2279.000000	0.009932
2280.000000	0.005942
2281.000000	0.011120
2282.000000	0.017073
2283.000000	0.014392
2284.000000	0.004641
2285.000000	-0.007046
2286.000000	-0.012218
2287.000000	-0.004851
2288.000000	0.008072
2289.000000	0.017479
2290.000000	0.018960
2291.000000	0.011170
2292.000000	0.000378
2293.000000	-0.006319
2294.000000	-0.006109
2295.000000	0.001028
2296.000000	0.008228
2297.000000	0.009611
2298.000000	0.010112
2299.000000	0.014904
2300.000000	0.019293
2301.000000	0.017887
2302.000000	0.012357
2303.000000	0.006313
2304.000000	0.004061
2305.000000	0.008262
2306.000000	0.014300
2307.000000	0.017014
2308.000000	0.016335
2309.000000	0.013558
2310.000000	0.010348
2311.000000	0.008157
2312.000000	0.007214
2313.000000	0.007250
2314.000000	0.007228
2315.000000	0.006539
2316.000000	0.007046
2317.000000	0.010640
2318.000000	0.016839
2319.000000	0.023929
2320.000000	0.027646
2321.000000	0.024338
2322.000000	0.015353
2323.000000	0.004872
2324.000000	0.003410
2325.000000	0.016988
2326.000000	0.027311
2327.000000	0.017263
2328.000000	-0.001252
2329.000000	-0.012113
2330.000000	-0.011337
2331.000000	-0.000009
2332.000000	0.012669
2333.000000	0.017812
2334.000000	0.015933
2335.000000	0.010496
2336.000000	0.007383
2337.000000	0.010861
2338.000000	0.016330
2339.000000	0.018130
2340.000000	0.015237
2341.000000	0.009052
2342.000000	0.006027
2343.000000	0.010535
2344.000000	0.013572
2345.000000	0.006748
2346.000000	-0.002501
2347.000000	-0.005351
2348.000000	-0.003256
2349.000000	-0.000207
2350.000000	-0.000079
2351.000000	-0.004900
2352.000000	-0.009426
2353.000000	-0.008834
2354.000000	-0.007262
2355.000000	-0.008907
2356.000000	-0.009238
2357.000000	-0.003371
2358.000000	0.006276
2359.000000	0.015339
2360.000000	0.018975
2361.000000	0.014769
2362.000000	0.010491
2363.000000	0.013471
2364.000000	0.019089
2365.000000	0.021043
2366.000000	0.018257
2367.000000	0.011481
2368.000000	0.003549
2369.000000	-0.002374
2370.000000	-0.003880
2371.000000	0.000076
2372.000000	0.005849
2373.000000	0.009771
2374.000000	0.012772
2375.000000	0.016278
2376.000000	0.019094
2377.000000	0.019694
2378.000000	0.017836
2379.000000	0.014093
2380.000000	0.011002
2381.000000	0.010436
2382.000000	0.009646
2383.000000	0.006346
2384.000000	0.004717
2385.000000	0.008533
2386.000000	0.013464
2387.000000	0.014057
2388.000000	0.008474
2389.000000	-0.001871
2390.000000	-0.006177
2391.000000	0.003920
2392.000000	0.017638
2393.000000	0.022473
2394.000000	0.018183
2395.000000	0.008187
2396.000000	-0.001711
2397.000000	-0.006094
2398.000000	-0.003478
2399.000000	0.004792
2400.000000	0.009988
2401.000000	0.005253
2402.000000	-0.001412
2403.000000	-0.001111
2404.000000	0.003777
2405.000000	0.008522
2406.000000	0.010261
2407.000000	0.007437
2408.000000	0.001863
2409.000000	-0.003950
2410.000000	-0.008053
2411.000000	-0.008852
2412.000000	-0.005597
2413.000000	0.001615
2414.000000	0.010156
2415.000000	0.017050
2416.000000	0.020475
2417.000000	0.019471
2418.000000	0.015377
2419.000000	0.010514
2420.000000	0.008834
2421.000000	0.012528
2422.000000	0.015102
2423.000000	0.010076
2424.000000	-0.000297
2425.000000	-0.011459
2426.000000	-0.018364
2427.000000	-0.017008
2428.000000	-0.008040
2429.000000	0.005564
2430.000000	0.016162
2431.000000	0.017306
2432.000000	0.011985
2433.000000	0.005276
2434.000000	0.001156
2435.000000	0.002407
2436.000000	0.008130
2437.000000	0.016019
2438.000000	0.021831
2439.000000	0.021696
2440.000000	0.015187
2441.000000	0.004545
2442.000000	-0.000767
2443.000000	0.006808
2444.000000	0.019983
2445.000000	0.028839
2446.000000	0.027766
2447.000000	0.015208
2448.000000	0.001495
2449.000000	-0.003178
2450.000000	-0.001060
2451.000000	0.003389
2452.000000	0.009311
2453.000000	0.016486
2454.000000	0.023640
2455.000000	0.029079
2456.000000	0.030486
2457.000000	0.025664
2458.000000	0.013532
2459.000000	-0.004588
2460.000000	-0.018871
2461.000000	-0.020625
2462.000000	-0.014200
2463.000000	-0.005938
2464.000000	0.002873
2465.000000	0.012092
2466.000000	0.021091
2467.000000	0.028372
2468.000000	0.029430
2469.000000	0.021158
2470.000000	0.009034
2471.000000	-0.000320
2472.000000	-0.004286
2473.000000	-0.001852
2474.000000	0.005586
2475.000000	0.015482
2476.000000	0.023117
2477.000000	0.023636
2478.000000	0.013824
2479.000000	-0.006367
2480.000000	-0.025970
2481.000000	-0.033584
2482.000000	-0.027098
2483.000000	-0.008327
2484.000000	0.014501
2485.000000	0.032409
2486.000000	0.039841
2487.000000	0.034100
2488.000000	0.020495
2489.000000	0.006746
2490.000000	0.002215
2491.000000	0.012096
2492.000000	0.023261
2493.000000	0.021971
2494.000000	0.010355
2495.000000	-0.004989
2496.000000	-0.015450
2497.000000	-0.014201
2498.000000	-0.003556
2499.000000	0.010794
2500.000000	0.018804
2501.000000	0.013391
2502.000000	0.003689
2503.000000	0.000098
2504.000000	0.001865
2505.000000	0.005428
2506.000000	0.007142
2507.000000	0.004654
2508.000000	0.000849
2509.000000	-0.000829
2510.000000	0.000053
2511.000000	0.003067
2512.000000	0.007360
2513.000000	0.012389
2514.000000	0.019273
2515.000000	0.028799
2516.000000	0.038753
2517.000000	0.045863
2518.000000	0.045618
2519.000000	0.034578
2520.000000	0.014830
2521.000000	-0.008546
2522.000000	-0.024017
2523.000000	-0.022569
2524.000000	-0.011701
2525.000000	-0.001457
2526.000000	0.004461
2527.000000	0.005504
2528.000000	0.007402
2529.000000	0.014924
2530.000000	0.022735
2531.000000	0.024693
2532.000000	0.021542
2533.000000	0.015616
2534.000000	0.008712
2535.000000	0.002257
2536.000000	-0.003277
2537.000000	-0.007754
2538.000000	-0.011417
2539.000000	-0.014382
2540.000000	-0.015868
2541.000000	-0.015086
2542.000000	-0.012102
2543.000000	-0.007368
2544.000000	-0.002035
2545.000000	0.002672
2546.000000	0.005937
2547.000000	0.007324
2548.000000	0.007515
2549.000000	0.007595
2550.000000	0.009162
2551.000000	0.012774
2552.000000	0.014328
2553.000000	0.010564
2554.000000	0.006241
2555.000000	0.006207
2556.000000	0.007633
2557.000000	0.006727
2558.000000	0.003523
2559.000000	0.000213
2560.000000	0.003810
2561.000000	0.017572
2562.000000	0.024938
2563.000000	0.011933
2564.000000	-0.005238
2565.000000	-0.008309
2566.000000	-0.000950
2567.000000	0.008271
2568.000000	0.013126
2569.000000	0.010143
2570.000000	0.004540
2571.000000	0.002524
2572.000000	0.005577
2573.000000	0.012196
2574.000000	0.013668
2575.000000	0.003700
2576.000000	-0.007104
2577.000000	-0.007580
2578.000000	-0.001212
2579.000000	0.004623
2580.000000	0.001623
2581.000000	-0.013741
2582.000000	-0.024985
2583.000000	-0.016734
2584.000000	0.001942
2585.000000	0.017714
2586.000000	0.024652
2587.000000	0.020672
2588.000000	0.011675
2589.000000	0.004646
2590.000000	0.002930
2591.000000	0.007069
2592.000000	0.010035
2593.000000	0.005905
2594.000000	0.000747
2595.000000	0.001047
2596.000000	0.002980
2597.000000	0.001906
2598.000000	0.000245
2599.000000	0.001137
2600.000000	0.003537
2601.000000	0.005046
2602.000000	0.002023
2603.000000	-0.006778
2604.000000	-0.011789
2605.000000	-0.004708
2606.000000	0.006892
2607.000000	0.013542
2608.000000	0.014054
2609.000000	0.010018
2610.000000	0.005839
2611.000000	0.005549
2612.000000	0.008865
2613.000000	0.013254
2614.000000	0.011513
2615.000000	-0.000894
2616.000000	-0.013153
2617.000000	-0.013935
2618.000000	-0.005211
2619.000000	0.007326
2620.000000	0.016401
2621.000000	0.016277
2622.000000	0.008959
2623.000000	-0.000887
2624.000000	-0.005706
2625.000000	-0.000808
2626.000000	0.004146
2627.000000	-0.000163
2628.000000	-0.007318
2629.000000	-0.009593
2630.000000	-0.009743
2631.000000	-0.011799
2632.000000	-0.014401
2633.000000	-0.014836
2634.000000	-0.010377
2635.000000	-0.000119
2636.000000	0.009547
2637.000000	0.012947
2638.000000	0.014581
2639.000000	0.019426
2640.000000	0.024199
2641.000000	0.024597
2642.000000	0.020495
2643.000000	0.012957
2644.000000	0.003629
2645.000000	-0.005810
2646.000000	-0.014120
2647.000000	-0.019552
2648.000000	-0.017879
2649.000000	-0.006527
2650.000000	0.007993
2651.000000	0.017940
2652.000000	0.019743
2653.000000	0.012587
2654.000000	0.002509
2655.000000	-0.003834
2656.000000	-0.004162
2657.000000	0.000598
2658.000000	0.001059
2659.000000	-0.009868
2660.000000	-0.021607
2661.000000	-0.023154
2662.000000	-0.019455
2663.000000	-0.017150
2664.000000	-0.013719
2665.000000	-0.005590
2666.000000	0.005854
2667.000000	0.017307
2668.000000	0.022727
2669.000000	0.018070
2670.000000	0.010011
2671.000000	0.005283
2672.000000	0.000128
2673.000000	-0.008995
2674.000000	-0.014279
2675.000000	-0.008559
2676.000000	0.001417
2677.000000	0.006879
2678.000000	0.004892
2679.000000	-0.003453
2680.000000	-0.006793
2681.000000	0.003463
2682.000000	0.014548
2683.000000	0.012702
2684.000000	0.001551
2685.000000	-0.011030
2686.000000	-0.017544
2687.000000	-0.013066
2688.000000	-0.002583
2689.000000	0.006728
2690.000000	0.008846
2691.000000	0.000832
2692.000000	-0.009090
2693.000000	-0.012142
2694.000000	-0.008494
2695.000000	-0.001293
2696.000000	0.003368
2697.000000	0.000975
2698.000000	-0.003712
2699.000000	-0.005053
2700.000000	-0.003150
2701.000000	-0.000176
2702.000000	-0.000836
2703.000000	-0.007862
2704.000000	-0.013564
2705.000000	-0.010446
2706.000000	-0.002225
2707.000000	0.005124
2708.000000	0.007785
2709.000000	0.004101
2710.000000	-0.001129
2711.000000	-0.002631
2712.000000	0.000293
2713.000000	0.006202
2714.000000	0.009659
2715.000000	0.006666
2716.000000	0.002987
2717.000000	0.004534
2718.000000	0.008068
2719.000000	0.009260
2720.000000	0.008582
2721.000000	0.007495
2722.000000	0.006606
2723.000000	0.006173
2724.000000	0.005895
2725.000000	0.005466
2726.000000	0.005119
2727.000000	0.005307
2728.000000	0.006836
2729.000000	0.010032
2730.000000	0.012943
2731.000000	0.013400
2732.000000	0.010637
2733.000000	0.005110
2734.000000	0.000772
2735.000000	0.001489
2736.000000	0.007295
2737.000000	0.016101
2738.000000	0.021153
2739.000000	0.016822
2740.000000	0.006652
2741.000000	-0.004052
2742.000000	-0.012110
2743.000000	-0.015562
2744.000000	-0.015211
2745.000000	-0.012673
2746.000000	-0.010055
2747.000000	-0.009014
2748.000000	-0.008928
2749.000000	-0.008434
2750.000000	-0.005502
2751.000000	0.000373
2752.000000	0.002928
2753.000000	-0.002958
2754.000000	-0.011061
2755.000000	-0.014208
2756.000000	-0.012782
2757.000000	-0.009022
2758.000000	-0.005021
2759.000000	-0.002584
2760.000000	-0.002492
2761.000000	-0.005207
2762.000000	-0.010930
2763.000000	-0.018403
2764.000000	-0.020799
2765.000000	-0.012929
2766.000000	-0.001717
2767.000000	0.004501
2768.000000	0.003856
2769.000000	-0.003257
2770.000000	-0.013855
2771.000000	-0.024403
2772.000000	-0.031752
2773.000000	-0.033370
2774.000000	-0.028811
2775.000000	-0.018952
2776.000000	-0.007885
2777.000000	-0.000055
2778.000000	0.001882
2779.000000	-0.003059
2780.000000	-0.010968
2781.000000	-0.017392
2782.000000	-0.020603
2783.000000	-0.020002
2784.000000	-0.016794
2785.000000	-0.012407
2786.000000	-0.007351
2787.000000	-0.002280
2788.000000	0.000662
2789.000000	-0.000711
2790.000000	-0.007271
2791.000000	-0.017792
2792.000000	-0.023987
2793.000000	-0.019200
2794.000000	-0.010364
2795.000000	-0.006382
2796.000000	-0.010439
2797.000000	-0.021488
2798.000000	-0.027265
2799.000000	-0.018468
2800.000000	-0.008870
2801.000000	-0.012289
2802.000000	-0.019656
2803.000000	-0.020325
2804.000000	-0.020240
2805.000000	-0.026138
2806.000000	-0.031346
2807.000000	-0.027821
2808.000000	-0.015450
2809.000000	0.001676
2810.000000	0.010585
2811.000000	0.001830
2812.000000	-0.011053
2813.000000	-0.014070
2814.000000	-0.014373
2815.000000	-0.020844
2816.000000	-0.028128
2817.000000	-0.029346
2818.000000	-0.025764
2819.000000	-0.020656
2820.000000	-0.017193
2821.000000	-0.017354
2822.000000	-0.018445
2823.000000	-0.016988
2824.000000	-0.011029
2825.000000	-0.001020
2826.000000	0.004486
2827.000000	-0.001747
2828.000000	-0.013590
2829.000000	-0.022525
2830.000000	-0.023849
2831.000000	-0.015273
2832.000000	-0.000359
2833.000000	0.016035
2834.000000	0.029718
2835.000000	0.037852
2836.000000	0.042349
2837.000000	0.044874
2838.000000	0.041350
2839.000000	0.029479
2840.000000	0.019812
2841.000000	0.022465
2842.000000	0.032958
2843.000000	0.044759
2844.000000	0.057725
2845.000000	0.073175
2846.000000	0.091875
2847.000000	0.113116
2848.000000	0.130835
2849.000000	0.140200
2850.000000	0.146664
2851.000000	0.155655
2852.000000	0.162218
2853.000000	0.161735
2854.000000	0.161313
2855.000000	0.168204
2856.000000	0.178513
2857.000000	0.186929
2858.000000	0.193630
2859.000000	0.201053
2860.000000	0.215167
2861.000000	0.239812
2862.000000	0.266757
2863.000000	0.286446
2864.000000	0.296072
2865.000000	0.297641
2866.000000	0.305647
2867.000000	0.331867
2868.000000	0.364715
2869.000000	0.389786
2870.000000	0.404762
2871.000000	0.411414
2872.000000	0.415783
2873.000000	0.422714
2874.000000	0.427997
2875.000000	0.428612
2876.000000	0.435361
2877.000000	0.456785
2878.000000	0.478568
2879.000000	0.485833
2880.000000	0.484311
2881.000000	0.482023
2882.000000	0.475550
2883.000000	0.460785
2884.000000	0.442311
2885.000000	0.427191
2886.000000	0.423728
2887.000000	0.435742
2888.000000	0.447873
2889.000000	0.446872
2890.000000	0.447120
2891.000000	0.463387
2892.000000	0.484379
2893.000000	0.496410
2894.000000	0.502286
2895.000000	0.507569
2896.000000	0.512355
2897.000000	0.515909
2898.000000	0.519639
2899.000000	0.526105
2900.000000	0.540320
2901.000000	0.563729
2902.000000	0.581042
2903.000000	0.580170
2904.000000	0.578558
2905.000000	0.594362
2906.000000	0.619032
2907.000000	0.638950
2908.000000	0.646925
2909.000000	0.640504
2910.000000	0.629769
2911.000000	0.627118
2912.000000	0.641673
2913.000000	0.677912
2914.000000	0.725010
2915.000000	0.768495
2916.000000	0.794613
2917.000000	0.794755
2918.000000	0.780167
2919.000000	0.766509
2920.000000	0.767247
2921.000000	0.790415
2922.000000	0.824525
2923.000000	0.855420
2924.000000	0.877803
2925.000000	0.891128
2926.000000	0.904993
2927.000000	0.928229
2928.000000	0.956446
2929.000000	0.981454
2930.000000	0.993073
2931.000000	0.986430
2932.000000	0.979882
2933.000000	0.989626
2934.000000	1.000000
2935.000000	0.992836
2936.000000	0.971800
2937.000000	0.945926
2938.000000	0.923878
2939.000000	0.911009
2940.000000	0.899806
2941.000000	0.882502
2942.000000	0.863169
2943.000000	0.848738
2944.000000	0.845734
2945.000000	0.854610
2946.000000	0.851945
2947.000000	0.816825
2948.000000	0.762227
2949.000000	0.708441
2950.000000	0.671114
2951.000000	0.659346
2952.000000	0.660681
2953.000000	0.658724
2954.000000	0.642880
2955.000000	0.610660
2956.000000	0.586188
2957.000000	0.590180
2958.000000	0.603111
2959.000000	0.601464
2960.000000	0.586001
2961.000000	0.563448
2962.000000	0.540094
2963.000000	0.521874
2964.000000	0.513731
2965.000000	0.517434
2966.000000	0.523059
2967.000000	0.518991
2968.000000	0.498558
2969.000000	0.462316
2970.000000	0.434785
2971.000000	0.437688
2972.000000	0.457598
2973.000000	0.473354
2974.000000	0.468009
2975.000000	0.433597
2976.000000	0.393854
2977.000000	0.372805
2978.000000	0.363925
2979.000000	0.355123
2980.000000	0.342599
2981.000000	0.327970
2982.000000	0.326229
2983.000000	0.347200
2984.000000	0.366654
2985.000000	0.360233
2986.000000	0.337126
2987.000000	0.313477
2988.000000	0.299701
2989.000000	0.299993
2990.000000	0.299396
2991.000000	0.283643
2992.000000	0.260385
2993.000000	0.240978
2994.000000	0.229686
2995.000000	0.226308
2996.000000	0.219876
2997.000000	0.201223
2998.000000	0.179152
2999.000000	0.165070
3000.000000	0.162845
3001.000000	0.170727
3002.000000	0.172047
3003.000000	0.153272
3004.000000	0.128322
3005.000000	0.113229
3006.000000	0.105011
3007.000000	0.097227
3008.000000	0.088602
3009.000000	0.080031
3010.000000	0.075933
3011.000000	0.078821
3012.000000	0.080071
3013.000000	0.072203
3014.000000	0.063450
3015.000000	0.062520
3016.000000	0.064295
3017.000000	0.062157
3018.000000	0.057299
3019.000000	0.052172
3020.000000	0.046441
3021.000000	0.039230
3022.000000	0.030281
3023.000000	0.019873
3024.000000	0.009819
3025.000000	0.002102
3026.000000	-0.002153
3027.000000	-0.002633
3028.000000	-0.001416
3029.000000	-0.000881
3030.000000	-0.002230
3031.000000	-0.006205
3032.000000	-0.012896
3033.000000	-0.021076
3034.000000	-0.024895
3035.000000	-0.019567
3036.000000	-0.009174
3037.000000	0.000444
3038.000000	0.005297
3039.000000	0.003325
3040.000000	-0.001653
3041.000000	-0.005107
3042.000000	-0.005542
3043.000000	-0.002407
3044.000000	0.004100
3045.000000	0.012664
3046.000000	0.018258
3047.000000	0.017116
3048.000000	0.014226
3049.000000	0.015200
3050.000000	0.019390
3051.000000	0.025211
3052.000000	0.033592
3053.000000	0.045170
3054.000000	0.056889
3055.000000	0.064945
3056.000000	0.066237
3057.000000	0.061205
3058.000000	0.063748
3059.000000	0.083261
3060.000000	0.097651
3061.000000	0.086789
3062.000000	0.069879
3063.000000	0.068150
3064.000000	0.071593
3065.000000	0.067223
3066.000000	0.061374
3067.000000	0.063229
3068.000000	0.074039
3069.000000	0.090997
3070.000000	0.102986
3071.000000	0.100654
3072.000000	0.090006
3073.000000	0.080166
3074.000000	0.077378
3075.000000	0.084497
3076.000000	0.093713
3077.000000	0.097307
3078.000000	0.098602
3079.000000	0.100978
3080.000000	0.097006
3081.000000	0.081081
3082.000000	0.065701
3083.000000	0.063399
3084.000000	0.068743
3085.000000	0.071713
3086.000000	0.061903
3087.000000	0.035827
3088.000000	0.018076
3089.000000	0.029251
3090.000000	0.045919
3091.000000	0.042996
3092.000000	0.032822
3093.000000	0.031065
3094.000000	0.029267
3095.000000	0.017851
3096.000000	0.006895
3097.000000	0.007645
3098.000000	0.016373
3099.000000	0.025697
3100.000000	0.028603
3101.000000	0.020891
3102.000000	0.009244
3103.000000	0.001204
3104.000000	-0.003148
3105.000000	-0.005917
3106.000000	-0.010488
3107.000000	-0.018208
3108.000000	-0.020992
3109.000000	-0.012327
3110.000000	-0.001411
3111.000000	0.001704
3112.000000	-0.000734
3113.000000	-0.004151
3114.000000	-0.006963
3115.000000	-0.008914
3116.000000	-0.012076
3117.000000	-0.018115
3118.000000	-0.024733
3119.000000	-0.028799
3120.000000	-0.027799
3121.000000	-0.020491
3122.000000	-0.010097
3123.000000	-0.001787
3124.000000	-0.004062
3125.000000	-0.020440
3126.000000	-0.031192
3127.000000	-0.019162
3128.000000	-0.000745
3129.000000	0.004702
3130.000000	-0.000477
3131.000000	-0.008849
3132.000000	-0.014324
3133.000000	-0.013639
3134.000000	-0.013479
3135.000000	-0.019948
3136.000000	-0.026864
3137.000000	-0.026841
3138.000000	-0.019959
3139.000000	-0.009143
3140.000000	-0.001230
3141.000000	-0.001646
3142.000000	-0.006262
3143.000000	-0.010014
3144.000000	-0.013654
3145.000000	-0.018399
3146.000000	-0.021502
3147.000000	-0.020154
3148.000000	-0.015273
3149.000000	-0.009106
3150.000000	-0.005503
3151.000000	-0.007505
3152.000000	-0.013319
3153.000000	-0.020064
3154.000000	-0.025339
3155.000000	-0.026636
3156.000000	-0.020527
3157.000000	-0.006377
3158.000000	0.004357
3159.000000	0.002101
3160.000000	-0.003103
3161.000000	-0.000391
3162.000000	0.004765
3163.000000	0.004900
3164.000000	0.000910
3165.000000	-0.004549
3166.000000	-0.010144
3167.000000	-0.015259
3168.000000	-0.020824
3169.000000	-0.026211
3170.000000	-0.023023
3171.000000	-0.006428
3172.000000	0.006365
3173.000000	-0.000636
3174.000000	-0.016524
3175.000000	-0.026461
3176.000000	-0.026778
3177.000000	-0.018653
3178.000000	-0.011480
3179.000000	-0.013200
3180.000000	-0.017721
3181.000000	-0.017703
3182.000000	-0.014833
3183.000000	-0.012007
3184.000000	-0.007918
3185.000000	-0.001327
3186.000000	0.004541
3187.000000	0.006561
3188.000000	0.006469
3189.000000	0.006796
3190.000000	0.008397
3191.000000	0.010847
3192.000000	0.010288
3193.000000	0.003601
3194.000000	-0.005954
3195.000000	-0.013808
3196.000000	-0.016533
3197.000000	-0.012736
3198.000000	-0.008030
3199.000000	-0.007473
3200.000000	-0.006891
3201.000000	-0.001283
3202.000000	0.008421
3203.000000	0.018188
3204.000000	0.017502
3205.000000	-0.000162
3206.000000	-0.018874
3207.000000	-0.022277
3208.000000	-0.014757
3209.000000	-0.005052
3210.000000	0.001450
3211.000000	0.002312
3212.000000	0.003568
3213.000000	0.010557
3214.000000	0.017366
3215.000000	0.017846
3216.000000	0.016153
3217.000000	0.017256
3218.000000	0.019077
3219.000000	0.018208
3220.000000	0.012961
3221.000000	0.004067
3222.000000	0.000221
3223.000000	0.007475
3224.000000	0.013351
3225.000000	0.006580
3226.000000	-0.000736
3227.000000	0.004428
3228.000000	0.015411
3229.000000	0.022338
3230.000000	0.022151
3231.000000	0.014535
3232.000000	0.003320
3233.000000	-0.006162
3234.000000	-0.006708
3235.000000	0.005747
3236.000000	0.020850
3237.000000	0.027034
3238.000000	0.022303
3239.000000	0.009609
3240.000000	0.002114
3241.000000	0.009710
3242.000000	0.018997
3243.000000	0.015190
3244.000000	0.001251
3245.000000	-0.014246
3246.000000	-0.018015
3247.000000	-0.000938
3248.000000	0.024724
3249.000000	0.043092
3250.000000	0.045201
3251.000000	0.028728
3252.000000	0.011011
3253.000000	0.008850
3254.000000	0.017239
3255.000000	0.026433
3256.000000	0.029526
3257.000000	0.023747
3258.000000	0.020013
3259.000000	0.028062
3260.000000	0.039213
3261.000000	0.042147
3262.000000	0.033417
3263.000000	0.015786
3264.000000	0.008983
3265.000000	0.027600
3266.000000	0.048705
3267.000000	0.047933
3268.000000	0.032698
3269.000000	0.017285
3270.000000	0.011669
3271.000000	0.021122
3272.000000	0.036410
3273.000000	0.046627
3274.000000	0.048695
3275.000000	0.042985
3276.000000	0.035832
3277.000000	0.033297
3278.000000	0.034385
3279.000000	0.036649
3280.000000	0.038893
3281.000000	0.040468
3282.000000	0.041655
3283.000000	0.043060
3284.000000	0.045659
3285.000000	0.049711
3286.000000	0.052243
3287.000000	0.050544
3288.000000	0.046195
3289.000000	0.042395
3290.000000	0.044512
3291.000000	0.055369
3292.000000	0.065434
3293.000000	0.065525
3294.000000	0.060209
3295.000000	0.056723
3296.000000	0.059246
3297.000000	0.068120
3298.000000	0.071405
3299.000000	0.059941
3300.000000	0.047958
3301.000000	0.050078
3302.000000	0.059105
3303.000000	0.064681
3304.000000	0.065630
3305.000000	0.063613
3306.000000	0.062451
3307.000000	0.064880
3308.000000	0.067147
3309.000000	0.065526
3310.000000	0.062904
3311.000000	0.062064
3312.000000	0.058772
3313.000000	0.049314
3314.000000	0.039084
3315.000000	0.034774
3316.000000	0.039150
3317.000000	0.051410
3318.000000	0.060396
3319.000000	0.056887
3320.000000	0.049754
3321.000000	0.050215
3322.000000	0.060772
3323.000000	0.078965
3324.000000	0.091193
3325.000000	0.085977
3326.000000	0.071481
3327.000000	0.059296
3328.000000	0.055087
3329.000000	0.060498
3330.000000	0.067021
3331.000000	0.065788
3332.000000	0.056649
3333.000000	0.042786
3334.000000	0.031999
3335.000000	0.030819
3336.000000	0.036094
3337.000000	0.042510
3338.000000	0.045796
3339.000000	0.043930
3340.000000	0.042856
3341.000000	0.047942
3342.000000	0.054276
3343.000000	0.056327
3344.000000	0.056359
3345.000000	0.057637
3346.000000	0.059631
3347.000000	0.061249
3348.000000	0.062948
3349.000000	0.064724
3350.000000	0.063176
3351.000000	0.056026
3352.000000	0.048877
3353.000000	0.047800
3354.000000	0.052853
3355.000000	0.061662
3356.000000	0.068133
3357.000000	0.066835
3358.000000	0.058703
3359.000000	0.046627
3360.000000	0.034961
3361.000000	0.027666
3362.000000	0.025657
3363.000000	0.029385
3364.000000	0.040489
3365.000000	0.058141
3366.000000	0.070463
3367.000000	0.067910
3368.000000	0.061326
3369.000000	0.062985
3370.000000	0.070509
3371.000000	0.077596
3372.000000	0.076915
3373.000000	0.064153
3374.000000	0.048099
3375.000000	0.038805
3376.000000	0.038261
3377.000000	0.044452
3378.000000	0.047409
3379.000000	0.038910
3380.000000	0.025682
3381.000000	0.017479
3382.000000	0.021206
3383.000000	0.038650
3384.000000	0.053969
3385.000000	0.052490
3386.000000	0.041844
3387.000000	0.033021
3388.000000	0.028137
3389.000000	0.027059
3390.000000	0.029535
3391.000000	0.034607
3392.000000	0.038622
3393.000000	0.038020
3394.000000	0.032327
3395.000000	0.023269
3396.000000	0.018304
3397.000000	0.023823
3398.000000	0.036225
3399.000000	0.049312
3400.000000	0.056490
3401.000000	0.053149
3402.000000	0.043000
3403.000000	0.031669
3404.000000	0.024125
3405.000000	0.023770
3406.000000	0.028388
3407.000000	0.034416
3408.000000	0.038520
3409.000000	0.038170
3410.000000	0.033815
3411.000000	0.027368
3412.000000	0.023612
3413.000000	0.026199
3414.000000	0.031381
3415.000000	0.034231
3416.000000	0.032497
3417.000000	0.026093
3418.000000	0.020933
3419.000000	0.022353
3420.000000	0.027390
3421.000000	0.031465
3422.000000	0.031827
3423.000000	0.027481
3424.000000	0.022638
3425.000000	0.021459
3426.000000	0.022697
3427.000000	0.023687
3428.000000	0.021488
3429.000000	0.014919
3430.000000	0.010103
3431.000000	0.013280
3432.000000	0.023859
3433.000000	0.037971
3434.000000	0.045481
3435.000000	0.037745
3436.000000	0.018346
3437.000000	-0.004227
3438.000000	-0.014089
3439.000000	-0.000750
3440.000000	0.017320
3441.000000	0.021063
3442.000000	0.018040
3443.000000	0.019016
3444.000000	0.020954
3445.000000	0.018571
3446.000000	0.011397
3447.000000	0.001286
3448.000000	-0.005435
3449.000000	-0.003596
3450.000000	0.002887
3451.000000	0.008662
3452.000000	0.011736
3453.000000	0.011724
3454.000000	0.011323
3455.000000	0.012305
3456.000000	0.009679
3457.000000	-0.000358
3458.000000	-0.010079
3459.000000	-0.011020
3460.000000	-0.003302
3461.000000	0.009505
3462.000000	0.018632
3463.000000	0.017024
3464.000000	0.009679
3465.000000	0.003574
3466.000000	0.001547
3467.000000	0.004524
3468.000000	0.009932
3469.000000	0.014338
3470.000000	0.014362
3471.000000	0.008421
3472.000000	0.002050
3473.000000	0.000901
3474.000000	0.003962
3475.000000	0.008338
3476.000000	0.010269
3477.000000	0.007450
3478.000000	0.004252
3479.000000	0.005128
3480.000000	0.008176
3481.000000	0.010035
3482.000000	0.007853
3483.000000	0.001359
3484.000000	0.000089
3485.000000	0.010966
3486.000000	0.020663
3487.000000	0.016073
3488.000000	0.005232
3489.000000	-0.001359
3490.000000	-0.004472
3491.000000	-0.006314
3492.000000	-0.003565
3493.000000	0.006216
3494.000000	0.016421
3495.000000	0.020153
3496.000000	0.018403
3497.000000	0.013541
3498.000000	0.005554
3499.000000	-0.005065
3500.000000	-0.013405
3501.000000	-0.014835
3502.000000	-0.010252
3503.000000	-0.002150
3504.000000	0.006119
3505.000000	0.011433
3506.000000	0.012441
3507.000000	0.008156
3508.000000	-0.002720
3509.000000	-0.018735
3510.000000	-0.027110
3511.000000	-0.016999
3512.000000	0.003396
3513.000000	0.021456
3514.000000	0.025949
3515.000000	0.011204
3516.000000	-0.007589
3517.000000	-0.014373
3518.000000	-0.010475
3519.000000	-0.001954
3520.000000	0.003587
3521.000000	0.001132
3522.000000	-0.002448
3523.000000	-0.000510
3524.000000	0.000800
3525.000000	-0.004796
3526.000000	-0.011303
3527.000000	-0.011867
3528.000000	-0.008472
3529.000000	-0.005320
3530.000000	-0.006637
3531.000000	-0.014193
3532.000000	-0.019912
3533.000000	-0.016146
3534.000000	-0.006799
3535.000000	0.001455
3536.000000	0.002425
3537.000000	-0.006427
3538.000000	-0.013511
3539.000000	-0.007896
3540.000000	0.004592
3541.000000	0.014101
3542.000000	0.011444
3543.000000	-0.007277
3544.000000	-0.025480
3545.000000	-0.026615
3546.000000	-0.014744
3547.000000	0.000523
3548.000000	0.007985
3549.000000	0.000878
3550.000000	-0.008223
3551.000000	-0.006992
3552.000000	-0.003428
3553.000000	-0.006953
3554.000000	-0.012368
3555.000000	-0.011986
3556.000000	-0.002800
3557.000000	0.013702
3558.000000	0.022718
3559.000000	0.012011
3560.000000	-0.007086
3561.000000	-0.019737
3562.000000	-0.020658
3563.000000	-0.010019
3564.000000	-0.000246
3565.000000	-0.002254
3566.000000	-0.008646
3567.000000	-0.010057
3568.000000	-0.007554
3569.000000	-0.004685
3570.000000	-0.004498
3571.000000	-0.008088
3572.000000	-0.009233
3573.000000	-0.003128
3574.000000	0.002058
3575.000000	-0.001249
3576.000000	-0.005266
3577.000000	-0.002612
3578.000000	-0.002862
3579.000000	-0.014731
3580.000000	-0.026528
3581.000000	-0.025846
3582.000000	-0.017814
3583.000000	-0.010315
3584.000000	-0.004723
3585.000000	-0.001178
3586.000000	-0.001390
3587.000000	-0.006613
3588.000000	-0.014688
3589.000000	-0.021942
3590.000000	-0.022039
3591.000000	-0.011487
3592.000000	-0.000820
3593.000000	-0.000353
3594.000000	-0.005487
3595.000000	-0.009196
3596.000000	-0.009653
3597.000000	-0.007224
3598.000000	-0.005835
3599.000000	-0.010300
3600.000000	-0.025436
