400.000000	-0.052576
401.000000	-0.011201
402.000000	0.008051
403.000000	0.009044
404.000000	-0.004360
405.000000	-0.025398
406.000000	-0.035708
407.000000	-0.021045
408.000000	0.004774
409.000000	0.023611
410.000000	0.028116
411.000000	0.015022
412.000000	-0.013387
413.000000	-0.051337
414.000000	-0.084649
415.000000	-0.098474
416.000000	-0.083684
417.000000	-0.041262
418.000000	-0.006919
419.000000	-0.014883
420.000000	-0.058736
421.000000	-0.116997
422.000000	-0.148580
423.000000	-0.121892
424.000000	-0.062921
425.000000	-0.007956
426.000000	0.023078
427.000000	0.020983
428.000000	0.003106
429.000000	-0.011024
430.000000	-0.019695
431.000000	-0.026034
432.000000	-0.034704
433.000000	-0.049171
434.000000	-0.066567
435.000000	-0.082618
436.000000	-0.093773
437.000000	-0.096201
438.000000	-0.084244
439.000000	-0.055472
440.000000	-0.022185
441.000000	0.000866
442.000000	0.003871
443.000000	-0.016637
444.000000	-0.043680
445.000000	-0.059404
446.000000	-0.062891
447.000000	-0.058848
448.000000	-0.057539
449.000000	-0.066760
450.000000	-0.078866
451.000000	-0.084087
452.000000	-0.079604
453.000000	-0.066816
454.000000	-0.057048
455.000000	-0.060390
456.000000	-0.072054
457.000000	-0.083583
458.000000	-0.086722
459.000000	-0.076251
460.000000	-0.058902
461.000000	-0.042928
462.000000	-0.030710
463.000000	-0.022421
464.000000	-0.015266
465.000000	-0.007102
466.000000	-0.001377
467.000000	-0.002248
468.000000	-0.011132
469.000000	-0.027186
470.000000	-0.043262
471.000000	-0.052449
472.000000	-0.055092
473.000000	-0.053671
474.000000	-0.051946
475.000000	-0.053057
476.000000	-0.056373
477.000000	-0.060620
478.000000	-0.065713
479.000000	-0.072185
480.000000	-0.081840
481.000000	-0.095367
482.000000	-0.107732
483.000000	-0.113043
484.000000	-0.107703
485.000000	-0.090711
486.000000	-0.069148
487.000000	-0.050580
488.000000	-0.036429
489.000000	-0.026148
490.000000	-0.017443
491.000000	-0.008681
492.000000	-0.002614
493.000000	-0.002318
494.000000	-0.007780
495.000000	-0.017306
496.000000	-0.025566
497.000000	-0.027709
498.000000	-0.024426
499.000000	-0.017887
500.000000	-0.010641
501.000000	-0.006172
502.000000	-0.011332
503.000000	-0.030777
504.000000	-0.057020
505.000000	-0.078043
506.000000	-0.075859
507.000000	-0.039509
508.000000	0.007884
509.000000	0.038901
510.000000	0.043028
511.000000	0.019947
512.000000	-0.006783
513.000000	-0.014744
514.000000	-0.009953
515.000000	-0.005254
516.000000	-0.012358
517.000000	-0.037685
518.000000	-0.067629
519.000000	-0.086566
520.000000	-0.090844
521.000000	-0.080902
522.000000	-0.061592
523.000000	-0.038824
524.000000	-0.018343
525.000000	-0.004893
526.000000	0.000606
527.000000	0.000224
528.000000	0.004165
529.000000	0.021063
530.000000	0.045138
531.000000	0.067116
532.000000	0.078162
533.000000	0.073179
534.000000	0.061569
535.000000	0.053898
536.000000	0.050873
537.000000	0.049545
538.000000	0.042185
539.000000	0.023278
540.000000	0.000956
541.000000	-0.014690
542.000000	-0.019365
543.000000	-0.012471
544.000000	-0.002399
545.000000	0.002368
546.000000	0.001953
547.000000	-0.001259
548.000000	-0.004462
549.000000	-0.005233
550.000000	-0.003120
551.000000	0.001509
552.000000	0.006961
553.000000	0.010924
554.000000	0.009916
555.000000	0.001832
556.000000	-0.008768
557.000000	-0.016431
558.000000	-0.018788
559.000000	-0.015433
560.000000	-0.010723
561.000000	-0.008881
562.000000	-0.008820
563.000000	-0.008183
564.000000	-0.004848
565.000000	0.002656
566.000000	0.013415
567.000000	0.025508
568.000000	0.035361
569.000000	0.038653
570.000000	0.029727
571.000000	0.006223
572.000000	-0.019681
573.000000	-0.034641
574.000000	-0.035178
575.000000	-0.023759
576.000000	-0.016767
577.000000	-0.029081
578.000000	-0.055648
579.000000	-0.086529
580.000000	-0.112172
581.000000	-0.123851
582.000000	-0.115764
583.000000	-0.085725
584.000000	-0.043080
585.000000	-0.001176
586.000000	0.022182
587.000000	0.014233
588.000000	-0.013139
589.000000	-0.043480
590.000000	-0.066699
591.000000	-0.075017
592.000000	-0.063554
593.000000	-0.031501
594.000000	0.008552
595.000000	0.041766
596.000000	0.057713
597.000000	0.050855
598.000000	0.030822
599.000000	0.009393
600.000000	-0.008211
601.000000	-0.018769
602.000000	-0.020484
603.000000	-0.013928
604.000000	-0.007712
605.000000	-0.010543
606.000000	-0.023472
607.000000	-0.044264
608.000000	-0.065185
609.000000	-0.078140
610.000000	-0.079094
611.000000	-0.066144
612.000000	-0.041870
613.000000	-0.013585
614.000000	-0.003070
615.000000	-0.027419
616.000000	-0.070524
617.000000	-0.108113
618.000000	-0.116471
619.000000	-0.082367
620.000000	-0.033952
621.000000	-0.003191
622.000000	0.004076
623.000000	-0.008584
624.000000	-0.026094
625.000000	-0.035182
626.000000	-0.041315
627.000000	-0.052589
628.000000	-0.068869
629.000000	-0.084781
630.000000	-0.082213
631.000000	-0.048087
632.000000	-0.002198
633.000000	0.029445
634.000000	0.028849
635.000000	-0.010245
636.000000	-0.055179
637.000000	-0.072042
638.000000	-0.060813
639.000000	-0.031897
640.000000	-0.003494
641.000000	0.009593
642.000000	0.013963
643.000000	0.019431
644.000000	0.027290
645.000000	0.035307
646.000000	0.035681
647.000000	0.022605
648.000000	0.003820
649.000000	-0.010855
650.000000	-0.016830
651.000000	-0.013533
652.000000	-0.011227
653.000000	-0.019639
654.000000	-0.035501
655.000000	-0.052308
656.000000	-0.063590
657.000000	-0.065211
658.000000	-0.062332
659.000000	-0.060956
660.000000	-0.061159
661.000000	-0.061079
662.000000	-0.057038
663.000000	-0.046191
664.000000	-0.030857
665.000000	-0.014401
666.000000	0.000791
667.000000	0.012720
668.000000	0.019969
669.000000	0.021300
670.000000	0.015616
671.000000	0.002365
672.000000	-0.016952
673.000000	-0.038713
674.000000	-0.052857
675.000000	-0.050979
676.000000	-0.037742
677.000000	-0.021283
678.000000	-0.010577
679.000000	-0.011733
680.000000	-0.018577
681.000000	-0.023678
682.000000	-0.026874
683.000000	-0.030527
684.000000	-0.039833
685.000000	-0.057860
686.000000	-0.076321
687.000000	-0.085751
688.000000	-0.083335
689.000000	-0.069720
690.000000	-0.052748
691.000000	-0.039672
692.000000	-0.028202
693.000000	-0.014360
694.000000	0.003048
695.000000	0.022067
696.000000	0.030933
697.000000	0.019676
698.000000	-0.004678
699.000000	-0.030677
700.000000	-0.046163
701.000000	-0.042851
702.000000	-0.028666
703.000000	-0.013862
704.000000	-0.001785
705.000000	0.006507
706.000000	0.012221
707.000000	0.016431
708.000000	0.017431
709.000000	0.013442
710.000000	0.005184
711.000000	-0.005104
712.000000	-0.011609
713.000000	-0.010711
714.000000	-0.011134
715.000000	-0.022749
716.000000	-0.047662
717.000000	-0.080527
718.000000	-0.093943
719.000000	-0.064502
720.000000	-0.006820
721.000000	0.054916
722.000000	0.096263
723.000000	0.098706
724.000000	0.067697
725.000000	0.015372
726.000000	-0.043349
727.000000	-0.092421
728.000000	-0.114074
729.000000	-0.097193
730.000000	-0.059002
731.000000	-0.020725
732.000000	0.008755
733.000000	0.025929
734.000000	0.036450
735.000000	0.045440
736.000000	0.046740
737.000000	0.033288
738.000000	0.005682
739.000000	-0.030077
740.000000	-0.054034
741.000000	-0.048912
742.000000	-0.022101
743.000000	0.013204
744.000000	0.045249
745.000000	0.066088
746.000000	0.081553
747.000000	0.098301
748.000000	0.112511
749.000000	0.117651
750.000000	0.106828
751.000000	0.077371
752.000000	0.043850
753.000000	0.021327
754.000000	0.009584
755.000000	0.002622
756.000000	-0.013393
757.000000	-0.047602
758.000000	-0.082532
759.000000	-0.097871
760.000000	-0.088554
761.000000	-0.056995
762.000000	-0.020280
763.000000	0.004503
764.000000	0.014916
765.000000	0.012588
766.000000	0.000756
767.000000	-0.015839
768.000000	-0.028039
769.000000	-0.028030
770.000000	-0.017805
771.000000	-0.002104
772.000000	0.013136
773.000000	0.020478
774.000000	0.007676
775.000000	-0.033149
776.000000	-0.087600
777.000000	-0.134909
778.000000	-0.151109
779.000000	-0.122410
780.000000	-0.078940
781.000000	-0.054148
782.000000	-0.050858
783.000000	-0.060299
784.000000	-0.057940
785.000000	-0.025622
786.000000	0.013558
787.000000	0.031349
788.000000	0.020141
789.000000	-0.017715
790.000000	-0.060665
791.000000	-0.087294
792.000000	-0.095956
793.000000	-0.090284
794.000000	-0.075263
795.000000	-0.057651
796.000000	-0.049934
797.000000	-0.061398
798.000000	-0.082783
799.000000	-0.100917
800.000000	-0.105520
801.000000	-0.092154
802.000000	-0.076866
803.000000	-0.075075
804.000000	-0.079197
805.000000	-0.075696
806.000000	-0.050214
807.000000	0.002955
808.000000	0.054099
809.000000	0.072355
810.000000	0.057681
811.000000	0.020744
812.000000	-0.015784
813.000000	-0.032621
814.000000	-0.036062
815.000000	-0.036606
816.000000	-0.035998
817.000000	-0.032367
818.000000	-0.018138
819.000000	0.011210
820.000000	0.042286
821.000000	0.059914
822.000000	0.059703
823.000000	0.043714
824.000000	0.029030
825.000000	0.031174
826.000000	0.044404
827.000000	0.058583
828.000000	0.067265
829.000000	0.067635
830.000000	0.067715
831.000000	0.075113
832.000000	0.084936
833.000000	0.089524
834.000000	0.082650
835.000000	0.060839
836.000000	0.030199
837.000000	-0.001373
838.000000	-0.028400
839.000000	-0.046318
840.000000	-0.051793
841.000000	-0.043879
842.000000	-0.029955
843.000000	-0.018016
844.000000	-0.010191
845.000000	-0.006610
846.000000	-0.005266
847.000000	-0.003757
848.000000	-0.000224
849.000000	0.006103
850.000000	0.012194
851.000000	0.013156
852.000000	0.000443
853.000000	-0.030538
854.000000	-0.064903
855.000000	-0.085505
856.000000	-0.085606
857.000000	-0.063634
858.000000	-0.028271
859.000000	0.009251
860.000000	0.037743
861.000000	0.047910
862.000000	0.037988
863.000000	0.012112
864.000000	-0.009518
865.000000	-0.008815
866.000000	0.007781
867.000000	0.028062
868.000000	0.041268
869.000000	0.038403
870.000000	0.016069
871.000000	-0.024228
872.000000	-0.066973
873.000000	-0.094114
874.000000	-0.091450
875.000000	-0.054108
876.000000	-0.010671
877.000000	0.009172
878.000000	0.004768
879.000000	-0.015784
880.000000	-0.038408
881.000000	-0.050552
882.000000	-0.051736
883.000000	-0.044804
884.000000	-0.033835
885.000000	-0.023535
886.000000	-0.019877
887.000000	-0.026258
888.000000	-0.034495
889.000000	-0.035618
890.000000	-0.029094
891.000000	-0.017833
892.000000	-0.010078
893.000000	-0.012178
894.000000	-0.017562
895.000000	-0.017919
896.000000	-0.010897
897.000000	0.003254
898.000000	0.019839
899.000000	0.032747
900.000000	0.034661
901.000000	0.019863
902.000000	-0.009768
903.000000	-0.047175
904.000000	-0.072191
905.000000	-0.068647
906.000000	-0.049487
907.000000	-0.033008
908.000000	-0.029810
909.000000	-0.044372
910.000000	-0.064393
911.000000	-0.075840
912.000000	-0.074530
913.000000	-0.059535
914.000000	-0.033097
915.000000	-0.000486
916.000000	0.024096
917.000000	0.027845
918.000000	0.012490
919.000000	-0.015993
920.000000	-0.049170
921.000000	-0.076984
922.000000	-0.085335
923.000000	-0.064420
924.000000	-0.025663
925.000000	0.013860
926.000000	0.035691
927.000000	0.027502
928.000000	0.002870
929.000000	-0.020837
930.000000	-0.037004
931.000000	-0.042429
932.000000	-0.036811
933.000000	-0.022209
934.000000	-0.007213
935.000000	0.000261
936.000000	0.001515
937.000000	0.001119
938.000000	0.007493
939.000000	0.025518
940.000000	0.042067
941.000000	0.043032
942.000000	0.028396
943.000000	0.003670
944.000000	-0.017612
945.000000	-0.024604
946.000000	-0.025248
947.000000	-0.029947
948.000000	-0.040160
949.000000	-0.053384
950.000000	-0.060221
951.000000	-0.053981
952.000000	-0.045709
953.000000	-0.048042
954.000000	-0.062249
955.000000	-0.083843
956.000000	-0.096686
957.000000	-0.087086
958.000000	-0.062781
959.000000	-0.035913
960.000000	-0.014812
961.000000	-0.005984
962.000000	-0.012466
963.000000	-0.033908
964.000000	-0.059888
965.000000	-0.078837
966.000000	-0.084680
967.000000	-0.075268
968.000000	-0.058674
969.000000	-0.043323
970.000000	-0.028832
971.000000	-0.013346
972.000000	0.002067
973.000000	0.013234
974.000000	0.006500
975.000000	-0.027683
976.000000	-0.072933
977.000000	-0.108076
978.000000	-0.118687
979.000000	-0.097288
980.000000	-0.057438
981.000000	-0.015899
982.000000	0.018807
983.000000	0.040851
984.000000	0.046955
985.000000	0.035413
986.000000	0.008265
987.000000	-0.029591
988.000000	-0.065583
989.000000	-0.086220
990.000000	-0.082025
991.000000	-0.049172
992.000000	-0.002432
993.000000	0.041126
994.000000	0.073835
995.000000	0.091250
996.000000	0.092414
997.000000	0.079251
998.000000	0.061715
999.000000	0.050289
1000.000000	0.049541
1001.000000	0.061757
1002.000000	0.086000
1003.000000	0.116441
1004.000000	0.130900
1005.000000	0.111130
1006.000000	0.070964
1007.000000	0.033135
1008.000000	0.023907
1009.000000	0.059088
1010.000000	0.109127
1011.000000	0.141256
1012.000000	0.155190
1013.000000	0.160347
1014.000000	0.172460
1015.000000	0.201725
1016.000000	0.229865
1017.000000	0.236338
1018.000000	0.220010
1019.000000	0.185998
1020.000000	0.145031
1021.000000	0.107107
1022.000000	0.073709
1023.000000	0.044379
1024.000000	0.019428
1025.000000	-0.000709
1026.000000	-0.015858
1027.000000	-0.027053
1028.000000	-0.039901
1029.000000	-0.058272
1030.000000	-0.074517
1031.000000	-0.077213
1032.000000	-0.051356
1033.000000	0.008735
1034.000000	0.067868
1035.000000	0.089733
1036.000000	0.074428
1037.000000	0.035195
1038.000000	0.001444
1039.000000	-0.004312
1040.000000	-0.003314
1041.000000	-0.020518
1042.000000	-0.051978
1043.000000	-0.083578
1044.000000	-0.089419
1045.000000	-0.052644
1046.000000	-0.004333
1047.000000	0.019939
1048.000000	0.014565
1049.000000	-0.014795
1050.000000	-0.047380
1051.000000	-0.065222
1052.000000	-0.076616
1053.000000	-0.092576
1054.000000	-0.108736
1055.000000	-0.115101
1056.000000	-0.094549
1057.000000	-0.039185
1058.000000	0.014861
1059.000000	0.029774
1060.000000	0.005044
1061.000000	-0.045377
1062.000000	-0.086980
1063.000000	-0.090650
1064.000000	-0.069398
1065.000000	-0.043765
1066.000000	-0.022279
1067.000000	-0.009119
1068.000000	-0.003094
1069.000000	-0.002774
1070.000000	-0.011156
1071.000000	-0.030514
1072.000000	-0.055807
1073.000000	-0.079272
1074.000000	-0.089568
1075.000000	-0.078881
1076.000000	-0.057079
1077.000000	-0.036504
1078.000000	-0.021723
1079.000000	-0.014279
1080.000000	-0.011408
1081.000000	-0.010116
1082.000000	-0.010809
1083.000000	-0.014228
1084.000000	-0.019040
1085.000000	-0.023208
1086.000000	-0.023935
1087.000000	-0.019899
1088.000000	-0.016420
1089.000000	-0.019258
1090.000000	-0.029286
1091.000000	-0.045551
1092.000000	-0.064681
1093.000000	-0.081429
1094.000000	-0.085472
1095.000000	-0.068625
1096.000000	-0.036345
1097.000000	0.000811
1098.000000	0.025506
1099.000000	0.025485
1100.000000	0.015585
1101.000000	0.013476
1102.000000	0.021074
1103.000000	0.034758
1104.000000	0.044505
1105.000000	0.042686
1106.000000	0.037655
1107.000000	0.039311
1108.000000	0.047748
1109.000000	0.059779
1110.000000	0.068890
1111.000000	0.068967
1112.000000	0.058810
1113.000000	0.039542
1114.000000	0.016659
1115.000000	-0.003007
1116.000000	-0.011666
1117.000000	-0.003605
1118.000000	0.017605
1119.000000	0.045271
1120.000000	0.069487
1121.000000	0.079824
1122.000000	0.066977
1123.000000	0.028124
1124.000000	-0.014733
1125.000000	-0.038213
1126.000000	-0.038230
1127.000000	-0.017146
1128.000000	0.016175
1129.000000	0.049560
1130.000000	0.064096
1131.000000	0.045866
1132.000000	0.007683
1133.000000	-0.030269
1134.000000	-0.045051
1135.000000	-0.022455
1136.000000	0.014049
1137.000000	0.037278
1138.000000	0.042865
1139.000000	0.033225
1140.000000	0.015096
1141.000000	-0.003865
1142.000000	-0.016642
1143.000000	-0.018927
1144.000000	-0.016606
1145.000000	-0.017828
1146.000000	-0.029611
1147.000000	-0.054880
1148.000000	-0.081309
1149.000000	-0.095434
1150.000000	-0.094489
1151.000000	-0.079081
1152.000000	-0.052613
1153.000000	-0.019612
1154.000000	0.013701
1155.000000	0.039979
1156.000000	0.049075
1157.000000	0.032229
1158.000000	-0.010955
1159.000000	-0.072279
1160.000000	-0.117512
1161.000000	-0.116849
1162.000000	-0.084207
1163.000000	-0.042894
1164.000000	-0.010058
1165.000000	0.005281
1166.000000	0.020446
1167.000000	0.051985
1168.000000	0.086998
1169.000000	0.107381
1170.000000	0.103657
1171.000000	0.072652
1172.000000	0.027777
1173.000000	-0.015372
1174.000000	-0.049048
1175.000000	-0.068570
1176.000000	-0.073683
1177.000000	-0.066937
1178.000000	-0.057695
1179.000000	-0.054585
1180.000000	-0.056496
1181.000000	-0.059777
1182.000000	-0.060350
1183.000000	-0.053652
1184.000000	-0.033596
1185.000000	0.001306
1186.000000	0.032638
1187.000000	0.040804
1188.000000	0.021400
1189.000000	-0.023028
1190.000000	-0.077335
1191.000000	-0.123129
1192.000000	-0.141629
1193.000000	-0.119329
1194.000000	-0.064206
1195.000000	0.006707
1196.000000	0.061651
1197.000000	0.074158
1198.000000	0.053660
1199.000000	0.017220
1200.000000	-0.023459
1201.000000	-0.058565
1202.000000	-0.080487
1203.000000	-0.083321
1204.000000	-0.065798
1205.000000	-0.029785
1206.000000	0.014937
1207.000000	0.056362
1208.000000	0.081495
1209.000000	0.081539
1210.000000	0.065466
1211.000000	0.044476
1212.000000	0.020914
1213.000000	-0.005124
1214.000000	-0.033674
1215.000000	-0.061641
1216.000000	-0.073281
1217.000000	-0.055400
1218.000000	-0.017653
1219.000000	0.024522
1220.000000	0.055417
1221.000000	0.062497
1222.000000	0.046191
1223.000000	0.011454
1224.000000	-0.031612
1225.000000	-0.071999
1226.000000	-0.100227
1227.000000	-0.108273
1228.000000	-0.092414
1229.000000	-0.053839
1230.000000	-0.009090
1231.000000	0.024003
1232.000000	0.037795
1233.000000	0.032662
1234.000000	0.030861
1235.000000	0.051242
1236.000000	0.077135
1237.000000	0.086767
1238.000000	0.073469
1239.000000	0.039222
1240.000000	0.005516
1241.000000	-0.009276
1242.000000	-0.018747
1243.000000	-0.039473
1244.000000	-0.067990
1245.000000	-0.091986
1246.000000	-0.083786
1247.000000	-0.026405
1248.000000	0.039027
1249.000000	0.067348
1250.000000	0.055370
1251.000000	0.015502
1252.000000	-0.019447
1253.000000	-0.022903
1254.000000	-0.013646
1255.000000	-0.014770
1256.000000	-0.021270
1257.000000	-0.020332
1258.000000	0.003990
1259.000000	0.058141
1260.000000	0.107428
1261.000000	0.116684
1262.000000	0.089975
1263.000000	0.042472
1264.000000	-0.005474
1265.000000	-0.034928
1266.000000	-0.037804
1267.000000	-0.013515
1268.000000	0.019378
1269.000000	0.039732
1270.000000	0.035218
1271.000000	0.003785
1272.000000	-0.024327
1273.000000	-0.020299
1274.000000	0.006716
1275.000000	0.038875
1276.000000	0.061538
1277.000000	0.062244
1278.000000	0.034043
1279.000000	-0.021829
1280.000000	-0.076890
1281.000000	-0.101584
1282.000000	-0.089293
1283.000000	-0.045039
1284.000000	0.002554
1285.000000	0.025720
1286.000000	0.023747
1287.000000	0.003864
1288.000000	-0.021971
1289.000000	-0.039829
1290.000000	-0.032623
1291.000000	0.006845
1292.000000	0.043045
1293.000000	0.040540
1294.000000	0.006981
1295.000000	-0.036704
1296.000000	-0.059579
1297.000000	-0.041247
1298.000000	-0.013462
1299.000000	-0.010717
1300.000000	-0.026292
1301.000000	-0.042866
1302.000000	-0.041926
1303.000000	-0.010467
1304.000000	0.041282
1305.000000	0.098587
1306.000000	0.151933
1307.000000	0.193591
1308.000000	0.217749
1309.000000	0.219558
1310.000000	0.196109
1311.000000	0.149588
1312.000000	0.100635
1313.000000	0.070762
1314.000000	0.066522
1315.000000	0.085630
1316.000000	0.105393
1317.000000	0.105485
1318.000000	0.095439
1319.000000	0.089891
1320.000000	0.094031
1321.000000	0.109324
1322.000000	0.131775
1323.000000	0.153015
1324.000000	0.152649
1325.000000	0.114706
1326.000000	0.052939
1327.000000	-0.009688
1328.000000	-0.043082
1329.000000	-0.025697
1330.000000	0.022694
1331.000000	0.075318
1332.000000	0.118720
1333.000000	0.144062
1334.000000	0.147646
1335.000000	0.129228
1336.000000	0.097235
1337.000000	0.062168
1338.000000	0.034155
1339.000000	0.021570
1340.000000	0.026154
1341.000000	0.043303
1342.000000	0.049678
1343.000000	0.029163
1344.000000	0.013271
1345.000000	0.031807
1346.000000	0.060126
1347.000000	0.070290
1348.000000	0.075632
1349.000000	0.090387
1350.000000	0.091137
1351.000000	0.057473
1352.000000	0.018689
1353.000000	0.006790
1354.000000	0.014919
1355.000000	0.028052
1356.000000	0.037356
1357.000000	0.037597
1358.000000	0.031739
1359.000000	0.025344
1360.000000	0.026149
1361.000000	0.040648
1362.000000	0.068167
1363.000000	0.104269
1364.000000	0.136616
1365.000000	0.152608
1366.000000	0.146484
1367.000000	0.118626
1368.000000	0.087155
1369.000000	0.070923
1370.000000	0.073979
1371.000000	0.094864
1372.000000	0.124907
1373.000000	0.151696
1374.000000	0.155072
1375.000000	0.120964
1376.000000	0.067397
1377.000000	0.018205
1378.000000	-0.011629
1379.000000	-0.011296
1380.000000	0.022179
1381.000000	0.083602
1382.000000	0.142938
1383.000000	0.171121
1384.000000	0.167784
1385.000000	0.141588
1386.000000	0.108590
1387.000000	0.083582
1388.000000	0.068897
1389.000000	0.063968
1390.000000	0.069104
1391.000000	0.083945
1392.000000	0.104594
1393.000000	0.124480
1394.000000	0.129874
1395.000000	0.111571
1396.000000	0.085625
1397.000000	0.071244
1398.000000	0.074987
1399.000000	0.096798
1400.000000	0.122809
1401.000000	0.138089
1402.000000	0.137274
1403.000000	0.118894
1404.000000	0.087482
1405.000000	0.049796
1406.000000	0.015474
1407.000000	-0.008328
1408.000000	-0.027274
1409.000000	-0.047531
1410.000000	-0.064469
1411.000000	-0.071402
1412.000000	-0.064216
1413.000000	-0.044586
1414.000000	-0.034785
1415.000000	-0.052157
1416.000000	-0.073747
1417.000000	-0.071597
1418.000000	-0.038028
1419.000000	0.020137
1420.000000	0.058343
1421.000000	0.039975
1422.000000	-0.002098
1423.000000	-0.025671
1424.000000	-0.020669
1425.000000	0.009687
1426.000000	0.041123
1427.000000	0.050778
1428.000000	0.042487
1429.000000	0.026183
1430.000000	0.009492
1431.000000	-0.000872
1432.000000	0.000480
1433.000000	0.017230
1434.000000	0.047572
1435.000000	0.086670
1436.000000	0.123070
1437.000000	0.145418
1438.000000	0.149393
1439.000000	0.135498
1440.000000	0.116503
1441.000000	0.108232
1442.000000	0.126455
1443.000000	0.180699
1444.000000	0.255575
1445.000000	0.324737
1446.000000	0.342932
1447.000000	0.281974
1448.000000	0.200841
1449.000000	0.164157
1450.000000	0.171957
1451.000000	0.204329
1452.000000	0.226154
1453.000000	0.210152
1454.000000	0.175605
1455.000000	0.148596
1456.000000	0.135859
1457.000000	0.138080
1458.000000	0.151104
1459.000000	0.167670
1460.000000	0.172931
1461.000000	0.155170
1462.000000	0.122772
1463.000000	0.088373
1464.000000	0.061511
1465.000000	0.049859
1466.000000	0.056723
1467.000000	0.081328
1468.000000	0.110943
1469.000000	0.131772
1470.000000	0.137721
1471.000000	0.125870
1472.000000	0.098295
1473.000000	0.060365
1474.000000	0.025624
1475.000000	0.005702
1476.000000	-0.003616
1477.000000	-0.009804
1478.000000	-0.017537
1479.000000	-0.027980
1480.000000	-0.031066
1481.000000	-0.018676
1482.000000	-0.001723
1483.000000	0.006326
1484.000000	0.000817
1485.000000	-0.018916
1486.000000	-0.046395
1487.000000	-0.073559
1488.000000	-0.093160
1489.000000	-0.099555
1490.000000	-0.092718
1491.000000	-0.074754
1492.000000	-0.050660
1493.000000	-0.027076
1494.000000	-0.014303
1495.000000	-0.019443
1496.000000	-0.033130
1497.000000	-0.043699
1498.000000	-0.046746
1499.000000	-0.043530
1500.000000	-0.050697
1501.000000	-0.080558
1502.000000	-0.112685
1503.000000	-0.124042
1504.000000	-0.113902
1505.000000	-0.089901
1506.000000	-0.070818
1507.000000	-0.070194
1508.000000	-0.069483
1509.000000	-0.049565
1510.000000	-0.021119
1511.000000	-0.001352
1512.000000	-0.003787
1513.000000	-0.034653
1514.000000	-0.074684
1515.000000	-0.101992
1516.000000	-0.109691
1517.000000	-0.096239
1518.000000	-0.066470
1519.000000	-0.028251
1520.000000	0.004789
1521.000000	0.020221
1522.000000	0.016172
1523.000000	-0.004806
1524.000000	-0.033002
1525.000000	-0.057080
1526.000000	-0.066344
1527.000000	-0.055882
1528.000000	-0.043271
1529.000000	-0.045129
1530.000000	-0.051735
1531.000000	-0.048657
1532.000000	-0.028957
1533.000000	0.007754
1534.000000	0.043158
1535.000000	0.060725
1536.000000	0.069773
1537.000000	0.082414
1538.000000	0.096081
1539.000000	0.103079
1540.000000	0.089866
1541.000000	0.048144
1542.000000	-0.003563
1543.000000	-0.043976
1544.000000	-0.067603
1545.000000	-0.073635
1546.000000	-0.064205
1547.000000	-0.041544
1548.000000	-0.005332
1549.000000	0.043176
1550.000000	0.093884
1551.000000	0.135981
1552.000000	0.164629
1553.000000	0.178034
1554.000000	0.180589
1555.000000	0.177311
1556.000000	0.169511
1557.000000	0.158418
1558.000000	0.148622
1559.000000	0.145078
1560.000000	0.150835
1561.000000	0.165556
1562.000000	0.177254
1563.000000	0.176162
1564.000000	0.173039
1565.000000	0.180939
1566.000000	0.201566
1567.000000	0.229854
1568.000000	0.244997
1569.000000	0.231530
1570.000000	0.211099
1571.000000	0.209001
1572.000000	0.228018
1573.000000	0.263305
1574.000000	0.302029
1575.000000	0.331512
1576.000000	0.347685
1577.000000	0.349887
1578.000000	0.342469
1579.000000	0.330972
1580.000000	0.320699
1581.000000	0.316210
1582.000000	0.319353
1583.000000	0.329542
1584.000000	0.339187
1585.000000	0.340296
1586.000000	0.330278
1587.000000	0.308889
1588.000000	0.279869
1589.000000	0.250368
1590.000000	0.237197
1591.000000	0.252438
1592.000000	0.279603
1593.000000	0.297366
1594.000000	0.293624
1595.000000	0.264669
1596.000000	0.231150
1597.000000	0.215315
1598.000000	0.221449
1599.000000	0.247218
1600.000000	0.281773
1601.000000	0.311613
1602.000000	0.321149
1603.000000	0.299207
1604.000000	0.254350
1605.000000	0.200625
1606.000000	0.154267
1607.000000	0.129683
1608.000000	0.131783
1609.000000	0.158583
1610.000000	0.190014
1611.000000	0.205232
1612.000000	0.198372
1613.000000	0.169903
1614.000000	0.130653
1615.000000	0.094737
1616.000000	0.079063
1617.000000	0.095091
1618.000000	0.129708
1619.000000	0.164827
1620.000000	0.187047
1621.000000	0.186584
1622.000000	0.163430
1623.000000	0.124786
1624.000000	0.096902
1625.000000	0.100519
1626.000000	0.115275
1627.000000	0.117113
1628.000000	0.108289
1629.000000	0.100204
1630.000000	0.114533
1631.000000	0.161315
1632.000000	0.193758
1633.000000	0.167551
1634.000000	0.105135
1635.000000	0.042878
1636.000000	0.006117
1637.000000	0.006775
1638.000000	0.014161
1639.000000	-0.001246
1640.000000	-0.021665
1641.000000	-0.023397
1642.000000	-0.006382
1643.000000	0.021316
1644.000000	0.042775
1645.000000	0.045725
1646.000000	0.045363
1647.000000	0.057978
1648.000000	0.076749
1649.000000	0.090419
1650.000000	0.093097
1651.000000	0.082749
1652.000000	0.067405
1653.000000	0.059522
1654.000000	0.079198
1655.000000	0.139100
1656.000000	0.214533
1657.000000	0.270907
1658.000000	0.271401
1659.000000	0.197734
1660.000000	0.108011
1661.000000	0.063830
1662.000000	0.064367
1663.000000	0.092635
1664.000000	0.129405
1665.000000	0.156449
1666.000000	0.161788
1667.000000	0.140202
1668.000000	0.107264
1669.000000	0.079588
1670.000000	0.057171
1671.000000	0.035513
1672.000000	0.008754
1673.000000	-0.023796
1674.000000	-0.040800
1675.000000	-0.024004
1676.000000	0.010467
1677.000000	0.040665
1678.000000	0.055715
1679.000000	0.050784
1680.000000	0.034140
1681.000000	0.017021
1682.000000	0.009448
1683.000000	0.018164
1684.000000	0.038005
1685.000000	0.060590
1686.000000	0.076566
1687.000000	0.077803
1688.000000	0.062042
1689.000000	0.032424
1690.000000	0.007819
1691.000000	0.006182
1692.000000	0.026065
1693.000000	0.058254
1694.000000	0.081864
1695.000000	0.078370
1696.000000	0.050341
1697.000000	0.005854
1698.000000	-0.046087
1699.000000	-0.095137
1700.000000	-0.126511
1701.000000	-0.130522
1702.000000	-0.122320
1703.000000	-0.118752
1704.000000	-0.118612
1705.000000	-0.117381
1706.000000	-0.115349
1707.000000	-0.113715
1708.000000	-0.112498
1709.000000	-0.111399
1710.000000	-0.110029
1711.000000	-0.108362
1712.000000	-0.107918
1713.000000	-0.109079
1714.000000	-0.106143
1715.000000	-0.093530
1716.000000	-0.072245
1717.000000	-0.047945
1718.000000	-0.038323
1719.000000	-0.055085
1720.000000	-0.073960
1721.000000	-0.070210
1722.000000	-0.053193
1723.000000	-0.037504
1724.000000	-0.024578
1725.000000	-0.014846
1726.000000	-0.017879
1727.000000	-0.040870
1728.000000	-0.072359
1729.000000	-0.095299
1730.000000	-0.088958
1731.000000	-0.042913
1732.000000	0.008340
1733.000000	0.029317
1734.000000	0.025495
1735.000000	0.011566
1736.000000	-0.001887
1737.000000	-0.008672
1738.000000	-0.016049
1739.000000	-0.030202
1740.000000	-0.039566
1741.000000	-0.032798
1742.000000	-0.017198
1743.000000	-0.004439
1744.000000	-0.005031
1745.000000	-0.023805
1746.000000	-0.044044
1747.000000	-0.049219
1748.000000	-0.045118
1749.000000	-0.041266
1750.000000	-0.039822
1751.000000	-0.039959
1752.000000	-0.036257
1753.000000	-0.028059
1754.000000	-0.038337
1755.000000	-0.083361
1756.000000	-0.128957
1757.000000	-0.135651
1758.000000	-0.093204
1759.000000	-0.011194
1760.000000	0.050753
1761.000000	0.040897
1762.000000	-0.010926
1763.000000	-0.061294
1764.000000	-0.094015
1765.000000	-0.102373
1766.000000	-0.090332
1767.000000	-0.065784
1768.000000	-0.041647
1769.000000	-0.028858
1770.000000	-0.025399
1771.000000	-0.026913
1772.000000	-0.032655
1773.000000	-0.043128
1774.000000	-0.060227
1775.000000	-0.082819
1776.000000	-0.096280
1777.000000	-0.087854
1778.000000	-0.065751
1779.000000	-0.042546
1780.000000	-0.027305
1781.000000	-0.026092
1782.000000	-0.036481
1783.000000	-0.051570
1784.000000	-0.055051
1785.000000	-0.034623
1786.000000	-0.003429
1787.000000	0.019876
1788.000000	0.020031
1789.000000	-0.010830
1790.000000	-0.054376
1791.000000	-0.088328
1792.000000	-0.100803
1793.000000	-0.086042
1794.000000	-0.052376
1795.000000	-0.012736
1796.000000	0.015637
1797.000000	0.020221
1798.000000	0.011682
1799.000000	0.002469
1800.000000	-0.011036
1801.000000	-0.034050
1802.000000	-0.062123
1803.000000	-0.086692
1804.000000	-0.092402
1805.000000	-0.068908
1806.000000	-0.032692
1807.000000	-0.003685
1808.000000	0.011219
1809.000000	0.009878
1810.000000	-0.003874
1811.000000	-0.023844
1812.000000	-0.040393
1813.000000	-0.044420
1814.000000	-0.032431
1815.000000	-0.005864
1816.000000	0.019711
1817.000000	0.027098
1818.000000	0.006723
1819.000000	-0.039148
1820.000000	-0.068524
1821.000000	-0.046722
1822.000000	-0.008035
1823.000000	0.005463
1824.000000	-0.010459
1825.000000	-0.045876
1826.000000	-0.072088
1827.000000	-0.065945
1828.000000	-0.045278
1829.000000	-0.031676
1830.000000	-0.020784
1831.000000	-0.004319
1832.000000	0.015774
1833.000000	0.032860
1834.000000	0.031789
1835.000000	0.003445
1836.000000	-0.028621
1837.000000	-0.039808
1838.000000	-0.033976
1839.000000	-0.021796
1840.000000	-0.012714
1841.000000	-0.013114
1842.000000	-0.018351
1843.000000	-0.022531
1844.000000	-0.025800
1845.000000	-0.030050
1846.000000	-0.038126
1847.000000	-0.052115
1848.000000	-0.070134
1849.000000	-0.086125
1850.000000	-0.081316
1851.000000	-0.043625
1852.000000	-0.000465
1853.000000	0.018419
1854.000000	0.013436
1855.000000	-0.005180
1856.000000	-0.018035
1857.000000	-0.010955
1858.000000	0.000207
1859.000000	-0.002248
1860.000000	-0.013375
1861.000000	-0.023355
1862.000000	-0.025528
1863.000000	-0.015199
1864.000000	0.007630
1865.000000	0.039961
1866.000000	0.071509
1867.000000	0.091812
1868.000000	0.096996
1869.000000	0.086025
1870.000000	0.062612
1871.000000	0.032371
1872.000000	0.003755
1873.000000	-0.016858
1874.000000	-0.034238
1875.000000	-0.053372
1876.000000	-0.068984
1877.000000	-0.074285
1878.000000	-0.066706
1879.000000	-0.046787
1880.000000	-0.023290
1881.000000	-0.005401
1882.000000	0.004209
1883.000000	0.005684
1884.000000	0.003917
1885.000000	0.004281
1886.000000	0.009330
1887.000000	0.018337
1888.000000	0.020270
1889.000000	0.007322
1890.000000	-0.005094
1891.000000	-0.001282
1892.000000	0.012380
1893.000000	0.024209
1894.000000	0.023371
1895.000000	0.006663
1896.000000	0.000542
1897.000000	0.027386
1898.000000	0.063595
1899.000000	0.080177
1900.000000	0.072558
1901.000000	0.044883
1902.000000	0.011748
1903.000000	-0.013083
1904.000000	-0.029617
1905.000000	-0.042225
1906.000000	-0.058966
1907.000000	-0.085318
1908.000000	-0.112760
1909.000000	-0.128382
1910.000000	-0.115730
1911.000000	-0.066076
1912.000000	-0.005139
1913.000000	0.039750
1914.000000	0.069254
1915.000000	0.089678
1916.000000	0.101888
1917.000000	0.104342
1918.000000	0.091312
1919.000000	0.061921
1920.000000	0.038901
1921.000000	0.041763
1922.000000	0.053534
1923.000000	0.052194
1924.000000	0.032002
1925.000000	-0.003813
1926.000000	-0.032442
1927.000000	-0.034264
1928.000000	-0.022001
1929.000000	-0.012024
1930.000000	-0.002961
1931.000000	0.009753
1932.000000	0.025709
1933.000000	0.041387
1934.000000	0.045799
1935.000000	0.030363
1936.000000	0.003590
1937.000000	-0.024151
1938.000000	-0.052143
1939.000000	-0.080805
1940.000000	-0.105455
1941.000000	-0.118078
1942.000000	-0.102433
1943.000000	-0.050324
1944.000000	0.006035
1945.000000	0.033424
1946.000000	0.035000
1947.000000	0.023407
1948.000000	0.012870
1949.000000	0.014161
1950.000000	0.022673
1951.000000	0.031886
1952.000000	0.042996
1953.000000	0.057060
1954.000000	0.066859
1955.000000	0.064469
1956.000000	0.047412
1957.000000	0.017779
1958.000000	-0.009510
1959.000000	-0.021415
1960.000000	-0.025258
1961.000000	-0.030062
1962.000000	-0.031307
1963.000000	-0.022149
1964.000000	-0.000000
1965.000000	0.032792
1966.000000	0.058375
1967.000000	0.060939
1968.000000	0.048331
1969.000000	0.032922
1970.000000	0.021513
1971.000000	0.018039
1972.000000	0.020555
1973.000000	0.022985
1974.000000	0.008620
1975.000000	-0.030236
1976.000000	-0.054581
1977.000000	-0.028313
1978.000000	0.026389
1979.000000	0.073871
1980.000000	0.082881
1981.000000	0.038266
1982.000000	-0.015123
1983.000000	-0.032114
1984.000000	-0.026272
1985.000000	-0.020879
1986.000000	-0.019364
1987.000000	-0.019337
1988.000000	-0.014976
1989.000000	-0.001442
1990.000000	0.018742
1991.000000	0.041226
1992.000000	0.061709
1993.000000	0.076544
1994.000000	0.084656
1995.000000	0.085713
1996.000000	0.079790
1997.000000	0.066737
1998.000000	0.045107
1999.000000	0.013586
2000.000000	-0.027310
2001.000000	-0.073861
2002.000000	-0.111348
2003.000000	-0.124536
2004.000000	-0.107111
2005.000000	-0.061117
2006.000000	-0.013115
2007.000000	0.010427
2008.000000	0.007919
2009.000000	-0.013354
2010.000000	-0.035494
2011.000000	-0.040340
2012.000000	-0.019298
2013.000000	0.027681
2014.000000	0.076039
2015.000000	0.099725
2016.000000	0.091321
2017.000000	0.053734
2018.000000	0.012549
2019.000000	-0.005372
2020.000000	0.009265
2021.000000	0.049783
2022.000000	0.063185
2023.000000	0.008279
2024.000000	-0.062601
2025.000000	-0.088534
2026.000000	-0.067776
2027.000000	-0.016216
2028.000000	0.038897
2029.000000	0.071908
2030.000000	0.074913
2031.000000	0.047949
2032.000000	0.005085
2033.000000	-0.035438
2034.000000	-0.052716
2035.000000	-0.031474
2036.000000	0.018386
2037.000000	0.073197
2038.000000	0.079398
2039.000000	0.001715
2040.000000	-0.092102
2041.000000	-0.128872
2042.000000	-0.116725
2043.000000	-0.083276
2044.000000	-0.052764
2045.000000	-0.040882
2046.000000	-0.032508
2047.000000	-0.012292
2048.000000	0.005222
2049.000000	0.004527
2050.000000	-0.003828
2051.000000	-0.005352
2052.000000	0.004160
2053.000000	0.022956
2054.000000	0.035747
2055.000000	0.029345
2056.000000	0.012506
2057.000000	-0.001535
2058.000000	-0.003571
2059.000000	0.011486
2060.000000	0.036269
2061.000000	0.058848
2062.000000	0.061496
2063.000000	0.032779
2064.000000	-0.007757
2065.000000	-0.037109
2066.000000	-0.049411
2067.000000	-0.044749
2068.000000	-0.029877
2069.000000	-0.013385
2070.000000	-0.004539
2071.000000	-0.009392
2072.000000	-0.020468
2073.000000	-0.029081
2074.000000	-0.035241
2075.000000	-0.040218
2076.000000	-0.041643
2077.000000	-0.036584
2078.000000	-0.023512
2079.000000	-0.004442
2080.000000	0.005829
2081.000000	-0.005090
2082.000000	-0.027183
2083.000000	-0.046768
2084.000000	-0.057891
2085.000000	-0.057752
2086.000000	-0.048428
2087.000000	-0.032985
2088.000000	-0.013578
2089.000000	0.007728
2090.000000	0.028298
2091.000000	0.046091
2092.000000	0.061995
2093.000000	0.076854
2094.000000	0.088403
2095.000000	0.092024
2096.000000	0.076791
2097.000000	0.036636
2098.000000	-0.008775
2099.000000	-0.036635
2100.000000	-0.037299
2101.000000	-0.008438
2102.000000	0.036170
2103.000000	0.076365
2104.000000	0.082576
2105.000000	0.035847
2106.000000	-0.030900
2107.000000	-0.079083
2108.000000	-0.099359
2109.000000	-0.091822
2110.000000	-0.065072
2111.000000	-0.030056
2112.000000	0.001388
2113.000000	0.019298
2114.000000	0.022099
2115.000000	0.011023
2116.000000	-0.009858
2117.000000	-0.035333
2118.000000	-0.058483
2119.000000	-0.072556
2120.000000	-0.073186
2121.000000	-0.058051
2122.000000	-0.030634
2123.000000	0.002207
2124.000000	0.025912
2125.000000	0.028007
2126.000000	0.012057
2127.000000	-0.013145
2128.000000	-0.033925
2129.000000	-0.038432
2130.000000	-0.026979
2131.000000	-0.004655
2132.000000	0.016513
2133.000000	0.025019
2134.000000	0.018389
2135.000000	-0.001953
2136.000000	-0.028019
2137.000000	-0.049855
2138.000000	-0.056205
2139.000000	-0.040521
2140.000000	-0.016393
2141.000000	0.000620
2142.000000	0.007231
2143.000000	0.004115
2144.000000	-0.004472
2145.000000	-0.013642
2146.000000	-0.019573
2147.000000	-0.020542
2148.000000	-0.022165
2149.000000	-0.030268
2150.000000	-0.044183
2151.000000	-0.060967
2152.000000	-0.075072
2153.000000	-0.080675
2154.000000	-0.073458
2155.000000	-0.050978
2156.000000	-0.016785
2157.000000	0.021681
2158.000000	0.047427
2159.000000	0.046355
2160.000000	0.025505
2161.000000	-0.002152
2162.000000	-0.021058
2163.000000	-0.020211
2164.000000	-0.009426
2165.000000	-0.001189
2166.000000	0.002157
2167.000000	0.000285
2168.000000	-0.009219
2169.000000	-0.025494
2170.000000	-0.032509
2171.000000	-0.018227
2172.000000	-0.001761
2173.000000	-0.002913
2174.000000	-0.013081
2175.000000	-0.019907
2176.000000	-0.024402
2177.000000	-0.028347
2178.000000	-0.023233
2179.000000	-0.000949
2180.000000	0.034742
2181.000000	0.073770
2182.000000	0.092718
2183.000000	0.074716
2184.000000	0.042441
2185.000000	0.021833
2186.000000	0.012346
2187.000000	0.008011
2188.000000	0.007656
2189.000000	0.010430
2190.000000	0.011985
2191.000000	0.007989
2192.000000	-0.002320
2193.000000	-0.017088
2194.000000	-0.027560
2195.000000	-0.026056
2196.000000	-0.016104
2197.000000	-0.006956
2198.000000	-0.019551
2199.000000	-0.067270
2200.000000	-0.121557
2201.000000	-0.149068
2202.000000	-0.139230
2203.000000	-0.091393
2204.000000	-0.021826
2205.000000	0.048438
2206.000000	0.096218
2207.000000	0.104617
2208.000000	0.084030
2209.000000	0.051078
2210.000000	0.020009
2211.000000	0.001234
2212.000000	-0.007807
2213.000000	-0.013149
2214.000000	-0.021739
2215.000000	-0.037739
2216.000000	-0.053242
2217.000000	-0.059668
2218.000000	-0.057810
2219.000000	-0.050068
2220.000000	-0.035900
2221.000000	-0.015097
2222.000000	0.008274
2223.000000	0.028513
2224.000000	0.037667
2225.000000	0.029839
2226.000000	0.009602
2227.000000	-0.015920
2228.000000	-0.039867
2229.000000	-0.055205
2230.000000	-0.053934
2231.000000	-0.030267
2232.000000	0.011761
2233.000000	0.059860
2234.000000	0.078551
2235.000000	0.045007
2236.000000	0.010211
2237.000000	0.025506
2238.000000	0.069856
2239.000000	0.107114
2240.000000	0.113057
2241.000000	0.077026
2242.000000	0.030690
2243.000000	0.003953
2244.000000	-0.022664
2245.000000	-0.069733
2246.000000	-0.112808
2247.000000	-0.123205
2248.000000	-0.100317
2249.000000	-0.053867
2250.000000	-0.006818
2251.000000	0.022535
2252.000000	0.047810
2253.000000	0.080627
2254.000000	0.092686
2255.000000	0.058024
2256.000000	-0.000069
2257.000000	-0.048209
2258.000000	-0.061885
2259.000000	-0.027752
2260.000000	0.031742
2261.000000	0.085359
2262.000000	0.102487
2263.000000	0.065724
2264.000000	0.009868
2265.000000	-0.025569
2266.000000	-0.034427
2267.000000	-0.023351
2268.000000	-0.016862
2269.000000	-0.033859
2270.000000	-0.052888
2271.000000	-0.048888
2272.000000	-0.022720
2273.000000	0.016885
2274.000000	0.055637
2275.000000	0.079361
2276.000000	0.079891
2277.000000	0.053747
2278.000000	0.010174
2279.000000	-0.036109
2280.000000	-0.061212
2281.000000	-0.047318
2282.000000	-0.010082
2283.000000	0.028404
2284.000000	0.053756
2285.000000	0.056863
2286.000000	0.041983
2287.000000	0.018333
2288.000000	0.001599
2289.000000	0.003155
2290.000000	0.010665
2291.000000	0.009573
2292.000000	0.000154
2293.000000	-0.012948
2294.000000	-0.022433
2295.000000	-0.021701
2296.000000	-0.009597
2297.000000	0.011135
2298.000000	0.027612
2299.000000	0.028006
2300.000000	0.014843
2301.000000	-0.005344
2302.000000	-0.024360
2303.000000	-0.033684
2304.000000	-0.025163
2305.000000	0.003075
2306.000000	0.028141
2307.000000	0.029136
2308.000000	0.017884
2309.000000	0.010511
2310.000000	0.007628
2311.000000	0.005355
2312.000000	-0.002629
2313.000000	-0.017011
2314.000000	-0.013507
2315.000000	0.024871
2316.000000	0.060960
2317.000000	0.057969
2318.000000	0.034749
2319.000000	0.017706
2320.000000	0.007837
2321.000000	0.000177
2322.000000	-0.008677
2323.000000	-0.017856
2324.000000	-0.010970
2325.000000	0.021198
2326.000000	0.043650
2327.000000	0.023982
2328.000000	-0.015611
2329.000000	-0.043182
2330.000000	-0.042361
2331.000000	-0.006230
2332.000000	0.049893
2333.000000	0.103290
2334.000000	0.123886
2335.000000	0.093536
2336.000000	0.049181
2337.000000	0.029907
2338.000000	0.028282
2339.000000	0.026485
2340.000000	0.011644
2341.000000	-0.022780
2342.000000	-0.062928
2343.000000	-0.090080
2344.000000	-0.086453
2345.000000	-0.043261
2346.000000	0.013239
2347.000000	0.053272
2348.000000	0.068041
2349.000000	0.056596
2350.000000	0.028390
2351.000000	-0.005544
2352.000000	-0.038258
2353.000000	-0.063380
2354.000000	-0.072753
2355.000000	-0.060415
2356.000000	-0.030969
2357.000000	0.007348
2358.000000	0.042334
2359.000000	0.061837
2360.000000	0.057876
2361.000000	0.025603
2362.000000	-0.031479
2363.000000	-0.100165
2364.000000	-0.136799
2365.000000	-0.106646
2366.000000	-0.041111
2367.000000	0.017421
2368.000000	0.048789
2369.000000	0.046008
2370.000000	0.032576
2371.000000	0.033911
2372.000000	0.052632
2373.000000	0.080428
2374.000000	0.088058
2375.000000	0.052171
2376.000000	-0.006092
2377.000000	-0.057307
2378.000000	-0.083399
2379.000000	-0.076664
2380.000000	-0.059528
2381.000000	-0.053568
2382.000000	-0.046835
2383.000000	-0.024721
2384.000000	0.004477
2385.000000	0.029652
2386.000000	0.051344
2387.000000	0.071733
2388.000000	0.087906
2389.000000	0.092995
2390.000000	0.069403
2391.000000	0.008358
2392.000000	-0.052894
2393.000000	-0.076291
2394.000000	-0.066528
2395.000000	-0.039898
2396.000000	-0.016330
2397.000000	-0.012956
2398.000000	-0.032086
2399.000000	-0.067416
2400.000000	-0.093003
2401.000000	-0.086093
2402.000000	-0.056317
2403.000000	-0.020469
2404.000000	0.008391
2405.000000	0.021077
2406.000000	0.020157
2407.000000	0.012169
2408.000000	0.007773
2409.000000	0.015600
2410.000000	0.032033
2411.000000	0.049689
2412.000000	0.058354
2413.000000	0.049770
2414.000000	0.026316
2415.000000	-0.005456
2416.000000	-0.032942
2417.000000	-0.043779
2418.000000	-0.032615
2419.000000	-0.001085
2420.000000	0.028253
2421.000000	0.032682
2422.000000	0.009779
2423.000000	-0.033461
2424.000000	-0.072682
2425.000000	-0.084330
2426.000000	-0.065438
2427.000000	-0.023147
2428.000000	0.015551
2429.000000	0.026832
2430.000000	0.019377
2431.000000	0.005622
2432.000000	-0.019497
2433.000000	-0.059890
2434.000000	-0.097339
2435.000000	-0.111958
2436.000000	-0.099304
2437.000000	-0.063847
2438.000000	-0.030255
2439.000000	-0.021961
2440.000000	-0.037252
2441.000000	-0.065298
2442.000000	-0.083936
2443.000000	-0.075372
2444.000000	-0.050606
2445.000000	-0.026328
2446.000000	-0.013180
2447.000000	-0.015066
2448.000000	-0.014997
2449.000000	0.000051
2450.000000	0.006343
2451.000000	-0.014714
2452.000000	-0.024389
2453.000000	0.013629
2454.000000	0.068629
2455.000000	0.097884
2456.000000	0.077612
2457.000000	0.003022
2458.000000	-0.073654
2459.000000	-0.100320
2460.000000	-0.082431
2461.000000	-0.042054
2462.000000	-0.010137
2463.000000	-0.009945
2464.000000	-0.025124
2465.000000	-0.032217
2466.000000	-0.018968
2467.000000	0.015388
2468.000000	0.036865
2469.000000	0.015844
2470.000000	-0.025074
2471.000000	-0.055415
2472.000000	-0.065450
2473.000000	-0.054021
2474.000000	-0.033520
2475.000000	-0.017821
2476.000000	-0.013170
2477.000000	-0.019910
2478.000000	-0.022390
2479.000000	-0.009678
2480.000000	-0.005700
2481.000000	-0.028572
2482.000000	-0.038323
2483.000000	-0.000360
2484.000000	0.040310
2485.000000	0.036405
2486.000000	0.011151
2487.000000	-0.004352
2488.000000	-0.018008
2489.000000	-0.039569
2490.000000	-0.047167
2491.000000	-0.022872
2492.000000	0.003878
2493.000000	0.001310
2494.000000	-0.024320
2495.000000	-0.056584
2496.000000	-0.076400
2497.000000	-0.072001
2498.000000	-0.063525
2499.000000	-0.069365
2500.000000	-0.069042
2501.000000	-0.044768
2502.000000	-0.028406
2503.000000	-0.049022
2504.000000	-0.074841
2505.000000	-0.071551
2506.000000	-0.055529
2507.000000	-0.050039
2508.000000	-0.055205
2509.000000	-0.062870
2510.000000	-0.054880
2511.000000	-0.020393
2512.000000	0.012191
2513.000000	0.015135
2514.000000	0.002601
2515.000000	-0.005354
2516.000000	-0.006990
2517.000000	-0.006888
2518.000000	-0.016580
2519.000000	-0.042642
2520.000000	-0.064859
2521.000000	-0.064582
2522.000000	-0.056229
2523.000000	-0.057275
2524.000000	-0.064375
2525.000000	-0.069968
2526.000000	-0.070457
2527.000000	-0.064644
2528.000000	-0.056973
2529.000000	-0.051917
2530.000000	-0.048433
2531.000000	-0.043404
2532.000000	-0.030936
2533.000000	-0.007355
2534.000000	0.019347
2535.000000	0.038883
2536.000000	0.043459
2537.000000	0.028436
2538.000000	-0.000708
2539.000000	-0.034235
2540.000000	-0.055496
2541.000000	-0.051188
2542.000000	-0.028311
2543.000000	0.001447
2544.000000	0.027938
2545.000000	0.041941
2546.000000	0.036396
2547.000000	0.007948
2548.000000	-0.034110
2549.000000	-0.075256
2550.000000	-0.092703
2551.000000	-0.070295
2552.000000	-0.026670
2553.000000	0.013608
2554.000000	0.037073
2555.000000	0.035831
2556.000000	0.013194
2557.000000	-0.022296
2558.000000	-0.052374
2559.000000	-0.058487
2560.000000	-0.030636
2561.000000	0.027227
2562.000000	0.063917
2563.000000	0.037775
2564.000000	-0.007515
2565.000000	-0.020990
2566.000000	-0.007902
2567.000000	0.013761
2568.000000	0.031295
2569.000000	0.037410
2570.000000	0.041204
2571.000000	0.048867
2572.000000	0.038576
2573.000000	-0.003420
2574.000000	-0.030576
2575.000000	0.000921
2576.000000	0.063663
2577.000000	0.116249
2578.000000	0.132535
2579.000000	0.098493
2580.000000	0.033288
2581.000000	-0.034464
2582.000000	-0.071544
2583.000000	-0.057538
2584.000000	-0.027853
2585.000000	-0.019132
2586.000000	-0.017147
2587.000000	-0.002019
2588.000000	0.017866
2589.000000	0.027895
2590.000000	0.016807
2591.000000	-0.019600
2592.000000	-0.060660
2593.000000	-0.082879
2594.000000	-0.076336
2595.000000	-0.041163
2596.000000	-0.004126
2597.000000	0.009596
2598.000000	0.007816
2599.000000	0.004690
2600.000000	0.006756
2601.000000	0.015392
2602.000000	0.018967
2603.000000	0.007777
2604.000000	-0.007160
2605.000000	-0.016460
2606.000000	-0.037999
2607.000000	-0.082706
2608.000000	-0.106455
2609.000000	-0.067449
2610.000000	0.011755
2611.000000	0.091195
2612.000000	0.125653
2613.000000	0.085520
2614.000000	0.008883
2615.000000	-0.057405
2616.000000	-0.099115
2617.000000	-0.109693
2618.000000	-0.080671
2619.000000	-0.012139
2620.000000	0.059672
2621.000000	0.096234
2622.000000	0.085983
2623.000000	0.031997
2624.000000	-0.031027
2625.000000	-0.069408
2626.000000	-0.085142
2627.000000	-0.086215
2628.000000	-0.068888
2629.000000	-0.030977
2630.000000	0.011751
2631.000000	0.041203
2632.000000	0.047937
2633.000000	0.028833
2634.000000	-0.002587
2635.000000	-0.027932
2636.000000	-0.025984
2637.000000	0.013578
2638.000000	0.054661
2639.000000	0.061215
2640.000000	0.043780
2641.000000	0.021156
2642.000000	-0.001410
2643.000000	-0.021078
2644.000000	-0.031074
2645.000000	-0.024099
2646.000000	0.005325
2647.000000	0.054377
2648.000000	0.088863
2649.000000	0.078486
2650.000000	0.039903
2651.000000	-0.000788
2652.000000	-0.026698
2653.000000	-0.029377
2654.000000	-0.024941
2655.000000	-0.032853
2656.000000	-0.061408
2657.000000	-0.108639
2658.000000	-0.142707
2659.000000	-0.133159
2660.000000	-0.084958
2661.000000	-0.014918
2662.000000	0.048166
2663.000000	0.081197
2664.000000	0.095853
2665.000000	0.108678
2666.000000	0.120897
2667.000000	0.127077
2668.000000	0.110484
2669.000000	0.060145
2670.000000	-0.000564
2671.000000	-0.045640
2672.000000	-0.072916
2673.000000	-0.085600
2674.000000	-0.084561
2675.000000	-0.070620
2676.000000	-0.046743
2677.000000	-0.016633
2678.000000	0.015201
2679.000000	0.044040
2680.000000	0.065122
2681.000000	0.073716
2682.000000	0.065252
2683.000000	0.038169
2684.000000	0.002785
2685.000000	-0.029731
2686.000000	-0.056680
2687.000000	-0.076072
2688.000000	-0.080294
2689.000000	-0.062808
2690.000000	-0.027007
2691.000000	0.017436
2692.000000	0.045657
2693.000000	0.039087
2694.000000	0.019520
2695.000000	0.011454
2696.000000	0.009827
2697.000000	0.003566
2698.000000	-0.012887
2699.000000	-0.040391
2700.000000	-0.066525
2701.000000	-0.077382
2702.000000	-0.066405
2703.000000	-0.035329
2704.000000	-0.011712
2705.000000	-0.017693
2706.000000	-0.027901
2707.000000	-0.013526
2708.000000	0.020495
2709.000000	0.060765
2710.000000	0.093784
2711.000000	0.107273
2712.000000	0.093947
2713.000000	0.051005
2714.000000	-0.011420
2715.000000	-0.076237
2716.000000	-0.111472
2717.000000	-0.092674
2718.000000	-0.040374
2719.000000	0.014503
2720.000000	0.044450
2721.000000	0.032527
2722.000000	0.000655
2723.000000	-0.022596
2724.000000	-0.020913
2725.000000	0.010927
2726.000000	0.046043
2727.000000	0.056669
2728.000000	0.043612
2729.000000	0.017169
2730.000000	-0.002974
2731.000000	-0.001817
2732.000000	0.007513
2733.000000	0.008837
2734.000000	0.001880
2735.000000	-0.008659
2736.000000	-0.014110
2737.000000	-0.008233
2738.000000	0.001501
2739.000000	0.006108
2740.000000	0.004251
2741.000000	-0.003331
2742.000000	-0.015254
2743.000000	-0.030200
2744.000000	-0.047754
2745.000000	-0.066388
2746.000000	-0.079230
2747.000000	-0.079400
2748.000000	-0.065339
2749.000000	-0.039317
2750.000000	-0.013585
2751.000000	0.001545
2752.000000	0.013519
2753.000000	0.028017
2754.000000	0.025912
2755.000000	-0.003788
2756.000000	-0.014735
2757.000000	0.034898
2758.000000	0.111514
2759.000000	0.164700
2760.000000	0.152195
2761.000000	0.055811
2762.000000	-0.054501
2763.000000	-0.107482
2764.000000	-0.114774
2765.000000	-0.101069
2766.000000	-0.060355
2767.000000	0.008653
2768.000000	0.057636
2769.000000	0.042266
2770.000000	-0.016221
2771.000000	-0.079714
2772.000000	-0.108177
2773.000000	-0.077129
2774.000000	-0.026237
2775.000000	0.002128
2776.000000	0.018937
2777.000000	0.041079
2778.000000	0.055764
2779.000000	0.046883
2780.000000	0.014723
2781.000000	-0.033025
2782.000000	-0.075449
2783.000000	-0.092008
2784.000000	-0.076853
2785.000000	-0.033559
2786.000000	0.011301
2787.000000	0.029719
2788.000000	0.010933
2789.000000	-0.044328
2790.000000	-0.106638
2791.000000	-0.145458
2792.000000	-0.154512
2793.000000	-0.135471
2794.000000	-0.097530
2795.000000	-0.051986
2796.000000	-0.011014
2797.000000	0.014507
2798.000000	0.019766
2799.000000	0.005777
2800.000000	-0.009210
2801.000000	-0.011173
2802.000000	-0.020234
2803.000000	-0.055959
2804.000000	-0.101552
2805.000000	-0.131223
2806.000000	-0.119575
2807.000000	-0.053333
2808.000000	0.032675
2809.000000	0.092245
2810.000000	0.081776
2811.000000	-0.016219
2812.000000	-0.117391
2813.000000	-0.140837
2814.000000	-0.121294
2815.000000	-0.109638
2816.000000	-0.105669
2817.000000	-0.098500
2818.000000	-0.085572
2819.000000	-0.066944
2820.000000	-0.044808
2821.000000	-0.022295
2822.000000	-0.004159
2823.000000	0.003143
2824.000000	-0.012030
2825.000000	-0.052064
2826.000000	-0.077127
2827.000000	-0.057347
2828.000000	-0.044893
2829.000000	-0.089082
2830.000000	-0.145773
2831.000000	-0.158445
2832.000000	-0.114525
2833.000000	-0.022800
2834.000000	0.066438
2835.000000	0.104633
2836.000000	0.091668
2837.000000	0.042323
2838.000000	-0.017475
2839.000000	-0.063292
2840.000000	-0.087804
2841.000000	-0.091237
2842.000000	-0.086888
2843.000000	-0.086481
2844.000000	-0.082354
2845.000000	-0.063707
2846.000000	-0.026553
2847.000000	0.026480
2848.000000	0.073129
2849.000000	0.091845
2850.000000	0.083587
2851.000000	0.056045
2852.000000	0.021332
2853.000000	-0.004480
2854.000000	0.006082
2855.000000	0.068941
2856.000000	0.142412
2857.000000	0.180059
2858.000000	0.174039
2859.000000	0.133497
2860.000000	0.096936
2861.000000	0.096301
2862.000000	0.107932
2863.000000	0.106699
2864.000000	0.117182
2865.000000	0.163204
2866.000000	0.215843
2867.000000	0.240323
2868.000000	0.231205
2869.000000	0.195422
2870.000000	0.160057
2871.000000	0.153044
2872.000000	0.185562
2873.000000	0.257869
2874.000000	0.343282
2875.000000	0.411552
2876.000000	0.445088
2877.000000	0.438550
2878.000000	0.422932
2879.000000	0.428502
2880.000000	0.446288
2881.000000	0.457433
2882.000000	0.442769
2883.000000	0.391882
2884.000000	0.329664
2885.000000	0.286154
2886.000000	0.276658
2887.000000	0.299587
2888.000000	0.300520
2889.000000	0.241135
2890.000000	0.200360
2891.000000	0.251345
2892.000000	0.326891
2893.000000	0.349036
2894.000000	0.337114
2895.000000	0.328709
2896.000000	0.337124
2897.000000	0.365763
2898.000000	0.402735
2899.000000	0.436643
2900.000000	0.473375
2901.000000	0.518121
2902.000000	0.555996
2903.000000	0.569961
2904.000000	0.554434
2905.000000	0.510732
2906.000000	0.456303
2907.000000	0.411417
2908.000000	0.391494
2909.000000	0.406894
2910.000000	0.452587
2911.000000	0.517168
2912.000000	0.579119
2913.000000	0.617303
2914.000000	0.622218
2915.000000	0.596171
2916.000000	0.577082
2917.000000	0.596228
2918.000000	0.622712
2919.000000	0.626090
2920.000000	0.639905
2921.000000	0.700874
2922.000000	0.794432
2923.000000	0.892623
2924.000000	0.965211
2925.000000	0.989127
2926.000000	0.972237
2927.000000	0.930234
2928.000000	0.879177
2929.000000	0.835655
2930.000000	0.818005
2931.000000	0.835951
2932.000000	0.863026
2933.000000	0.874864
2934.000000	0.891713
2935.000000	0.934686
2936.000000	0.983757
2937.000000	1.011248
2938.000000	1.000000
2939.000000	0.943346
2940.000000	0.866057
2941.000000	0.795169
2942.000000	0.735348
2943.000000	0.688665
2944.000000	0.669173
2945.000000	0.686225
2946.000000	0.718400
2947.000000	0.739104
2948.000000	0.731832
2949.000000	0.690048
2950.000000	0.636999
2951.000000	0.597976
2952.000000	0.576674
2953.000000	0.567292
2954.000000	0.547637
2955.000000	0.501782
2956.000000	0.455246
2957.000000	0.434182
2958.000000	0.425830
2959.000000	0.411615
2960.000000	0.388620
2961.000000	0.362267
2962.000000	0.355692
2963.000000	0.387186
2964.000000	0.437952
2965.000000	0.480863
2966.000000	0.492569
2967.000000	0.459803
2968.000000	0.405855
2969.000000	0.361075
2970.000000	0.347497
2971.000000	0.373154
2972.000000	0.398400
2973.000000	0.385429
2974.000000	0.351464
2975.000000	0.322022
2976.000000	0.300758
2977.000000	0.287090
2978.000000	0.285342
2979.000000	0.296496
2980.000000	0.303255
2981.000000	0.286109
2982.000000	0.234979
2983.000000	0.154336
2984.000000	0.097410
2985.000000	0.109885
2986.000000	0.158509
2987.000000	0.199750
2988.000000	0.227885
2989.000000	0.245682
2990.000000	0.252045
2991.000000	0.243275
2992.000000	0.209108
2993.000000	0.144287
2994.000000	0.070133
2995.000000	0.013717
2996.000000	-0.001473
2997.000000	0.035594
2998.000000	0.089716
2999.000000	0.121717
3000.000000	0.122773
3001.000000	0.094338
3002.000000	0.048617
3003.000000	0.002084
3004.000000	-0.022471
3005.000000	-0.011878
3006.000000	0.002249
3007.000000	-0.011759
3008.000000	-0.041006
3009.000000	-0.060183
3010.000000	-0.038900
3011.000000	0.038859
3012.000000	0.126540
3013.000000	0.172327
3014.000000	0.165921
3015.000000	0.115221
3016.000000	0.059398
3017.000000	0.033229
3018.000000	0.022634
3019.000000	0.005934
3020.000000	-0.020081
3021.000000	-0.053360
3022.000000	-0.089266
3023.000000	-0.121581
3024.000000	-0.140344
3025.000000	-0.136961
3026.000000	-0.112041
3027.000000	-0.075371
3028.000000	-0.064255
3029.000000	-0.106436
3030.000000	-0.163884
3031.000000	-0.191300
3032.000000	-0.180061
3033.000000	-0.135118
3034.000000	-0.079032
3035.000000	-0.033807
3036.000000	-0.001617
3037.000000	0.018836
3038.000000	0.022908
3039.000000	0.006880
3040.000000	-0.023339
3041.000000	-0.054739
3042.000000	-0.055541
3043.000000	-0.008355
3044.000000	0.027901
3045.000000	-0.000908
3046.000000	-0.053455
3047.000000	-0.077197
3048.000000	-0.070172
3049.000000	-0.043257
3050.000000	-0.008093
3051.000000	0.024725
3052.000000	0.049559
3053.000000	0.062862
3054.000000	0.064484
3055.000000	0.055964
3056.000000	0.042200
3057.000000	0.029343
3058.000000	0.025190
3059.000000	0.034884
3060.000000	0.051304
3061.000000	0.067023
3062.000000	0.085638
3063.000000	0.108273
3064.000000	0.115121
3065.000000	0.089987
3066.000000	0.052053
3067.000000	0.025438
3068.000000	0.018621
3069.000000	0.032117
3070.000000	0.050216
3071.000000	0.057881
3072.000000	0.058987
3073.000000	0.059894
3074.000000	0.057994
3075.000000	0.049102
3076.000000	0.031699
3077.000000	0.008219
3078.000000	-0.005754
3079.000000	0.004255
3080.000000	0.035135
3081.000000	0.075600
3082.000000	0.099243
3083.000000	0.084772
3084.000000	0.046476
3085.000000	0.005784
3086.000000	-0.022886
3087.000000	-0.035072
3088.000000	-0.059122
3089.000000	-0.109926
3090.000000	-0.115742
3091.000000	-0.021197
3092.000000	0.076970
3093.000000	0.077848
3094.000000	0.015942
3095.000000	-0.047185
3096.000000	-0.077156
3097.000000	-0.057879
3098.000000	-0.019222
3099.000000	0.005888
3100.000000	0.018239
3101.000000	0.027464
3102.000000	0.044861
3103.000000	0.071014
3104.000000	0.061991
3105.000000	-0.012340
3106.000000	-0.082380
3107.000000	-0.081960
3108.000000	-0.058356
3109.000000	-0.068694
3110.000000	-0.096049
3111.000000	-0.110156
3112.000000	-0.101442
3113.000000	-0.071002
3114.000000	-0.041912
3115.000000	-0.037092
3116.000000	-0.056863
3117.000000	-0.091185
3118.000000	-0.111189
3119.000000	-0.091069
3120.000000	-0.036114
3121.000000	0.034070
3122.000000	0.073694
3123.000000	0.050860
3124.000000	0.015429
3125.000000	0.015996
3126.000000	0.014330
3127.000000	-0.031226
3128.000000	-0.089227
3129.000000	-0.117799
3130.000000	-0.106475
3131.000000	-0.059070
3132.000000	-0.005134
3133.000000	0.025083
3134.000000	0.024274
3135.000000	-0.004601
3136.000000	-0.040461
3137.000000	-0.060251
3138.000000	-0.051154
3139.000000	-0.015420
3140.000000	-0.005325
3141.000000	-0.058882
3142.000000	-0.107013
3143.000000	-0.080446
3144.000000	-0.016228
3145.000000	0.031436
3146.000000	0.046030
3147.000000	0.027305
3148.000000	0.002379
3149.000000	-0.003155
3150.000000	0.002814
3151.000000	0.003987
3152.000000	-0.016085
3153.000000	-0.062997
3154.000000	-0.098772
3155.000000	-0.090655
3156.000000	-0.070351
3157.000000	-0.071641
3158.000000	-0.072141
3159.000000	-0.046949
3160.000000	-0.017252
3161.000000	-0.009116
3162.000000	-0.022045
3163.000000	-0.046802
3164.000000	-0.065758
3165.000000	-0.066079
3166.000000	-0.062506
3167.000000	-0.072122
3168.000000	-0.093799
3169.000000	-0.115512
3170.000000	-0.099855
3171.000000	-0.024759
3172.000000	0.045122
3173.000000	0.046495
3174.000000	0.008242
3175.000000	-0.024883
3176.000000	-0.036827
3177.000000	-0.023387
3178.000000	0.000925
3179.000000	0.019582
3180.000000	0.026699
3181.000000	0.019835
3182.000000	-0.000316
3183.000000	-0.028576
3184.000000	-0.044971
3185.000000	-0.030190
3186.000000	0.017634
3187.000000	0.085648
3188.000000	0.119553
3189.000000	0.078571
3190.000000	0.017439
3191.000000	-0.004745
3192.000000	-0.006952
3193.000000	-0.019291
3194.000000	-0.038348
3195.000000	-0.054036
3196.000000	-0.063090
3197.000000	-0.065956
3198.000000	-0.071100
3199.000000	-0.082010
3200.000000	-0.074244
3201.000000	-0.025855
3202.000000	0.047182
3203.000000	0.114556
3204.000000	0.126532
3205.000000	0.053656
3206.000000	-0.032975
3207.000000	-0.059971
3208.000000	-0.045329
3209.000000	-0.022995
3210.000000	0.000681
3211.000000	0.025669
3212.000000	0.049614
3213.000000	0.066427
3214.000000	0.057393
3215.000000	0.014185
3216.000000	-0.017351
3217.000000	0.004395
3218.000000	0.049910
3219.000000	0.075201
3220.000000	0.049461
3221.000000	-0.034838
3222.000000	-0.105304
3223.000000	-0.096467
3224.000000	-0.050471
3225.000000	-0.024449
3226.000000	-0.027882
3227.000000	-0.053331
3228.000000	-0.073338
3229.000000	-0.063728
3230.000000	-0.033473
3231.000000	0.000809
3232.000000	0.025064
3233.000000	0.029829
3234.000000	0.021453
3235.000000	0.009472
3236.000000	0.000357
3237.000000	-0.002599
3238.000000	-0.005742
3239.000000	-0.016342
3240.000000	-0.035737
3241.000000	-0.061682
3242.000000	-0.083545
3243.000000	-0.091553
3244.000000	-0.087751
3245.000000	-0.077134
3246.000000	-0.064681
3247.000000	-0.053830
3248.000000	-0.041880
3249.000000	-0.025530
3250.000000	-0.005217
3251.000000	0.015909
3252.000000	0.027572
3253.000000	0.022703
3254.000000	0.014195
3255.000000	0.016365
3256.000000	0.029283
3257.000000	0.046983
3258.000000	0.053614
3259.000000	0.037214
3260.000000	0.011263
3261.000000	-0.009243
3262.000000	-0.028704
3263.000000	-0.051810
3264.000000	-0.065035
3265.000000	-0.058662
3266.000000	-0.056438
3267.000000	-0.077163
3268.000000	-0.086385
3269.000000	-0.052641
3270.000000	-0.009666
3271.000000	0.004189
3272.000000	-0.002683
3273.000000	-0.012445
3274.000000	-0.016211
3275.000000	-0.011085
3276.000000	-0.009165
3277.000000	-0.019271
3278.000000	-0.022098
3279.000000	0.001518
3280.000000	0.042071
3281.000000	0.080275
3282.000000	0.086411
3283.000000	0.042343
3284.000000	-0.013292
3285.000000	-0.037560
3286.000000	-0.027111
3287.000000	0.007726
3288.000000	0.041498
3289.000000	0.051303
3290.000000	0.039568
3291.000000	0.015800
3292.000000	-0.007500
3293.000000	-0.018442
3294.000000	-0.010585
3295.000000	0.016723
3296.000000	0.046432
3297.000000	0.058999
3298.000000	0.042619
3299.000000	-0.002826
3300.000000	-0.038445
3301.000000	-0.028585
3302.000000	0.010445
3303.000000	0.051428
3304.000000	0.075490
3305.000000	0.068345
3306.000000	0.025714
3307.000000	-0.043332
3308.000000	-0.086331
3309.000000	-0.059458
3310.000000	0.003160
3311.000000	0.054423
3312.000000	0.073281
3313.000000	0.054742
3314.000000	0.031992
3315.000000	0.037205
3316.000000	0.060331
3317.000000	0.079652
3318.000000	0.069007
3319.000000	0.014838
3320.000000	-0.041558
3321.000000	-0.057949
3322.000000	-0.043218
3323.000000	-0.017395
3324.000000	0.006010
3325.000000	0.017314
3326.000000	0.015632
3327.000000	0.008949
3328.000000	0.031942
3329.000000	0.104336
3330.000000	0.159367
3331.000000	0.134339
3332.000000	0.069326
3333.000000	0.018652
3334.000000	-0.009118
3335.000000	-0.019502
3336.000000	-0.028597
3337.000000	-0.045804
3338.000000	-0.043170
3339.000000	0.001962
3340.000000	0.053704
3341.000000	0.073964
3342.000000	0.074386
3343.000000	0.072719
3344.000000	0.061415
3345.000000	0.034544
3346.000000	0.017963
3347.000000	0.031475
3348.000000	0.038893
3349.000000	0.008560
3350.000000	-0.017060
3351.000000	0.003461
3352.000000	0.033302
3353.000000	0.030517
3354.000000	0.010916
3355.000000	-0.000503
3356.000000	0.000255
3357.000000	0.008641
3358.000000	0.006944
3359.000000	-0.018014
3360.000000	-0.048101
3361.000000	-0.065177
3362.000000	-0.082364
3363.000000	-0.106763
3364.000000	-0.090110
3365.000000	0.002215
3366.000000	0.094901
3367.000000	0.112519
3368.000000	0.089090
3369.000000	0.071777
3370.000000	0.050848
3371.000000	0.016307
3372.000000	0.014005
3373.000000	0.078940
3374.000000	0.146868
3375.000000	0.149690
3376.000000	0.103141
3377.000000	0.042207
3378.000000	-0.004952
3379.000000	-0.020858
3380.000000	-0.023924
3381.000000	-0.033061
3382.000000	-0.033265
3383.000000	-0.008932
3384.000000	0.024035
3385.000000	0.044526
3386.000000	0.042120
3387.000000	0.014761
3388.000000	-0.016837
3389.000000	-0.034033
3390.000000	-0.049261
3391.000000	-0.072799
3392.000000	-0.075228
3393.000000	-0.032393
3394.000000	0.019101
3395.000000	0.038252
3396.000000	0.027235
3397.000000	0.001286
3398.000000	-0.015284
3399.000000	-0.002559
3400.000000	0.032716
3401.000000	0.073404
3402.000000	0.087451
3403.000000	0.051561
3404.000000	-0.007615
3405.000000	-0.052698
3406.000000	-0.053359
3407.000000	-0.000980
3408.000000	0.033247
3409.000000	-0.011459
3410.000000	-0.074420
3411.000000	-0.086654
3412.000000	-0.067419
3413.000000	-0.047687
3414.000000	-0.017040
3415.000000	0.032804
3416.000000	0.060189
3417.000000	0.030806
3418.000000	-0.010324
3419.000000	-0.015888
3420.000000	-0.008741
3421.000000	-0.020521
3422.000000	-0.047838
3423.000000	-0.076428
3424.000000	-0.083544
3425.000000	-0.053951
3426.000000	-0.010934
3427.000000	0.017571
3428.000000	0.023533
3429.000000	0.009075
3430.000000	-0.002971
3431.000000	0.007854
3432.000000	0.031800
3433.000000	0.051866
3434.000000	0.052268
3435.000000	0.025575
3436.000000	-0.003436
3437.000000	-0.012626
3438.000000	-0.022617
3439.000000	-0.052455
3440.000000	-0.072134
3441.000000	-0.051814
3442.000000	-0.011386
3443.000000	0.017839
3444.000000	0.008591
3445.000000	-0.048708
3446.000000	-0.096911
3447.000000	-0.080556
3448.000000	-0.017637
3449.000000	0.054735
3450.000000	0.096431
3451.000000	0.081050
3452.000000	0.040130
3453.000000	0.012194
3454.000000	0.005774
3455.000000	0.018762
3456.000000	0.036480
3457.000000	0.043037
3458.000000	0.030252
3459.000000	-0.003272
3460.000000	-0.039509
3461.000000	-0.059881
3462.000000	-0.063028
3463.000000	-0.053382
3464.000000	-0.041324
3465.000000	-0.036427
3466.000000	-0.039095
3467.000000	-0.045621
3468.000000	-0.045040
3469.000000	-0.030173
3470.000000	-0.016261
3471.000000	-0.018465
3472.000000	-0.029208
3473.000000	-0.036595
3474.000000	-0.034195
3475.000000	-0.019003
3476.000000	0.003746
3477.000000	0.025507
3478.000000	0.032742
3479.000000	0.014816
3480.000000	-0.022306
3481.000000	-0.062607
3482.000000	-0.066475
3483.000000	-0.006823
3484.000000	0.069725
3485.000000	0.106281
3486.000000	0.078610
3487.000000	-0.011818
3488.000000	-0.093369
3489.000000	-0.102315
3490.000000	-0.076718
3491.000000	-0.066914
3492.000000	-0.070555
3493.000000	-0.073095
3494.000000	-0.063866
3495.000000	-0.038326
3496.000000	-0.012541
3497.000000	-0.001366
3498.000000	0.005795
3499.000000	0.018821
3500.000000	0.019269
3501.000000	-0.008058
3502.000000	-0.037046
3503.000000	-0.037933
3504.000000	-0.007673
3505.000000	0.042418
3506.000000	0.070276
3507.000000	0.042598
3508.000000	-0.008144
3509.000000	-0.042819
3510.000000	-0.061451
3511.000000	-0.069358
3512.000000	-0.053885
3513.000000	-0.008795
3514.000000	0.028515
3515.000000	0.023543
3516.000000	-0.002983
3517.000000	-0.022117
3518.000000	-0.027274
3519.000000	-0.017891
3520.000000	0.004852
3521.000000	0.033974
3522.000000	0.041015
3523.000000	0.005399
3524.000000	-0.040436
3525.000000	-0.061417
3526.000000	-0.064935
3527.000000	-0.066969
3528.000000	-0.075381
3529.000000	-0.091476
3530.000000	-0.098450
3531.000000	-0.081866
3532.000000	-0.054871
3533.000000	-0.033896
3534.000000	-0.020919
3535.000000	-0.013834
3536.000000	-0.008646
3537.000000	-0.004279
3538.000000	-0.013210
3539.000000	-0.040627
3540.000000	-0.048995
3541.000000	-0.012461
3542.000000	0.005385
3543.000000	-0.049644
3544.000000	-0.104689
3545.000000	-0.083699
3546.000000	-0.024886
3547.000000	0.012879
3548.000000	0.002370
3549.000000	-0.061280
3550.000000	-0.125148
3551.000000	-0.138706
3552.000000	-0.118803
3553.000000	-0.092742
3554.000000	-0.062272
3555.000000	-0.024359
3556.000000	0.017608
3557.000000	0.055574
3558.000000	0.069253
3559.000000	0.043910
3560.000000	-0.000745
3561.000000	-0.040154
3562.000000	-0.064801
3563.000000	-0.069556
3564.000000	-0.051806
3565.000000	-0.014036
3566.000000	0.023376
3567.000000	0.035695
3568.000000	-0.001362
3569.000000	-0.090720
3570.000000	-0.150345
3571.000000	-0.112393
3572.000000	-0.050759
3573.000000	-0.046533
3574.000000	-0.067854
3575.000000	-0.067538
3576.000000	-0.050069
3577.000000	-0.031512
3578.000000	-0.022603
3579.000000	-0.027755
3580.000000	-0.031424
3581.000000	-0.021352
3582.000000	-0.018388
3583.000000	-0.039919
3584.000000	-0.056383
3585.000000	-0.040591
3586.000000	-0.021804
3587.000000	-0.033187
3588.000000	-0.067065
3589.000000	-0.102059
3590.000000	-0.102828
3591.000000	-0.047915
3592.000000	0.014627
3593.000000	0.033365
3594.000000	0.012856
3595.000000	-0.027196
3596.000000	-0.062476
3597.000000	-0.075182
3598.000000	-0.078172
3599.000000	-0.091971
3600.000000	-0.137103
