400.000000	0.007214
401.000000	0.016217
402.000000	0.017724
403.000000	0.014706
404.000000	0.010135
405.000000	0.007635
406.000000	0.013443
407.000000	0.031091
408.000000	0.050681
409.000000	0.060923
410.000000	0.058383
411.000000	0.043149
412.000000	0.021550
413.000000	0.000806
414.000000	-0.014534
415.000000	-0.021038
416.000000	-0.017065
417.000000	-0.003860
418.000000	0.007590
419.000000	0.006886
420.000000	-0.004292
421.000000	-0.019761
422.000000	-0.027423
423.000000	-0.017866
424.000000	0.001659
425.000000	0.020831
426.000000	0.033712
427.000000	0.037110
428.000000	0.034427
429.000000	0.029979
430.000000	0.025129
431.000000	0.020449
432.000000	0.016289
433.000000	0.012454
434.000000	0.006792
435.000000	-0.002538
436.000000	-0.014165
437.000000	-0.024975
438.000000	-0.028091
439.000000	-0.018529
440.000000	-0.002638
441.000000	0.011015
442.000000	0.016315
443.000000	0.010321
444.000000	0.000331
445.000000	-0.005601
446.000000	-0.006621
447.000000	-0.004222
448.000000	-0.002078
449.000000	-0.003185
450.000000	-0.005656
451.000000	-0.006828
452.000000	-0.005825
453.000000	-0.002714
454.000000	0.000455
455.000000	0.001441
456.000000	-0.000781
457.000000	-0.006777
458.000000	-0.016479
459.000000	-0.028495
460.000000	-0.036751
461.000000	-0.035570
462.000000	-0.025538
463.000000	-0.009832
464.000000	0.004263
465.000000	0.010333
466.000000	0.009564
467.000000	0.004834
468.000000	-0.001811
469.000000	-0.008977
470.000000	-0.017037
471.000000	-0.026264
472.000000	-0.034761
473.000000	-0.040087
474.000000	-0.039785
475.000000	-0.032858
476.000000	-0.024150
477.000000	-0.018952
478.000000	-0.018506
479.000000	-0.022125
480.000000	-0.025465
481.000000	-0.024761
482.000000	-0.022233
483.000000	-0.021250
484.000000	-0.023778
485.000000	-0.029961
486.000000	-0.034041
487.000000	-0.030639
488.000000	-0.021778
489.000000	-0.011868
490.000000	-0.007458
491.000000	-0.012960
492.000000	-0.022105
493.000000	-0.027134
494.000000	-0.025018
495.000000	-0.015005
496.000000	-0.000737
497.000000	0.013448
498.000000	0.024808
499.000000	0.031191
500.000000	0.031203
501.000000	0.024255
502.000000	0.012208
503.000000	-0.002310
504.000000	-0.016049
505.000000	-0.025469
506.000000	-0.026500
507.000000	-0.016873
508.000000	-0.002060
509.000000	0.011375
510.000000	0.020224
511.000000	0.023180
512.000000	0.023164
513.000000	0.023566
514.000000	0.025407
515.000000	0.028995
516.000000	0.034156
517.000000	0.039751
518.000000	0.041273
519.000000	0.034740
520.000000	0.021649
521.000000	0.005569
522.000000	-0.007125
523.000000	-0.010951
524.000000	-0.006805
525.000000	0.002860
526.000000	0.015743
527.000000	0.029374
528.000000	0.040443
529.000000	0.046359
530.000000	0.048249
531.000000	0.048187
532.000000	0.048320
533.000000	0.050006
534.000000	0.051372
535.000000	0.050190
536.000000	0.046046
537.000000	0.039140
538.000000	0.030313
539.000000	0.020842
540.000000	0.013096
541.000000	0.009272
542.000000	0.009796
543.000000	0.013798
544.000000	0.016985
545.000000	0.015487
546.000000	0.010538
547.000000	0.004674
548.000000	0.000538
549.000000	0.000245
550.000000	0.003679
551.000000	0.009872
552.000000	0.016675
553.000000	0.021349
554.000000	0.019977
555.000000	0.010459
556.000000	-0.000860
557.000000	-0.006680
558.000000	-0.004314
559.000000	0.005962
560.000000	0.016630
561.000000	0.020427
562.000000	0.018349
563.000000	0.013503
564.000000	0.009199
565.000000	0.008237
566.000000	0.011192
567.000000	0.017687
568.000000	0.025762
569.000000	0.032788
570.000000	0.035045
571.000000	0.030048
572.000000	0.021334
573.000000	0.013359
574.000000	0.008240
575.000000	0.006865
576.000000	0.007563
577.000000	0.008243
578.000000	0.007706
579.000000	0.005143
580.000000	0.000419
581.000000	-0.005210
582.000000	-0.005586
583.000000	0.004365
584.000000	0.020480
585.000000	0.035514
586.000000	0.039139
587.000000	0.024430
588.000000	0.001151
589.000000	-0.018545
590.000000	-0.029647
591.000000	-0.030586
592.000000	-0.026413
593.000000	-0.022176
594.000000	-0.016290
595.000000	-0.005995
596.000000	0.009534
597.000000	0.028870
598.000000	0.043515
599.000000	0.045627
600.000000	0.037063
601.000000	0.022613
602.000000	0.009102
603.000000	0.001638
604.000000	-0.003586
605.000000	-0.011364
606.000000	-0.021538
607.000000	-0.031855
608.000000	-0.036648
609.000000	-0.031290
610.000000	-0.018722
611.000000	-0.003605
612.000000	0.010079
613.000000	0.018403
614.000000	0.016981
615.000000	0.003560
616.000000	-0.015113
617.000000	-0.030189
618.000000	-0.033400
619.000000	-0.020691
620.000000	-0.004288
621.000000	0.002542
622.000000	-0.001369
623.000000	-0.012795
624.000000	-0.023045
625.000000	-0.024548
626.000000	-0.019664
627.000000	-0.012786
628.000000	-0.006492
629.000000	-0.002614
630.000000	-0.001818
631.000000	-0.004073
632.000000	-0.007726
633.000000	-0.010810
634.000000	-0.011709
635.000000	-0.009432
636.000000	-0.005122
637.000000	-0.000111
638.000000	0.005665
639.000000	0.012650
640.000000	0.021429
641.000000	0.031537
642.000000	0.038168
643.000000	0.036572
644.000000	0.026572
645.000000	0.010037
646.000000	-0.007534
647.000000	-0.020943
648.000000	-0.029815
649.000000	-0.034866
650.000000	-0.036355
651.000000	-0.034138
652.000000	-0.026908
653.000000	-0.013839
654.000000	0.002815
655.000000	0.020030
656.000000	0.034774
657.000000	0.044208
658.000000	0.046271
659.000000	0.040070
660.000000	0.028599
661.000000	0.016272
662.000000	0.009295
663.000000	0.011937
664.000000	0.018930
665.000000	0.023791
666.000000	0.024727
667.000000	0.022322
668.000000	0.021988
669.000000	0.027999
670.000000	0.035240
671.000000	0.037048
672.000000	0.029953
673.000000	0.013256
674.000000	-0.005867
675.000000	-0.019696
676.000000	-0.026230
677.000000	-0.025189
678.000000	-0.017468
679.000000	-0.004837
680.000000	0.008614
681.000000	0.018944
682.000000	0.025141
683.000000	0.027296
684.000000	0.026976
685.000000	0.025736
686.000000	0.023610
687.000000	0.020352
688.000000	0.016129
689.000000	0.011264
690.000000	0.006306
691.000000	0.001870
692.000000	-0.001387
693.000000	-0.002889
694.000000	-0.002433
695.000000	-0.000129
696.000000	0.003035
697.000000	0.005993
698.000000	0.008258
699.000000	0.009524
700.000000	0.009628
701.000000	0.008400
702.000000	0.005502
703.000000	0.000807
704.000000	-0.004811
705.000000	-0.010128
706.000000	-0.013530
707.000000	-0.013513
708.000000	-0.009415
709.000000	-0.001151
710.000000	0.009904
711.000000	0.021505
712.000000	0.029396
713.000000	0.030186
714.000000	0.025963
715.000000	0.019926
716.000000	0.014234
717.000000	0.009900
718.000000	0.004378
719.000000	-0.004217
720.000000	-0.011581
721.000000	-0.012239
722.000000	-0.002221
723.000000	0.018308
724.000000	0.034163
725.000000	0.030788
726.000000	0.011171
727.000000	-0.015913
728.000000	-0.036074
729.000000	-0.037692
730.000000	-0.025852
731.000000	-0.008947
732.000000	0.008084
733.000000	0.021445
734.000000	0.028447
735.000000	0.027776
736.000000	0.022496
737.000000	0.016441
738.000000	0.012141
739.000000	0.011365
740.000000	0.014156
741.000000	0.019557
742.000000	0.024357
743.000000	0.025165
744.000000	0.020136
745.000000	0.009905
746.000000	0.003488
747.000000	0.008866
748.000000	0.021511
749.000000	0.033415
750.000000	0.035157
751.000000	0.021138
752.000000	0.002461
753.000000	-0.008298
754.000000	-0.009365
755.000000	-0.002874
756.000000	0.004209
757.000000	0.005424
758.000000	0.001156
759.000000	-0.006453
760.000000	-0.015064
761.000000	-0.021920
762.000000	-0.022774
763.000000	-0.014834
764.000000	-0.002599
765.000000	0.008144
766.000000	0.013756
767.000000	0.012260
768.000000	0.006171
769.000000	-0.001326
770.000000	-0.008857
771.000000	-0.015540
772.000000	-0.020654
773.000000	-0.023515
774.000000	-0.023431
775.000000	-0.020173
776.000000	-0.015388
777.000000	-0.011246
778.000000	-0.010137
779.000000	-0.013548
780.000000	-0.019133
781.000000	-0.024012
782.000000	-0.027010
783.000000	-0.027602
784.000000	-0.026164
785.000000	-0.022869
786.000000	-0.016183
787.000000	-0.004995
788.000000	0.008401
789.000000	0.019698
790.000000	0.019951
791.000000	0.003046
792.000000	-0.021183
793.000000	-0.040309
794.000000	-0.047494
795.000000	-0.039925
796.000000	-0.025310
797.000000	-0.012356
798.000000	-0.003258
799.000000	0.001594
800.000000	0.002530
801.000000	0.000286
802.000000	-0.003479
803.000000	-0.006883
804.000000	-0.008065
805.000000	-0.005327
806.000000	0.002406
807.000000	0.014699
808.000000	0.025716
809.000000	0.029777
810.000000	0.027242
811.000000	0.020582
812.000000	0.014687
813.000000	0.014195
814.000000	0.020332
815.000000	0.033050
816.000000	0.050609
817.000000	0.070385
818.000000	0.087901
819.000000	0.099318
820.000000	0.105213
821.000000	0.107164
822.000000	0.106346
823.000000	0.103623
824.000000	0.099007
825.000000	0.093096
826.000000	0.089682
827.000000	0.092527
828.000000	0.102090
829.000000	0.115597
830.000000	0.120631
831.000000	0.106784
832.000000	0.081312
833.000000	0.055535
834.000000	0.039376
835.000000	0.038587
836.000000	0.043644
837.000000	0.043800
838.000000	0.038709
839.000000	0.030998
840.000000	0.024796
841.000000	0.023354
842.000000	0.024908
843.000000	0.026985
844.000000	0.029295
845.000000	0.032235
846.000000	0.036775
847.000000	0.043072
848.000000	0.047471
849.000000	0.046262
850.000000	0.039321
851.000000	0.028029
852.000000	0.016202
853.000000	0.007635
854.000000	0.003594
855.000000	0.004446
856.000000	0.009491
857.000000	0.017425
858.000000	0.025589
859.000000	0.031218
860.000000	0.032476
861.000000	0.028198
862.000000	0.018957
863.000000	0.006536
864.000000	-0.004193
865.000000	-0.008485
866.000000	-0.005189
867.000000	0.005506
868.000000	0.021646
869.000000	0.039318
870.000000	0.048520
871.000000	0.041318
872.000000	0.024123
873.000000	0.006772
874.000000	-0.001530
875.000000	0.004238
876.000000	0.013001
877.000000	0.012794
878.000000	0.004174
879.000000	-0.008610
880.000000	-0.019072
881.000000	-0.021955
882.000000	-0.019149
883.000000	-0.013752
884.000000	-0.006535
885.000000	0.002451
886.000000	0.013712
887.000000	0.026304
888.000000	0.032941
889.000000	0.026975
890.000000	0.010665
891.000000	-0.010014
892.000000	-0.023129
893.000000	-0.019415
894.000000	-0.006251
895.000000	0.006252
896.000000	0.013696
897.000000	0.014224
898.000000	0.010418
899.000000	0.005800
900.000000	0.003211
901.000000	0.004766
902.000000	0.010343
903.000000	0.018328
904.000000	0.023357
905.000000	0.020682
906.000000	0.011752
907.000000	-0.000392
908.000000	-0.012535
909.000000	-0.021150
910.000000	-0.021627
911.000000	-0.011156
912.000000	0.004782
913.000000	0.019090
914.000000	0.026490
915.000000	0.024108
916.000000	0.016861
917.000000	0.010331
918.000000	0.004972
919.000000	-0.000010
920.000000	-0.005273
921.000000	-0.010353
922.000000	-0.010445
923.000000	-0.001692
924.000000	0.011620
925.000000	0.023136
926.000000	0.026367
927.000000	0.017769
928.000000	0.005712
929.000000	-0.000672
930.000000	-0.001131
931.000000	0.001859
932.000000	0.003785
933.000000	0.001112
934.000000	-0.003751
935.000000	-0.007421
936.000000	-0.008553
937.000000	-0.006478
938.000000	-0.001194
939.000000	0.006650
940.000000	0.014459
941.000000	0.019646
942.000000	0.021609
943.000000	0.020540
944.000000	0.017825
945.000000	0.014926
946.000000	0.012403
947.000000	0.010427
948.000000	0.008514
949.000000	0.005832
950.000000	0.000825
951.000000	-0.007453
952.000000	-0.016780
953.000000	-0.024436
954.000000	-0.028862
955.000000	-0.028984
956.000000	-0.024498
957.000000	-0.016037
958.000000	-0.007208
959.000000	-0.001757
960.000000	-0.001007
961.000000	-0.004808
962.000000	-0.009538
963.000000	-0.011761
964.000000	-0.012268
965.000000	-0.012701
966.000000	-0.013874
967.000000	-0.016103
968.000000	-0.018525
969.000000	-0.019971
970.000000	-0.019208
971.000000	-0.015311
972.000000	-0.008639
973.000000	-0.000709
974.000000	0.003622
975.000000	0.000376
976.000000	-0.007564
977.000000	-0.015858
978.000000	-0.021200
979.000000	-0.021645
980.000000	-0.019654
981.000000	-0.017939
982.000000	-0.015797
983.000000	-0.011879
984.000000	-0.005666
985.000000	0.002176
986.000000	0.007079
987.000000	0.005030
988.000000	-0.001863
989.000000	-0.009937
990.000000	-0.015415
991.000000	-0.014911
992.000000	-0.006705
993.000000	0.009081
994.000000	0.026612
995.000000	0.039000
996.000000	0.040849
997.000000	0.030821
998.000000	0.022328
999.000000	0.028670
1000.000000	0.047944
1001.000000	0.073935
1002.000000	0.098387
1003.000000	0.114481
1004.000000	0.123176
1005.000000	0.127278
1006.000000	0.129195
1007.000000	0.131329
1008.000000	0.136441
1009.000000	0.146418
1010.000000	0.159284
1011.000000	0.173492
1012.000000	0.193082
1013.000000	0.220257
1014.000000	0.244283
1015.000000	0.256211
1016.000000	0.267179
1017.000000	0.285748
1018.000000	0.290076
1019.000000	0.259143
1020.000000	0.205615
1021.000000	0.148818
1022.000000	0.101047
1023.000000	0.070696
1024.000000	0.057599
1025.000000	0.058013
1026.000000	0.062438
1027.000000	0.062075
1028.000000	0.056682
1029.000000	0.048123
1030.000000	0.038138
1031.000000	0.028587
1032.000000	0.021924
1033.000000	0.019357
1034.000000	0.016519
1035.000000	0.009326
1036.000000	0.000398
1037.000000	-0.005304
1038.000000	-0.000150
1039.000000	0.019413
1040.000000	0.037955
1041.000000	0.039519
1042.000000	0.025035
1043.000000	0.001654
1044.000000	-0.015464
1045.000000	-0.014684
1046.000000	-0.006469
1047.000000	-0.003824
1048.000000	-0.007819
1049.000000	-0.015166
1050.000000	-0.017068
1051.000000	-0.007649
1052.000000	0.001762
1053.000000	-0.001144
1054.000000	-0.015407
1055.000000	-0.035132
1056.000000	-0.047950
1057.000000	-0.043649
1058.000000	-0.027113
1059.000000	-0.006491
1060.000000	0.012094
1061.000000	0.023155
1062.000000	0.021717
1063.000000	0.006536
1064.000000	-0.009233
1065.000000	-0.012239
1066.000000	-0.002758
1067.000000	0.013557
1068.000000	0.023182
1069.000000	0.015477
1070.000000	-0.000780
1071.000000	-0.014105
1072.000000	-0.021618
1073.000000	-0.023705
1074.000000	-0.025220
1075.000000	-0.029773
1076.000000	-0.031514
1077.000000	-0.024299
1078.000000	-0.010249
1079.000000	0.005356
1080.000000	0.012879
1081.000000	0.005649
1082.000000	-0.006767
1083.000000	-0.013096
1084.000000	-0.011468
1085.000000	-0.003561
1086.000000	0.004150
1087.000000	0.006065
1088.000000	0.004876
1089.000000	0.004685
1090.000000	0.006948
1091.000000	0.012217
1092.000000	0.020088
1093.000000	0.029084
1094.000000	0.034403
1095.000000	0.031959
1096.000000	0.023848
1097.000000	0.014452
1098.000000	0.011109
1099.000000	0.018870
1100.000000	0.030677
1101.000000	0.038141
1102.000000	0.039648
1103.000000	0.035987
1104.000000	0.030793
1105.000000	0.027629
1106.000000	0.026926
1107.000000	0.028161
1108.000000	0.030131
1109.000000	0.031362
1110.000000	0.029963
1111.000000	0.025518
1112.000000	0.023921
1113.000000	0.030623
1114.000000	0.042993
1115.000000	0.055759
1116.000000	0.061160
1117.000000	0.054417
1118.000000	0.045173
1119.000000	0.043570
1120.000000	0.047332
1121.000000	0.050422
1122.000000	0.044167
1123.000000	0.023820
1124.000000	0.002978
1125.000000	-0.003754
1126.000000	0.003929
1127.000000	0.021791
1128.000000	0.041735
1129.000000	0.055408
1130.000000	0.057304
1131.000000	0.044664
1132.000000	0.022871
1133.000000	-0.000372
1134.000000	-0.016224
1135.000000	-0.018218
1136.000000	-0.010504
1137.000000	0.000622
1138.000000	0.010913
1139.000000	0.016917
1140.000000	0.016318
1141.000000	0.008457
1142.000000	-0.001839
1143.000000	-0.009600
1144.000000	-0.014779
1145.000000	-0.018606
1146.000000	-0.022499
1147.000000	-0.026968
1148.000000	-0.028705
1149.000000	-0.024477
1150.000000	-0.015161
1151.000000	-0.002792
1152.000000	0.010061
1153.000000	0.020722
1154.000000	0.026613
1155.000000	0.026146
1156.000000	0.021585
1157.000000	0.016049
1158.000000	0.012216
1159.000000	0.012133
1160.000000	0.015750
1161.000000	0.021684
1162.000000	0.025308
1163.000000	0.022020
1164.000000	0.010572
1165.000000	-0.007175
1166.000000	-0.020259
1167.000000	-0.018839
1168.000000	-0.006646
1169.000000	0.009524
1170.000000	0.024179
1171.000000	0.033160
1172.000000	0.036329
1173.000000	0.034514
1174.000000	0.028390
1175.000000	0.018741
1176.000000	0.006950
1177.000000	-0.005389
1178.000000	-0.016426
1179.000000	-0.024268
1180.000000	-0.027098
1181.000000	-0.023630
1182.000000	-0.014614
1183.000000	-0.001893
1184.000000	0.010352
1185.000000	0.018296
1186.000000	0.021863
1187.000000	0.022059
1188.000000	0.020460
1189.000000	0.018901
1190.000000	0.019694
1191.000000	0.024716
1192.000000	0.033631
1193.000000	0.045207
1194.000000	0.056837
1195.000000	0.065375
1196.000000	0.066899
1197.000000	0.059333
1198.000000	0.048768
1199.000000	0.042013
1200.000000	0.040568
1201.000000	0.043967
1202.000000	0.049183
1203.000000	0.053222
1204.000000	0.055790
1205.000000	0.057078
1206.000000	0.056520
1207.000000	0.053442
1208.000000	0.047486
1209.000000	0.039700
1210.000000	0.036422
1211.000000	0.042978
1212.000000	0.055349
1213.000000	0.067103
1214.000000	0.071504
1215.000000	0.064930
1216.000000	0.056509
1217.000000	0.055901
1218.000000	0.062151
1219.000000	0.071488
1220.000000	0.079493
1221.000000	0.082588
1222.000000	0.081198
1223.000000	0.076632
1224.000000	0.069718
1225.000000	0.061319
1226.000000	0.052909
1227.000000	0.046727
1228.000000	0.047475
1229.000000	0.057781
1230.000000	0.069534
1231.000000	0.073538
1232.000000	0.067015
1233.000000	0.052070
1234.000000	0.043927
1235.000000	0.055582
1236.000000	0.077984
1237.000000	0.098120
1238.000000	0.109162
1239.000000	0.107786
1240.000000	0.098490
1241.000000	0.086689
1242.000000	0.073649
1243.000000	0.060192
1244.000000	0.049525
1245.000000	0.045795
1246.000000	0.054515
1247.000000	0.077982
1248.000000	0.104246
1249.000000	0.120447
1250.000000	0.124330
1251.000000	0.117665
1252.000000	0.107732
1253.000000	0.101093
1254.000000	0.095933
1255.000000	0.089310
1256.000000	0.082147
1257.000000	0.076429
1258.000000	0.074525
1259.000000	0.077855
1260.000000	0.083664
1261.000000	0.088918
1262.000000	0.093642
1263.000000	0.098619
1264.000000	0.104597
1265.000000	0.111541
1266.000000	0.116321
1267.000000	0.116117
1268.000000	0.112434
1269.000000	0.107802
1270.000000	0.104520
1271.000000	0.104451
1272.000000	0.107945
1273.000000	0.114342
1274.000000	0.120459
1275.000000	0.122995
1276.000000	0.120692
1277.000000	0.113718
1278.000000	0.105886
1279.000000	0.101001
1280.000000	0.099192
1281.000000	0.099621
1282.000000	0.101274
1283.000000	0.103039
1284.000000	0.103597
1285.000000	0.101968
1286.000000	0.098730
1287.000000	0.094876
1288.000000	0.091512
1289.000000	0.089791
1290.000000	0.090945
1291.000000	0.095409
1292.000000	0.100352
1293.000000	0.103324
1294.000000	0.106656
1295.000000	0.113920
1296.000000	0.128885
1297.000000	0.151611
1298.000000	0.167144
1299.000000	0.161936
1300.000000	0.143086
1301.000000	0.122843
1302.000000	0.113416
1303.000000	0.122742
1304.000000	0.141715
1305.000000	0.159052
1306.000000	0.171797
1307.000000	0.179183
1308.000000	0.180883
1309.000000	0.176312
1310.000000	0.163433
1311.000000	0.142397
1312.000000	0.123574
1313.000000	0.117732
1314.000000	0.127028
1315.000000	0.148547
1316.000000	0.167693
1317.000000	0.171930
1318.000000	0.168630
1319.000000	0.167964
1320.000000	0.171403
1321.000000	0.176870
1322.000000	0.176816
1323.000000	0.165881
1324.000000	0.152942
1325.000000	0.148104
1326.000000	0.152140
1327.000000	0.162721
1328.000000	0.174448
1329.000000	0.182037
1330.000000	0.183724
1331.000000	0.179429
1332.000000	0.172275
1333.000000	0.166014
1334.000000	0.163704
1335.000000	0.166466
1336.000000	0.168359
1337.000000	0.163864
1338.000000	0.156214
1339.000000	0.150249
1340.000000	0.148487
1341.000000	0.151020
1342.000000	0.150561
1343.000000	0.141832
1344.000000	0.134960
1345.000000	0.141103
1346.000000	0.160126
1347.000000	0.186007
1348.000000	0.200475
1349.000000	0.189383
1350.000000	0.167336
1351.000000	0.152584
1352.000000	0.149194
1353.000000	0.155936
1354.000000	0.164560
1355.000000	0.167128
1356.000000	0.163974
1357.000000	0.157618
1358.000000	0.151059
1359.000000	0.147295
1360.000000	0.148843
1361.000000	0.157058
1362.000000	0.169119
1363.000000	0.181186
1364.000000	0.189511
1365.000000	0.191025
1366.000000	0.185296
1367.000000	0.174057
1368.000000	0.165084
1369.000000	0.165471
1370.000000	0.173553
1371.000000	0.185483
1372.000000	0.197448
1373.000000	0.205804
1374.000000	0.207544
1375.000000	0.201086
1376.000000	0.189904
1377.000000	0.178501
1378.000000	0.170422
1379.000000	0.168657
1380.000000	0.174915
1381.000000	0.189537
1382.000000	0.208657
1383.000000	0.227678
1384.000000	0.243279
1385.000000	0.252851
1386.000000	0.255347
1387.000000	0.251191
1388.000000	0.245139
1389.000000	0.242014
1390.000000	0.242593
1391.000000	0.246415
1392.000000	0.252118
1393.000000	0.257885
1394.000000	0.260963
1395.000000	0.259521
1396.000000	0.256340
1397.000000	0.254610
1398.000000	0.254560
1399.000000	0.254850
1400.000000	0.250843
1401.000000	0.239072
1402.000000	0.224054
1403.000000	0.211155
1404.000000	0.201165
1405.000000	0.193245
1406.000000	0.184616
1407.000000	0.173228
1408.000000	0.161874
1409.000000	0.153164
1410.000000	0.144127
1411.000000	0.130861
1412.000000	0.111311
1413.000000	0.086916
1414.000000	0.071252
1415.000000	0.075341
1416.000000	0.087850
1417.000000	0.094198
1418.000000	0.089156
1419.000000	0.074277
1420.000000	0.068880
1421.000000	0.089028
1422.000000	0.119974
1423.000000	0.142858
1424.000000	0.153158
1425.000000	0.152297
1426.000000	0.151133
1427.000000	0.158644
1428.000000	0.166853
1429.000000	0.166785
1430.000000	0.162419
1431.000000	0.161004
1432.000000	0.169920
1433.000000	0.192377
1434.000000	0.214786
1435.000000	0.223572
1436.000000	0.222021
1437.000000	0.217342
1438.000000	0.215563
1439.000000	0.220916
1440.000000	0.231614
1441.000000	0.244834
1442.000000	0.259621
1443.000000	0.275441
1444.000000	0.291571
1445.000000	0.307316
1446.000000	0.322291
1447.000000	0.335250
1448.000000	0.341199
1449.000000	0.336008
1450.000000	0.322742
1451.000000	0.306526
1452.000000	0.293523
1453.000000	0.287823
1454.000000	0.284198
1455.000000	0.276521
1456.000000	0.264402
1457.000000	0.249055
1458.000000	0.232367
1459.000000	0.216487
1460.000000	0.203926
1461.000000	0.196147
1462.000000	0.190059
1463.000000	0.182144
1464.000000	0.171742
1465.000000	0.159542
1466.000000	0.148778
1467.000000	0.142469
1468.000000	0.140223
1469.000000	0.140757
1470.000000	0.142629
1471.000000	0.144360
1472.000000	0.144477
1473.000000	0.141795
1474.000000	0.136278
1475.000000	0.128160
1476.000000	0.117614
1477.000000	0.104923
1478.000000	0.090884
1479.000000	0.076741
1480.000000	0.065029
1481.000000	0.057188
1482.000000	0.049000
1483.000000	0.036120
1484.000000	0.019370
1485.000000	0.001760
1486.000000	-0.010106
1487.000000	-0.010985
1488.000000	-0.004668
1489.000000	0.003467
1490.000000	0.010731
1491.000000	0.015370
1492.000000	0.016672
1493.000000	0.014077
1494.000000	0.006580
1495.000000	-0.005446
1496.000000	-0.015662
1497.000000	-0.017566
1498.000000	-0.009977
1499.000000	0.004608
1500.000000	0.014297
1501.000000	0.009545
1502.000000	-0.000409
1503.000000	-0.004224
1504.000000	-0.000930
1505.000000	0.006577
1506.000000	0.010302
1507.000000	0.004667
1508.000000	-0.001142
1509.000000	0.002326
1510.000000	0.010829
1511.000000	0.017029
1512.000000	0.014907
1513.000000	0.001603
1514.000000	-0.014423
1515.000000	-0.024151
1516.000000	-0.027646
1517.000000	-0.027022
1518.000000	-0.023503
1519.000000	-0.017803
1520.000000	-0.009500
1521.000000	0.001128
1522.000000	0.009851
1523.000000	0.012616
1524.000000	0.010028
1525.000000	0.004221
1526.000000	-0.001224
1527.000000	-0.002864
1528.000000	0.000731
1529.000000	0.009648
1530.000000	0.020619
1531.000000	0.029881
1532.000000	0.035055
1533.000000	0.034798
1534.000000	0.030518
1535.000000	0.025047
1536.000000	0.024159
1537.000000	0.032497
1538.000000	0.047246
1539.000000	0.062915
1540.000000	0.070772
1541.000000	0.064277
1542.000000	0.048916
1543.000000	0.033045
1544.000000	0.024490
1545.000000	0.029729
1546.000000	0.050379
1547.000000	0.083951
1548.000000	0.116386
1549.000000	0.133962
1550.000000	0.135861
1551.000000	0.125575
1552.000000	0.110925
1553.000000	0.101402
1554.000000	0.108861
1555.000000	0.139301
1556.000000	0.172931
1557.000000	0.189117
1558.000000	0.189634
1559.000000	0.182634
1560.000000	0.179369
1561.000000	0.187282
1562.000000	0.195466
1563.000000	0.193083
1564.000000	0.187907
1565.000000	0.190622
1566.000000	0.204932
1567.000000	0.230384
1568.000000	0.256890
1569.000000	0.275003
1570.000000	0.287476
1571.000000	0.299225
1572.000000	0.311606
1573.000000	0.324780
1574.000000	0.337669
1575.000000	0.348892
1576.000000	0.357078
1577.000000	0.361006
1578.000000	0.360048
1579.000000	0.353967
1580.000000	0.343502
1581.000000	0.329908
1582.000000	0.315535
1583.000000	0.302561
1584.000000	0.291381
1585.000000	0.281985
1586.000000	0.274526
1587.000000	0.269157
1588.000000	0.265860
1589.000000	0.264612
1590.000000	0.265526
1591.000000	0.268096
1592.000000	0.269200
1593.000000	0.265705
1594.000000	0.257059
1595.000000	0.244703
1596.000000	0.235476
1597.000000	0.235110
1598.000000	0.239509
1599.000000	0.243262
1600.000000	0.245524
1601.000000	0.247092
1602.000000	0.250763
1603.000000	0.258259
1604.000000	0.265003
1605.000000	0.266260
1606.000000	0.262978
1607.000000	0.257414
1608.000000	0.251387
1609.000000	0.245834
1610.000000	0.238585
1611.000000	0.228027
1612.000000	0.217867
1613.000000	0.212000
1614.000000	0.209760
1615.000000	0.208848
1616.000000	0.204993
1617.000000	0.195597
1618.000000	0.186738
1619.000000	0.184487
1620.000000	0.186216
1621.000000	0.187470
1622.000000	0.185194
1623.000000	0.178160
1624.000000	0.171061
1625.000000	0.168186
1626.000000	0.166303
1627.000000	0.161234
1628.000000	0.152548
1629.000000	0.141208
1630.000000	0.130012
1631.000000	0.122043
1632.000000	0.119689
1633.000000	0.123560
1634.000000	0.127855
1635.000000	0.126272
1636.000000	0.116913
1637.000000	0.101555
1638.000000	0.092259
1639.000000	0.099316
1640.000000	0.115661
1641.000000	0.131438
1642.000000	0.142977
1643.000000	0.149010
1644.000000	0.151681
1645.000000	0.153790
1646.000000	0.157336
1647.000000	0.163431
1648.000000	0.170439
1649.000000	0.176219
1650.000000	0.179362
1651.000000	0.179182
1652.000000	0.177139
1653.000000	0.174905
1654.000000	0.172841
1655.000000	0.170982
1656.000000	0.169365
1657.000000	0.168001
1658.000000	0.166787
1659.000000	0.165536
1660.000000	0.163853
1661.000000	0.161495
1662.000000	0.159050
1663.000000	0.157163
1664.000000	0.155864
1665.000000	0.154852
1666.000000	0.153106
1667.000000	0.149497
1668.000000	0.143178
1669.000000	0.133983
1670.000000	0.124173
1671.000000	0.116559
1672.000000	0.113719
1673.000000	0.117018
1674.000000	0.123215
1675.000000	0.129006
1676.000000	0.135458
1677.000000	0.143718
1678.000000	0.150879
1679.000000	0.152296
1680.000000	0.140421
1681.000000	0.111647
1682.000000	0.081036
1683.000000	0.064236
1684.000000	0.060560
1685.000000	0.064790
1686.000000	0.069922
1687.000000	0.070504
1688.000000	0.069073
1689.000000	0.068603
1690.000000	0.065813
1691.000000	0.057416
1692.000000	0.046355
1693.000000	0.037605
1694.000000	0.038035
1695.000000	0.051376
1696.000000	0.066912
1697.000000	0.072723
1698.000000	0.066516
1699.000000	0.050686
1700.000000	0.036756
1701.000000	0.034570
1702.000000	0.038127
1703.000000	0.039575
1704.000000	0.039498
1705.000000	0.040006
1706.000000	0.040870
1707.000000	0.041505
1708.000000	0.042241
1709.000000	0.043306
1710.000000	0.043612
1711.000000	0.042830
1712.000000	0.044984
1713.000000	0.051163
1714.000000	0.046355
1715.000000	0.019785
1716.000000	-0.006271
1717.000000	-0.009325
1718.000000	0.000912
1719.000000	0.010258
1720.000000	0.018860
1721.000000	0.028723
1722.000000	0.034971
1723.000000	0.032111
1724.000000	0.019068
1725.000000	-0.002875
1726.000000	-0.027414
1727.000000	-0.047714
1728.000000	-0.059839
1729.000000	-0.061388
1730.000000	-0.053219
1731.000000	-0.037886
1732.000000	-0.021484
1733.000000	-0.009871
1734.000000	-0.004417
1735.000000	-0.004853
1736.000000	-0.008844
1737.000000	-0.013300
1738.000000	-0.014170
1739.000000	-0.008625
1740.000000	0.000321
1741.000000	0.008283
1742.000000	0.011244
1743.000000	0.006071
1744.000000	-0.007197
1745.000000	-0.025592
1746.000000	-0.037598
1747.000000	-0.033660
1748.000000	-0.020625
1749.000000	-0.008247
1750.000000	-0.001509
1751.000000	-0.003041
1752.000000	-0.010848
1753.000000	-0.021650
1754.000000	-0.031662
1755.000000	-0.037481
1756.000000	-0.037737
1757.000000	-0.032100
1758.000000	-0.022373
1759.000000	-0.011397
1760.000000	-0.004033
1761.000000	-0.003569
1762.000000	-0.004968
1763.000000	-0.002874
1764.000000	0.001017
1765.000000	0.003332
1766.000000	0.001044
1767.000000	-0.006526
1768.000000	-0.011005
1769.000000	-0.005286
1770.000000	0.003622
1771.000000	0.007043
1772.000000	0.003760
1773.000000	-0.004488
1774.000000	-0.011604
1775.000000	-0.012314
1776.000000	-0.008998
1777.000000	-0.005547
1778.000000	-0.004246
1779.000000	-0.006554
1780.000000	-0.012244
1781.000000	-0.020181
1782.000000	-0.027279
1783.000000	-0.030441
1784.000000	-0.028482
1785.000000	-0.021221
1786.000000	-0.010590
1787.000000	0.000881
1788.000000	0.010369
1789.000000	0.015111
1790.000000	0.012879
1791.000000	0.003566
1792.000000	-0.005001
1793.000000	-0.005228
1794.000000	0.001598
1795.000000	0.011236
1796.000000	0.016512
1797.000000	0.012750
1798.000000	0.008199
1799.000000	0.010974
1800.000000	0.015713
1801.000000	0.014978
1802.000000	0.006494
1803.000000	-0.009317
1804.000000	-0.026418
1805.000000	-0.037926
1806.000000	-0.039187
1807.000000	-0.028037
1808.000000	-0.010046
1809.000000	0.007692
1810.000000	0.019705
1811.000000	0.022475
1812.000000	0.018669
1813.000000	0.012516
1814.000000	0.008300
1815.000000	0.009034
1816.000000	0.012586
1817.000000	0.015456
1818.000000	0.013824
1819.000000	0.004983
1820.000000	-0.009011
1821.000000	-0.024249
1822.000000	-0.034164
1823.000000	-0.033265
1824.000000	-0.023018
1825.000000	-0.007444
1826.000000	0.006167
1827.000000	0.011854
1828.000000	0.012243
1829.000000	0.011136
1830.000000	0.008440
1831.000000	0.003599
1832.000000	-0.001911
1833.000000	-0.005815
1834.000000	-0.004677
1835.000000	0.003566
1836.000000	0.014317
1837.000000	0.022096
1838.000000	0.024537
1839.000000	0.020699
1840.000000	0.012212
1841.000000	0.001940
1842.000000	-0.004888
1843.000000	-0.004276
1844.000000	0.000467
1845.000000	0.004691
1846.000000	0.005691
1847.000000	0.001762
1848.000000	-0.006736
1849.000000	-0.018216
1850.000000	-0.028253
1851.000000	-0.032818
1852.000000	-0.032293
1853.000000	-0.028190
1854.000000	-0.022115
1855.000000	-0.015610
1856.000000	-0.009863
1857.000000	-0.005975
1858.000000	-0.005065
1859.000000	-0.006901
1860.000000	-0.005843
1861.000000	0.003018
1862.000000	0.016272
1863.000000	0.027597
1864.000000	0.027356
1865.000000	0.010601
1866.000000	-0.005542
1867.000000	-0.004477
1868.000000	0.006205
1869.000000	0.014631
1870.000000	0.015980
1871.000000	0.009685
1872.000000	0.005131
1873.000000	0.009758
1874.000000	0.013262
1875.000000	0.005393
1876.000000	-0.006142
1877.000000	-0.010783
1878.000000	-0.004528
1879.000000	0.011564
1880.000000	0.022742
1881.000000	0.016124
1882.000000	0.000005
1883.000000	-0.014251
1884.000000	-0.024171
1885.000000	-0.029642
1886.000000	-0.031082
1887.000000	-0.027974
1888.000000	-0.015515
1889.000000	0.008349
1890.000000	0.030408
1891.000000	0.037089
1892.000000	0.028644
1893.000000	0.009838
1894.000000	-0.010335
1895.000000	-0.023415
1896.000000	-0.027319
1897.000000	-0.022059
1898.000000	-0.009649
1899.000000	0.006705
1900.000000	0.021034
1901.000000	0.027275
1902.000000	0.021762
1903.000000	0.003942
1904.000000	-0.016672
1905.000000	-0.029693
1906.000000	-0.031295
1907.000000	-0.021006
1908.000000	-0.005199
1909.000000	0.007882
1910.000000	0.009354
1911.000000	-0.004317
1912.000000	-0.014627
1913.000000	-0.005010
1914.000000	0.011305
1915.000000	0.017238
1916.000000	0.010107
1917.000000	-0.006226
1918.000000	-0.016131
1919.000000	-0.008032
1920.000000	0.001666
1921.000000	-0.003688
1922.000000	-0.013743
1923.000000	-0.014280
1924.000000	-0.002594
1925.000000	0.017938
1926.000000	0.031143
1927.000000	0.023819
1928.000000	0.007448
1929.000000	-0.003553
1930.000000	-0.007713
1931.000000	-0.006890
1932.000000	-0.003320
1933.000000	0.001125
1934.000000	0.006403
1935.000000	0.012274
1936.000000	0.015875
1937.000000	0.014687
1938.000000	0.010187
1939.000000	0.004705
1940.000000	0.000000
1941.000000	-0.002832
1942.000000	-0.004763
1943.000000	-0.007056
1944.000000	-0.010056
1945.000000	-0.013464
1946.000000	-0.015330
1947.000000	-0.013721
1948.000000	-0.008432
1949.000000	-0.000483
1950.000000	0.005945
1951.000000	0.006956
1952.000000	0.002958
1953.000000	-0.004331
1954.000000	-0.012269
1955.000000	-0.018221
1956.000000	-0.020504
1957.000000	-0.018330
1958.000000	-0.013553
1959.000000	-0.008204
1960.000000	-0.002396
1961.000000	0.003584
1962.000000	0.006829
1963.000000	0.004610
1964.000000	-0.002468
1965.000000	-0.011026
1966.000000	-0.009911
1967.000000	0.008625
1968.000000	0.030949
1969.000000	0.042031
1970.000000	0.042648
1971.000000	0.037961
1972.000000	0.034867
1973.000000	0.038523
1974.000000	0.045391
1975.000000	0.049734
1976.000000	0.045705
1977.000000	0.029623
1978.000000	0.006591
1979.000000	-0.016112
1980.000000	-0.031282
1981.000000	-0.033977
1982.000000	-0.028229
1983.000000	-0.019257
1984.000000	-0.008047
1985.000000	0.004481
1986.000000	0.013431
1987.000000	0.013948
1988.000000	0.005309
1989.000000	-0.009106
1990.000000	-0.013630
1991.000000	0.002763
1992.000000	0.020243
1993.000000	0.018077
1994.000000	0.002780
1995.000000	-0.012487
1996.000000	-0.015225
1997.000000	0.000374
1998.000000	0.014030
1999.000000	0.006571
2000.000000	-0.010644
2001.000000	-0.021608
2002.000000	-0.022259
2003.000000	-0.012739
2004.000000	0.001918
2005.000000	0.015426
2006.000000	0.021361
2007.000000	0.015783
2008.000000	0.004814
2009.000000	-0.004271
2010.000000	-0.009644
2011.000000	-0.011277
2012.000000	-0.010879
2013.000000	-0.010313
2014.000000	-0.010307
2015.000000	-0.010559
2016.000000	-0.007780
2017.000000	0.000597
2018.000000	0.011268
2019.000000	0.019642
2020.000000	0.021847
2021.000000	0.015519
2022.000000	0.003598
2023.000000	-0.009463
2024.000000	-0.018463
2025.000000	-0.019227
2026.000000	-0.012442
2027.000000	-0.000450
2028.000000	0.012634
2029.000000	0.022484
2030.000000	0.025697
2031.000000	0.020824
2032.000000	0.013315
2033.000000	0.008965
2034.000000	0.008052
2035.000000	0.009299
2036.000000	0.010730
2037.000000	0.010681
2038.000000	0.009421
2039.000000	0.007468
2040.000000	0.004393
2041.000000	0.000221
2042.000000	-0.002264
2043.000000	-0.000413
2044.000000	0.005120
2045.000000	0.011845
2046.000000	0.013228
2047.000000	0.004817
2048.000000	-0.005461
2049.000000	-0.009042
2050.000000	-0.007179
2051.000000	-0.003084
2052.000000	0.002003
2053.000000	0.008211
2054.000000	0.019159
2055.000000	0.035316
2056.000000	0.041047
2057.000000	0.023521
2058.000000	-0.002768
2059.000000	-0.019528
2060.000000	-0.020605
2061.000000	-0.006301
2062.000000	0.009402
2063.000000	0.013112
2064.000000	0.007487
2065.000000	-0.001009
2066.000000	-0.006741
2067.000000	-0.005878
2068.000000	-0.000980
2069.000000	0.003244
2070.000000	-0.000116
2071.000000	-0.014338
2072.000000	-0.025965
2073.000000	-0.022279
2074.000000	-0.010244
2075.000000	0.000243
2076.000000	0.007232
2077.000000	0.011575
2078.000000	0.017381
2079.000000	0.026974
2080.000000	0.032279
2081.000000	0.025785
2082.000000	0.012622
2083.000000	0.000161
2084.000000	-0.007903
2085.000000	-0.009627
2086.000000	-0.006389
2087.000000	-0.001184
2088.000000	-0.000153
2089.000000	-0.006834
2090.000000	-0.011217
2091.000000	-0.003661
2092.000000	0.010438
2093.000000	0.022321
2094.000000	0.024800
2095.000000	0.014530
2096.000000	0.001960
2097.000000	-0.001732
2098.000000	0.003748
2099.000000	0.015285
2100.000000	0.027016
2101.000000	0.033081
2102.000000	0.030369
2103.000000	0.017831
2104.000000	-0.000089
2105.000000	-0.017208
2106.000000	-0.025886
2107.000000	-0.020817
2108.000000	-0.007497
2109.000000	0.006510
2110.000000	0.016163
2111.000000	0.018414
2112.000000	0.015675
2113.000000	0.012003
2114.000000	0.012590
2115.000000	0.020020
2116.000000	0.025303
2117.000000	0.019574
2118.000000	0.006031
2119.000000	-0.007968
2120.000000	-0.010482
2121.000000	0.005902
2122.000000	0.025913
2123.000000	0.033021
2124.000000	0.028339
2125.000000	0.017198
2126.000000	0.004168
2127.000000	-0.006695
2128.000000	-0.012622
2129.000000	-0.011314
2130.000000	-0.001070
2131.000000	0.017245
2132.000000	0.033092
2133.000000	0.036656
2134.000000	0.030681
2135.000000	0.021057
2136.000000	0.013685
2137.000000	0.012312
2138.000000	0.012060
2139.000000	0.007848
2140.000000	0.002402
2141.000000	-0.000422
2142.000000	-0.000047
2143.000000	0.002993
2144.000000	0.007000
2145.000000	0.010041
2146.000000	0.010392
2147.000000	0.007024
2148.000000	0.001467
2149.000000	-0.003500
2150.000000	-0.002653
2151.000000	0.007858
2152.000000	0.023938
2153.000000	0.039008
2154.000000	0.044492
2155.000000	0.035235
2156.000000	0.021764
2157.000000	0.015442
2158.000000	0.015292
2159.000000	0.017316
2160.000000	0.017761
2161.000000	0.013676
2162.000000	0.005055
2163.000000	-0.006232
2164.000000	-0.013758
2165.000000	-0.011494
2166.000000	0.000455
2167.000000	0.018997
2168.000000	0.035230
2169.000000	0.040473
2170.000000	0.032736
2171.000000	0.014240
2172.000000	-0.002634
2173.000000	-0.006999
2174.000000	-0.004095
2175.000000	-0.001120
2176.000000	0.003022
2177.000000	0.010742
2178.000000	0.021424
2179.000000	0.033047
2180.000000	0.040985
2181.000000	0.040369
2182.000000	0.027962
2183.000000	0.003859
2184.000000	-0.020134
2185.000000	-0.031688
2186.000000	-0.028080
2187.000000	-0.010598
2188.000000	0.013044
2189.000000	0.033754
2190.000000	0.043350
2191.000000	0.037459
2192.000000	0.026029
2193.000000	0.019580
2194.000000	0.016614
2195.000000	0.013076
2196.000000	0.006719
2197.000000	-0.002462
2198.000000	-0.007297
2199.000000	-0.002574
2200.000000	0.001924
2201.000000	-0.002950
2202.000000	-0.008789
2203.000000	-0.005352
2204.000000	0.007397
2205.000000	0.025390
2206.000000	0.038360
2207.000000	0.038810
2208.000000	0.036531
2209.000000	0.041340
2210.000000	0.045867
2211.000000	0.041209
2212.000000	0.029526
2213.000000	0.015877
2214.000000	0.005862
2215.000000	0.003083
2216.000000	0.002593
2217.000000	-0.001562
2218.000000	-0.010835
2219.000000	-0.023605
2220.000000	-0.030470
2221.000000	-0.022856
2222.000000	-0.003274
2223.000000	0.020783
2224.000000	0.032995
2225.000000	0.021043
2226.000000	-0.002558
2227.000000	-0.021460
2228.000000	-0.028815
2229.000000	-0.022211
2230.000000	-0.007472
2231.000000	0.007562
2232.000000	0.015221
2233.000000	0.010917
2234.000000	0.002214
2235.000000	-0.002490
2236.000000	-0.003606
2237.000000	-0.003464
2238.000000	-0.003262
2239.000000	-0.003797
2240.000000	-0.005406
2241.000000	-0.008180
2242.000000	-0.011690
2243.000000	-0.015116
2244.000000	-0.016606
2245.000000	-0.014932
2246.000000	-0.012394
2247.000000	-0.011086
2248.000000	-0.008761
2249.000000	-0.003515
2250.000000	0.000832
2251.000000	0.000563
2252.000000	-0.001909
2253.000000	-0.003508
2254.000000	-0.004650
2255.000000	-0.006206
2256.000000	-0.007390
2257.000000	-0.007786
2258.000000	-0.010131
2259.000000	-0.015317
2260.000000	-0.013703
2261.000000	0.002018
2262.000000	0.019285
2263.000000	0.024355
2264.000000	0.018621
2265.000000	0.007187
2266.000000	-0.005132
2267.000000	-0.014258
2268.000000	-0.018760
2269.000000	-0.018731
2270.000000	-0.017705
2271.000000	-0.018213
2272.000000	-0.015342
2273.000000	-0.004416
2274.000000	0.010837
2275.000000	0.024977
2276.000000	0.034107
2277.000000	0.036154
2278.000000	0.034808
2279.000000	0.034108
2280.000000	0.033729
2281.000000	0.032334
2282.000000	0.028894
2283.000000	0.022910
2284.000000	0.015685
2285.000000	0.009003
2286.000000	0.004772
2287.000000	0.004360
2288.000000	0.006855
2289.000000	0.009820
2290.000000	0.006997
2291.000000	-0.006004
2292.000000	-0.022265
2293.000000	-0.032899
2294.000000	-0.032433
2295.000000	-0.018422
2296.000000	0.002890
2297.000000	0.022912
2298.000000	0.032341
2299.000000	0.025161
2300.000000	0.009200
2301.000000	-0.005419
2302.000000	-0.013238
2303.000000	-0.011313
2304.000000	-0.002081
2305.000000	0.010256
2306.000000	0.019819
2307.000000	0.022649
2308.000000	0.024134
2309.000000	0.029232
2310.000000	0.031831
2311.000000	0.025274
2312.000000	0.011794
2313.000000	-0.002788
2314.000000	-0.007188
2315.000000	0.005732
2316.000000	0.021076
2317.000000	0.024838
2318.000000	0.028609
2319.000000	0.044770
2320.000000	0.063252
2321.000000	0.069983
2322.000000	0.057323
2323.000000	0.024625
2324.000000	-0.007229
2325.000000	-0.018512
2326.000000	-0.015656
2327.000000	-0.009311
2328.000000	-0.000853
2329.000000	0.009823
2330.000000	0.019457
2331.000000	0.024391
2332.000000	0.022723
2333.000000	0.015365
2334.000000	0.012719
2335.000000	0.022749
2336.000000	0.034165
2337.000000	0.034890
2338.000000	0.028938
2339.000000	0.023142
2340.000000	0.019513
2341.000000	0.017349
2342.000000	0.009909
2343.000000	-0.006993
2344.000000	-0.021282
2345.000000	-0.020937
2346.000000	-0.010408
2347.000000	0.002522
2348.000000	0.013208
2349.000000	0.018373
2350.000000	0.017074
2351.000000	0.009258
2352.000000	-0.003895
2353.000000	-0.018819
2354.000000	-0.023630
2355.000000	-0.009054
2356.000000	0.015436
2357.000000	0.036790
2358.000000	0.046393
2359.000000	0.039074
2360.000000	0.018998
2361.000000	-0.005933
2362.000000	-0.022193
2363.000000	-0.019148
2364.000000	-0.003354
2365.000000	0.015082
2366.000000	0.029054
2367.000000	0.033537
2368.000000	0.028838
2369.000000	0.017432
2370.000000	0.005143
2371.000000	-0.002153
2372.000000	-0.001716
2373.000000	0.007089
2374.000000	0.019621
2375.000000	0.030481
2376.000000	0.036504
2377.000000	0.036004
2378.000000	0.030976
2379.000000	0.024566
2380.000000	0.020829
2381.000000	0.021147
2382.000000	0.015284
2383.000000	-0.004579
2384.000000	-0.024971
2385.000000	-0.031085
2386.000000	-0.024050
2387.000000	-0.009584
2388.000000	0.004184
2389.000000	0.010995
2390.000000	0.014494
2391.000000	0.019080
2392.000000	0.022272
2393.000000	0.020328
2394.000000	0.011348
2395.000000	-0.004180
2396.000000	-0.018063
2397.000000	-0.021546
2398.000000	-0.011351
2399.000000	0.009948
2400.000000	0.021832
2401.000000	0.009373
2402.000000	-0.002033
2403.000000	0.012220
2404.000000	0.033275
2405.000000	0.037574
2406.000000	0.026231
2407.000000	0.008946
2408.000000	0.005107
2409.000000	0.026557
2410.000000	0.045289
2411.000000	0.034610
2412.000000	0.012950
2413.000000	0.003738
2414.000000	0.005280
2415.000000	0.010291
2416.000000	0.014252
2417.000000	0.014777
2418.000000	0.015259
2419.000000	0.018319
2420.000000	0.017717
2421.000000	0.008148
2422.000000	-0.003091
2423.000000	-0.008035
2424.000000	-0.008659
2425.000000	-0.008474
2426.000000	-0.007200
2427.000000	-0.002889
2428.000000	0.009272
2429.000000	0.030141
2430.000000	0.041874
2431.000000	0.029974
2432.000000	0.012033
2433.000000	0.007453
2434.000000	0.010777
2435.000000	0.011867
2436.000000	0.006720
2437.000000	-0.003860
2438.000000	-0.005993
2439.000000	0.010603
2440.000000	0.028728
2441.000000	0.030417
2442.000000	0.022132
2443.000000	0.014618
2444.000000	0.011333
2445.000000	0.012930
2446.000000	0.016127
2447.000000	0.017029
2448.000000	0.013208
2449.000000	0.004445
2450.000000	-0.002119
2451.000000	0.000253
2452.000000	0.009314
2453.000000	0.020072
2454.000000	0.025540
2455.000000	0.020457
2456.000000	0.008472
2457.000000	-0.003039
2458.000000	-0.000705
2459.000000	0.022952
2460.000000	0.045830
2461.000000	0.045643
2462.000000	0.028944
2463.000000	0.008886
2464.000000	-0.003821
2465.000000	-0.001645
2466.000000	0.012663
2467.000000	0.032205
2468.000000	0.043776
2469.000000	0.037074
2470.000000	0.019723
2471.000000	0.002466
2472.000000	-0.009406
2473.000000	-0.012570
2474.000000	-0.006115
2475.000000	0.009175
2476.000000	0.028158
2477.000000	0.044395
2478.000000	0.050612
2479.000000	0.041898
2480.000000	0.023632
2481.000000	0.003659
2482.000000	-0.010586
2483.000000	-0.013192
2484.000000	-0.003917
2485.000000	0.014798
2486.000000	0.035449
2487.000000	0.049677
2488.000000	0.050759
2489.000000	0.036389
2490.000000	0.020291
2491.000000	0.015856
2492.000000	0.019096
2493.000000	0.022495
2494.000000	0.021786
2495.000000	0.014598
2496.000000	0.002897
2497.000000	-0.009882
2498.000000	-0.018758
2499.000000	-0.018752
2500.000000	-0.006452
2501.000000	0.017399
2502.000000	0.036991
2503.000000	0.037102
2504.000000	0.019919
2505.000000	-0.006759
2506.000000	-0.030092
2507.000000	-0.038158
2508.000000	-0.027747
2509.000000	-0.001066
2510.000000	0.026729
2511.000000	0.040496
2512.000000	0.038105
2513.000000	0.022812
2514.000000	0.006399
2515.000000	0.000404
2516.000000	0.006872
2517.000000	0.023325
2518.000000	0.038686
2519.000000	0.042550
2520.000000	0.035783
2521.000000	0.023162
2522.000000	0.013827
2523.000000	0.014713
2524.000000	0.019564
2525.000000	0.020888
2526.000000	0.019451
2527.000000	0.018696
2528.000000	0.024520
2529.000000	0.038515
2530.000000	0.042595
2531.000000	0.022142
2532.000000	-0.003915
2533.000000	-0.014630
2534.000000	-0.014538
2535.000000	-0.012659
2536.000000	-0.010468
2537.000000	-0.006734
2538.000000	0.003065
2539.000000	0.021245
2540.000000	0.038006
2541.000000	0.044440
2542.000000	0.047338
2543.000000	0.053514
2544.000000	0.054183
2545.000000	0.040904
2546.000000	0.022202
2547.000000	0.009517
2548.000000	0.008979
2549.000000	0.020371
2550.000000	0.023402
2551.000000	0.003165
2552.000000	-0.013633
2553.000000	-0.001769
2554.000000	0.016440
2555.000000	0.014591
2556.000000	-0.002513
2557.000000	-0.022307
2558.000000	-0.032376
2559.000000	-0.024994
2560.000000	-0.011033
2561.000000	-0.003099
2562.000000	-0.002132
2563.000000	-0.004832
2564.000000	-0.002602
2565.000000	0.010397
2566.000000	0.023675
2567.000000	0.025414
2568.000000	0.014812
2569.000000	-0.003739
2570.000000	-0.016069
2571.000000	-0.009919
2572.000000	0.009565
2573.000000	0.031966
2574.000000	0.043190
2575.000000	0.033522
2576.000000	0.014447
2577.000000	0.000286
2578.000000	-0.004480
2579.000000	0.000277
2580.000000	0.007120
2581.000000	0.008799
2582.000000	0.006368
2583.000000	0.003504
2584.000000	0.006065
2585.000000	0.017274
2586.000000	0.027621
2587.000000	0.027667
2588.000000	0.020981
2589.000000	0.013754
2590.000000	0.009667
2591.000000	0.009462
2592.000000	0.004652
2593.000000	-0.010372
2594.000000	-0.020471
2595.000000	-0.011764
2596.000000	0.003864
2597.000000	0.011898
2598.000000	0.013080
2599.000000	0.012034
2600.000000	0.013667
2601.000000	0.021413
2602.000000	0.032544
2603.000000	0.042684
2604.000000	0.047018
2605.000000	0.042387
2606.000000	0.032684
2607.000000	0.022765
2608.000000	0.014275
2609.000000	0.008110
2610.000000	0.005392
2611.000000	0.006773
2612.000000	0.010807
2613.000000	0.014978
2614.000000	0.014602
2615.000000	0.006166
2616.000000	-0.006979
2617.000000	-0.019418
2618.000000	-0.024333
2619.000000	-0.017118
2620.000000	-0.003424
2621.000000	0.009349
2622.000000	0.017050
2623.000000	0.017918
2624.000000	0.016512
2625.000000	0.017358
2626.000000	0.018541
2627.000000	0.017551
2628.000000	0.015923
2629.000000	0.016222
2630.000000	0.021069
2631.000000	0.031636
2632.000000	0.043231
2633.000000	0.050258
2634.000000	0.049359
2635.000000	0.039823
2636.000000	0.029281
2637.000000	0.024470
2638.000000	0.020206
2639.000000	0.010254
2640.000000	-0.003900
2641.000000	-0.018989
2642.000000	-0.032333
2643.000000	-0.041321
2644.000000	-0.043035
2645.000000	-0.035179
2646.000000	-0.018271
2647.000000	0.004375
2648.000000	0.021059
2649.000000	0.022592
2650.000000	0.018213
2651.000000	0.017974
2652.000000	0.016757
2653.000000	0.008294
2654.000000	-0.003115
2655.000000	-0.010721
2656.000000	-0.008537
2657.000000	0.006006
2658.000000	0.022573
2659.000000	0.030202
2660.000000	0.028322
2661.000000	0.019538
2662.000000	0.008779
2663.000000	0.001483
2664.000000	0.002809
2665.000000	0.015610
2666.000000	0.033800
2667.000000	0.049043
2668.000000	0.052943
2669.000000	0.040692
2670.000000	0.021894
2671.000000	0.007174
2672.000000	-0.003179
2673.000000	-0.010883
2674.000000	-0.015344
2675.000000	-0.016023
2676.000000	-0.014919
2677.000000	-0.014391
2678.000000	-0.015692
2679.000000	-0.019073
2680.000000	-0.021891
2681.000000	-0.020985
2682.000000	-0.014030
2683.000000	0.000194
2684.000000	0.019320
2685.000000	0.038975
2686.000000	0.050338
2687.000000	0.046246
2688.000000	0.030621
2689.000000	0.010883
2690.000000	-0.002650
2691.000000	-0.001604
2692.000000	0.011708
2693.000000	0.030504
2694.000000	0.040794
2695.000000	0.032414
2696.000000	0.017695
2697.000000	0.010164
2698.000000	0.005626
2699.000000	-0.002512
2700.000000	-0.012725
2701.000000	-0.020585
2702.000000	-0.018165
2703.000000	-0.001180
2704.000000	0.016595
2705.000000	0.021578
2706.000000	0.019021
2707.000000	0.017481
2708.000000	0.019902
2709.000000	0.026485
2710.000000	0.032058
2711.000000	0.031194
2712.000000	0.022807
2713.000000	0.008393
2714.000000	-0.004557
2715.000000	-0.008218
2716.000000	0.000574
2717.000000	0.020739
2718.000000	0.038886
2719.000000	0.041929
2720.000000	0.030309
2721.000000	0.009245
2722.000000	-0.010472
2723.000000	-0.018805
2724.000000	-0.014298
2725.000000	0.000645
2726.000000	0.016764
2727.000000	0.026838
2728.000000	0.038645
2729.000000	0.058708
2730.000000	0.073534
2731.000000	0.070164
2732.000000	0.057799
2733.000000	0.047889
2734.000000	0.038725
2735.000000	0.026050
2736.000000	0.008560
2737.000000	-0.011427
2738.000000	-0.020062
2739.000000	-0.006996
2740.000000	0.012599
2741.000000	0.021310
2742.000000	0.018285
2743.000000	0.007782
2744.000000	-0.002078
2745.000000	-0.004659
2746.000000	-0.003141
2747.000000	-0.002799
2748.000000	-0.007475
2749.000000	-0.018171
2750.000000	-0.025968
2751.000000	-0.022675
2752.000000	-0.012940
2753.000000	-0.003056
2754.000000	0.006931
2755.000000	0.017579
2756.000000	0.025601
2757.000000	0.027993
2758.000000	0.026733
2759.000000	0.024604
2760.000000	0.022618
2761.000000	0.020209
2762.000000	0.012269
2763.000000	-0.004322
2764.000000	-0.020188
2765.000000	-0.025011
2766.000000	-0.017197
2767.000000	-0.001064
2768.000000	0.004134
2769.000000	-0.016988
2770.000000	-0.049417
2771.000000	-0.071941
2772.000000	-0.068943
2773.000000	-0.034574
2774.000000	0.003550
2775.000000	0.019103
2776.000000	0.024397
2777.000000	0.035004
2778.000000	0.040906
2779.000000	0.030015
2780.000000	0.007568
2781.000000	-0.016566
2782.000000	-0.031306
2783.000000	-0.028537
2784.000000	-0.013222
2785.000000	0.005123
2786.000000	0.011849
2787.000000	-0.001936
2788.000000	-0.016974
2789.000000	-0.014448
2790.000000	-0.005449
2791.000000	-0.004688
2792.000000	-0.011442
2793.000000	-0.021153
2794.000000	-0.029364
2795.000000	-0.032396
2796.000000	-0.029582
2797.000000	-0.021405
2798.000000	-0.009944
2799.000000	0.001832
2800.000000	0.008980
2801.000000	0.008083
2802.000000	0.003806
2803.000000	0.001449
2804.000000	0.000765
2805.000000	-0.000010
2806.000000	-0.003157
2807.000000	-0.010306
2808.000000	-0.019958
2809.000000	-0.029701
2810.000000	-0.036597
2811.000000	-0.038862
2812.000000	-0.039855
2813.000000	-0.042556
2814.000000	-0.043278
2815.000000	-0.038451
2816.000000	-0.031627
2817.000000	-0.026883
2818.000000	-0.023280
2819.000000	-0.019378
2820.000000	-0.016760
2821.000000	-0.017373
2822.000000	-0.021607
2823.000000	-0.027148
2824.000000	-0.022427
2825.000000	0.000329
2826.000000	0.024461
2827.000000	0.031634
2828.000000	0.021251
2829.000000	-0.000408
2830.000000	-0.017294
2831.000000	-0.015423
2832.000000	0.001149
2833.000000	0.022836
2834.000000	0.035959
2835.000000	0.030597
2836.000000	0.015963
2837.000000	0.003975
2838.000000	-0.001767
2839.000000	-0.000214
2840.000000	0.007789
2841.000000	0.021484
2842.000000	0.042341
2843.000000	0.069830
2844.000000	0.093177
2845.000000	0.102253
2846.000000	0.099739
2847.000000	0.093689
2848.000000	0.100845
2849.000000	0.131169
2850.000000	0.158824
2851.000000	0.159464
2852.000000	0.150514
2853.000000	0.154169
2854.000000	0.169937
2855.000000	0.191191
2856.000000	0.209454
2857.000000	0.217898
2858.000000	0.218148
2859.000000	0.214384
2860.000000	0.212559
2861.000000	0.216828
2862.000000	0.222379
2863.000000	0.225055
2864.000000	0.232289
2865.000000	0.250343
2866.000000	0.269218
2867.000000	0.280384
2868.000000	0.297464
2869.000000	0.333330
2870.000000	0.375705
2871.000000	0.407920
2872.000000	0.420897
2873.000000	0.413628
2874.000000	0.409793
2875.000000	0.428767
2876.000000	0.448020
2877.000000	0.443747
2878.000000	0.428964
2879.000000	0.422405
2880.000000	0.428858
2881.000000	0.447657
2882.000000	0.470253
2883.000000	0.486824
2884.000000	0.490336
2885.000000	0.477032
2886.000000	0.453469
2887.000000	0.429351
2888.000000	0.416667
2889.000000	0.422002
2890.000000	0.428042
2891.000000	0.419646
2892.000000	0.414268
2893.000000	0.430279
2894.000000	0.457133
2895.000000	0.480052
2896.000000	0.496238
2897.000000	0.506718
2898.000000	0.515833
2899.000000	0.526774
2900.000000	0.534801
2901.000000	0.536072
2902.000000	0.538248
2903.000000	0.548509
2904.000000	0.560593
2905.000000	0.567219
2906.000000	0.570473
2907.000000	0.574353
2908.000000	0.581144
2909.000000	0.592128
2910.000000	0.606300
2911.000000	0.621934
2912.000000	0.636713
2913.000000	0.648737
2914.000000	0.658366
2915.000000	0.667218
2916.000000	0.679692
2917.000000	0.700716
2918.000000	0.734546
2919.000000	0.780404
2920.000000	0.818042
2921.000000	0.829962
2922.000000	0.829146
2923.000000	0.833012
2924.000000	0.846237
2925.000000	0.867306
2926.000000	0.882666
2927.000000	0.881833
2928.000000	0.878634
2929.000000	0.888611
2930.000000	0.909868
2931.000000	0.935262
2932.000000	0.954119
2933.000000	0.959457
2934.000000	0.962600
2935.000000	0.975138
2936.000000	0.991420
2937.000000	1.002063
2938.000000	1.000000
2939.000000	0.981573
2940.000000	0.954431
2941.000000	0.926793
2942.000000	0.897839
2943.000000	0.866407
2944.000000	0.839017
2945.000000	0.820324
2946.000000	0.799857
2947.000000	0.767960
2948.000000	0.733365
2949.000000	0.706450
2950.000000	0.685784
2951.000000	0.667623
2952.000000	0.650767
2953.000000	0.635633
2954.000000	0.626550
2955.000000	0.624740
2956.000000	0.615074
2957.000000	0.586799
2958.000000	0.563026
2959.000000	0.563649
2960.000000	0.561821
2961.000000	0.530822
2962.000000	0.491162
2963.000000	0.469942
2964.000000	0.473382
2965.000000	0.498508
2966.000000	0.526455
2967.000000	0.538155
2968.000000	0.529620
2969.000000	0.503009
2970.000000	0.469980
2971.000000	0.442582
2972.000000	0.424929
2973.000000	0.417405
2974.000000	0.413422
2975.000000	0.406612
2976.000000	0.398464
2977.000000	0.391388
2978.000000	0.383630
2979.000000	0.373326
2980.000000	0.362325
2981.000000	0.353538
2982.000000	0.350409
2983.000000	0.353744
2984.000000	0.353260
2985.000000	0.339856
2986.000000	0.320256
2987.000000	0.303130
2988.000000	0.289100
2989.000000	0.277617
2990.000000	0.271492
2991.000000	0.272046
2992.000000	0.271293
2993.000000	0.261119
2994.000000	0.242224
2995.000000	0.218502
2996.000000	0.197815
2997.000000	0.185795
2998.000000	0.175178
2999.000000	0.159019
3000.000000	0.144554
3001.000000	0.139396
3002.000000	0.138505
3003.000000	0.135372
3004.000000	0.130280
3005.000000	0.124111
3006.000000	0.113356
3007.000000	0.095020
3008.000000	0.072570
3009.000000	0.051345
3010.000000	0.037728
3011.000000	0.036072
3012.000000	0.041573
3013.000000	0.048016
3014.000000	0.052715
3015.000000	0.054010
3016.000000	0.050823
3017.000000	0.043517
3018.000000	0.037626
3019.000000	0.037401
3020.000000	0.036791
3021.000000	0.028847
3022.000000	0.013329
3023.000000	-0.006815
3024.000000	-0.022605
3025.000000	-0.025795
3026.000000	-0.017111
3027.000000	-0.001649
3028.000000	0.006973
3029.000000	-0.001477
3030.000000	-0.015186
3031.000000	-0.020727
3032.000000	-0.020278
3033.000000	-0.019408
3034.000000	-0.021642
3035.000000	-0.027129
3036.000000	-0.024574
3037.000000	-0.004900
3038.000000	0.020638
3039.000000	0.037239
3040.000000	0.036250
3041.000000	0.017673
3042.000000	0.009987
3043.000000	0.034274
3044.000000	0.053536
3045.000000	0.031952
3046.000000	-0.003527
3047.000000	-0.018102
3048.000000	-0.008359
3049.000000	0.018696
3050.000000	0.045759
3051.000000	0.057015
3052.000000	0.052907
3053.000000	0.039741
3054.000000	0.031009
3055.000000	0.038288
3056.000000	0.058318
3057.000000	0.082659
3058.000000	0.096992
3059.000000	0.092438
3060.000000	0.087762
3061.000000	0.100596
3062.000000	0.116391
3063.000000	0.117841
3064.000000	0.108797
3065.000000	0.098040
3066.000000	0.092905
3067.000000	0.097674
3068.000000	0.105865
3069.000000	0.109115
3070.000000	0.102307
3071.000000	0.083952
3072.000000	0.063826
3073.000000	0.052965
3074.000000	0.056169
3075.000000	0.073345
3076.000000	0.091067
3077.000000	0.096841
3078.000000	0.095245
3079.000000	0.093225
3080.000000	0.090124
3081.000000	0.084527
3082.000000	0.079585
3083.000000	0.078456
3084.000000	0.079776
3085.000000	0.080727
3086.000000	0.077211
3087.000000	0.066841
3088.000000	0.055352
3089.000000	0.048241
3090.000000	0.041927
3091.000000	0.033216
3092.000000	0.029538
3093.000000	0.035985
3094.000000	0.037677
3095.000000	0.020871
3096.000000	-0.003653
3097.000000	-0.021635
3098.000000	-0.029421
3099.000000	-0.026580
3100.000000	-0.014981
3101.000000	0.003028
3102.000000	0.025487
3103.000000	0.048418
3104.000000	0.059394
3105.000000	0.049383
3106.000000	0.031398
3107.000000	0.018434
3108.000000	0.001374
3109.000000	-0.028066
3110.000000	-0.052724
3111.000000	-0.055231
3112.000000	-0.042832
3113.000000	-0.027119
3114.000000	-0.012449
3115.000000	-0.000854
3116.000000	0.007696
3117.000000	0.013106
3118.000000	0.012706
3119.000000	0.005138
3120.000000	-0.003131
3121.000000	-0.005399
3122.000000	-0.001865
3123.000000	0.004880
3124.000000	0.009561
3125.000000	0.007090
3126.000000	-0.004201
3127.000000	-0.022463
3128.000000	-0.035212
3129.000000	-0.031688
3130.000000	-0.018664
3131.000000	-0.006592
3132.000000	-0.003104
3133.000000	-0.011983
3134.000000	-0.024443
3135.000000	-0.030229
3136.000000	-0.025794
3137.000000	-0.011129
3138.000000	0.006333
3139.000000	0.017632
3140.000000	0.015140
3141.000000	-0.002904
3142.000000	-0.016134
3143.000000	-0.007873
3144.000000	0.001668
3145.000000	-0.008498
3146.000000	-0.025572
3147.000000	-0.031709
3148.000000	-0.022666
3149.000000	-0.000761
3150.000000	0.019035
3151.000000	0.023080
3152.000000	0.015700
3153.000000	0.004041
3154.000000	-0.011437
3155.000000	-0.030130
3156.000000	-0.044180
3157.000000	-0.046003
3158.000000	-0.036370
3159.000000	-0.019572
3160.000000	-0.005612
3161.000000	-0.002482
3162.000000	-0.004410
3163.000000	-0.003217
3164.000000	0.005132
3165.000000	0.020962
3166.000000	0.033909
3167.000000	0.033615
3168.000000	0.020425
3169.000000	-0.000435
3170.000000	-0.014916
3171.000000	-0.013782
3172.000000	-0.015875
3173.000000	-0.036625
3174.000000	-0.049750
3175.000000	-0.030924
3176.000000	-0.005366
3177.000000	-0.001020
3178.000000	-0.007197
3179.000000	-0.008665
3180.000000	-0.010647
3181.000000	-0.020557
3182.000000	-0.034103
3183.000000	-0.043814
3184.000000	-0.041213
3185.000000	-0.021947
3186.000000	0.000826
3187.000000	0.013606
3188.000000	0.019050
3189.000000	0.023411
3190.000000	0.031179
3191.000000	0.042617
3192.000000	0.042841
3193.000000	0.020836
3194.000000	-0.003792
3195.000000	-0.010433
3196.000000	-0.005079
3197.000000	0.000424
3198.000000	-0.002582
3199.000000	-0.017097
3200.000000	-0.026674
3201.000000	-0.015562
3202.000000	0.009759
3203.000000	0.035238
3204.000000	0.038779
3205.000000	0.008318
3206.000000	-0.020021
3207.000000	-0.012345
3208.000000	0.008127
3209.000000	0.012685
3210.000000	0.007760
3211.000000	0.005536
3212.000000	0.006054
3213.000000	0.006863
3214.000000	0.007683
3215.000000	0.008906
3216.000000	0.011435
3217.000000	0.015261
3218.000000	0.016210
3219.000000	0.010465
3220.000000	-0.000196
3221.000000	-0.011790
3222.000000	-0.017105
3223.000000	-0.011475
3224.000000	-0.003660
3225.000000	-0.002829
3226.000000	-0.006369
3227.000000	-0.009698
3228.000000	-0.012125
3229.000000	-0.013336
3230.000000	-0.010619
3231.000000	-0.002506
3232.000000	0.005097
3233.000000	0.006538
3234.000000	0.004542
3235.000000	0.003134
3236.000000	0.003156
3237.000000	0.004179
3238.000000	0.003884
3239.000000	0.000528
3240.000000	-0.003441
3241.000000	-0.005448
3242.000000	-0.006598
3243.000000	-0.007569
3244.000000	-0.003640
3245.000000	0.007540
3246.000000	0.013438
3247.000000	0.003977
3248.000000	-0.006224
3249.000000	-0.002109
3250.000000	0.008444
3251.000000	0.015104
3252.000000	0.020671
3253.000000	0.029481
3254.000000	0.038877
3255.000000	0.044535
3256.000000	0.042456
3257.000000	0.030826
3258.000000	0.016253
3259.000000	0.005545
3260.000000	-0.002104
3261.000000	-0.008691
3262.000000	-0.013356
3263.000000	-0.013742
3264.000000	-0.004360
3265.000000	0.016438
3266.000000	0.031800
3267.000000	0.026115
3268.000000	0.007224
3269.000000	-0.011826
3270.000000	-0.020611
3271.000000	-0.012472
3272.000000	0.006830
3273.000000	0.029155
3274.000000	0.049286
3275.000000	0.063324
3276.000000	0.069730
3277.000000	0.067652
3278.000000	0.056619
3279.000000	0.038342
3280.000000	0.022870
3281.000000	0.019914
3282.000000	0.029498
3283.000000	0.047249
3284.000000	0.060895
3285.000000	0.060533
3286.000000	0.053640
3287.000000	0.049786
3288.000000	0.049543
3289.000000	0.051618
3290.000000	0.056267
3291.000000	0.063245
3292.000000	0.068755
3293.000000	0.069026
3294.000000	0.063930
3295.000000	0.054651
3296.000000	0.043972
3297.000000	0.034542
3298.000000	0.026869
3299.000000	0.021776
3300.000000	0.023482
3301.000000	0.034550
3302.000000	0.047516
3303.000000	0.054797
3304.000000	0.058369
3305.000000	0.061342
3306.000000	0.061795
3307.000000	0.056895
3308.000000	0.045201
3309.000000	0.027816
3310.000000	0.014621
3311.000000	0.014320
3312.000000	0.022133
3313.000000	0.030899
3314.000000	0.037429
3315.000000	0.040530
3316.000000	0.043027
3317.000000	0.047157
3318.000000	0.048797
3319.000000	0.044315
3320.000000	0.038407
3321.000000	0.037029
3322.000000	0.042834
3323.000000	0.054945
3324.000000	0.061657
3325.000000	0.053682
3326.000000	0.042235
3327.000000	0.040063
3328.000000	0.045548
3329.000000	0.052472
3330.000000	0.050578
3331.000000	0.033323
3332.000000	0.013051
3333.000000	0.004021
3334.000000	0.009267
3335.000000	0.027142
3336.000000	0.048508
3337.000000	0.064787
3338.000000	0.077126
3339.000000	0.087882
3340.000000	0.094537
3341.000000	0.093229
3342.000000	0.079611
3343.000000	0.053244
3344.000000	0.029816
3345.000000	0.023415
3346.000000	0.025613
3347.000000	0.025111
3348.000000	0.021635
3349.000000	0.018939
3350.000000	0.025855
3351.000000	0.046298
3352.000000	0.059433
3353.000000	0.046944
3354.000000	0.025336
3355.000000	0.016047
3356.000000	0.025441
3357.000000	0.051953
3358.000000	0.077389
3359.000000	0.084777
3360.000000	0.078672
3361.000000	0.067572
3362.000000	0.054218
3363.000000	0.040861
3364.000000	0.033564
3365.000000	0.036694
3366.000000	0.044031
3367.000000	0.048773
3368.000000	0.052371
3369.000000	0.056802
3370.000000	0.057898
3371.000000	0.052815
3372.000000	0.050154
3373.000000	0.057146
3374.000000	0.064106
3375.000000	0.060199
3376.000000	0.046914
3377.000000	0.029493
3378.000000	0.015876
3379.000000	0.012463
3380.000000	0.016787
3381.000000	0.024242
3382.000000	0.030539
3383.000000	0.032361
3384.000000	0.029972
3385.000000	0.025753
3386.000000	0.026961
3387.000000	0.037989
3388.000000	0.046896
3389.000000	0.043503
3390.000000	0.041012
3391.000000	0.051757
3392.000000	0.061217
3393.000000	0.053717
3394.000000	0.035824
3395.000000	0.019084
3396.000000	0.012726
3397.000000	0.021767
3398.000000	0.036693
3399.000000	0.046054
3400.000000	0.045189
3401.000000	0.033225
3402.000000	0.017662
3403.000000	0.006858
3404.000000	0.004238
3405.000000	0.010938
3406.000000	0.023872
3407.000000	0.038692
3408.000000	0.050220
3409.000000	0.053605
3410.000000	0.046149
3411.000000	0.028774
3412.000000	0.014740
3413.000000	0.015440
3414.000000	0.022458
3415.000000	0.024105
3416.000000	0.015402
3417.000000	-0.002613
3418.000000	-0.011542
3419.000000	0.004756
3420.000000	0.036020
3421.000000	0.065565
3422.000000	0.077400
3423.000000	0.061520
3424.000000	0.031157
3425.000000	0.003505
3426.000000	-0.011646
3427.000000	-0.009538
3428.000000	0.001849
3429.000000	0.013393
3430.000000	0.024128
3431.000000	0.034372
3432.000000	0.041422
3433.000000	0.042271
3434.000000	0.035716
3435.000000	0.022125
3436.000000	0.006337
3437.000000	-0.004745
3438.000000	-0.000438
3439.000000	0.024268
3440.000000	0.047921
3441.000000	0.050056
3442.000000	0.040614
3443.000000	0.032573
3444.000000	0.020650
3445.000000	-0.000707
3446.000000	-0.019858
3447.000000	-0.023783
3448.000000	-0.011129
3449.000000	0.013874
3450.000000	0.036341
3451.000000	0.042831
3452.000000	0.036325
3453.000000	0.023628
3454.000000	0.010409
3455.000000	0.000462
3456.000000	-0.008777
3457.000000	-0.019110
3458.000000	-0.022929
3459.000000	-0.013988
3460.000000	-0.000915
3461.000000	0.006865
3462.000000	0.011600
3463.000000	0.015588
3464.000000	0.009655
3465.000000	-0.011582
3466.000000	-0.026874
3467.000000	-0.017313
3468.000000	0.000013
3469.000000	0.004524
3470.000000	-0.002320
3471.000000	-0.013153
3472.000000	-0.019010
3473.000000	-0.013024
3474.000000	0.001695
3475.000000	0.018666
3476.000000	0.027890
3477.000000	0.021460
3478.000000	0.003343
3479.000000	-0.018505
3480.000000	-0.032040
3481.000000	-0.028246
3482.000000	-0.014298
3483.000000	0.000652
3484.000000	0.015743
3485.000000	0.029478
3486.000000	0.029524
3487.000000	0.009157
3488.000000	-0.005075
3489.000000	0.010205
3490.000000	0.032418
3491.000000	0.035394
3492.000000	0.024560
3493.000000	0.012170
3494.000000	0.006194
3495.000000	0.009463
3496.000000	0.008529
3497.000000	-0.007228
3498.000000	-0.020834
3499.000000	-0.014924
3500.000000	0.001822
3501.000000	0.015426
3502.000000	0.016746
3503.000000	0.002374
3504.000000	-0.013014
3505.000000	-0.014716
3506.000000	-0.006018
3507.000000	0.005429
3508.000000	0.012512
3509.000000	0.010583
3510.000000	0.004320
3511.000000	0.000361
3512.000000	0.003854
3513.000000	0.015511
3514.000000	0.019784
3515.000000	0.004092
3516.000000	-0.016019
3517.000000	-0.023670
3518.000000	-0.024764
3519.000000	-0.027020
3520.000000	-0.022624
3521.000000	-0.005016
3522.000000	0.011816
3523.000000	0.012928
3524.000000	0.000096
3525.000000	-0.019467
3526.000000	-0.033509
3527.000000	-0.032748
3528.000000	-0.024807
3529.000000	-0.018914
3530.000000	-0.013809
3531.000000	-0.006494
3532.000000	0.002495
3533.000000	0.011354
3534.000000	0.016756
3535.000000	0.016995
3536.000000	0.018381
3537.000000	0.025162
3538.000000	0.025315
3539.000000	0.008024
3540.000000	-0.016428
3541.000000	-0.033849
3542.000000	-0.035525
3543.000000	-0.019674
3544.000000	-0.006778
3545.000000	-0.012925
3546.000000	-0.014361
3547.000000	0.009569
3548.000000	0.027285
3549.000000	0.009282
3550.000000	-0.013413
3551.000000	-0.008283
3552.000000	0.002624
3553.000000	-0.006464
3554.000000	-0.021647
3555.000000	-0.023717
3556.000000	-0.011896
3557.000000	0.008308
3558.000000	0.024662
3559.000000	0.026212
3560.000000	0.013842
3561.000000	-0.007486
3562.000000	-0.028350
3563.000000	-0.039446
3564.000000	-0.036417
3565.000000	-0.019202
3566.000000	0.000012
3567.000000	0.008323
3568.000000	0.002213
3569.000000	-0.016387
3570.000000	-0.033143
3571.000000	-0.034803
3572.000000	-0.024860
3573.000000	-0.011466
3574.000000	-0.004668
3575.000000	-0.010048
3576.000000	-0.013426
3577.000000	-0.002126
3578.000000	0.010750
3579.000000	0.010608
3580.000000	0.002665
3581.000000	-0.004903
3582.000000	-0.011894
3583.000000	-0.018793
3584.000000	-0.020845
3585.000000	-0.014498
3586.000000	-0.006254
3587.000000	-0.002717
3588.000000	-0.000860
3589.000000	0.003116
3590.000000	0.006454
3591.000000	0.004835
3592.000000	-0.005746
3593.000000	-0.025114
3594.000000	-0.036687
3595.000000	-0.026499
3596.000000	-0.007447
3597.000000	0.003731
3598.000000	0.001805
3599.000000	-0.015578
3600.000000	-0.050772
