610	1.7586380000000001
611	1.75481
612	1.758758
613	1.7629876666666666
614	1.7601496666666667
615	1.74575
616	1.718731
617	1.6832946666666668
618	1.6464410000000003
619	1.6164536666666667
620	1.6000586666666667
621	1.5991336666666665
622	1.6121870000000003
623	1.6345930000000002
624	1.6599946666666665
625	1.6814020000000003
626	1.69613
627	1.7117870000000002
628	1.7374609999999997
629	1.7749786666666665
630	1.8194926666666664
631	1.858733
632	1.8816046666666666
633	1.8869893333333334
634	1.8796666666666666
635	1.867932
636	1.8606576666666665
637	1.8647246666666666
638	1.8829083333333334
639	1.9104246666666667
640	1.9394656666666665
641	1.9627506666666665
642	1.9753479999999999
643	1.9771659999999998
644	1.9718243333333334
645	1.9664579999999998
646	1.9659710000000001
647	1.9667066666666666
648	1.9611196666666666
649	1.941912
650	1.9073846666666667
651	1.8680953333333334
652	1.8374883333333334
653	1.8233580000000003
654	1.828516
655	1.8501503333333333
656	1.881816333333333
657	1.9141016666666668
658	1.9390866666666664
659	1.9551610000000001
660	1.9640936666666668
661	1.9690750000000001
662	1.9727096666666668
663	1.9753859999999999
664	1.9782840000000002
665	1.9862616666666668
666	2.0022740000000003
667	2.0209740000000003
668	2.033630666666667
669	2.032592
670	2.0154976666666666
671	1.9906373333333334
672	1.968580666666667
673	1.9542506666666666
674	1.946559
675	1.936851
676	1.916893
677	1.8867576666666668
678	1.850968
679	1.8156033333333335
680	1.7851503333333334
681	1.759507
682	1.73854
683	1.7263763333333333
684	1.7266293333333333
685	1.7371413333333332
686	1.7528996666666667
687	1.7686016666666666
688	1.7823486666666668
689	1.7997833333333335
690	1.8261553333333334
691	1.8582536666666667
692	1.8892610000000003
693	1.9131476666666667
694	1.9279096666666666
695	1.9393293333333332
696	1.9531346666666667
697	1.9672993333333333
698	1.9772473333333331
699	1.980894666666667
700	1.9802030000000004
701	1.9831493333333334
702	1.9956526666666665
703	2.013034333333333
704	2.027082
705	2.032616
706	2.029605333333333
707	2.0261526666666665
708	2.030429
709	2.0428753333333334
710	2.0605379999999998
711	2.0808906666666664
712	2.1036616666666665
713	2.1327526666666663
714	2.1713193333333334
715	2.2167703333333333
716	2.2646376666666668
717	2.312104666666667
718	2.357628
719	2.400566
720	2.439129
721	2.4684459999999997
722	2.4850383333333332
723	2.4918703333333334
724	2.494305666666667
725	2.4966263333333334
726	2.500821
727	2.505228666666667
728	2.5086386666666667
729	2.5142263333333337
730	2.5247346666666663
731	2.5373623333333333
732	2.5469589999999998
733	2.5491479999999997
734	2.543810666666667
735	2.5393046666666663
736	2.5435116666666664
737	2.5549613333333334
738	2.569379333333333
739	2.585694
740	2.604503666666666
741	2.6266563333333335
742	2.653355666666667
743	2.6864813333333335
744	2.7272993333333333
745	2.774490666666667
746	2.822259
747	2.857645666666667
748	2.8710126666666667
749	2.867518
750	2.8582196666666664
751	2.852394666666667
752	2.8540019999999995
753	2.8571199999999997
754	2.8523649999999994
755	2.832533333333333
756	2.7963959999999997
757	2.753685
758	2.7150239999999997
759	2.6824206666666672
760	2.6545153333333333
761	2.631045
762	2.611171333333333
763	2.5911540000000004
764	2.566432333333333
765	2.534117666666667
766	2.4967103333333336
767	2.4669446666666666
768	2.4565693333333334
769	2.464837666666667
770	2.48515
771	2.510478333333334
772	2.536681666666667
773	2.5662073333333333
774	2.6045883333333335
775	2.657404
776	2.724744666666667
777	2.7944983333333338
778	2.852904333333333
779	2.8947010000000004
780	2.920077666666667
781	2.9330406666666664
782	2.9395960000000003
783	2.9468343333333333
784	2.959448
785	2.975474666666667
786	2.9894523333333334
787	2.9945463333333335
788	2.984945
789	2.9586816666666667
790	2.9185073333333333
791	2.873921333333333
792	2.8330670000000002
793	2.7943526666666667
794	2.751770666666667
795	2.699901666666666
796	2.6408
797	2.591993
798	2.569279666666667
799	2.5689773333333332
800	2.5788483333333336
801	2.587216333333333
802	2.5865986666666667
803	2.577780333333333
804	2.5651376666666668
805	2.553328
806	2.546405333333333
807	2.5469489999999997
808	2.5551073333333334
809	2.566745
810	2.575845333333333
811	2.5767286666666664
812	2.568286333333333
813	2.559293333333333
814	2.5598663333333334
815	2.572995
816	2.594972
817	2.614570666666667
818	2.6224783333333335
819	2.6209676666666666
820	2.6169236666666666
821	2.615829
822	2.619616333333333
823	2.624137
824	2.624572
825	2.6205760000000002
826	2.6144686666666668
827	2.6099716666666666
828	2.6104996666666667
829	2.617351
830	2.629047
831	2.639925
832	2.6442576666666664
833	2.640326
834	2.628946
835	2.6126116666666666
836	2.5938186666666665
837	2.5735653333333337
838	2.551876
839	2.528104
840	2.501923666666667
841	2.4744826666666664
842	2.4486516666666662
843	2.4296689999999996
844	2.4223543333333333
845	2.4280446666666666
846	2.445235333333333
847	2.469094
848	2.492087333333333
849	2.5040756666666666
850	2.499063
851	2.4832456666666665
852	2.4677203333333333
853	2.4622066666666664
854	2.4706689999999996
855	2.4857333333333336
856	2.4971076666666665
857	2.4990639999999997
858	2.4900239999999996
859	2.4731586666666665
860	2.4544930000000003
861	2.441889333333333
862	2.44057
863	2.4477576666666665
864	2.456233666666667
865	2.4565776666666665
866	2.44055
867	2.4049403333333332
868	2.35258
869	2.295106666666667
870	2.2451836666666667
871	2.208644333333333
872	2.182897666666667
873	2.1535329999999995
874	2.1078219999999996
875	2.048859
876	1.9900633333333333
877	1.951646
878	1.9473363333333333
879	1.9695023333333332
880	2.000347666666667
881	2.0208353333333333
882	2.02057
883	2.0092033333333332
884	2.0014666666666665
885	2.0038496666666665
886	2.0171780000000004
887	2.0385413333333338
888	2.0660473333333336
889	2.1028710000000004
890	2.150149
891	2.199355
892	2.2409190000000003
893	2.272972666666667
894	2.298826
895	2.3249540000000004
896	2.3526353333333336
897	2.3689983333333333
898	2.361656
899	2.3339453333333338
900	2.298382
901	2.271613
902	2.2634593333333335
903	2.264905666666667
904	2.2629453333333336
905	2.2542303333333336
906	2.240551
907	2.2249213333333335
908	2.208825
909	2.1900643333333334
910	2.169094
911	2.155888
912	2.1607286666666665
913	2.1846003333333335
914	2.2218406666666666
915	2.2614543333333335
916	2.2945206666666667
917	2.3218919999999996
918	2.3490589999999996
919	2.382019333333333
920	2.4231689999999997
921	2.466509666666667
922	2.5029026666666665
923	2.5245603333333335
924	2.5272396666666666
925	2.5134723333333335
926	2.4899
927	2.4660233333333332
928	2.4506550000000002
929	2.4478516666666663
930	2.4545433333333335
931	2.456328666666667
932	2.4388630000000004
933	2.3993023333333334
934	2.342129
935	2.2769780000000006
936	2.2147040000000002
937	2.1643523333333334
938	2.1324279999999995
939	2.1207806666666666
940	2.1240373333333338
941	2.125179666666667
942	2.1093173333333333
943	2.078137666666667
944	2.041668666666667
945	2.012125
946	1.9995956666666668
947	2.0075023333333335
948	2.0332463333333335
949	2.067074
950	2.098995
951	2.125506333333333
952	2.1479826666666666
953	2.1722033333333335
954	2.203386
955	2.2412016666666665
956	2.2812783333333333
957	2.3154079999999997
958	2.3334926666666664
959	2.3256033333333335
960	2.2904693333333332
961	2.246315666666667
962	2.214696
963	2.2048086666666666
964	2.2144263333333334
965	2.228232333333333
966	2.229738
967	2.212530333333333
968	2.1786953333333337
969	2.1392386666666665
970	2.105345333333333
971	2.080232333333333
972	2.062993333333333
973	2.051534333333333
974	2.0445373333333334
975	2.0430523333333332
976	2.0476283333333334
977	2.0555766666666666
978	2.0653626666666667
979	2.0812980000000003
980	2.108105666666667
981	2.145432
982	2.190326666666667
983	2.2394303333333334
984	2.2915606666666664
985	2.3504293333333335
986	2.418728333333333
987	2.4919863333333336
988	2.5635453333333333
989	2.6296006666666663
990	2.692095
991	2.762461
992	2.8494033333333335
993	2.946168
994	3.0414816666666664
995	3.1294546666666667
996	3.207609
997	3.275474333333333
998	3.3347106666666666
999	3.3898306666666667
1000	3.442345
1001	3.4844546666666667
1002	3.508505333333333
1003	3.516421333333333
1004	3.512608333333333
1005	3.4974876666666663
1006	3.471352333333333
1007	3.4384776666666665
1008	3.4027846666666663
1009	3.3631006666666665
1010	3.315765333333333
1011	3.256899666666666
1012	3.1852576666666663
1013	3.1054419999999996
1014	3.0222426666666666
1015	2.935634333333333
1016	2.8479429999999994
1017	2.7711246666666662
1018	2.713243
1019	2.6639706666666667
1020	2.610751
1021	2.554801
1022	2.504608
1023	2.470566
1024	2.4601550000000003
1025	2.4726133333333333
1026	2.5019976666666666
1027	2.5386476666666664
1028	2.5737129999999997
1029	2.6037423333333334
1030	2.6295736666666665
1031	2.656696333333333
1032	2.6931616666666667
1033	2.7480219999999997
1034	2.8252433333333338
1035	2.9157669999999993
1036	3.0034096666666663
1037	3.0694016666666664
1038	3.103509
1039	3.1177026666666667
1040	3.1344243333333335
1041	3.177003333333333
1042	3.256448666666666
1043	3.3555936666666666
1044	3.4501989999999996
1045	3.5278206666666665
1046	3.5845713333333333
1047	3.6234196666666665
1048	3.6496696666666666
1049	3.6678216666666663
1050	3.6803703333333333
1051	3.6862646666666667
1052	3.6836876666666667
1053	3.6726199999999998
1054	3.655182
1055	3.636413
1056	3.621713333333333
1057	3.614608666666667
1058	3.618712333333333
1059	3.6388450000000003
1060	3.672940666666667
1061	3.702053666666666
1062	3.7061016666666666
1063	3.6798203333333332
1064	3.629129666666667
1065	3.5701483333333335
1066	3.5191993333333333
1067	3.483583666666667
1068	3.465326
1069	3.463737666666667
1070	3.4790959999999997
1071	3.5152763333333334
1072	3.571175666666667
1073	3.630613
1074	3.6742440000000003
1075	3.6912806666666667
1076	3.6806163333333335
1077	3.654004666666667
1078	3.623381
1079	3.5892296666666668
1080	3.5503543333333334
1081	3.5136079999999996
1082	3.4887463333333333
1083	3.4827456666666667
1084	3.4941853333333333
1085	3.505676666666667
1086	3.498151333333334
1087	3.465246666666667
1088	3.413288666666667
1089	3.363477666666667
1090	3.3311909999999996
1091	3.3046903333333333
1092	3.2667089999999996
1093	3.2151323333333335
1094	3.1577586666666666
1095	3.1084846666666666
1096	3.0786476666666664
1097	3.068295333333333
1098	3.0724476666666667
1099	3.08542
1100	3.098931666666666
1101	3.0993166666666667
1102	3.076184
1103	3.032727
1104	2.9815673333333335
1105	2.9429653333333334
1106	2.934087666666666
1107	2.9571156666666667
1108	3.0017513333333334
1109	3.044681333333333
1110	3.0662663333333335
1111	3.0677143333333334
1112	3.059151
1113	3.0503196666666668
1114	3.0503193333333334
1115	3.067896666666667
1116	3.1084640000000006
1117	3.1696283333333333
1118	3.244249
1119	3.322170666666667
1120	3.395318666666667
1121	3.4627
1122	3.5230490000000003
1123	3.567543
1124	3.586329
1125	3.575704
1126	3.5395133333333333
1127	3.492279
1128	3.4482399999999997
1129	3.410289
1130	3.373485333333333
1131	3.327090666666667
1132	3.264412
1133	3.192776
1134	3.120236
1135	3.0421690000000003
1136	2.947551333333333
1137	2.824678333333333
1138	2.669579
1139	2.4962743333333335
1140	2.324664666666666
1141	2.1700596666666665
1142	2.0415873333333336
1143	1.939396
1144	1.860591
1145	1.8034683333333332
1146	1.765094
1147	1.738222
1148	1.7160259999999998
1149	1.6971050000000003
1150	1.682814
1151	1.675128666666667
1152	1.6746086666666669
1153	1.6785456666666667
1154	1.686048
1155	1.7032603333333334
1156	1.7353736666666668
1157	1.7779743333333333
1158	1.8215633333333336
1159	1.855224
1160	1.8724463333333334
1161	1.8781046666666665
1162	1.8826483333333335
1163	1.8975786666666665
1164	1.9292409999999998
1165	1.971265
1166	2.0113226666666666
1167	2.0363146666666667
1168	2.0376760000000003
1169	2.0179606666666663
1170	1.9868026666666667
1171	1.9589043333333334
1172	1.9463263333333334
1173	1.9500846666666667
1174	1.9636463333333334
1175	1.974518
1176	1.9725010000000003
1177	1.9580126666666666
1178	1.9346879999999997
1179	1.9034119999999999
1180	1.8674330000000001
1181	1.8381316666666667
1182	1.8239303333333334
1183	1.8181749999999999
1184	1.8093023333333333
1185	1.7903993333333332
1186	1.7622436666666668
1187	1.737725
1188	1.730151
1189	1.7418736666666668
1190	1.7691606666666666
1191	1.8053096666666666
1192	1.8412396666666666
1193	1.8654043333333332
1194	1.8716163333333333
1195	1.8687263333333335
1196	1.8719566666666667
1197	1.8956366666666666
1198	1.9471603333333334
1199	2.018966333333333
1200	2.095235
1201	2.1565673333333333
1202	2.1909346666666667
1203	2.206490666666667
1204	2.2198396666666667
1205	2.2462863333333334
1206	2.2927519999999997
1207	2.3490786666666663
1208	2.4004763333333337
1209	2.4386233333333336
1210	2.462070666666667
1211	2.4781326666666668
1212	2.4969259999999998
1213	2.526277
1214	2.568516333333333
1215	2.6160603333333334
1216	2.659869666666667
1217	2.697778
1218	2.7350476666666665
1219	2.7862069999999997
1220	2.862677
1221	2.9595436666666664
1222	3.0638469999999995
1223	3.161073333333333
1224	3.2415789999999998
1225	3.3079826666666667
1226	3.3689833333333334
1227	3.4349529999999997
1228	3.513432333333333
1229	3.6039006666666666
1230	3.699506
1231	3.787355
1232	3.858368333333333
1233	3.9179420000000005
1234	3.9765193333333335
1235	4.041089
1236	4.1120866666666664
1237	4.1791149999999995
1238	4.230329
1239	4.261426333333333
1240	4.274352666666666
1241	4.277567333333334
1242	4.280997666666666
1243	4.291332333333333
1244	4.30887
1245	4.322743
1246	4.320493666666668
1247	4.2973099999999995
1248	4.2554256666666666
1249	4.204954
1250	4.1552679999999995
1251	4.106452333333333
1252	4.053911666666667
1253	3.992067333333334
1254	3.918471333333333
1255	3.838547333333333
1256	3.761444333333333
1257	3.6964886666666663
1258	3.647436
1259	3.6051013333333337
1260	3.5548976666666667
1261	3.4835833333333333
1262	3.3880873333333335
1263	3.2867033333333335
1264	3.201732333333333
1265	3.1431116666666665
1266	3.110390333333333
1267	3.092513
1268	3.077554
1269	3.061610999999999
1270	3.0460713333333334
1271	3.0359683333333334
1272	3.035235666666667
1273	3.0421709999999997
1274	3.0534743333333334
1275	3.0679133333333333
1276	3.085342
1277	3.105885
1278	3.1302146666666664
1279	3.160106
1280	3.1971786666666664
1281	3.241448666666667
1282	3.290884
1283	3.3406386666666665
1284	3.3872883333333332
1285	3.433085
1286	3.479415666666667
1287	3.520513666666667
1288	3.552659333333333
1289	3.584234666666667
1290	3.6269783333333336
1291	3.687289
1292	3.763010333333333
1293	3.8386060000000004
1294	3.8992519999999997
1295	3.944884
1296	3.982147
1297	4.017897333333333
1298	4.0572170000000005
1299	4.101917666666667
1300	4.154473333333334
1301	4.221431666666667
1302	4.305639
1303	4.397274666666667
1304	4.483861999999999
1305	4.560016
1306	4.627482666666667
1307	4.696025333333333
1308	4.770898333333333
1309	4.839721333333333
1310	4.887555666666667
1311	4.911847666666667
1312	4.918976
1313	4.922200666666667
1314	4.930994
1315	4.940063
1316	4.940453333333334
1317	4.929772666666667
1318	4.909816333333334
1319	4.884898
1320	4.860410666666667
1321	4.841885
1322	4.832589333333334
1323	4.830265666666667
1324	4.829235000000001
1325	4.821884333333332
1326	4.804717666666667
1327	4.785162999999999
1328	4.771822333333333
1329	4.765028666666666
1330	4.761030333333333
1331	4.755795666666667
1332	4.749204333333333
1333	4.7494206666666665
1334	4.762404666666667
1335	4.780742999999999
1336	4.792192333333333
1337	4.787738
1338	4.766560666666667
1339	4.742212333333334
1340	4.726549
1341	4.713444
1342	4.690303666666667
1343	4.648688666666667
1344	4.587696666666667
1345	4.518542333333333
1346	4.453530333333333
1347	4.395702
1348	4.343910666666667
1349	4.297029333333333
1350	4.254390000000001
1351	4.215582666666666
1352	4.178404333333333
1353	4.136638
1354	4.085843000000001
1355	4.029868666666667
1356	3.9765913333333334
1357	3.934236666666666
1358	3.905809666666667
1359	3.8826529999999995
1360	3.855472333333333
1361	3.825082666666667
1362	3.7965663333333337
1363	3.7740626666666666
1364	3.758829
1365	3.7468820000000003
1366	3.7322750000000005
1367	3.7097526666666667
1368	3.6756946666666663
1369	3.6296980000000003
1370	3.5749986666666667
1371	3.520016333333333
1372	3.4730916666666665
1373	3.437308333333333
1374	3.4128396666666667
1375	3.3985636666666665
1376	3.393315
1377	3.3964296666666667
1378	3.404595333333334
1379	3.407991
1380	3.396491
1381	3.366056333333333
1382	3.31741
1383	3.256059333333333
1384	3.189069
1385	3.1227976666666666
1386	3.0635333333333334
1387	3.018034
1388	2.991067333333333
1389	2.981647333333333
1390	2.9825896666666667
1391	2.9786913333333334
1392	2.9582756666666667
1393	2.9255373333333337
1394	2.890261333333333
1395	2.858606
1396	2.8305919999999998
1397	2.7970163333333335
1398	2.7507416666666664
1399	2.6982826666666675
1400	2.650546666666667
1401	2.614357
1402	2.5920063333333334
1403	2.580058666666666
1404	2.573805
1405	2.5708349999999998
1406	2.5687539999999998
1407	2.5627023333333336
1408	2.5474463333333333
1409	2.5200649999999998
1410	2.4831426666666667
1411	2.449123666666667
1412	2.429163
1413	2.4216463333333333
1414	2.4194373333333337
1415	2.4160943333333336
1416	2.4092856666666664
1417	2.404751
1418	2.409925
1419	2.4280226666666667
1420	2.4584596666666667
1421	2.4961840000000004
1422	2.5333923333333335
1423	2.5608803333333334
1424	2.575938
1425	2.5919730000000003
1426	2.6261633333333334
1427	2.6878349999999998
1428	2.778278333333333
1429	2.888170333333333
1430	3.0015129999999997
1431	3.097913666666667
1432	3.1651906666666667
1433	3.214387666666667
1434	3.266224333333333
1435	3.3394913333333336
1436	3.4412146666666663
1437	3.5546050000000005
1438	3.6592960000000008
1439	3.7504489999999997
1440	3.8332813333333333
1441	3.919891666666666
1442	4.024304
1443	4.157769333333333
1444	4.319824333333333
1445	4.486176
1446	4.6287666666666665
1447	4.7350476666666665
1448	4.805505
1449	4.854496999999999
1450	4.900667333333333
1451	4.958659666666667
1452	5.032020999999999
1453	5.102990666666667
1454	5.1469059999999995
1455	5.145568333333334
1456	5.097471333333333
1457	5.031310333333333
1458	4.975586666666667
1459	4.928665333333333
1460	4.876255666666666
1461	4.806645333333332
1462	4.715685333333333
1463	4.612533333333333
1464	4.5099393333333335
1465	4.415656
1466	4.331583666666667
1467	4.2514743333333325
1468	4.165489333333333
1469	4.064212333333333
1470	3.9466886666666667
1471	3.830373333333333
1472	3.734501666666667
1473	3.663857666666667
1474	3.6141653333333332
1475	3.5753616666666668
1476	3.536595
1477	3.4905413333333337
1478	3.4349903333333334
1479	3.3758996666666663
1480	3.3215173333333334
1481	3.277148
1482	3.2435663333333333
1483	3.2141456666666666
1484	3.178672666666667
1485	3.1263426666666665
1486	3.0514316666666668
1487	2.9605536666666663
1488	2.8664313333333338
1489	2.7825516666666665
1490	2.7121283333333333
1491	2.6354436666666667
1492	2.5341340000000003
1493	2.4160906666666664
1494	2.3016436666666666
1495	2.211937333333333
1496	2.159374666666667
1497	2.136233666666667
1498	2.125141
1499	2.106638333333333
1500	2.0660676666666666
1501	2.001628333333333
1502	1.9209356666666668
1503	1.8404163333333332
1504	1.7755873333333332
1505	1.7314453333333333
1506	1.7063770000000003
1507	1.694135
1508	1.6872426666666667
1509	1.680008
1510	1.6728793333333336
1511	1.677687666666667
1512	1.7025163333333333
1513	1.735576
1514	1.7586130000000002
1515	1.7594706666666668
1516	1.7359943333333334
1517	1.701991
1518	1.674208666666667
1519	1.6606423333333333
1520	1.6639473333333334
1521	1.6834573333333331
1522	1.7150313333333334
1523	1.7492636666666666
1524	1.7758846666666668
1525	1.7882896666666666
1526	1.7859396666666667
1527	1.7784806666666666
1528	1.7778203333333333
1529	1.7904923333333336
1530	1.814577
1531	1.8349993333333332
1532	1.8382583333333333
1533	1.8273953333333335
1534	1.8125713333333335
1535	1.8031256666666666
1536	1.804242
1537	1.8136593333333335
1538	1.830454
1539	1.8632790000000001
1540	1.9177183333333332
1541	1.9821296666666668
1542	2.037384
1543	2.066196666666667
1544	2.065841333333333
1545	2.063827
1546	2.089599333333333
1547	2.1468553333333333
1548	2.225675
1549	2.311878
1550	2.3941683333333335
1551	2.470871333333333
1552	2.5445846666666667
1553	2.6183083333333332
1554	2.6951156666666667
1555	2.7782006666666668
1556	2.8690783333333334
1557	2.964789
1558	3.0574573333333332
1559	3.1332580000000005
1560	3.184885333333333
1561	3.2259393333333333
1562	3.276974666666667
1563	3.3525793333333334
1564	3.454895666666667
1565	3.5648910000000003
1566	3.6631780000000003
1567	3.7501566666666672
1568	3.833702333333334
1569	3.9183363333333334
1570	4.005582333333333
1571	4.094903666666667
1572	4.188643666666667
1573	4.2965219999999995
1574	4.421688666666666
1575	4.544693666666666
1576	4.639431999999999
1577	4.6886849999999995
1578	4.6917100000000005
1579	4.6753713333333335
1580	4.6684909999999995
1581	4.677267
1582	4.696008666666667
1583	4.715313
1584	4.727164666666667
1585	4.729081666666667
1586	4.720183333333334
1587	4.698072333333333
1588	4.662378
1589	4.619316333333333
1590	4.577773
1591	4.5453166666666664
1592	4.521878333333333
1593	4.492389666666666
1594	4.446420333333333
1595	4.398832666666666
1596	4.371369666666666
1597	4.3748059999999995
1598	4.406362
1599	4.444406333333333
1600	4.4661919999999995
1601	4.464744666666666
1602	4.442460666666667
1603	4.407051333333333
1604	4.367731666666667
1605	4.332416333333334
1606	4.304958666666667
1607	4.281243999999999
1608	4.2548026666666665
1609	4.221563333333334
1610	4.1794780000000005
1611	4.128552666666667
1612	4.070447333333333
1613	4.008520333333333
1614	3.9444766666666666
1615	3.874832333333333
1616	3.7963823333333333
1617	3.7120333333333333
1618	3.6287473333333335
1619	3.556210333333333
1620	3.501524
1621	3.463403333333333
1622	3.4377250000000004
1623	3.421786
1624	3.4108723333333333
1625	3.393795
1626	3.358035666666667
1627	3.2957513333333335
1628	3.2106846666666673
1629	3.127783666666666
1630	3.071904333333334
1631	3.0466623333333334
1632	3.045580333333333
1633	3.0611919999999992
1634	3.090057
1635	3.1370299999999998
1636	3.2030760000000003
1637	3.272302333333333
1638	3.3263213333333335
1639	3.3587303333333334
1640	3.372963333333333
1641	3.382422666666667
1642	3.4016126666666664
1643	3.4380070000000003
1644	3.492962
1645	3.5612883333333327
1646	3.6382889999999994
1647	3.7260846666666665
1648	3.8264083333333323
1649	3.9327846666666666
1650	4.034234999999999
1651	4.118448666666667
1652	4.178395666666666
1653	4.220158333333333
1654	4.253629333333333
1655	4.285008666666667
1656	4.3221126666666665
1657	4.38009
1658	4.470528666666666
1659	4.588546666666667
1660	4.718876999999999
1661	4.839033000000001
1662	4.927644666666666
1663	4.973600666666667
1664	4.980391333333333
1665	4.974489999999999
1666	4.984269333333334
1667	5.019152666666667
1668	5.071902333333333
1669	5.117678000000001
1670	5.137094
1671	5.1395669999999996
1672	5.142412666666667
1673	5.151374333333334
1674	5.162169333333334
1675	5.160431333333334
1676	5.130849333333334
1677	5.066055
1678	4.968297
1679	4.853572333333332
1680	4.739008
1681	4.631052666666668
1682	4.530571000000001
1683	4.436807333333334
1684	4.349901333333333
1685	4.272505
1686	4.203886333333333
1687	4.133327666666667
1688	4.050401999999999
1689	3.9556123333333333
1690	3.855330333333333
1691	3.757829
1692	3.6683379999999994
1693	3.583871333333333
1694	3.500139
1695	3.4181019999999998
1696	3.3418443333333334
1697	3.2766456666666666
1698	3.2247303333333335
1699	3.1806123333333334
1700	3.1388399999999996
1701	3.1019119999999996
1702	3.076982
1703	3.0718193333333335
1704	3.079131333333333
1705	3.0590349999999997
1706	2.982513
1707	2.877092333333333
1708	2.781551666666666
1709	2.702916666666667
1710	2.6332343333333332
1711	2.5646573333333333
1712	2.494515333333333
1713	2.429486333333333
1714	2.373686
1715	2.316766
1716	2.2485253333333333
1717	2.1739643333333336
1718	2.104083333333333
1719	2.047457333333333
1720	2.0068826666666664
1721	1.9749926666666668
1722	1.9418503333333332
1723	1.902389
1724	1.8614343333333334
1725	1.8396846666666669
1726	1.8485280000000002
1727	1.863763
1728	1.8614216666666665
1729	1.8532603333333335
1730	1.8574650000000001
1731	1.86978
1732	1.8764636666666665
1733	1.867017
1734	1.841872
1735	1.8211103333333334
1736	1.8208016666666669
1737	1.8287669999999998
1738	1.8254016666666668
1739	1.8034806666666665
1740	1.7665136666666668
1741	1.728319
1742	1.6984763333333335
1743	1.6679263333333332
1744	1.6265483333333333
1745	1.5808166666666665
1746	1.5441240000000003
1747	1.5276903333333334
1748	1.5346043333333335
1749	1.5525039999999999
1750	1.5674236666666668
1751	1.576783
1752	1.5824906666666667
1753	1.5846506666666667
1754	1.580863666666667
1755	1.5661316666666667
1756	1.5409263333333336
1757	1.520197
1758	1.5180980000000002
1759	1.5322176666666667
1760	1.5524133333333332
1761	1.568345
1762	1.5756176666666666
1763	1.5828296666666666
1764	1.6017506666666668
1765	1.637826
1766	1.6869153333333333
1767	1.7301083333333334
1768	1.7491600000000003
1769	1.7423223333333335
1770	1.7193276666666666
1771	1.6990856666666667
1772	1.698553
1773	1.721555666666667
1774	1.7638486666666666
1775	1.8156763333333334
1776	1.8652103333333334
1777	1.9009913333333333
1778	1.915589666666667
1779	1.9108466666666668
1780	1.8950040000000001
1781	1.8815053333333336
1782	1.8800130000000002
1783	1.8863676666666667
1784	1.8887963333333335
1785	1.8729843333333334
1786	1.8342206666666667
1787	1.791245666666667
1788	1.7645256666666669
1789	1.7549576666666666
1790	1.7535230000000002
