610	1.4955026666666669
611	1.494031
612	1.5066210000000002
613	1.5293776666666665
614	1.5528863333333336
615	1.5639856666666667
616	1.5534973333333335
617	1.5252136666666667
618	1.4908066666666668
619	1.4665746666666668
620	1.4641406666666668
621	1.4802196666666667
622	1.5058796666666665
623	1.5340050000000003
624	1.5593466666666667
625	1.5785226666666667
626	1.5898516666666669
627	1.594181
628	1.5952093333333335
629	1.6003426666666667
630	1.6140293333333333
631	1.6303573333333334
632	1.6408440000000002
633	1.6419016666666668
634	1.6357073333333334
635	1.6318746666666666
636	1.637706
637	1.6478909999999998
638	1.6518003333333335
639	1.6399226666666666
640	1.6090840000000002
641	1.5691450000000002
642	1.5347113333333333
643	1.5180176666666667
644	1.5251053333333335
645	1.5502466666666666
646	1.5815400000000002
647	1.604712333333333
648	1.6098283333333336
649	1.5990336666666662
650	1.5803186666666666
651	1.5629609999999998
652	1.5537153333333333
653	1.552606333333333
654	1.555755
655	1.5570953333333333
656	1.5520746666666667
657	1.5419716666666665
658	1.5339306666666666
659	1.5422123333333335
660	1.5776073333333334
661	1.635349
662	1.6997733333333334
663	1.746695
664	1.759004
665	1.744068
666	1.7205306666666669
667	1.7077933333333335
668	1.7172406666666669
669	1.7420459999999998
670	1.7689863333333335
671	1.7881779999999998
672	1.7940653333333332
673	1.7872526666666666
674	1.7728623333333335
675	1.7604816666666667
676	1.7589743333333336
677	1.7707416666666667
678	1.7905346666666666
679	1.80253
680	1.7927463333333333
681	1.7621250000000002
682	1.7205110000000001
683	1.6824626666666667
684	1.6570693333333333
685	1.6374646666666668
686	1.6159266666666665
687	1.5987446666666667
688	1.5971096666666666
689	1.618057
690	1.6596433333333334
691	1.7047303333333332
692	1.7375676666666668
693	1.7604726666666668
694	1.782269666666667
695	1.8078306666666668
696	1.8360816666666668
697	1.8574246666666667
698	1.8627136666666668
699	1.8522599999999998
700	1.8314066666666666
701	1.8075490000000003
702	1.788979666666667
703	1.78431
704	1.7998896666666668
705	1.8357683333333332
706	1.883997666666667
707	1.9247516666666666
708	1.9390783333333335
709	1.9224380000000003
710	1.8829683333333334
711	1.8426946666666668
712	1.8212016666666666
713	1.8190786666666667
714	1.8276109999999999
715	1.8364213333333335
716	1.8400666666666667
717	1.8449266666666666
718	1.8594479999999998
719	1.8848209999999999
720	1.9170433333333332
721	1.947809
722	1.968192333333333
723	1.9721843333333333
724	1.9594869999999998
725	1.9399063333333335
726	1.925704
727	1.9246223333333332
728	1.9395196666666668
729	1.9666810000000003
730	1.9994073333333335
731	2.0302773333333333
732	2.0523886666666664
733	2.0607580000000003
734	2.0538866666666666
735	2.036507666666667
736	2.0155523333333334
737	1.996939
738	1.9854243333333332
739	1.9844406666666667
740	1.9975466666666664
741	2.0294326666666667
742	2.0822513333333332
743	2.1509356666666664
744	2.227389
745	2.3034903333333334
746	2.37027
747	2.417
748	2.437009333333333
749	2.435009333333333
750	2.4204499999999998
751	2.402401333333333
752	2.3884403333333335
753	2.383274333333333
754	2.3874790000000004
755	2.3947216666666664
756	2.396062
757	2.3836806666666663
758	2.3543443333333336
759	2.3139196666666666
760	2.269822
761	2.2241576666666667
762	2.1765203333333334
763	2.126389666666667
764	2.073087333333333
765	2.015779333333333
766	1.956488
767	1.9035689999999998
768	1.8632846666666667
769	1.8311933333333332
770	1.8025229999999999
771	1.7825796666666667
772	1.7795306666666664
773	1.7971336666666666
774	1.833264
775	1.877541
776	1.9212166666666668
777	1.9670543333333332
778	2.020210666666667
779	2.0794103333333336
780	2.1391906666666665
781	2.191654
782	2.2308203333333334
783	2.257129
784	2.2725043333333335
785	2.276256333333333
786	2.2693646666666667
787	2.2596956666666665
788	2.2575503333333335
789	2.271058333333333
790	2.300410666666667
791	2.329886333333333
792	2.339533666666667
793	2.316144
794	2.2572650000000003
795	2.1779083333333333
796	2.0974
797	2.027677333333333
798	1.9729670000000001
799	1.927931
800	1.886228
801	1.8482843333333334
802	1.8180903333333336
803	1.8005296666666666
804	1.7988000000000004
805	1.8113243333333333
806	1.8324540000000002
807	1.8520353333333333
808	1.8609416666666667
809	1.8569319999999998
810	1.8427233333333335
811	1.8254936666666666
812	1.8131373333333334
813	1.8109036666666665
814	1.8208526666666667
815	1.840276666666667
816	1.863987
817	1.8859496666666666
818	1.9031773333333335
819	1.9201796666666668
820	1.9424613333333334
821	1.9700923333333333
822	1.9989136666666667
823	2.020757666666667
824	2.0272183333333333
825	2.0135189999999996
826	1.9806046666666668
827	1.9388193333333332
828	1.9002536666666667
829	1.8715419999999998
830	1.8539476666666668
831	1.842317
832	1.8317670000000001
833	1.8240566666666664
834	1.8236130000000002
835	1.8337430000000001
836	1.854031
837	1.877004
838	1.894604
839	1.9045710000000002
840	1.90922
841	1.915141
842	1.928035
843	1.9477846666666667
844	1.9736586666666665
845	2.009053333333333
846	2.0560123333333333
847	2.108875
848	2.1584926666666666
849	2.1960413333333335
850	2.2179586666666666
851	2.2320206666666667
852	2.2482083333333334
853	2.269873
854	2.2931893333333337
855	2.30534
856	2.2955146666666666
857	2.2662750000000003
858	2.226214666666667
859	2.1838993333333336
860	2.144032
861	2.1033623333333336
862	2.058271666666667
863	2.0119513333333336
864	1.9689113333333335
865	1.9295470000000001
866	1.8923980000000002
867	1.8563290000000001
868	1.8219420000000002
869	1.7930563333333334
870	1.7723023333333334
871	1.7563236666666666
872	1.7390766666666666
873	1.7149763333333337
874	1.6835043333333335
875	1.6549173333333336
876	1.6405750000000001
877	1.6432060000000002
878	1.6574876666666667
879	1.6689253333333334
880	1.6642093333333334
881	1.641898
882	1.608631
883	1.5773356666666667
884	1.5593963333333334
885	1.5567516666666668
886	1.56563
887	1.578831
888	1.5903370000000003
889	1.5997973333333333
890	1.6090710000000001
891	1.6193579999999999
892	1.6309786666666668
893	1.6431946666666666
894	1.6552803333333332
895	1.6674186666666664
896	1.679414
897	1.6893583333333335
898	1.695914
899	1.7008913333333333
900	1.7078586666666666
901	1.720769
902	1.739815
903	1.756417333333333
904	1.7609179999999998
905	1.7503153333333332
906	1.727971
907	1.704646
908	1.6902043333333332
909	1.6852446666666667
910	1.6853656666666665
911	1.6844683333333332
912	1.6797389999999999
913	1.6769446666666665
914	1.6828699999999999
915	1.6981983333333335
916	1.7220183333333332
917	1.7559289999999999
918	1.8007216666666663
919	1.8524073333333333
920	1.9051239999999998
921	1.9536850000000001
922	1.9946889999999997
923	2.028253
924	2.0578916666666665
925	2.091146333333333
926	2.1330970000000002
927	2.1789823333333334
928	2.218593333333333
929	2.2397916666666666
930	2.2369443333333336
931	2.2206686666666666
932	2.2047159999999995
933	2.1935896666666665
934	2.185080333333333
935	2.1715916666666666
936	2.146279
937	2.1091776666666666
938	2.0655126666666668
939	2.025042
940	1.9947176666666666
941	1.9708620000000001
942	1.9464446666666668
943	1.9173586666666667
944	1.8811749999999998
945	1.8363433333333334
946	1.7850383333333335
947	1.7373493333333334
948	1.705014
949	1.6949786666666666
950	1.705784
951	1.722142
952	1.729329
953	1.7275276666666666
954	1.723606
955	1.7239816666666665
956	1.7296270000000002
957	1.730754
958	1.71902
959	1.700107
960	1.685149
961	1.6830633333333334
962	1.6976019999999998
963	1.7235173333333333
964	1.753353
965	1.783073
966	1.808997
967	1.8249369999999998
968	1.828
969	1.8257339999999997
970	1.8296906666666668
971	1.8494173333333332
972	1.8868383333333334
973	1.928982
974	1.9611683333333332
975	1.9798953333333331
976	1.9905
977	2.006281
978	2.036435
979	2.0734583333333334
980	2.1050416666666667
981	2.125013
982	2.1333013333333337
983	2.1369983333333336
984	2.1445196666666666
985	2.1606563333333333
986	2.188491
987	2.231068666666667
988	2.291450333333333
989	2.3718660000000003
990	2.46892
991	2.567605
992	2.6545419999999997
993	2.731594666666667
994	2.8059366666666663
995	2.881136
996	2.956636333333333
997	3.0269090000000003
998	3.0868156666666664
999	3.136448
1000	3.1752096666666665
1001	3.196381333333333
1002	3.19826
1003	3.196568666666667
1004	3.20794
1005	3.2330259999999997
1006	3.2626793333333333
1007	3.2817446666666665
1008	3.2745923333333327
1009	3.230864333333333
1010	3.1525783333333326
1011	3.0642143333333327
1012	2.9897816666666666
1013	2.930254333333333
1014	2.8780063333333334
1015	2.8296176666666666
1016	2.7861463333333334
1017	2.753203333333333
1018	2.7342283333333333
1019	2.7239246666666665
1020	2.717913333333333
1021	2.722092333333333
1022	2.740206
1023	2.760895333333333
1024	2.7719976666666666
1025	2.775193666666667
1026	2.778720666666666
1027	2.791027
1028	2.8157896666666664
1029	2.846226333333333
1030	2.8728746666666667
1031	2.8908066666666667
1032	2.900603
1033	2.9102146666666666
1034	2.926263333333333
1035	2.945158
1036	2.958944
1037	2.960507
1038	2.947583333333333
1039	2.9280556666666664
1040	2.914625666666667
1041	2.9207310000000004
1042	2.9550393333333336
1043	3.014496
1044	3.0889706666666665
1045	3.163540666666667
1046	3.222979
1047	3.256760666666667
1048	3.2659413333333336
1049	3.2732173333333336
1050	3.3036633333333336
1051	3.3657576666666666
1052	3.4537550000000006
1053	3.5472686666666666
1054	3.6294896666666667
1055	3.7055756666666664
1056	3.7890273333333333
1057	3.889934666666667
1058	4.013104666666667
1059	4.1550780000000005
1060	4.305733
1061	4.447719666666666
1062	4.56495
1063	4.651754666666666
1064	4.711918333333334
1065	4.760803
1066	4.818368666666666
1067	4.903273333333334
1068	5.024184666666667
1069	5.167632333333334
1070	5.3078243333333335
1071	5.413869666666667
1072	5.4688170000000005
1073	5.491747333333333
1074	5.510710666666666
1075	5.5376286666666665
1076	5.568256666666667
1077	5.579526333333334
1078	5.550721
1079	5.4847719999999995
1080	5.397013333333334
1081	5.306603333333333
1082	5.226878666666668
1083	5.1548956666666665
1084	5.080487333333333
1085	4.992969666666666
1086	4.883172333333333
1087	4.745421333333333
1088	4.577997666666667
1089	4.385862666666666
1090	4.182882333333333
1091	3.996129666666667
1092	3.847689
1093	3.7345760000000006
1094	3.639915666666667
1095	3.5410766666666667
1096	3.424043
1097	3.298683333333333
1098	3.178938
1099	3.064433666666667
1100	2.9497583333333335
1101	2.833480333333333
1102	2.718402666666667
1103	2.612109
1104	2.521275
1105	2.446052
1106	2.3848973333333334
1107	2.339047
1108	2.3112340000000002
1109	2.304083
1110	2.3164456666666666
1111	2.3384583333333335
1112	2.3562466666666664
1113	2.3563183333333333
1114	2.334609666666667
1115	2.3079946666666666
1116	2.2982666666666667
1117	2.3173066666666666
1118	2.3672913333333336
1119	2.4384040000000002
1120	2.515438666666667
1121	2.582296666666667
1122	2.6266663333333335
1123	2.6454786666666665
1124	2.6398756666666667
1125	2.612169333333333
1126	2.568606
1127	2.5233800000000004
1128	2.4888869999999996
1129	2.4647396666666666
1130	2.440524
1131	2.3968633333333336
1132	2.3227853333333335
1133	2.2345666666666664
1134	2.153561333333333
1135	2.0850869999999997
1136	2.0244303333333336
1137	1.961129
1138	1.8860063333333335
1139	1.7979236666666667
1140	1.700998
1141	1.603652
1142	1.5172653333333332
1143	1.4556719999999999
1144	1.4285053333333335
1145	1.432694
1146	1.4560553333333335
1147	1.4785723333333336
1148	1.4843263333333332
1149	1.4746173333333334
1150	1.4614823333333333
1151	1.4635463333333334
1152	1.4929963333333334
1153	1.5413573333333335
1154	1.5932673333333334
1155	1.6381896666666669
1156	1.6698659999999999
1157	1.6863856666666666
1158	1.6896303333333333
1159	1.6862736666666667
1160	1.6840796666666669
1161	1.688403333333333
1162	1.700662666666667
1163	1.7161376666666668
1164	1.7318706666666668
1165	1.7545643333333334
1166	1.7916356666666666
1167	1.8413436666666667
1168	1.8916796666666666
1169	1.917613
1170	1.9009780000000003
1171	1.8524373333333335
1172	1.7959126666666667
1173	1.755858666666667
1174	1.7461809999999998
1175	1.7573746666666668
1176	1.773665
1177	1.7878393333333333
1178	1.797401666666667
1179	1.8014620000000001
1180	1.8018816666666668
1181	1.805491666666667
1182	1.8174936666666668
1183	1.8342336666666668
1184	1.8475480000000002
1185	1.8482406666666669
1186	1.8307836666666666
1187	1.799504666666667
1188	1.7677823333333333
1189	1.7591480000000002
1190	1.7906796666666667
1191	1.8540440000000005
1192	1.9260086666666667
1193	1.975633666666667
1194	1.9817723333333332
1195	1.9528150000000004
1196	1.9104176666666666
1197	1.8775636666666669
1198	1.8755486666666668
1199	1.9202796666666666
1200	2.012309666666667
1201	2.1222586666666667
1202	2.216358666666667
1203	2.2809943333333336
1204	2.3187913333333334
1205	2.347976666666667
1206	2.3850133333333337
1207	2.4280183333333336
1208	2.468735666666667
1209	2.503422666666667
1210	2.534247
1211	2.571193666666667
1212	2.6229699999999996
1213	2.687914
1214	2.761029
1215	2.8402763333333336
1216	2.9256746666666666
1217	3.017616666666667
1218	3.1095669999999997
1219	3.179926333333334
1220	3.2123829999999995
1221	3.218007666666667
1222	3.2183629999999996
1223	3.2303793333333335
1224	3.259079333333333
1225	3.2891136666666667
1226	3.309276
1227	3.3366276666666668
1228	3.3891666666666667
1229	3.4581843333333335
1230	3.526856333333333
1231	3.587317333333333
1232	3.6353603333333333
1233	3.6656259999999996
1234	3.678029333333334
1235	3.685601666666667
1236	3.699003666666667
1237	3.710957333333334
1238	3.71352
1239	3.715277
1240	3.7283246666666665
1241	3.7549073333333336
1242	3.7884743333333337
1243	3.8136646666666665
1244	3.8208483333333336
1245	3.8211049999999998
1246	3.826430666666667
1247	3.8305679999999995
1248	3.8247283333333333
1249	3.813144
1250	3.8028486666666668
1251	3.794044
1252	3.7884656666666667
1253	3.797462333333333
1254	3.824114666666667
1255	3.8434823333333332
1256	3.8305063333333336
1257	3.7881866666666664
1258	3.7300503333333332
1259	3.664868
1260	3.598315333333333
1261	3.535268
1262	3.4812266666666662
1263	3.442938
1264	3.422481666666667
1265	3.4098189999999997
1266	3.3913216666666672
1267	3.3574423333333328
1268	3.3036523333333334
1269	3.2325299999999997
1270	3.1494716666666664
1271	3.059957333333333
1272	2.9713866666666666
1273	2.8955946666666668
1274	2.8433889999999997
1275	2.8184666666666662
1276	2.8200006666666666
1277	2.8438329999999996
1278	2.885002333333333
1279	2.939233666666666
1280	3.000343
1281	3.057223333333333
1282	3.1002883333333333
1283	3.128551666666666
1284	3.1452643333333334
1285	3.1548236666666662
1286	3.162058
1287	3.172476666666667
1288	3.1944783333333335
1289	3.2417186666666664
1290	3.323223666666667
1291	3.431421333333333
1292	3.5487830000000002
1293	3.6525013333333334
1294	3.7289143333333334
1295	3.7896039999999998
1296	3.8515463333333337
1297	3.9188063333333334
1298	3.9883033333333335
1299	4.054409000000001
1300	4.111517666666667
1301	4.156330333333333
1302	4.190925333333333
1303	4.227516666666667
1304	4.281597333333333
1305	4.364856
1306	4.475856333333333
1307	4.587563333333334
1308	4.671328666666667
1309	4.720471
1310	4.742031666666667
1311	4.751226
1312	4.759539333333334
1313	4.762981666666667
1314	4.753142666666667
1315	4.727075666666666
1316	4.685574
1317	4.631795666666667
1318	4.5690550000000005
1319	4.499736333333333
1320	4.431509333333333
1321	4.384274333333333
1322	4.373362666666667
1323	4.390560999999999
1324	4.414404333333334
1325	4.418716333333333
1326	4.394609333333333
1327	4.375290333333333
1328	4.395231
1329	4.449189666666666
1330	4.511104666666667
1331	4.549821333333333
1332	4.5494753333333335
1333	4.531911666666667
1334	4.525725666666666
1335	4.537483000000001
1336	4.562627
1337	4.595042333333334
1338	4.633711333333333
1339	4.688390666666667
1340	4.762331
1341	4.833209
1342	4.872659333333333
1343	4.865587666666667
1344	4.814012
1345	4.744280000000001
1346	4.681850333333333
1347	4.626909666666666
1348	4.571268333333333
1349	4.513658333333333
1350	4.457868333333333
1351	4.410961333333333
1352	4.379041
1353	4.363007666666666
1354	4.360626999999999
1355	4.367408333333334
1356	4.376651666666667
1357	4.378661666666666
1358	4.364649333333333
1359	4.331692333333333
1360	4.285670666666666
1361	4.246728666666666
1362	4.236611333333333
1363	4.265592333333333
1364	4.328641666666667
1365	4.397704666666666
1366	4.442548666666666
1367	4.450750666666666
1368	4.422667
1369	4.370055333333333
1370	4.310573333333332
1371	4.263943666666666
1372	4.238686333333333
1373	4.216188333333333
1374	4.173112
1375	4.103182
1376	4.015794
1377	3.9368053333333335
1378	3.882859666666667
1379	3.834347333333333
1380	3.7634046666666663
1381	3.6605906666666668
1382	3.5315203333333334
1383	3.3963763333333334
1384	3.276374666666667
1385	3.1816200000000006
1386	3.1161423333333333
1387	3.0812096666666666
1388	3.075253333333333
1389	3.0915273333333335
1390	3.1166686666666665
1391	3.1283630000000002
1392	3.112973333333333
1393	3.085421
1394	3.067547666666667
1395	3.0672710000000003
1396	3.0759803333333338
1397	3.0641740000000004
1398	3.014102
1399	2.95458
1400	2.9245706666666664
1401	2.9380456666666666
1402	2.9869443333333336
1403	3.0401596666666664
1404	3.0685686666666667
1405	3.0692023333333336
1406	3.050141333333333
1407	3.018271666666667
1408	2.9792316666666663
1409	2.938366
1410	2.9004486666666667
1411	2.868794
1412	2.844170666666666
1413	2.8230530000000003
1414	2.802362
1415	2.7846979999999997
1416	2.778431
1417	2.7982036666666668
1418	2.85014
1419	2.914845
1420	2.9667560000000006
1421	2.992415666666667
1422	2.990948
1423	2.977043666666667
1424	2.966862
1425	2.9651646666666673
1426	2.971409
1427	2.984778
1428	3.0054046666666667
1429	3.0352993333333336
1430	3.077876666666667
1431	3.1376269999999997
1432	3.2168663333333334
1433	3.311666666666667
1434	3.414948666666666
1435	3.5186273333333333
1436	3.615987333333333
1437	3.7041283333333332
1438	3.781652
1439	3.84707
1440	3.900795333333333
1441	3.9482163333333333
1442	3.9985256666666666
1443	4.064444666666667
1444	4.156739
1445	4.277670333333333
1446	4.421487999999999
1447	4.572058333333333
1448	4.708772333333333
1449	4.811372333333333
1450	4.868305666666666
1451	4.8875063333333335
1452	4.883773
1453	4.868433666666665
1454	4.848986333333333
1455	4.828128666666666
1456	4.804734999999999
1457	4.773887
1458	4.7347236666666666
1459	4.698886999999999
1460	4.678534999999999
1461	4.673480333333333
1462	4.671468666666667
1463	4.646286
1464	4.577942999999999
1465	4.474340999999999
1466	4.354745333333333
1467	4.236324
1468	4.131666
1469	4.045858333333333
1470	3.9781350000000004
1471	3.921607
1472	3.870121333333333
1473	3.824989333333333
1474	3.7905983333333326
1475	3.7704229999999996
1476	3.7639646666666664
1477	3.7626306666666665
1478	3.7540569999999995
1479	3.7255886666666664
1480	3.669332
1481	3.589107
1482	3.498204666666666
1483	3.4191566666666664
1484	3.3668646666666664
1485	3.3301469999999997
1486	3.2909626666666663
1487	3.241983
1488	3.1839843333333335
1489	3.1240329999999994
1490	3.066137666666666
1491	3.001955333333333
1492	2.9215340000000003
1493	2.8238893333333333
1494	2.713001
1495	2.594834333333333
1496	2.4752613333333335
1497	2.3586816666666666
1498	2.2502506666666666
1499	2.1578746666666664
1500	2.0860703333333332
1501	2.0282563333333337
1502	1.9711986666666668
1503	1.8990176666666665
1504	1.8090183333333336
1505	1.729831
1506	1.688911
1507	1.67916
1508	1.6757053333333334
1509	1.6502063333333334
1510	1.5913373333333334
1511	1.527936
1512	1.4939863333333332
1513	1.495131
1514	1.5219733333333332
1515	1.5606503333333333
1516	1.6004213333333333
1517	1.640177
1518	1.6790063333333332
1519	1.7073909999999999
1520	1.7172969999999999
1521	1.7137113333333334
1522	1.709994
1523	1.7240423333333332
1524	1.7619923333333332
1525	1.7998776666666667
1526	1.8125239999999998
1527	1.8025856666666669
1528	1.7880633333333331
1529	1.79226
1530	1.8286006666666668
1531	1.8839473333333332
1532	1.9377076666666666
1533	1.9786013333333334
1534	2.0015693333333333
1535	2.0055946666666666
1536	1.992124
1537	1.9654956666666665
1538	1.9350803333333335
1539	1.9183746666666666
1540	1.928099
1541	1.9576493333333331
1542	1.9918500000000003
1543	2.016355
1544	2.0278733333333334
1545	2.0459796666666668
1546	2.089242666666667
1547	2.1514646666666666
1548	2.2180773333333335
1549	2.2813543333333333
1550	2.3415946666666665
1551	2.4088760000000002
1552	2.4898826666666665
1553	2.5745720000000003
1554	2.650098
1555	2.7145933333333336
1556	2.7737736666666666
1557	2.838823666666667
1558	2.918576
1559	3.0115550000000004
1560	3.1120926666666673
1561	3.2154063333333336
1562	3.3190180000000002
1563	3.4239853333333334
1564	3.529445
1565	3.6269153333333333
1566	3.707504666666667
1567	3.769335
1568	3.814981333333334
1569	3.849741
1570	3.877091666666667
1571	3.894741333333333
1572	3.9043959999999998
1573	3.922227666666667
1574	3.9639569999999997
1575	4.029136666666666
1576	4.107966666666666
1577	4.185845666666666
1578	4.249352333333333
1579	4.2919306666666674
1580	4.3117936666666665
1581	4.311553333333333
1582	4.297063666666666
1583	4.2774046666666665
1584	4.2596663333333336
1585	4.243414666666666
1586	4.226544
1587	4.2105923333333335
1588	4.198291333333334
1589	4.190849
1590	4.186797666666667
1591	4.180353
1592	4.166078
1593	4.143591
1594	4.114966
1595	4.082919666666666
1596	4.051296333333333
1597	4.0259556666666665
1598	4.011433666666667
1599	4.007133333333333
1600	4.010428
1601	4.019038666666667
1602	4.030390333333333
1603	4.040432666666667
1604	4.0435419999999995
1605	4.032514666666667
1606	4.004452
1607	3.9677346666666664
1608	3.9325433333333333
1609	3.9017443333333333
1610	3.8732426666666666
1611	3.8412923333333335
1612	3.7999823333333334
1613	3.746814333333333
1614	3.685302333333333
1615	3.6286049999999994
1616	3.5863383333333334
1617	3.550479333333333
1618	3.5067503333333336
1619	3.4456676666666666
1620	3.371060333333333
1621	3.3105463333333334
1622	3.287067333333333
1623	3.2895813333333335
1624	3.296333333333333
1625	3.2961803333333335
1626	3.288525333333333
1627	3.2840326666666666
1628	3.289314666666667
1629	3.2919543333333334
1630	3.279862666666667
1631	3.261218
1632	3.252314
1633	3.2662109999999998
1634	3.305891666666667
1635	3.355739
1636	3.3988156666666667
1637	3.433514333333333
1638	3.4660860000000002
1639	3.5042626666666665
1640	3.5502986666666665
1641	3.5938426666666663
1642	3.6264426666666667
1643	3.6562686666666666
1644	3.6951643333333335
1645	3.7459526666666663
1646	3.8045183333333332
1647	3.861297333333333
1648	3.9123716666666666
1649	3.9709946666666665
1650	4.049663333333333
1651	4.141509
1652	4.23019
1653	4.298196
1654	4.335126
1655	4.347892666666667
1656	4.354107333333333
1657	4.378041333333334
1658	4.4360040000000005
1659	4.51962
1660	4.608802
1661	4.681759666666667
1662	4.724122666666667
1663	4.739457
1664	4.738974333333333
1665	4.733868333333334
1666	4.733206333333333
1667	4.7418716666666665
1668	4.7614160000000005
1669	4.7896
1670	4.822274666666667
1671	4.854123
1672	4.877705000000001
1673	4.882248333333333
1674	4.861006666666667
1675	4.819930666666667
1676	4.769554666666666
1677	4.717541000000001
1678	4.663693
1679	4.594136
1680	4.499534333333334
1681	4.394342666666667
1682	4.300228666666667
1683	4.2301459999999995
1684	4.183521666666667
1685	4.139052333333333
1686	4.076357333333333
1687	3.9970916666666665
1688	3.910427666666666
1689	3.820121
1690	3.726802
1691	3.6309336666666665
1692	3.537244666666667
1693	3.459544333333333
1694	3.4094293333333336
1695	3.3836879999999994
1696	3.3689679999999997
1697	3.3449269999999998
1698	3.3016933333333336
1699	3.2588663333333328
1700	3.2377763333333336
1701	3.2342503333333332
1702	3.2344446666666666
1703	3.2289839999999996
1704	3.2128216666666667
1705	3.1850089999999995
1706	3.145271
1707	3.0914373333333334
1708	3.022838666666667
1709	2.9444363333333334
1710	2.8636356666666667
1711	2.7874763333333332
1712	2.719892666666667
1713	2.6582856666666665
1714	2.59866
1715	2.5397956666666666
1716	2.4789526666666664
1717	2.4070906666666665
1718	2.316046666666667
1719	2.207014666666667
1720	2.091691
1721	1.9949096666666668
1722	1.9318520000000001
1723	1.883800666666667
1724	1.8294773333333334
1725	1.7756136666666669
1726	1.7378083333333334
1727	1.7222316666666666
1728	1.726989
1729	1.7422123333333335
1730	1.7553966666666667
1731	1.7557583333333335
1732	1.7381836666666668
1733	1.7088693333333334
1734	1.6788919999999998
1735	1.6593766666666667
1736	1.6588433333333334
1737	1.6797673333333334
1738	1.7186263333333334
1739	1.7633200000000002
1740	1.7952383333333335
1741	1.7908143333333335
1742	1.7412146666666666
1743	1.6754793333333333
1744	1.627081
1745	1.60179
1746	1.592059
1747	1.5893223333333335
1748	1.5903393333333333
1749	1.603025666666667
1750	1.6337420000000002
1751	1.674519
1752	1.7146353333333335
1753	1.7514620000000003
1754	1.7836273333333337
1755	1.804166
1756	1.8063316666666667
1757	1.7904926666666667
1758	1.7641783333333334
1759	1.743666333333333
1760	1.7432313333333334
1761	1.7636063333333332
1762	1.796329
1763	1.8262183333333335
1764	1.8438626666666669
1765	1.8586486666666668
1766	1.8822839999999998
1767	1.9125903333333334
1768	1.9394866666666668
1769	1.9500173333333333
1770	1.9373433333333332
1771	1.9106186666666667
1772	1.8819113333333335
1773	1.8541466666666666
1774	1.8265863333333332
1775	1.800082
1776	1.778158
1777	1.767862
1778	1.772698
1779	1.7844853333333333
1780	1.7907626666666667
1781	1.7817973333333335
1782	1.7566513333333333
1783	1.7311223333333334
1784	1.7225083333333333
1785	1.73442
1786	1.7588113333333333
1787	1.7761073333333335
1788	1.7729956666666666
1789	1.7608850000000003
1790	1.7554416666666663
