610	1.724534
611	1.7352556666666665
612	1.7439726666666666
613	1.7512736666666666
614	1.7560823333333335
615	1.7551213333333333
616	1.7466473333333337
617	1.7344386666666667
618	1.7229489999999998
619	1.7124723333333334
620	1.7005963333333336
621	1.6835666666666667
622	1.6617840000000001
623	1.6461426666666665
624	1.6487630000000002
625	1.6735223333333333
626	1.7160843333333333
627	1.7621686666666667
628	1.7985893333333332
629	1.824071
630	1.8415453333333336
631	1.8514146666666664
632	1.8522230000000002
633	1.8417786666666667
634	1.8209383333333333
635	1.7981643333333335
636	1.7839023333333335
637	1.7851560000000002
638	1.803531
639	1.832012
640	1.8623013333333336
641	1.8915326666666668
642	1.9198340000000003
643	1.9479790000000001
644	1.9727093333333334
645	1.981663666666667
646	1.9643700000000002
647	1.924202
648	1.872481
649	1.8244353333333334
650	1.792392
651	1.7785426666666668
652	1.7795269999999999
653	1.7892113333333335
654	1.8010339999999998
655	1.8095716666666668
656	1.8095190000000003
657	1.7953450000000002
658	1.7671516666666665
659	1.7381583333333332
660	1.7232556666666665
661	1.7279556666666667
662	1.752068
663	1.7917263333333333
664	1.8397356666666664
665	1.8847403333333332
666	1.9185146666666668
667	1.943844
668	1.9655089999999997
669	1.9819136666666668
670	1.9896376666666664
671	1.98813
672	1.9797869999999997
673	1.9704953333333333
674	1.9659786666666665
675	1.9681646666666668
676	1.976694
677	1.989438
678	2.001122666666667
679	2.001153
680	1.9811023333333333
681	1.9427016666666668
682	1.8903549999999998
683	1.8249556666666669
684	1.7500853333333333
685	1.6792809999999998
686	1.626312666666667
687	1.595258
688	1.5851156666666668
689	1.5930033333333333
690	1.6143066666666668
691	1.6417650000000001
692	1.667818
693	1.6869953333333334
694	1.696164
695	1.695702
696	1.6886530000000002
697	1.6807523333333332
698	1.6766626666666666
699	1.6770756666666664
700	1.6887486666666667
701	1.734909
702	1.830326
703	1.954095666666667
704	2.0775373333333333
705	2.1904666666666666
706	2.2934083333333333
707	2.3905
708	2.477484
709	2.5303246666666666
710	2.5358223333333334
711	2.524437
712	2.530859
713	2.5557206666666663
714	2.589311
715	2.633567
716	2.6929629999999998
717	2.76419
718	2.839386333333333
719	2.908058
720	2.9555996666666666
721	2.961742333333333
722	2.9183360000000005
723	2.849949
724	2.783572
725	2.7191166666666664
726	2.645941
727	2.55879
728	2.466505
729	2.401565666666667
730	2.3855366666666664
731	2.392674
732	2.390246666666667
733	2.3768486666666666
734	2.359854
735	2.334044
736	2.292983
737	2.2420670000000005
738	2.1938113333333336
739	2.164071
740	2.1632543333333336
741	2.186282666666667
742	2.2218269999999998
743	2.259831333333333
744	2.294507
745	2.3277386666666664
746	2.3624803333333335
747	2.3966386666666666
748	2.425641333333333
749	2.444827666666667
750	2.452056
751	2.451082333333333
752	2.4493573333333334
753	2.4566686666666664
754	2.479674
755	2.5150976666666667
756	2.551498
757	2.5693433333333333
758	2.5549413333333333
759	2.5158630000000004
760	2.468033
761	2.4248600000000002
762	2.393480333333333
763	2.3703190000000003
764	2.3504366666666665
765	2.3360156666666665
766	2.331240333333333
767	2.3369893333333334
768	2.349911333333333
769	2.360998666666667
770	2.3635949999999997
771	2.361857
772	2.363045666666667
773	2.370499666666667
774	2.38442
775	2.4025630000000002
776	2.425073
777	2.4590793333333334
778	2.508207333333333
779	2.5610803333333334
780	2.6029050000000002
781	2.626694333333333
782	2.6329113333333334
783	2.630535
784	2.628387666666667
785	2.6270583333333333
786	2.624594666666667
787	2.6218923333333333
788	2.6224366666666663
789	2.6318209999999995
790	2.650989
791	2.6682889999999997
792	2.6689999999999996
793	2.6445896666666666
794	2.5949459999999998
795	2.532693666666667
796	2.4731936666666665
797	2.4255343333333332
798	2.3925816666666666
799	2.369620333333333
800	2.3500186666666667
801	2.330181666666667
802	2.310569666666667
803	2.2972523333333332
804	2.2941710000000004
805	2.294905
806	2.289144
807	2.268905333333333
808	2.2340333333333335
809	2.199440666666667
810	2.1822093333333332
811	2.1891526666666667
812	2.2186253333333337
813	2.259983
814	2.298521333333333
815	2.3190180000000002
816	2.311702
817	2.2803116666666665
818	2.238543666666667
819	2.208911
820	2.2079213333333336
821	2.2297106666666666
822	2.2581073333333332
823	2.2763556666666664
824	2.2755433333333333
825	2.264541
826	2.258867
827	2.271144
828	2.305496
829	2.3502313333333333
830	2.390235666666667
831	2.4179253333333333
832	2.4294613333333333
833	2.421924333333333
834	2.3959499999999996
835	2.360233333333333
836	2.3274276666666665
837	2.310367
838	2.3128916666666663
839	2.318739
840	2.3101206666666667
841	2.2858186666666667
842	2.2527466666666665
843	2.2191446666666663
844	2.1915703333333334
845	2.172175333333333
846	2.1606563333333333
847	2.154948333333333
848	2.149543
849	2.13292
850	2.0957446666666666
851	2.040337666666667
852	1.978177
853	1.9297196666666665
854	1.9134426666666664
855	1.9339056666666667
856	1.982729666666667
857	2.036154333333333
858	2.0710336666666667
859	2.0808280000000003
860	2.070862
861	2.056557333333333
862	2.052982
863	2.0647873333333333
864	2.088719333333333
865	2.114078666666667
866	2.129994
867	2.1324723333333333
868	2.124064
869	2.114986
870	2.114316666666667
871	2.121135333333333
872	2.1298869999999996
873	2.1347036666666668
874	2.1317096666666666
875	2.121447
876	2.10587
877	2.086086
878	2.06404
879	2.0443903333333333
880	2.029871
881	2.015958
882	1.9952736666666664
883	1.9617343333333337
884	1.9145553333333334
885	1.8635106666666665
886	1.8203426666666667
887	1.7905560000000003
888	1.7731296666666667
889	1.7589316666666668
890	1.7392463333333334
891	1.7140796666666667
892	1.6871900000000002
893	1.6619426666666666
894	1.640341
895	1.622297
896	1.608672
897	1.604377
898	1.6143566666666667
899	1.6390076666666666
900	1.6733596666666668
901	1.7051596666666669
902	1.7242933333333337
903	1.7327083333333335
904	1.7377090000000002
905	1.746183666666667
906	1.7599933333333335
907	1.7709053333333333
908	1.7721783333333334
909	1.7704776666666666
910	1.777538
911	1.802357
912	1.8468076666666666
913	1.899807
914	1.9480203333333332
915	1.9858356666666666
916	2.0134303333333334
917	2.0358296666666664
918	2.0567016666666667
919	2.0726143333333336
920	2.080795333333333
921	2.087097
922	2.0990779999999996
923	2.1188853333333335
924	2.1429323333333334
925	2.160620333333333
926	2.1633646666666664
927	2.153818666666667
928	2.1378566666666665
929	2.1172733333333333
930	2.0910450000000003
931	2.056710333333333
932	2.015073666666667
933	1.9753953333333332
934	1.9470629999999998
935	1.9309763333333336
936	1.9222706666666667
937	1.911930333333333
938	1.8934810000000002
939	1.870145
940	1.8495003333333333
941	1.8390240000000002
942	1.8418933333333332
943	1.851878
944	1.8597043333333334
945	1.858788
946	1.8478553333333334
947	1.8347663333333335
948	1.8293630000000003
949	1.8369190000000002
950	1.858227666666667
951	1.888586
952	1.9215726666666668
953	1.9520553333333333
954	1.9768996666666667
955	1.9960203333333333
956	2.0100053333333334
957	2.018132666666667
958	2.019681
959	2.0153403333333335
960	2.0061363333333335
961	1.9926119999999998
962	1.9769946666666667
963	1.9657036666666667
964	1.9644756666666667
965	1.97294
966	1.986369
967	1.9964676666666665
968	1.9969376666666667
969	1.9893506666666667
970	1.978313
971	1.967428
972	1.9587733333333333
973	1.9522556666666666
974	1.9469516666666666
975	1.9422403333333333
976	1.9390833333333335
977	1.9416130000000003
978	1.9541696666666666
979	1.9783190000000002
980	2.0135300000000003
981	2.0568576666666667
982	2.101458666666667
983	2.1343436666666666
984	2.1463096666666663
985	2.143684
986	2.1434763333333335
987	2.170217
988	2.2366763333333335
989	2.322324666666667
990	2.401437
991	2.46954
992	2.5310889999999997
993	2.5886606666666667
994	2.644343
995	2.7019349999999998
996	2.763937
997	2.828038
998	2.89118
999	2.9528756666666665
1000	3.0096946666666664
1001	3.0494219999999994
1002	3.0639926666666666
1003	3.063833
1004	3.0654096666666666
1005	3.079225666666666
1006	3.103384
1007	3.115293
1008	3.0965846666666668
1009	3.0583456666666664
1010	3.018375333333334
1011	2.9798613333333335
1012	2.9399040000000003
1013	2.8974419999999994
1014	2.8522003333333337
1015	2.803153
1016	2.7500036666666667
1017	2.694849
1018	2.6391106666666673
1019	2.5807913333333334
1020	2.5212046666666668
1021	2.472466333333333
1022	2.446946
1023	2.4463436666666665
1024	2.4655936666666665
1025	2.4952449999999997
1026	2.526908333333333
1027	2.5583593333333328
1028	2.5891216666666668
1029	2.6168036666666663
1030	2.6404033333333334
1031	2.6644546666666664
1032	2.695689333333333
1033	2.7398016666666667
1034	2.797635
1035	2.860527333333333
1036	2.9205983333333334
1037	2.981215333333333
1038	3.050397
1039	3.1348126666666665
1040	3.235668
1041	3.343665333333333
1042	3.4482753333333336
1043	3.546405666666667
1044	3.638065333333333
1045	3.7223636666666673
1046	3.7961799999999997
1047	3.8531776666666664
1048	3.8912776666666664
1049	3.9210746666666667
1050	3.95453
1051	3.9935993333333335
1052	4.032733333333333
1053	4.060497666666667
1054	4.072060666666666
1055	4.082559
1056	4.108549666666667
1057	4.148925666666667
1058	4.189024666666667
1059	4.202615
1060	4.172348333333334
1061	4.111997333333334
1062	4.045492666666667
1063	3.9882869999999997
1064	3.945239333333333
1065	3.9075333333333337
1066	3.869578333333333
1067	3.845738
1068	3.852993
1069	3.8929910000000003
1070	3.953776
1071	4.009125999999999
1072	4.038033666666666
1073	4.044746666666667
1074	4.040896666666667
1075	4.029542333333334
1076	4.008714333333334
1077	3.975186
1078	3.9298306666666667
1079	3.883084
1080	3.8427786666666663
1081	3.8016303333333332
1082	3.750482
1083	3.6914303333333334
1084	3.631891
1085	3.5789416666666662
1086	3.533093666666667
1087	3.4810983333333336
1088	3.409875
1089	3.3207949999999995
1090	3.2244676666666665
1091	3.137272333333333
1092	3.0711636666666666
1093	3.0228646666666665
1094	2.984104
1095	2.9503700000000004
1096	2.920084
1097	2.8941443333333337
1098	2.8759333333333337
1099	2.872212666666667
1100	2.8893120000000003
1101	2.928421666666667
1102	2.982362333333333
1103	3.0303956666666667
1104	3.053721
1105	3.051623
1106	3.0335166666666673
1107	3.01309
1108	2.9990283333333334
1109	2.985451
1110	2.9645346666666668
1111	2.938602666666667
1112	2.9150973333333337
1113	2.9020653333333333
1114	2.903786666666667
1115	2.9157596666666663
1116	2.9311453333333337
1117	2.946373333333333
1118	2.959975
1119	2.971594333333333
1120	2.980782666666667
1121	2.9861046666666673
1122	2.9870126666666663
1123	2.985921
1124	2.9854163333333332
1125	2.9852009999999995
1126	2.981879
1127	2.9682446666666666
1128	2.9393996666666666
1129	2.8996600000000003
1130	2.8582626666666666
1131	2.825718666666667
1132	2.805576
1133	2.7846113333333333
1134	2.746007666666667
1135	2.681782666666667
1136	2.5920303333333328
1137	2.485776
1138	2.372308
1139	2.2533326666666667
1140	2.1284563333333333
1141	2.000535666666667
1142	1.8752306666666667
1143	1.7609543333333333
1144	1.6657206666666668
1145	1.5939273333333333
1146	1.547304
1147	1.5247903333333335
1148	1.5222793333333333
1149	1.5309033333333335
1150	1.5387526666666667
1151	1.5324136666666668
1152	1.5060909999999998
1153	1.4729986666666668
1154	1.4522500000000003
1155	1.4568070000000002
1156	1.488586
1157	1.5314226666666668
1158	1.5680636666666667
1159	1.5965046666666667
1160	1.6225243333333335
1161	1.6536453333333334
1162	1.6940506666666668
1163	1.7393226666666666
1164	1.7822043333333335
1165	1.817472
1166	1.8415860000000002
1167	1.8526653333333334
1168	1.8506583333333333
1169	1.838455
1170	1.820812
1171	1.8038056666666666
1172	1.7918146666666668
1173	1.7837363333333334
1174	1.7735626666666666
1175	1.7502116666666667
1176	1.707944333333333
1177	1.6580733333333333
1178	1.61635
1179	1.5910833333333334
1180	1.5821733333333334
1181	1.5786476666666667
1182	1.5699173333333334
1183	1.5566693333333332
1184	1.5443776666666666
1185	1.5375726666666667
1186	1.5368796666666666
1187	1.535976666666667
1188	1.5309923333333333
1189	1.5303996666666668
1190	1.5458109999999998
1191	1.5827846666666665
1192	1.6383679999999998
1193	1.697155
1194	1.7457593333333332
1195	1.7873740000000002
1196	1.8302813333333334
1197	1.8774283333333337
1198	1.9279083333333333
1199	1.9781923333333333
1200	2.0251083333333333
1201	2.0684620000000002
1202	2.108084
1203	2.141095
1204	2.1656083333333336
1205	2.185322
1206	2.208743666666667
1207	2.2490733333333335
1208	2.3138913333333333
1209	2.3932643333333337
1210	2.4706873333333332
1211	2.532818333333333
1212	2.5750786666666667
1213	2.608979333333333
1214	2.6485543333333332
1215	2.6978929999999997
1216	2.755771333333333
1217	2.819162
1218	2.883965
1219	2.9451446666666667
1220	3.000229666666667
1221	3.053645
1222	3.112235
1223	3.1811896666666666
1224	3.261327
1225	3.3453583333333334
1226	3.4239099999999993
1227	3.490894333333333
1228	3.543227
1229	3.5813013333333332
1230	3.607381333333333
1231	3.624837666666667
1232	3.6368316666666667
1233	3.645074
1234	3.650284
1235	3.652388666666667
1236	3.651258
1237	3.647475666666667
1238	3.642794
1239	3.640750666666667
1240	3.643724333333333
1241	3.6494910000000003
1242	3.6529096666666665
1243	3.6471786666666666
1244	3.6290183333333332
1245	3.6046363333333336
1246	3.58239
1247	3.565830666666667
1248	3.553705
1249	3.5393586666666663
1250	3.5187736666666667
1251	3.4989196666666667
1252	3.4887889999999997
1253	3.4904539999999997
1254	3.4994986666666663
1255	3.504392
1256	3.4961593333333325
1257	3.4783283333333337
1258	3.458111333333333
1259	3.438337
1260	3.4180126666666664
1261	3.3925656666666666
1262	3.358842333333333
1263	3.320127666666666
1264	3.2808486666666665
1265	3.241607
1266	3.2019219999999997
1267	3.162896
1268	3.126101666666667
1269	3.0921849999999997
1270	3.0596783333333337
1271	3.0235809999999996
1272	2.9807816666666667
1273	2.936269
1274	2.8995856666666664
1275	2.8818836666666665
1276	2.8880760000000003
1277	2.9075456666666666
1278	2.925989
1279	2.936495333333333
1280	2.9394743333333335
1281	2.944088666666666
1282	2.9603823333333334
1283	2.991910666666666
1284	3.0370846666666664
1285	3.0889446666666664
1286	3.137351333333333
1287	3.170877
1288	3.187145666666667
1289	3.2052893333333334
1290	3.2464086666666665
1291	3.3139629999999998
1292	3.3977423333333334
1293	3.475195333333333
1294	3.5279603333333336
1295	3.5589553333333335
1296	3.580853
1297	3.6071400000000002
1298	3.6483406666666665
1299	3.707505666666667
1300	3.778134333333333
1301	3.839609333333333
1302	3.873702333333333
1303	3.881988333333333
1304	3.878252
1305	3.8836159999999995
1306	3.914236333333333
1307	3.968124
1308	4.034134666666667
1309	4.0984126666666665
1310	4.150183
1311	4.187489666666667
1312	4.211168666666667
1313	4.220062333333333
1314	4.214404999999999
1315	4.2000486666666665
1316	4.184057
1317	4.170083666666666
1318	4.1561933333333325
1319	4.1324
1320	4.096316333333333
1321	4.070183666666667
1322	4.077601
1323	4.119726
1324	4.183107
1325	4.244805666666666
1326	4.288059666666666
1327	4.318155
1328	4.344286
1329	4.3625696666666665
1330	4.364242666666667
1331	4.344338
1332	4.307444333333333
1333	4.274832333333333
1334	4.2644676666666665
1335	4.270302999999999
1336	4.277652
1337	4.277403
1338	4.271932
1339	4.281921
1340	4.321161333333333
1341	4.369683
1342	4.396538
1343	4.381071
1344	4.319521
1345	4.234897666666667
1346	4.1538129999999995
1347	4.085135
1348	4.0284286666666675
1349	3.980468333333334
1350	3.937950333333333
1351	3.899315
1352	3.865706666666667
1353	3.842464
1354	3.8340950000000005
1355	3.8386993333333335
1356	3.849054
1357	3.8523240000000003
1358	3.8362036666666666
1359	3.7956163333333337
1360	3.7343263333333336
1361	3.6690090000000004
1362	3.6179756666666667
1363	3.589923
1364	3.5818403333333335
1365	3.574125666666667
1366	3.5468276666666667
1367	3.4954343333333333
1368	3.42438
1369	3.342994
1370	3.262627666666667
1371	3.1947296666666665
1372	3.1452976666666665
1373	3.1077776666666668
1374	3.0720479999999997
1375	3.032302
1376	2.986506666666666
1377	2.9364886666666665
1378	2.885114333333333
1379	2.8341696666666665
1380	2.785128666666666
1381	2.739904666666667
1382	2.699727333333333
1383	2.663686666666667
1384	2.629738333333333
1385	2.595790666666667
1386	2.5632066666666664
1387	2.541157
1388	2.539727
1389	2.5621886666666667
1390	2.599856
1391	2.6246756666666666
1392	2.6135163333333336
1393	2.5738386666666666
1394	2.526367333333334
1395	2.490514666666667
1396	2.4764196666666667
1397	2.475698
1398	2.4751146666666664
1399	2.4686090000000003
1400	2.4560696666666666
1401	2.4432436666666666
1402	2.4381003333333333
1403	2.44777
1404	2.4737313333333333
1405	2.5055426666666665
1406	2.5303356666666668
1407	2.541791
1408	2.5400789999999995
1409	2.5335950000000005
1410	2.5346419999999994
1411	2.5558189999999996
1412	2.6012173333333335
1413	2.655321333333333
1414	2.697497666666666
1415	2.7157139999999993
1416	2.7106456666666667
1417	2.702306333333333
1418	2.7107463333333333
1419	2.737194666666667
1420	2.7738859999999996
1421	2.8118233333333333
1422	2.8436996666666663
1423	2.866749333333333
1424	2.883523333333333
1425	2.9039703333333335
1426	2.9364269999999997
1427	2.9781233333333335
1428	3.0205553333333333
1429	3.0542670000000003
1430	3.078384333333333
1431	3.111424
1432	3.1709523333333336
1433	3.252742333333333
1434	3.34217
1435	3.4239046666666666
1436	3.491028
1437	3.5549953333333337
1438	3.627906666666666
1439	3.7052086666666666
1440	3.7764183333333334
1441	3.8351966666666666
1442	3.881591
1443	3.9251666666666667
1444	3.9761876666666662
1445	4.037124333333333
1446	4.105663666666667
1447	4.176407666666667
1448	4.242668999999999
1449	4.297365999999999
1450	4.333945
1451	4.347974666666667
1452	4.3409846666666665
1453	4.326118
1454	4.318916333333332
1455	4.3277920000000005
1456	4.348229
1457	4.3544133333333335
1458	4.323749666666666
1459	4.262041666666667
1460	4.187186
1461	4.115409666666666
1462	4.056077
1463	4.005663333333334
1464	3.9557206666666667
1465	3.899184333333333
1466	3.8324613333333333
1467	3.7582223333333333
1468	3.6827876666666666
1469	3.614498666666667
1470	3.5587886666666666
1471	3.512499666666667
1472	3.4685223333333335
1473	3.4193123333333335
1474	3.3590383333333333
1475	3.2862826666666662
1476	3.2044973333333333
1477	3.123936333333333
1478	3.0551779999999997
1479	3.0027646666666667
1480	2.966639
1481	2.94217
1482	2.922312333333333
1483	2.8988066666666663
1484	2.865191666666666
1485	2.820338333333333
1486	2.7662386666666663
1487	2.706768666666666
1488	2.6457086666666663
1489	2.5847149999999997
1490	2.5222776666666666
1491	2.4519776666666666
1492	2.3684296666666667
1493	2.2736216666666667
1494	2.174024666666667
1495	2.0789503333333337
1496	1.9978469999999997
1497	1.9374159999999998
1498	1.8983203333333336
1499	1.870034
1500	1.8392053333333334
1501	1.7972596666666667
1502	1.7412773333333331
1503	1.676285
1504	1.610139
1505	1.549605
1506	1.499729
1507	1.4628353333333333
1508	1.4389676666666669
1509	1.4254846666666667
1510	1.4194063333333333
1511	1.4194576666666667
1512	1.4249923333333332
1513	1.4349866666666666
1514	1.4481663333333334
1515	1.463124
1516	1.4783506666666666
1517	1.49228
1518	1.503968
1519	1.513997666666667
1520	1.5236843333333334
1521	1.5344573333333333
1522	1.547276
1523	1.5620040000000002
1524	1.5786850000000003
1525	1.5985876666666667
1526	1.6215203333333337
1527	1.6426436666666668
1528	1.6560503333333334
1529	1.6585013333333334
1530	1.651811
1531	1.6463730000000003
1532	1.652936
1533	1.674469
1534	1.7090843333333334
1535	1.7515993333333335
1536	1.795402666666667
1537	1.833611
1538	1.8613993333333334
1539	1.8791126666666669
1540	1.8906326666666666
1541	1.9028509999999998
1542	1.9222776666666668
1543	1.951371
1544	1.9873940000000003
1545	2.0204163333333334
1546	2.044255
1547	2.0681439999999998
1548	2.1047516666666666
1549	2.158399
1550	2.224314666666667
1551	2.286443333333333
1552	2.3317243333333333
1553	2.3648396666666667
1554	2.397199333333333
1555	2.43752
1556	2.4907519999999996
1557	2.5564366666666665
1558	2.6303456666666665
1559	2.7049846666666664
1560	2.77507
1561	2.843341333333333
1562	2.914537
1563	2.9898350000000002
1564	3.067948
1565	3.1458329999999997
1566	3.2203503333333336
1567	3.2897853333333336
1568	3.353995666666666
1569	3.4153113333333334
1570	3.478947
1571	3.55381
1572	3.6445119999999998
1573	3.7421876666666662
1574	3.833962
1575	3.9114066666666667
1576	3.970216
1577	4.010864
1578	4.037341
1579	4.056718
1580	4.071445333333333
1581	4.07115
1582	4.04714
1583	4.008294
1584	3.975761
1585	3.9787886666666665
1586	4.029259333333333
1587	4.092931666666667
1588	4.131404333333332
1589	4.143141
1590	4.144551333333333
1591	4.153748333333333
1592	4.178412
1593	4.203191
1594	4.211849333333333
1595	4.208686999999999
1596	4.204193
1597	4.201485333333333
1598	4.1982653333333335
1599	4.189064666666667
1600	4.175150666666666
1601	4.174802999999999
1602	4.200963
1603	4.236905
1604	4.2537926666666666
1605	4.227339
1606	4.1554340000000005
1607	4.079500333333333
1608	4.038400333333334
1609	4.022179
1610	4.002457
1611	3.960046333333333
1612	3.8929166666666672
1613	3.825605
1614	3.778363666666667
1615	3.736734333333333
1616	3.681231666666667
1617	3.616700333333333
1618	3.559937666666667
1619	3.527853333333333
1620	3.5230930000000007
1621	3.5178829999999994
1622	3.487114666666667
1623	3.4416206666666667
1624	3.4030093333333333
1625	3.3796486666666663
1626	3.365216666666666
1627	3.336053666666666
1628	3.277807333333333
1629	3.2132013333333327
1630	3.1701706666666665
1631	3.1507750000000003
1632	3.1436543333333336
1633	3.1350823333333335
1634	3.1217903333333332
1635	3.124328333333333
1636	3.1599890000000004
1637	3.215023
1638	3.2659906666666667
1639	3.299999
1640	3.317739333333334
1641	3.3383700000000003
1642	3.3781946666666665
1643	3.429695333333333
1644	3.4802346666666666
1645	3.5301096666666667
1646	3.587514666666667
1647	3.663710333333333
1648	3.7609733333333333
1649	3.859300333333333
1650	3.938961
1651	4.002920333333333
1652	4.061716999999999
1653	4.119231666666667
1654	4.1712256666666665
1655	4.203601666666667
1656	4.208994666666666
1657	4.204625666666667
1658	4.212703666666667
1659	4.241626333333333
1660	4.2897126666666665
1661	4.346914
1662	4.402423
1663	4.451290333333333
1664	4.492397
1665	4.527297
1666	4.557755
1667	4.583722666666667
1668	4.604502999999999
1669	4.6197523333333335
1670	4.628980333333333
1671	4.630842333333334
1672	4.623402666666667
1673	4.604624
1674	4.575795333333334
1675	4.545761666666667
1676	4.523823666666666
1677	4.5118746666666665
1678	4.501663333333333
1679	4.470154666666667
1680	4.399237333333334
1681	4.296873333333334
1682	4.183171333333333
1683	4.078808
1684	3.994315
1685	3.917858666666666
1686	3.8339523333333334
1687	3.7407713333333334
1688	3.6430883333333335
1689	3.546124333333333
1690	3.4531433333333337
1691	3.3635133333333336
1692	3.277805
1693	3.2028446666666666
1694	3.1446983333333334
1695	3.100885
1696	3.063186666666667
1697	3.0199770000000004
1698	2.968021666666667
1699	2.925529
1700	2.909632666666667
1701	2.9136466666666667
1702	2.922715666666667
1703	2.9273146666666663
1704	2.9180833333333336
1705	2.8809169999999997
1706	2.811550333333334
1707	2.7326179999999995
1708	2.6666306666666664
1709	2.609143
1710	2.547644666666667
1711	2.4792066666666663
1712	2.407175333333334
1713	2.3380019999999995
1714	2.274728333333334
1715	2.2104003333333333
1716	2.138052
1717	2.0606893333333334
1718	1.9848726666666667
1719	1.9145889999999999
1720	1.8491826666666669
1721	1.7809603333333335
1722	1.7054853333333335
1723	1.6327569999999998
1724	1.5780633333333336
1725	1.5529956666666664
1726	1.5567579999999999
1727	1.5653849999999998
1728	1.5579053333333335
1729	1.5425503333333332
1730	1.5345396666666666
1731	1.535204
1732	1.5399
1733	1.5456883333333333
1734	1.5530626666666665
1735	1.5677159999999999
1736	1.5950603333333335
1737	1.634298333333333
1738	1.6783753333333333
1739	1.7131429999999999
1740	1.7311076666666667
1741	1.7455720000000001
1742	1.7662083333333334
1743	1.7749630000000003
1744	1.7573750000000001
1745	1.7349116666666669
1746	1.7339373333333332
1747	1.7546173333333335
1748	1.7834566666666665
1749	1.8043693333333335
1750	1.8121203333333333
1751	1.826251
1752	1.8622166666666666
1753	1.901860666666667
1754	1.9190749999999999
1755	1.9046603333333336
1756	1.8630246666666666
1757	1.811317
1758	1.7669096666666668
1759	1.7355870000000002
1760	1.7147383333333335
1761	1.6947913333333333
1762	1.668674
1763	1.6409840000000002
1764	1.617282333333333
1765	1.594178
1766	1.5700726666666664
1767	1.5566826666666667
1768	1.567322
1769	1.6039853333333334
1770	1.6540439999999998
1771	1.6847373333333335
1772	1.6733079999999998
1773	1.6395126666666668
1774	1.6167489999999998
1775	1.625724
1776	1.6702736666666667
1777	1.7303153333333334
1778	1.7830806666666665
1779	1.8228063333333333
1780	1.8538036666666664
1781	1.885455
1782	1.9251843333333332
1783	1.9716026666666666
1784	2.0186363333333333
1785	2.0580883333333335
1786	2.080607
1787	2.076662333333333
1788	2.0438423333333335
1789	1.9964816666666667
1790	1.9545759999999999
