610	1.8151876666666666
611	1.7993553333333332
612	1.786675
613	1.7796313333333336
614	1.778251
615	1.7794040000000002
616	1.779364
617	1.7762383333333336
618	1.7705356666666667
619	1.7663903333333333
620	1.7688123333333334
621	1.7809546666666667
622	1.8017543333333332
623	1.8225520000000002
624	1.8338173333333332
625	1.8318736666666668
626	1.8186953333333333
627	1.8031663333333336
628	1.795105
629	1.7995173333333334
630	1.8153830000000002
631	1.8330093333333335
632	1.842068
633	1.8394240000000002
634	1.8273986666666668
635	1.8132860000000002
636	1.804071
637	1.8014833333333333
638	1.8050279999999999
639	1.814216
640	1.826854
641	1.8366883333333335
642	1.8379756666666665
643	1.8304376666666664
644	1.8176116666666666
645	1.805934333333333
646	1.7995326666666667
647	1.7947610000000003
648	1.786676
649	1.7753313333333334
650	1.7642673333333332
651	1.7592969999999997
652	1.7629873333333335
653	1.7685823333333333
654	1.767805
655	1.7585373333333332
656	1.7438473333333333
657	1.7319550000000001
658	1.7296923333333334
659	1.735885
660	1.7462406666666668
661	1.7574796666666668
662	1.767793
663	1.777419
664	1.7876716666666665
665	1.8003676666666666
666	1.8169106666666666
667	1.8370546666666667
668	1.857838
669	1.8720073333333334
670	1.874113333333333
671	1.8673163333333331
672	1.8596026666666665
673	1.860844333333333
674	1.8763749999999997
675	1.8994753333333334
676	1.9192116666666665
677	1.9272070000000001
678	1.9197376666666666
679	1.9007636666666667
680	1.8769496666666667
681	1.853682
682	1.8345656666666665
683	1.8206170000000002
684	1.811567333333333
685	1.8066543333333334
686	1.8055896666666666
687	1.8096156666666667
688	1.8211503333333334
689	1.8434309999999998
690	1.8770259999999999
691	1.9154783333333334
692	1.9497076666666668
693	1.9718833333333334
694	1.977978
695	1.971272
696	1.9577576666666667
697	1.9426263333333333
698	1.930534
699	1.9259503333333334
700	1.9323603333333335
701	1.9508383333333335
702	1.9799223333333336
703	2.014599
704	2.048699
705	2.076826
706	2.094623
707	2.0993903333333335
708	2.0902353333333332
709	2.069101
710	2.040157333333333
711	2.010190666666667
712	1.987549
713	1.981508
714	1.999142
715	2.041142
716	2.102403333333333
717	2.1709606666666668
718	2.2352816666666664
719	2.2910896666666662
720	2.3350623333333336
721	2.3591273333333334
722	2.3574206666666666
723	2.33468
724	2.3015853333333327
725	2.271526333333333
726	2.2551413333333334
727	2.2541783333333334
728	2.264483666666666
729	2.277286
730	2.2847020000000002
731	2.2849443333333332
732	2.277966
733	2.261657333333333
734	2.2340446666666667
735	2.196264333333333
736	2.153704333333333
737	2.117972
738	2.098721333333333
739	2.0951683333333335
740	2.1038733333333335
741	2.1257486666666665
742	2.1629296666666664
743	2.2151696666666667
744	2.2787686666666667
745	2.344551
746	2.401477
747	2.440091333333333
748	2.456839
749	2.4599386666666665
750	2.4602166666666667
751	2.462854
752	2.4692233333333333
753	2.477987666666667
754	2.486849666666667
755	2.4935063333333334
756	2.494935
757	2.486594333333333
758	2.4655273333333336
759	2.4341016666666664
760	2.3972029999999998
761	2.3599613333333336
762	2.325016333333333
763	2.2893296666666667
764	2.2485310000000003
765	2.201229333333333
766	2.1508003333333336
767	2.1082253333333334
768	2.0846193333333334
769	2.0836146666666666
770	2.1025793333333334
771	2.1323386666666666
772	2.164184666666667
773	2.196422333333333
774	2.2290156666666667
775	2.258768
776	2.2829973333333338
777	2.303626
778	2.3232736666666667
779	2.3414806666666665
780	2.3569256666666667
781	2.3696126666666664
782	2.3804263333333333
783	2.390744333333333
784	2.401694333333334
785	2.4132456666666666
786	2.423810666666667
787	2.4293606666666667
788	2.4255403333333336
789	2.4099413333333333
790	2.383817
791	2.3545089999999997
792	2.3282113333333334
793	2.302703
794	2.274319
795	2.2445353333333333
796	2.2159603333333333
797	2.1883706666666667
798	2.1611493333333334
799	2.1358063333333335
800	2.114223
801	2.0967146666666667
802	2.0817840000000003
803	2.065690666666667
804	2.0464373333333334
805	2.0283803333333332
806	2.019151
807	2.027006
808	2.055232
809	2.095304
810	2.1353546666666667
811	2.167742333333333
812	2.1892470000000004
813	2.2020543333333333
814	2.209185333333333
815	2.2106743333333334
816	2.2064646666666667
817	2.1994636666666665
818	2.1933333333333334
819	2.190257
820	2.1910366666666667
821	2.194906666666667
822	2.201105666666667
823	2.2099990000000003
824	2.2198909999999996
825	2.2233326666666664
826	2.2131386666666666
827	2.1888483333333335
828	2.1553523333333335
829	2.122513666666667
830	2.0974483333333334
831	2.076557
832	2.054651333333333
833	2.033828
834	2.0203436666666668
835	2.021829
836	2.042119
837	2.075181333333333
838	2.1114093333333335
839	2.142900666666667
840	2.164683
841	2.1766330000000003
842	2.1819830000000002
843	2.18707
844	2.1987496666666666
845	2.221811666666667
846	2.2568763333333335
847	2.2970613333333336
848	2.3336103333333336
849	2.36104
850	2.3779833333333333
851	2.388799666666667
852	2.3976366666666666
853	2.4026513333333335
854	2.3995246666666668
855	2.3847416666666668
856	2.357999
857	2.325313666666667
858	2.2941813333333334
859	2.269094
860	2.251108
861	2.236591
862	2.220587666666667
863	2.1997940000000002
864	2.173699666666667
865	2.1463216666666667
866	2.1219916666666667
867	2.1013833333333336
868	2.083568
869	2.067768
870	2.053675666666667
871	2.0415733333333335
872	2.0308656666666667
873	2.018511
874	2.002107666666667
875	1.9834243333333335
876	1.9676743333333333
877	1.963302
878	1.9756516666666668
879	1.999768
880	2.0268093333333335
881	2.0492743333333334
882	2.0612733333333337
883	2.058999
884	2.0411056666666667
885	2.0103213333333336
886	1.9729883333333333
887	1.939512
888	1.9181866666666665
889	1.908498
890	1.9065999999999996
891	1.9099286666666666
892	1.9178973333333333
893	1.9324316666666668
894	1.9534980000000002
895	1.9740693333333335
896	1.9844176666666666
897	1.9762506666666668
898	1.9472546666666666
899	1.9071273333333336
900	1.8681639999999997
901	1.8369050000000002
902	1.8172073333333332
903	1.8128056666666668
904	1.8260963333333333
905	1.8556503333333334
906	1.8951606666666665
907	1.9312093333333333
908	1.9519433333333334
909	1.9561553333333335
910	1.9474879999999999
911	1.930111666666667
912	1.9086966666666667
913	1.8891933333333333
914	1.8782196666666666
915	1.8821243333333333
916	1.9028433333333334
917	1.9324813333333333
918	1.961091666666667
919	1.9840236666666666
920	2.0016223333333336
921	2.0197356666666666
922	2.0426596666666668
923	2.065977
924	2.0823986666666667
925	2.0872266666666666
926	2.0798623333333333
927	2.0659746666666665
928	2.050975666666667
929	2.0339346666666667
930	2.013742
931	1.9953269999999999
932	1.984506
933	1.9824053333333334
934	1.9850343333333331
935	1.9821049999999998
936	1.9666486666666667
937	1.9452073333333333
938	1.9274733333333334
939	1.9164356666666666
940	1.9096343333333334
941	1.8996463333333333
942	1.8807836666666666
943	1.8558316666666668
944	1.830114666666667
945	1.8063066666666667
946	1.786549
947	1.774830666666667
948	1.7761146666666665
949	1.7949726666666663
950	1.8309729999999997
951	1.8726013333333336
952	1.905968
953	1.9232259999999999
954	1.9242456666666667
955	1.9199316666666668
956	1.9215210000000003
957	1.9300646666666665
958	1.939972
959	1.941442
960	1.9289676666666669
961	1.910686
962	1.8997333333333335
963	1.9063243333333335
964	1.9323413333333335
965	1.9641546666666665
966	1.9857643333333332
967	1.991442
968	1.9845983333333332
969	1.9783133333333334
970	1.9830153333333334
971	1.9940466666666667
972	2.002026
973	2.002361333333333
974	1.9957476666666667
975	1.9892393333333334
976	1.9885566666666668
977	1.9906669999999997
978	1.9919233333333333
979	1.9961699999999998
980	2.0093293333333335
981	2.033681333333333
982	2.0653806666666665
983	2.0911619999999997
984	2.1012826666666666
985	2.103434333333333
986	2.111908333333333
987	2.1376023333333336
988	2.1812329999999998
989	2.225169666666667
990	2.2543903333333333
991	2.277646
992	2.310111
993	2.357035333333333
994	2.41605
995	2.4785626666666665
996	2.5372953333333332
997	2.593707666666667
998	2.6531136666666666
999	2.7199603333333338
1000	2.790762333333333
1001	2.8460496666666666
1002	2.8702916666666667
1003	2.872819666666666
1004	2.870902
1005	2.8740993333333336
1006	2.8824
1007	2.8831593333333334
1008	2.865323333333333
1009	2.833652
1010	2.799273
1011	2.77134
1012	2.7535873333333334
1013	2.739913333333333
1014	2.721054666666667
1015	2.690496333333333
1016	2.647534
1017	2.60131
1018	2.560488
1019	2.5236076666666665
1020	2.4900063333333335
1021	2.4707006666666667
1022	2.4754639999999997
1023	2.4990863333333335
1024	2.5316086666666666
1025	2.5677326666666667
1026	2.6063556666666665
1027	2.650469666666667
1028	2.702461333333333
1029	2.7595836666666664
1030	2.817537
1031	2.8742566666666667
1032	2.933117333333333
1033	3.007280666666667
1034	3.1097623333333333
1035	3.243081
1036	3.401352666666667
1037	3.570331333333333
1038	3.7364226666666664
1039	3.895557666666666
1040	4.049794666666667
1041	4.205404333333334
1042	4.3677806666666665
1043	4.5364233333333335
1044	4.70725
1045	4.873888
1046	5.030040333333334
1047	5.171844333333333
1048	5.298984666666668
1049	5.416518999999999
1050	5.528255333333333
1051	5.629706333333333
1052	5.712164333333333
1053	5.765945666666667
1054	5.784629666666667
1055	5.770094666666667
1056	5.728421333333333
1057	5.667332999999999
1058	5.595351333333333
1059	5.521101666666667
1060	5.448729666666666
1061	5.371962666666666
1062	5.281840333333332
1063	5.173834333333333
1064	5.048277333333333
1065	4.912020333333333
1066	4.774585666666666
1067	4.645349333333333
1068	4.531533
1069	4.435604333333333
1070	4.356709666666666
1071	4.291022333333333
1072	4.234527666666667
1073	4.185482333333334
1074	4.142926
1075	4.105323666666666
1076	4.0705670000000005
1077	4.035896
1078	3.9980506666666664
1079	3.9535856666666667
1080	3.9017596666666665
1081	3.8482666666666665
1082	3.8004666666666664
1083	3.762752
1084	3.7344473333333332
1085	3.7064306666666664
1086	3.667697333333333
1087	3.6116749999999995
1088	3.5385709999999997
1089	3.4590666666666663
1090	3.3828983333333333
1091	3.3075186666666667
1092	3.226115
1093	3.1352933333333333
1094	3.038446
1095	2.9501123333333332
1096	2.883438
1097	2.8372833333333327
1098	2.803693
1099	2.7739510000000003
1100	2.7430123333333336
1101	2.7140459999999997
1102	2.6905330000000003
1103	2.6688509999999996
1104	2.644911
1105	2.621306666666667
1106	2.605292
1107	2.6068416666666665
1108	2.627649
1109	2.6485733333333332
1110	2.6499216666666667
1111	2.6320636666666664
1112	2.6074333333333337
1113	2.594370666666667
1114	2.6023176666666665
1115	2.615848
1116	2.6159303333333335
1117	2.6005533333333335
1118	2.5787046666666673
1119	2.565796666666667
1120	2.5703923333333334
1121	2.5801126666666674
1122	2.578814666666667
1123	2.5628903333333337
1124	2.5361933333333333
1125	2.506056
1126	2.477463
1127	2.447506333333334
1128	2.4128706666666666
1129	2.376846
1130	2.34223
1131	2.30385
1132	2.2549236666666665
1133	2.1936693333333337
1134	2.1241386666666666
1135	2.058079666666667
1136	2.005507333333333
1137	1.9648716666666668
1138	1.92906
1139	1.890255
1140	1.8443503333333333
1141	1.7957470000000002
1142	1.749911
1143	1.7066136666666667
1144	1.6650606666666665
1145	1.6290440000000002
1146	1.6025476666666667
1147	1.5850956666666667
1148	1.5743706666666668
1149	1.5688036666666665
1150	1.5701346666666667
1151	1.5861733333333332
1152	1.6215950000000001
1153	1.667903
1154	1.7128266666666667
1155	1.748852
1156	1.7722153333333335
1157	1.7824793333333333
1158	1.7802220000000002
1159	1.7658030000000002
1160	1.7425913333333336
1161	1.7211526666666668
1162	1.7129036666666666
1163	1.7234530000000001
1164	1.7514496666666666
1165	1.7855916666666667
1166	1.8131523333333333
1167	1.8280350000000003
1168	1.83031
1169	1.8269980000000001
1170	1.8242876666666668
1171	1.8198583333333334
1172	1.8078206666666667
1173	1.7834139999999998
1174	1.7480096666666667
1175	1.7153023333333335
1176	1.69984
1177	1.705454
1178	1.7273686666666666
1179	1.7523373333333332
1180	1.767704333333333
1181	1.770261333333333
1182	1.7625933333333332
1183	1.7509476666666668
1184	1.7415563333333333
1185	1.7374393333333336
1186	1.739722
1187	1.7482543333333334
1188	1.7612233333333334
1189	1.7743016666666667
1190	1.7848193333333335
1191	1.7964173333333333
1192	1.815154
1193	1.8455503333333334
1194	1.8853593333333332
1195	1.919063
1196	1.9322403333333331
1197	1.926456
1198	1.9121613333333334
1199	1.9033760000000002
1200	1.909635
1201	1.9274706666666666
1202	1.9499590000000002
1203	1.9751883333333335
1204	2.0042976666666665
1205	2.0395956666666666
1206	2.0815543333333335
1207	2.1256183333333336
1208	2.1663996666666665
1209	2.201792666666667
1210	2.2324903333333332
1211	2.262032666666667
1212	2.29343
1213	2.3259953333333327
1214	2.3590583333333335
1215	2.3958033333333333
1216	2.4411009999999997
1217	2.4993176666666663
1218	2.5713673333333333
1219	2.651022
1220	2.731385333333333
1221	2.8111106666666665
1222	2.891653333333333
1223	2.9746546666666664
1224	3.057840333333333
1225	3.130539333333333
1226	3.1840876666666666
1227	3.223002
1228	3.2579049999999996
1229	3.2997973333333337
1230	3.356308666666666
1231	3.4271523333333334
1232	3.5063823333333333
1233	3.582651
1234	3.643277666666667
1235	3.678284666666667
1236	3.685688666666666
1237	3.678904333333333
1238	3.673491
1239	3.674521
1240	3.679717
1241	3.681090666666667
1242	3.67122
1243	3.649243
1244	3.618332
1245	3.5841336666666668
1246	3.55152
1247	3.5216279999999998
1248	3.495562
1249	3.477541666666667
1250	3.4683623333333333
1251	3.458086
1252	3.437663666666667
1253	3.411234333333333
1254	3.3901803333333334
1255	3.3879823333333334
1256	3.4092930000000004
1257	3.4373403333333337
1258	3.4525513333333335
1259	3.4503783333333335
1260	3.434396333333334
1261	3.411084
1262	3.3870113333333336
1263	3.366945666666666
1264	3.3547233333333333
1265	3.3534956666666664
1266	3.3631083333333334
1267	3.3762556666666668
1268	3.3833693333333335
1269	3.377271
1270	3.3566763333333336
1271	3.3311123333333335
1272	3.3118143333333334
1273	3.3030223333333337
1274	3.3027746666666666
1275	3.302528666666667
1276	3.294970666666667
1277	3.2818826666666663
1278	3.2692496666666666
1279	3.2633206666666665
1280	3.2684083333333334
1281	3.2843093333333333
1282	3.3074526666666673
1283	3.331142
1284	3.3501356666666666
1285	3.3655686666666664
1286	3.3817923333333333
1287	3.403979666666667
1288	3.435467666666667
1289	3.4747813333333335
1290	3.518272333333334
1291	3.561916
1292	3.601067333333334
1293	3.6303606666666663
1294	3.649016
1295	3.6673949999999995
1296	3.6973903333333333
1297	3.743099333333333
1298	3.803268666666667
1299	3.8726290000000003
1300	3.9462520000000003
1301	4.023406
1302	4.104053666666667
1303	4.185442
1304	4.263838
1305	4.336266999999999
1306	4.401154666666667
1307	4.459163666666666
1308	4.51089
1309	4.554712666666667
1310	4.589131666666666
1311	4.615155333333333
1312	4.634133
1313	4.645616333333334
1314	4.648587333333333
1315	4.6427163333333334
1316	4.628594
1317	4.607977333333333
1318	4.581368333333334
1319	4.545588666666667
1320	4.498874666666667
1321	4.446551333333333
1322	4.396856666666667
1323	4.357411333333333
1324	4.333623333333333
1325	4.326315666666666
1326	4.331406
1327	4.3380849999999995
1328	4.33531
1329	4.318423
1330	4.288922666666667
1331	4.256212666666666
1332	4.233277333333334
1333	4.233163666666666
1334	4.26193
1335	4.309588333333333
1336	4.3604243333333335
1337	4.401971666666666
1338	4.4294226666666665
1339	4.451200666666667
1340	4.475432666666666
1341	4.496671333333333
1342	4.504406666666666
1343	4.490945666666666
1344	4.453902333333333
1345	4.400034333333333
1346	4.341349
1347	4.292676999999999
1348	4.264897
1349	4.2567639999999995
1350	4.258650666666667
1351	4.2541839999999995
1352	4.230939
1353	4.191885666666667
1354	4.146615333333333
1355	4.104379
1356	4.071933666666666
1357	4.051130333333333
1358	4.040292000000001
1359	4.0345059999999995
1360	4.029814333333333
1361	4.027378
1362	4.029862
1363	4.037833333333333
1364	4.048138
1365	4.051568333333334
1366	4.039216333333333
1367	4.009091333333333
1368	3.9644570000000003
1369	3.9138266666666666
1370	3.8681906666666666
1371	3.8387296666666666
1372	3.8303396666666667
1373	3.833409666666667
1374	3.8345046666666662
1375	3.826046
1376	3.8063629999999997
1377	3.7807216666666665
1378	3.75419
1379	3.724893
1380	3.688607
1381	3.643020333333333
1382	3.5880759999999996
1383	3.5268943333333334
1384	3.465022666666666
1385	3.4104156666666663
1386	3.369697
1387	3.3439409999999996
1388	3.3305246666666664
1389	3.3237289999999997
1390	3.3164406666666664
1391	3.3014023333333333
1392	3.2741346666666664
1393	3.236776333333333
1394	3.1945236666666665
1395	3.153117333333333
1396	3.1176949999999994
1397	3.091423666666667
1398	3.0738323333333333
1399	3.0581073333333335
1400	3.036987
1401	3.0087093333333335
1402	2.976502
1403	2.9489563333333333
1404	2.9322989999999995
1405	2.9222859999999997
1406	2.9115189999999997
1407	2.8960489999999997
1408	2.8749566666666664
1409	2.850446333333333
1410	2.8259506666666665
1411	2.804713666666667
1412	2.7883636666666667
1413	2.7750590000000006
1414	2.7616066666666668
1415	2.745270666666667
1416	2.7251776666666667
1417	2.7043506666666666
1418	2.688412333333333
1419	2.6848856666666663
1420	2.698918
1421	2.728086333333334
1422	2.7646333333333333
1423	2.7966509999999998
1424	2.8167376666666666
1425	2.8314916666666665
1426	2.8504636666666663
1427	2.8757736666666665
1428	2.9044736666666666
1429	2.9304163333333326
1430	2.9508383333333326
1431	2.973354666666667
1432	3.007330333333333
1433	3.055536
1434	3.1162786666666666
1435	3.184555
1436	3.2549086666666662
1437	3.323725666666667
1438	3.3884816666666664
1439	3.447358
1440	3.5000606666666663
1441	3.5494046666666663
1442	3.600554333333333
1443	3.660533
1444	3.732653333333333
1445	3.8100446666666667
1446	3.8839493333333333
1447	3.9515676666666666
1448	4.014252
1449	4.076051
1450	4.137655333333333
1451	4.189897333333334
1452	4.222835
1453	4.23477
1454	4.228621333333333
1455	4.209137
1456	4.179514
1457	4.13824
1458	4.084272666666666
1459	4.022318
1460	3.9587060000000003
1461	3.897328
1462	3.8390086666666665
1463	3.7804073333333332
1464	3.7190499999999997
1465	3.6582636666666666
1466	3.602096
1467	3.5501686666666665
1468	3.499353666666667
1469	3.4452153333333335
1470	3.38622
1471	3.3286196666666665
1472	3.280997333333333
1473	3.2493540000000003
1474	3.2364200000000003
1475	3.2398903333333338
1476	3.253051
1477	3.264158666666667
1478	3.2635316666666667
1479	3.2511660000000004
1480	3.231466
1481	3.2091430000000005
1482	3.1874026666666664
1483	3.1659949999999997
1484	3.142300333333333
1485	3.1117920000000003
1486	3.071283666666666
1487	3.0225413333333337
1488	2.970007
1489	2.9188786666666666
1490	2.8706576666666668
1491	2.8179783333333335
1492	2.752651333333333
1493	2.6735563333333334
1494	2.583969
1495	2.489937666666667
1496	2.3981800000000004
1497	2.314571
1498	2.2442043333333337
1499	2.1909306666666666
1500	2.155533333333333
1501	2.132562666666667
1502	2.112985
1503	2.0859603333333334
1504	2.044163
1505	1.990068666666667
1506	1.9308056666666666
1507	1.874475666666667
1508	1.8284493333333331
1509	1.7977476666666667
1510	1.7851116666666669
1511	1.789898
1512	1.807517
1513	1.8275513333333333
1514	1.8393599999999999
1515	1.8379353333333335
1516	1.8248056666666665
1517	1.8102829999999999
1518	1.802757
1519	1.7979283333333336
1520	1.7884466666666667
1521	1.773175
1522	1.756076
1523	1.7456616666666664
1524	1.7478589999999998
1525	1.7585023333333332
1526	1.7704836666666666
1527	1.7801066666666667
1528	1.7857533333333333
1529	1.7867496666666667
1530	1.7827926666666667
1531	1.7741076666666666
1532	1.763873
1533	1.761331
1534	1.7748306666666667
1535	1.804174
1536	1.8422666666666667
1537	1.8754846666666667
1538	1.894388
1539	1.9051633333333335
1540	1.9181996666666667
1541	1.9377533333333332
1542	1.964087666666667
1543	1.9953693333333336
1544	2.0314496666666666
1545	2.077551666666667
1546	2.1386476666666665
1547	2.2135453333333337
1548	2.297437
1549	2.383608666666667
1550	2.4660623333333334
1551	2.5420100000000003
1552	2.609873
1553	2.6678303333333333
1554	2.715394
1555	2.7557319999999996
1556	2.794285
1557	2.837587333333333
1558	2.8881559999999995
1559	2.938877
1560	2.984517666666667
1561	3.0335569999999996
1562	3.0973806666666666
1563	3.1791043333333335
1564	3.2713056666666667
1565	3.3522396666666667
1566	3.406312333333333
1567	3.445501
1568	3.4877726666666664
1569	3.5366596666666665
1570	3.5869500000000003
1571	3.6299466666666667
1572	3.6650340000000003
1573	3.7119009999999997
1574	3.788092333333333
1575	3.8857063333333337
1576	3.9861956666666662
1577	4.0733429999999995
1578	4.139707333333334
1579	4.193789
1580	4.242829666666666
1581	4.275984333333334
1582	4.278994666666667
1583	4.249386333333334
1584	4.196839
1585	4.14556
1586	4.114711
1587	4.098485999999999
1588	4.085935
1589	4.079698666666667
1590	4.088742333333333
1591	4.1201989999999995
1592	4.166391333333333
1593	4.189935333333334
1594	4.161235333333333
1595	4.098122999999999
1596	4.034631
1597	3.992727
1598	3.9777239999999994
1599	3.971531333333333
1600	3.955879
1601	3.9342629999999996
1602	3.917039
1603	3.9076199999999996
1604	3.9047886666666667
1605	3.9046689999999997
1606	3.9032339999999994
1607	3.8980083333333333
1608	3.885258
1609	3.8571256666666667
1610	3.808252333333334
1611	3.7438363333333333
1612	3.6769996666666667
1613	3.6272103333333336
1614	3.6041143333333334
1615	3.5893283333333335
1616	3.5599836666666667
1617	3.5114726666666667
1618	3.4516679999999997
1619	3.397225666666667
1620	3.3609560000000003
1621	3.3390646666666663
1622	3.3218366666666665
1623	3.3028823333333337
1624	3.2798399999999996
1625	3.255520666666667
1626	3.2339563333333334
1627	3.2170316666666667
1628	3.2046713333333328
1629	3.194681666666667
1630	3.1846689999999995
1631	3.1737283333333335
1632	3.161447333333333
1633	3.1473116666666665
1634	3.133280666666667
1635	3.1269383333333334
1636	3.1350413333333336
1637	3.156627
1638	3.1864003333333333
1639	3.2170853333333334
1640	3.242637333333333
1641	3.2617019999999997
1642	3.276740666666667
1643	3.2942476666666667
1644	3.3205683333333336
1645	3.357640333333333
1646	3.4031676666666666
1647	3.449797333333333
1648	3.4906716666666666
1649	3.525172333333333
1650	3.557311666666667
1651	3.5950313333333335
1652	3.6435296666666668
1653	3.6980426666666664
1654	3.750020333333333
1655	3.7931019999999998
1656	3.829433
1657	3.877195
1658	3.950937666666666
1659	4.041054666666667
1660	4.129751
1661	4.205570666666667
1662	4.265543666666667
1663	4.318226666666667
1664	4.370597
1665	4.415361333333333
1666	4.443358666666667
1667	4.456127
1668	4.461967666666666
1669	4.4726566666666665
1670	4.493633666666667
1671	4.513199333333334
1672	4.517866
1673	4.507349333333334
1674	4.488613333333333
1675	4.470625
1676	4.455572999999999
1677	4.429357333333333
1678	4.378636
1679	4.308127333333333
1680	4.230207999999999
1681	4.155709999999999
1682	4.089304
1683	4.024326333333333
1684	3.9546649999999994
1685	3.886111
1686	3.825558333333333
1687	3.7699233333333333
1688	3.711446
1689	3.642596333333333
1690	3.561343
1691	3.477376
1692	3.4021156666666665
1693	3.339192333333333
1694	3.2874336666666664
1695	3.2426733333333333
1696	3.199508333333333
1697	3.152579
1698	3.1002589999999994
1699	3.049192333333333
1700	3.006858666666667
1701	2.9746443333333334
1702	2.9528543333333337
1703	2.9443976666666667
1704	2.943135
1705	2.9208000000000003
1706	2.8571166666666667
1707	2.771659666666667
1708	2.691300666666667
1709	2.619307
1710	2.5497916666666667
1711	2.481313
1712	2.416790666666667
1713	2.3630696666666666
1714	2.324751
1715	2.2975076666666667
1716	2.2732040000000002
1717	2.2440803333333332
1718	2.2048970000000003
1719	2.1559393333333334
1720	2.103238
1721	2.0597809999999996
1722	2.0326246666666665
1723	2.009755666666667
1724	1.9834653333333334
1725	1.9737446666666667
1726	1.9981950000000002
1727	2.04115
1728	2.0811376666666668
1729	2.117189
1730	2.153143
1731	2.181942666666667
1732	2.1927113333333335
1733	2.178386666666667
1734	2.1393166666666668
1735	2.088549333333334
1736	2.041713666666667
1737	2.007744
1738	1.9897506666666667
1739	1.984164
1740	1.982670333333333
1741	1.9729076666666667
1742	1.9478776666666668
1743	1.9162940000000002
1744	1.888228
1745	1.8613916666666668
1746	1.8303850000000002
1747	1.795961
1748	1.7637533333333335
1749	1.7433163333333335
1750	1.7399186666666666
1751	1.7456846666666668
1752	1.7510556666666666
1753	1.755652
1754	1.7617506666666667
1755	1.7681409999999997
1756	1.7729339999999998
1757	1.776761
1758	1.7821213333333334
1759	1.7927626666666667
1760	1.8096893333333333
1761	1.8264320000000003
1762	1.8342126666666667
1763	1.8272963333333334
1764	1.8088643333333334
1765	1.798299
1766	1.8107943333333336
1767	1.8358873333333336
1768	1.8539606666666668
1769	1.8514683333333335
1770	1.8271366666666669
1771	1.8000720000000001
1772	1.789265
1773	1.7938523333333336
1774	1.8071406666666667
1775	1.8291883333333334
1776	1.860402
1777	1.8937183333333334
1778	1.9158600000000003
1779	1.9086210000000001
1780	1.8660523333333334
1781	1.814403
1782	1.7835899999999998
1783	1.7791113333333333
1784	1.7902976666666666
1785	1.7958413333333334
1786	1.781244
1787	1.7566906666666666
1788	1.7383516666666665
1789	1.7312509999999999
1790	1.7341523333333333
