610	1.6379523333333332
611	1.637484666666667
612	1.6329893333333332
613	1.623476666666667
614	1.6107806666666669
615	1.601137
616	1.601578
617	1.6161863333333335
618	1.6431796666666667
619	1.6707956666666668
620	1.6882646666666665
621	1.6971260000000004
622	1.7052133333333335
623	1.7216123333333333
624	1.7493666666666667
625	1.7773590000000004
626	1.793568
627	1.79816
628	1.7977420000000002
629	1.8005269999999998
630	1.8098423333333336
631	1.817308666666667
632	1.815022
633	1.8079936666666667
634	1.8069976666666667
635	1.8221279999999997
636	1.8569600000000002
637	1.9012730000000002
638	1.9405376666666667
639	1.9639663333333333
640	1.9643770000000003
641	1.9392816666666666
642	1.8930153333333333
643	1.8412866666666665
644	1.8018500000000002
645	1.7852833333333333
646	1.7918946666666669
647	1.8061786666666666
648	1.8113013333333334
649	1.8032196666666667
650	1.7877836666666664
651	1.7798556666666667
652	1.7918873333333332
653	1.8219553333333336
654	1.8586749999999999
655	1.8839796666666666
656	1.8839656666666666
657	1.8611343333333332
658	1.8301576666666666
659	1.8167639999999998
660	1.8430786666666665
661	1.9116376666666668
662	2.0093416666666664
663	2.107496
664	2.1808373333333333
665	2.2268993333333333
666	2.2546459999999997
667	2.2756556666666667
668	2.2956083333333335
669	2.305560333333333
670	2.2952603333333337
671	2.2660386666666663
672	2.224406666666667
673	2.1767659999999998
674	2.129404666666667
675	2.089046333333333
676	2.062041
677	2.0524620000000002
678	2.056667
679	2.0556763333333334
680	2.0289206666666666
681	1.968282
682	1.8789816666666668
683	1.783884
684	1.7082416666666667
685	1.665175
686	1.655764
687	1.6664196666666666
688	1.6837509999999998
689	1.7086373333333333
690	1.7474313333333333
691	1.8036299999999998
692	1.8734050000000002
693	1.9399196666666665
694	1.9858393333333335
695	2.0061576666666667
696	2.006708
697	2.005325666666667
698	2.019836333333333
699	2.0566576666666663
700	2.116349
701	2.1972613333333335
702	2.2943696666666664
703	2.396166666666667
704	2.4883430000000004
705	2.5575246666666662
706	2.5998643333333336
707	2.631934
708	2.6725086666666664
709	2.724818
710	2.7819636666666665
711	2.830799
712	2.863993
713	2.892746
714	2.9320370000000002
715	2.9863046666666664
716	3.050151
717	3.107345333333333
718	3.1439833333333334
719	3.1617223333333335
720	3.167934
721	3.167238
722	3.161418333333333
723	3.1494836666666663
724	3.131445
725	3.1118550000000003
726	3.093963
727	3.07356
728	3.045327
729	3.0091663333333334
730	2.9681473333333335
731	2.9269686666666663
732	2.8890906666666667
733	2.854025666666667
734	2.821776333333333
735	2.797041
736	2.7828856666666666
737	2.7736483333333335
738	2.7603000000000004
739	2.7356343333333335
740	2.699527333333333
741	2.6655900000000003
742	2.6479176666666664
743	2.6476903333333337
744	2.656946
745	2.6605556666666663
746	2.646969
747	2.619406333333334
748	2.5869016666666664
749	2.556733666666667
750	2.5324003333333334
751	2.5112189999999996
752	2.48957
753	2.467398
754	2.4446653333333335
755	2.417757
756	2.3838346666666665
757	2.3457693333333336
758	2.309802
759	2.2834573333333337
760	2.2691306666666664
761	2.2564813333333333
762	2.2328790000000005
763	2.1937230000000003
764	2.1434406666666668
765	2.0983263333333335
766	2.0740066666666666
767	2.072774666666667
768	2.088509
769	2.109900333333333
770	2.129922
771	2.155674666666667
772	2.197458
773	2.258312
774	2.334648333333333
775	2.415581
776	2.490183333333333
777	2.5540659999999997
778	2.6044503333333333
779	2.6359173333333334
780	2.645564666666667
781	2.6396620000000004
782	2.6300126666666666
783	2.631257333333333
784	2.652215
785	2.685259666666667
786	2.713327666666667
787	2.7149643333333326
788	2.6777983333333335
789	2.614256333333333
790	2.5458790000000002
791	2.489654
792	2.4512696666666667
793	2.416397
794	2.368301333333333
795	2.3044409999999997
796	2.2301233333333337
797	2.154047666666667
798	2.086541
799	2.0388306666666667
800	2.019194
801	2.027676666666667
802	2.0570636666666666
803	2.0916143333333332
804	2.115063666666667
805	2.11879
806	2.103734333333333
807	2.084783666666667
808	2.0779073333333336
809	2.0874983333333335
810	2.1078383333333335
811	2.122720666666667
812	2.1202633333333334
813	2.1081243333333335
814	2.0986249999999997
815	2.0951470000000003
816	2.0975586666666666
817	2.107467333333333
818	2.1273083333333336
819	2.1588126666666665
820	2.2003553333333334
821	2.2436866666666666
822	2.2811973333333335
823	2.313280333333333
824	2.3428603333333333
825	2.370635
826	2.3968966666666667
827	2.4236066666666667
828	2.4525683333333332
829	2.4834716666666665
830	2.515323
831	2.547491
832	2.5775300000000003
833	2.5987883333333333
834	2.606961666666667
835	2.6074346666666663
836	2.6088146666666665
837	2.6167643333333332
838	2.6304353333333337
839	2.637666333333333
840	2.6261613333333336
841	2.594784666666666
842	2.550199666666667
843	2.505263666666667
844	2.4715663333333335
845	2.4518366666666664
846	2.4426273333333333
847	2.435476
848	2.4235203333333333
849	2.4079223333333335
850	2.3914930000000005
851	2.3729186666666666
852	2.350947333333333
853	2.329054666666666
854	2.312905333333333
855	2.3078366666666668
856	2.3150286666666666
857	2.326738333333333
858	2.333888
859	2.333272
860	2.325515333333333
861	2.3136099999999997
862	2.2987876666666662
863	2.276474666666667
864	2.24238
865	2.1992256666666665
866	2.1560729999999997
867	2.128759666666667
868	2.1290430000000002
869	2.1524153333333333
870	2.1855016666666667
871	2.211506
872	2.2197853333333333
873	2.2165223333333333
874	2.213133
875	2.2160176666666667
876	2.225661
877	2.2347543333333335
878	2.234722
879	2.221592666666667
880	2.1944413333333337
881	2.1549453333333335
882	2.1086976666666666
883	2.0679403333333335
884	2.0451883333333334
885	2.046502666666667
886	2.0704996666666666
887	2.1053893333333336
888	2.138133333333333
889	2.1630783333333334
890	2.1801976666666665
891	2.194203
892	2.2065303333333333
893	2.2074393333333333
894	2.188776333333333
895	2.157421
896	2.1255653333333333
897	2.1017963333333336
898	2.088684
899	2.0795203333333334
900	2.0674136666666665
901	2.053765
902	2.0413796666666664
903	2.0278296666666664
904	2.010114333333333
905	1.9894506666666667
906	1.9679236666666666
907	1.945045
908	1.918542
909	1.885028
910	1.842995666666667
911	1.7964583333333333
912	1.7528433333333335
913	1.7213533333333333
914	1.7064426666666668
915	1.700447
916	1.6952593333333335
917	1.6938446666666667
918	1.7037406666666666
919	1.7310203333333334
920	1.7768826666666668
921	1.8334709999999999
922	1.8920123333333334
923	1.9502469999999998
924	2.0070023333333333
925	2.0568663333333332
926	2.0939156666666667
927	2.115662
928	2.12115
929	2.11007
930	2.0876149999999996
931	2.071015
932	2.078404
933	2.1169066666666665
934	2.1801019999999998
935	2.2421566666666664
936	2.276660666666667
937	2.275290333333333
938	2.242981
939	2.1964533333333334
940	2.1533483333333336
941	2.1222366666666668
942	2.1036443333333334
943	2.0890603333333333
944	2.0690853333333337
945	2.040974
946	2.0070876666666666
947	1.974733
948	1.953114
949	1.950534
950	1.9684386666666667
951	1.993476
952	2.0082656666666665
953	2.0014836666666667
954	1.9712619999999998
955	1.9304413333333335
956	1.8918389999999996
957	1.8544683333333334
958	1.8155393333333332
959	1.7820933333333335
960	1.761780333333333
961	1.752769
962	1.746775
963	1.7313326666666666
964	1.7000486666666665
965	1.6640310000000003
966	1.6379620000000001
967	1.6269686666666667
968	1.6292956666666667
969	1.6377163333333333
970	1.6450976666666666
971	1.6493826666666667
972	1.6505406666666667
973	1.6482013333333336
974	1.6433516666666668
975	1.6408176666666667
976	1.6470656666666668
977	1.6677336666666667
978	1.7017169999999997
979	1.7337889999999998
980	1.7489283333333332
981	1.7473059999999998
982	1.740794666666667
983	1.7516346666666665
984	1.795873
985	1.8654263333333334
986	1.9420359999999999
987	2.0088856666666666
988	2.057087333333333
989	2.0935623333333337
990	2.130809333333333
991	2.1788223333333336
992	2.2457226666666665
993	2.337791
994	2.454685
995	2.5823753333333332
996	2.7036763333333336
997	2.808222
998	2.894230666666666
999	2.9719036666666665
1000	3.050667333333333
1001	3.126386666666667
1002	3.1877866666666663
1003	3.221606
1004	3.2195036666666668
1005	3.18609
1006	3.1322926666666664
1007	3.0705366666666665
1008	3.0103030000000004
1009	2.9534046666666662
1010	2.8990926666666668
1011	2.847571666666666
1012	2.7945496666666667
1013	2.7247143333333335
1014	2.6258203333333334
1015	2.504192666666667
1016	2.3759790000000005
1017	2.2606913333333334
1018	2.173489
1019	2.117222
1020	2.091705666666667
1021	2.1012560000000002
1022	2.1467606666666668
1023	2.2164206666666666
1024	2.2978156666666667
1025	2.3902746666666665
1026	2.500341
1027	2.6385256666666668
1028	2.811856666666667
1029	3.016006
1030	3.2429866666666665
1031	3.4885026666666668
1032	3.7562526666666662
1033	4.064186333333334
1034	4.433551333333333
1035	4.878555666666666
1036	5.403679333333334
1037	5.998063666666666
1038	6.643563333333333
1039	7.320067999999999
1040	8.009883666666667
1041	8.703112666666666
1042	9.400195333333333
1043	10.116854666666665
1044	10.864856333333334
1045	11.63096
1046	12.384970666666668
1047	13.084335999999999
1048	13.696674666666665
1049	14.224289999999998
1050	14.681906999999999
1051	15.077385333333332
1052	15.407372666666665
1053	15.651369333333331
1054	15.786254
1055	15.799855666666664
1056	15.688928333333333
1057	15.459816333333332
1058	15.125294
1059	14.704014666666666
1060	14.213874333333333
1061	13.665305666666665
1062	13.063429666666668
1063	12.409244999999997
1064	11.707597666666667
1065	10.976470666666666
1066	10.242057333333332
1067	9.535306333333333
1068	8.878673333333332
1069	8.270888
1070	7.703573666666667
1071	7.175597
1072	6.6903673333333336
1073	6.253055666666667
1074	5.866188333333334
1075	5.525031
1076	5.223976
1077	4.9623409999999994
1078	4.739242666666667
1079	4.548362333333333
1080	4.383902
1081	4.246939666666667
1082	4.140994333333333
1083	4.067549666666666
1084	4.022433
1085	3.991064
1086	3.958857333333333
1087	3.9217633333333337
1088	3.882727
1089	3.8491816666666665
1090	3.8230813333333336
1091	3.7904059999999995
1092	3.7370656666666666
1093	3.6653389999999995
1094	3.587569666666667
1095	3.521888
1096	3.4827163333333333
1097	3.470687
1098	3.4792
1099	3.498388666666666
1100	3.5158536666666667
1101	3.5162399999999994
1102	3.48726
1103	3.4272746666666665
1104	3.3434989999999996
1105	3.253306333333333
1106	3.1780736666666662
1107	3.1374079999999998
1108	3.137162
1109	3.1537786666666663
1110	3.1578703333333333
1111	3.136494
1112	3.091641
1113	3.0415223333333334
1114	3.002597666666667
1115	2.9720606666666667
1116	2.939252666666667
1117	2.895436
1118	2.836126
1119	2.7644563333333334
1120	2.6911483333333335
1121	2.636491333333333
1122	2.6174246666666665
1123	2.6329283333333335
1124	2.6675436666666665
1125	2.6910950000000002
1126	2.675161333333333
1127	2.6102410000000003
1128	2.5031749999999997
1129	2.378975333333333
1130	2.2633029999999996
1131	2.165896
1132	2.086381
1133	2.0178363333333333
1134	1.954861
1135	1.9010133333333332
1136	1.8617083333333333
1137	1.83712
1138	1.8219876666666666
1139	1.804174
1140	1.7703723333333332
1141	1.7119853333333337
1142	1.629452333333333
1143	1.5394543333333333
1144	1.4647046666666665
1145	1.4250883333333333
1146	1.43008
1147	1.468532
1148	1.5229113333333333
1149	1.5814366666666666
1150	1.6385653333333332
1151	1.6961529999999998
1152	1.7551623333333335
1153	1.8077340000000002
1154	1.8443156666666667
1155	1.860925333333333
1156	1.8589353333333334
1157	1.8463416666666668
1158	1.8340873333333334
1159	1.8332306666666667
1160	1.85034
1161	1.8815413333333335
1162	1.9181036666666667
1163	1.950815
1164	1.9749033333333335
1165	1.995747
1166	2.0210223333333333
1167	2.0528866666666667
1168	2.084750666666667
1169	2.0967439999999997
1170	2.073771
1171	2.025127
1172	1.9718413333333338
1173	1.936302
1174	1.9309370000000003
1175	1.9448276666666666
1176	1.9586276666666669
1177	1.9569743333333331
1178	1.9311766666666665
1179	1.8836226666666667
1180	1.8254093333333334
1181	1.7765
1182	1.7529000000000003
1183	1.7528076666666665
1184	1.7653100000000002
1185	1.776581
1186	1.7748540000000002
1187	1.7560543333333334
1188	1.7263089999999999
1189	1.7069376666666667
1190	1.7166656666666666
1191	1.7531023333333335
1192	1.8030006666666667
1193	1.8499826666666666
1194	1.8816723333333336
1195	1.8973060000000002
1196	1.9027326666666668
1197	1.9081099999999998
1198	1.9278776666666668
1199	1.9812363333333332
1200	2.0762
1201	2.190472666666667
1202	2.2943783333333334
1203	2.372098666666667
1204	2.420175
1205	2.4485853333333334
1206	2.4705459999999997
1207	2.4942383333333336
1208	2.524331
1209	2.562808333333333
1210	2.609764333333333
1211	2.662929666666667
1212	2.717095
1213	2.763184666666666
1214	2.7969826666666666
1215	2.829257666666667
1216	2.8750806666666664
1217	2.943269333333333
1218	3.0301106666666664
1219	3.1109549999999997
1220	3.1648903333333336
1221	3.200369666666666
1222	3.2385053333333333
1223	3.2986516666666668
1224	3.3893693333333332
1225	3.4976309999999997
1226	3.605251666666667
1227	3.70339
1228	3.788955666666667
1229	3.861784
1230	3.921585
1231	3.965901333333333
1232	3.994873666666667
1233	4.016819666666667
1234	4.041550333333333
1235	4.073713333333333
1236	4.112695
1237	4.151465333333333
1238	4.183567
1239	4.209752333333333
1240	4.231978
1241	4.247722333333334
1242	4.253984
1243	4.2511746666666665
1244	4.2384830000000004
1245	4.208842333333333
1246	4.154733
1247	4.075001666666667
1248	3.978530333333333
1249	3.890271
1250	3.834247
1251	3.816069333333333
1252	3.82911
1253	3.8571649999999997
1254	3.881177666666667
1255	3.884882
1256	3.8612110000000004
1257	3.821101
1258	3.779096
1259	3.739907333333333
1260	3.6994810000000005
1261	3.644808666666666
1262	3.5667493333333335
1263	3.4739380000000004
1264	3.3848023333333335
1265	3.321609333333333
1266	3.299411
1267	3.312673666666667
1268	3.341822
1269	3.356432666666667
1270	3.3344023333333332
1271	3.283144
1272	3.223536666666667
1273	3.1771893333333336
1274	3.156857333333334
1275	3.155527333333334
1276	3.1596516666666665
1277	3.1605616666666667
1278	3.156824
1279	3.1577796666666664
1280	3.1742196666666667
1281	3.2093106666666666
1282	3.2581013333333333
1283	3.305382
1284	3.3375256666666666
1285	3.354606333333333
1286	3.363887666666667
1287	3.3753729999999993
1288	3.3996283333333333
1289	3.4457413333333333
1290	3.515545
1291	3.595190333333333
1292	3.66342
1293	3.6992459999999996
1294	3.698758333333333
1295	3.6957623333333336
1296	3.727714666666666
1297	3.802448333333333
1298	3.9094676666666666
1299	4.027183
1300	4.134186333333333
1301	4.219296333333333
1302	4.278987333333333
1303	4.317513333333333
1304	4.344779
1305	4.376136333333333
1306	4.423064666666667
1307	4.482916666666666
1308	4.547453666666667
1309	4.609967666666667
1310	4.667361333333333
1311	4.722585666666666
1312	4.779798333333333
1313	4.839536333333333
1314	4.896422333333333
1315	4.935657666666666
1316	4.943221333333333
1317	4.916564666666668
1318	4.861272666666666
1319	4.790664333333334
1320	4.724421333333333
1321	4.688800666666666
1322	4.701910333333333
1323	4.75585
1324	4.827672333333334
1325	4.887187333333333
1326	4.917274
1327	4.9363589999999995
1328	4.969213
1329	5.019301
1330	5.076899333333333
1331	5.125412666666667
1332	5.1539296666666665
1333	5.169972333333334
1334	5.1844779999999995
1335	5.197780666666667
1336	5.205761000000001
1337	5.205885666666666
1338	5.200396000000001
1339	5.199421999999999
1340	5.207549
1341	5.209033333333332
1342	5.183709333333333
1343	5.122946
1344	5.032906666666666
1345	4.940164333333334
1346	4.864913
1347	4.793497333333333
1348	4.704613666666667
1349	4.59475
1350	4.475754666666667
1351	4.374319333333333
1352	4.309182
1353	4.267346000000001
1354	4.228312333333334
1355	4.186858333333333
1356	4.149019333333333
1357	4.129142333333333
1358	4.134981333333333
1359	4.152402666666667
1360	4.165893
1361	4.1788083333333335
1362	4.201672
1363	4.240761666666667
1364	4.291625
1365	4.331266
1366	4.340274666666666
1367	4.325720333333334
1368	4.304283333333333
1369	4.28706
1370	4.275684
1371	4.2578423333333335
1372	4.225741
1373	4.194841666666667
1374	4.183344333333333
1375	4.19116
1376	4.204289
1377	4.196723666666667
1378	4.147905333333333
1379	4.061214666666666
1380	3.951567
1381	3.8364599999999998
1382	3.7326633333333334
1383	3.6532373333333332
1384	3.603952333333333
1385	3.577236
1386	3.561227333333334
1387	3.5472876666666666
1388	3.5305690000000003
1389	3.5112280000000005
1390	3.4916039999999997
1391	3.4741513333333334
1392	3.459474333333333
1393	3.444134333333333
1394	3.4246393333333334
1395	3.401687
1396	3.380112333333334
1397	3.369643
1398	3.378391333333333
1399	3.4057806666666663
1400	3.4459173333333335
1401	3.489367333333333
1402	3.526346
1403	3.5497836666666664
1404	3.557747
1405	3.5572626666666665
1406	3.556748
1407	3.5590696666666664
1408	3.564243666666667
1409	3.5718696666666667
1410	3.583799
1411	3.6066196666666666
1412	3.643858333333333
1413	3.6871766666666668
1414	3.724053
1415	3.7449573333333337
1416	3.747795333333334
1417	3.7442159999999998
1418	3.750146333333334
1419	3.777443
1420	3.830899
1421	3.902988666666667
1422	3.977866333333333
1423	4.033800666666667
1424	4.060223333333333
1425	4.077248333333333
1426	4.110683666666667
1427	4.168128666666667
1428	4.243181
1429	4.316888666666666
1430	4.370364333333333
1431	4.397273666666666
1432	4.403882333333334
1433	4.4126710000000005
1434	4.449080333333333
1435	4.528498666666667
1436	4.649344999999999
1437	4.781956666666667
1438	4.893712999999999
1439	4.972967333333333
1440	5.021151333333333
1441	5.048186
1442	5.0669803333333325
1443	5.089935
1444	5.126158
1445	5.1776990000000005
1446	5.24216
1447	5.313628666666667
1448	5.384768666666667
1449	5.448629333333334
1450	5.503079
1451	5.5558939999999994
1452	5.611713333333333
1453	5.658039
1454	5.676151
1455	5.651648333333332
1456	5.582733666666666
1457	5.491206333333333
1458	5.401539
1459	5.321163333333333
1460	5.249140333333333
1461	5.183259333333333
1462	5.122814
1463	5.069946333333333
1464	5.020707333333333
1465	4.955084666666667
1466	4.855377
1467	4.726163333333333
1468	4.586197666666666
1469	4.462597999999999
1470	4.3701929999999996
1471	4.289116333333333
1472	4.195908
1473	4.093901000000001
1474	4.000142666666666
1475	3.9342536666666663
1476	3.9074229999999996
1477	3.9097186666666666
1478	3.9208136666666666
1479	3.9178550000000003
1480	3.8843373333333333
1481	3.8209866666666668
1482	3.7421973333333334
1483	3.6755483333333334
1484	3.6394113333333333
1485	3.6189186666666666
1486	3.5907649999999998
1487	3.546095333333333
1488	3.486739
1489	3.423038666666667
1490	3.365021333333334
1491	3.3139943333333335
1492	3.2643616666666673
1493	3.2036909999999996
1494	3.1194070000000003
1495	3.0058236666666662
1496	2.8669590000000005
1497	2.721872
1498	2.590307666666667
1499	2.478735
1500	2.3854846666666667
1501	2.3035936666666665
1502	2.223246333333334
1503	2.1336826666666666
1504	2.033731
1505	1.9442693333333334
1506	1.8851913333333337
1507	1.851576
1508	1.8244190000000002
1509	1.7792846666666666
1510	1.7041576666666667
1511	1.6192796666666667
1512	1.5500289999999999
1513	1.501482
1514	1.4695750000000003
1515	1.4510406666666666
1516	1.4459616666666668
1517	1.4599620000000002
1518	1.4982006666666667
1519	1.5589386666666667
1520	1.634558
1521	1.7108103333333333
1522	1.771329333333333
1523	1.8027286666666666
1524	1.8061989999999999
1525	1.8123523333333331
1526	1.85057
1527	1.917982
1528	1.9965373333333334
1529	2.0670903333333333
1530	2.118218
1531	2.1558333333333333
1532	2.1919869999999997
1533	2.235563
1534	2.290635
1535	2.3534813333333333
1536	2.4132896666666666
1537	2.4514743333333335
1538	2.457606
1539	2.447238
1540	2.4421439999999994
1541	2.4520236666666664
1542	2.477996333333333
1543	2.514222333333333
1544	2.551029333333333
1545	2.5769116666666663
1546	2.5878313333333334
1547	2.5984673333333337
1548	2.628167333333333
1549	2.687086
1550	2.770139
1551	2.848815333333334
1552	2.9032353333333334
1553	2.955417666666667
1554	3.034871
1555	3.145009
1556	3.272038666666667
1557	3.3913559999999996
1558	3.485096
1559	3.560156666666667
1560	3.630692666666667
1561	3.7029046666666665
1562	3.7798700000000003
1563	3.866313
1564	3.9653169999999998
1565	4.073861333333333
1566	4.185814666666667
1567	4.2941530000000006
1568	4.393435
1569	4.482704333333333
1570	4.564282333333333
1571	4.643098333333333
1572	4.720210000000001
1573	4.785746666666666
1574	4.8296850000000004
1575	4.853061666666665
1576	4.864590000000001
1577	4.878383
1578	4.902275333333334
1579	4.9252329999999995
1580	4.933949999999999
1581	4.928995666666666
1582	4.9182939999999995
1583	4.911513666666666
1584	4.913299333333334
1585	4.915215666666667
1586	4.901347333333334
1587	4.852778999999999
1588	4.761778333333333
1589	4.649009666666666
1590	4.544702
1591	4.471369
1592	4.433859
1593	4.406443333333334
1594	4.36575
1595	4.323312333333333
1596	4.300703333333334
1597	4.305735
1598	4.332366
1599	4.358659333333333
1600	4.364771666666666
1601	4.3507636666666665
1602	4.324994
1603	4.2943826666666665
1604	4.262159
1605	4.225954333333333
1606	4.185209
1607	4.148913
1608	4.128689333333333
1609	4.131802333333333
1610	4.157666
1611	4.192500333333333
1612	4.220579
1613	4.234396666666666
1614	4.229352333333333
1615	4.199230999999999
1616	4.140142666666667
1617	4.056378666666666
1618	3.9598606666666667
1619	3.871652
1620	3.8115873333333337
1621	3.787203666666666
1622	3.7951709999999994
1623	3.8195956666666664
1624	3.8424683333333336
1625	3.853427
1626	3.851707
1627	3.849619
1628	3.854652666666667
1629	3.8514803333333334
1630	3.8240816666666673
1631	3.7786419999999996
1632	3.733799
1633	3.712517333333333
1634	3.726614333333334
1635	3.759578
1636	3.7911483333333336
1637	3.8204586666666667
1638	3.853884666666667
1639	3.893642333333333
1640	3.9372670000000003
1641	3.977233333333333
1642	4.009343
1643	4.041712333333334
1644	4.085262666666667
1645	4.144736666666666
1646	4.2200500000000005
1647	4.306670666666667
1648	4.399043333333333
1649	4.492988666666666
1650	4.582935333333333
1651	4.659041
1652	4.714258666666667
1653	4.752976666666666
1654	4.787735
1655	4.837200666666666
1656	4.910760000000001
1657	4.991594
1658	5.060912
1659	5.121508666666666
1660	5.183717333333333
1661	5.2516816666666655
1662	5.318626999999999
1663	5.361087666666665
1664	5.361202
1665	5.330191666666666
1666	5.288161666666666
1667	5.246085666666667
1668	5.208757333333333
1669	5.177557999999999
1670	5.155532999999999
1671	5.151317333333333
1672	5.166905
1673	5.1834169999999995
1674	5.177337999999999
1675	5.136704666666666
1676	5.064882000000001
1677	4.98717
1678	4.925257333333334
1679	4.871669666666667
1680	4.810599
1681	4.737519666666666
1682	4.658357
1683	4.589395
1684	4.540166666666666
1685	4.495361
1686	4.434716333333332
1687	4.352257666666667
1688	4.253164666666667
1689	4.1522369999999995
1690	4.059467
1691	3.965831
1692	3.862344666666666
1693	3.759082333333333
1694	3.670478
1695	3.6006696666666667
1696	3.5452936666666663
1697	3.491992666666666
1698	3.4306323333333326
1699	3.363549333333333
1700	3.297301666666667
1701	3.2355846666666666
1702	3.1807220000000003
1703	3.135224
1704	3.1006729999999996
1705	3.0759786666666664
1706	3.0582996666666666
1707	3.0429916666666665
1708	3.0222003333333336
1709	2.9830119999999996
1710	2.9173720000000003
1711	2.83335
1712	2.7434436666666664
1713	2.653939333333333
1714	2.5659056666666666
1715	2.4755413333333336
1716	2.3798976666666665
1717	2.282497333333333
1718	2.1896246666666666
1719	2.1070873333333333
1720	2.0380976666666664
1721	1.9806249999999999
1722	1.930815
1723	1.8858229999999998
1724	1.8442543333333334
1725	1.806827
1726	1.7748400000000002
1727	1.7490103333333333
1728	1.7302696666666668
1729	1.7204523333333333
1730	1.7193640000000001
1731	1.721375
1732	1.7207866666666667
1733	1.7176583333333335
1734	1.717903666666667
1735	1.733967
1736	1.771319
1737	1.8136026666666667
1738	1.8417173333333334
1739	1.8524896666666666
1740	1.8519686666666668
1741	1.850005
1742	1.851108
1743	1.8450416666666667
1744	1.821034
1745	1.7820503333333335
1746	1.7381406666666668
1747	1.7012276666666666
1748	1.6813586666666667
1749	1.682572666666667
1750	1.7027953333333337
1751	1.731915
1752	1.759678
1753	1.783032666666667
1754	1.8011696666666666
1755	1.8114846666666666
1756	1.8147313333333333
1757	1.8208256666666667
1758	1.836357
1759	1.8510920000000002
1760	1.8503736666666666
1761	1.827226
1762	1.7847406666666665
1763	1.7403073333333334
1764	1.7105716666666666
1765	1.6967530000000002
1766	1.6944643333333334
1767	1.7019126666666669
1768	1.716278
1769	1.729188
1770	1.732633
1771	1.725213
1772	1.7084186666666668
1773	1.6837743333333335
1774	1.653529
1775	1.6219796666666664
1776	1.594084666666667
1777	1.574109
1778	1.5644560000000003
1779	1.5638296666666667
1780	1.568648
1781	1.573917
1782	1.5768026666666666
1783	1.5806936666666664
1784	1.5909273333333334
1785	1.6103583333333333
1786	1.6346936666666667
1787	1.6471203333333335
1788	1.6377950000000001
1789	1.6247719999999999
1790	1.631025
