610	1.7793786666666667
611	1.7297393333333333
612	1.675259
613	1.6325313333333333
614	1.6097216666666665
615	1.5984706666666666
616	1.5868419999999999
617	1.5712169999999999
618	1.5547243333333332
619	1.546738333333333
620	1.5549116666666667
621	1.5771213333333334
622	1.6068473333333335
623	1.6374246666666665
624	1.6633006666666668
625	1.6813363333333333
626	1.6905633333333334
627	1.6931383333333334
628	1.6949856666666667
629	1.707238
630	1.7374273333333332
631	1.779609
632	1.8224593333333337
633	1.8563723333333335
634	1.877771
635	1.8943933333333334
636	1.9148076666666665
637	1.9382986666666668
638	1.9592283333333331
639	1.9706450000000002
640	1.9684016666666668
641	1.9559456666666668
642	1.9412543333333332
643	1.9349306666666664
644	1.9449043333333333
645	1.9703843333333333
646	2.0053913333333333
647	2.040970333333333
648	2.0707473333333333
649	2.096816
650	2.1240686666666666
651	2.155241
652	2.1907766666666664
653	2.228242
654	2.2636013333333334
655	2.2919146666666665
656	2.3092986666666664
657	2.315493
658	2.314753
659	2.3179473333333336
660	2.3356743333333334
661	2.370931
662	2.419366
663	2.467549
664	2.5013623333333332
665	2.5142636666666665
666	2.507587
667	2.492913333333333
668	2.483458666666667
669	2.4858816666666663
670	2.499105666666667
671	2.511275333333333
672	2.509504333333333
673	2.489944
674	2.4611603333333334
675	2.4496219999999997
676	2.4749756666666665
677	2.5239759999999998
678	2.5738486666666667
679	2.6132443333333333
680	2.6373996666666666
681	2.6441983333333328
682	2.635056
683	2.6174169999999997
684	2.5979569999999996
685	2.5760039999999997
686	2.550580666666667
687	2.5272149999999995
688	2.5108759999999997
689	2.4985393333333334
690	2.4856036666666665
691	2.472223666666667
692	2.461550333333333
693	2.457627
694	2.4572433333333334
695	2.4410083333333334
696	2.3946656666666666
697	2.3315479999999997
698	2.270967666666667
699	2.2180843333333335
700	2.172739
701	2.137492
702	2.113179
703	2.093414
704	2.0721503333333335
705	2.0510973333333333
706	2.0318153333333333
707	2.008037
708	1.9751986666666665
709	1.940955
710	1.917441
711	1.9139126666666666
712	1.9318593333333332
713	1.9586526666666666
714	1.980861
715	1.9972203333333334
716	2.0130036666666666
717	2.0354293333333335
718	2.0677553333333334
719	2.102947
720	2.131879
721	2.1511286666666667
722	2.1620510000000004
723	2.170666
724	2.181872333333333
725	2.1937953333333335
726	2.202985
727	2.2089973333333335
728	2.2106926666666666
729	2.202186
730	2.17774
731	2.1373013333333333
732	2.0863113333333336
733	2.036576666666667
734	1.997307666666667
735	1.9659606666666667
736	1.9381136666666665
737	1.9170633333333336
738	1.9101123333333334
739	1.9249626666666666
740	1.9638286666666667
741	2.016427666666667
742	2.0702
743	2.1200256666666664
744	2.1665783333333333
745	2.2155596666666666
746	2.270131333333333
747	2.323181
748	2.3651746666666664
749	2.391725
750	2.403243
751	2.4057543333333333
752	2.4071293333333332
753	2.414078
754	2.4306276666666666
755	2.4554716666666665
756	2.4814986666666665
757	2.4938663333333335
758	2.4801770000000003
759	2.4414553333333333
760	2.385976
761	2.3247486666666664
762	2.265042666666667
763	2.2036800000000003
764	2.1358136666666665
765	2.063495666666667
766	1.9941650000000002
767	1.9400253333333335
768	1.9113966666666666
769	1.909453
770	1.9288793333333336
771	1.9587063333333332
772	1.9882623333333334
773	2.012856666666667
774	2.0314813333333333
775	2.0459256666666668
776	2.0616266666666667
777	2.088934
778	2.1305103333333335
779	2.167306
780	2.1805066666666666
781	2.173882
782	2.1616256666666667
783	2.158320333333333
784	2.174430333333333
785	2.2113026666666666
786	2.2641470000000004
787	2.3227789999999997
788	2.375459
789	2.4119643333333336
790	2.4251996666666664
791	2.414050666666667
792	2.3826863333333335
793	2.3416780000000004
794	2.3025603333333335
795	2.272259
796	2.2495716666666667
797	2.220334
798	2.175377666666667
799	2.1290256666666667
800	2.0983496666666666
801	2.0826833333333337
802	2.073178
803	2.0608476666666666
804	2.0384713333333333
805	2.002378
806	1.9528423333333336
807	1.896043333333333
808	1.8411833333333332
809	1.7986843333333333
810	1.7776636666666668
811	1.7826073333333334
812	1.8111803333333332
813	1.8498433333333333
814	1.8823556666666668
815	1.897841
816	1.8939246666666667
817	1.8820383333333335
818	1.8762893333333335
819	1.8836080000000002
820	1.9068660000000002
821	1.9470900000000002
822	2.003023
823	2.069171
824	2.136112
825	2.1900996666666663
826	2.221503333333333
827	2.2344803333333334
828	2.2383733333333335
829	2.240639333333333
830	2.2462326666666668
831	2.2567346666666666
832	2.2713089999999996
833	2.286854
834	2.301072
835	2.315703333333333
836	2.3346346666666666
837	2.3624106666666664
838	2.4018153333333334
839	2.4508986666666663
840	2.5047149999999996
841	2.5560706666666664
842	2.597717
843	2.6251186666666664
844	2.6414676666666663
845	2.6646849999999995
846	2.7131236666666663
847	2.790867
848	2.8902036666666664
849	2.9911936666666668
850	3.0738766666666666
851	3.1300913333333336
852	3.160584666666667
853	3.1745319999999992
854	3.1828063333333336
855	3.192295333333333
856	3.2061373333333334
857	3.223047333333333
858	3.2403836666666668
859	3.2561970000000002
860	3.2670163333333337
861	3.26539
862	3.2464183333333336
863	3.2149719999999995
864	3.1779553333333332
865	3.136877333333333
866	3.0891993333333336
867	3.0293093333333334
868	2.9547319999999995
869	2.8726756666666664
870	2.7908136666666667
871	2.708432
872	2.6235676666666667
873	2.5402859999999996
874	2.465646
875	2.4068416666666668
876	2.3675896666666665
877	2.3433399999999995
878	2.3239216666666667
879	2.2947743333333332
880	2.244641
881	2.1744499999999998
882	2.0936726666666665
883	2.0188743333333337
884	1.963822666666667
885	1.9291736666666666
886	1.9093336666666667
887	1.8975426666666666
888	1.8880949999999999
889	1.878479
890	1.869590333333333
891	1.8666976666666668
892	1.873197
893	1.8839866666666665
894	1.8912803333333332
895	1.8898163333333333
896	1.876731
897	1.8520506666666665
898	1.8187043333333333
899	1.7839293333333333
900	1.7579223333333334
901	1.7528176666666666
902	1.7744796666666667
903	1.8124446666666667
904	1.8510310000000003
905	1.8791106666666666
906	1.8916723333333334
907	1.8926413333333332
908	1.8892526666666667
909	1.8876873333333333
910	1.891851
911	1.9016186666666668
912	1.9141936666666668
913	1.9245830000000002
914	1.9287213333333333
915	1.9271843333333336
916	1.926508
917	1.9414233333333333
918	1.981481
919	2.036326
920	2.089506666666667
921	2.1308133333333332
922	2.1559823333333332
923	2.1674456666666666
924	2.170469
925	2.170560666666667
926	2.1719923333333333
927	2.175895
928	2.1797256666666667
929	2.176133
930	2.1615626666666667
931	2.145715666666667
932	2.141208666666667
933	2.1534656666666665
934	2.180021
935	2.2077656666666665
936	2.2198236666666666
937	2.2018646666666664
938	2.1502973333333335
939	2.0828043333333333
940	2.017958333333333
941	1.9558373333333334
942	1.8919070000000002
943	1.8305213333333334
944	1.7812723333333333
945	1.755163
946	1.7559086666666666
947	1.7699356666666668
948	1.7826530000000003
949	1.7939553333333336
950	1.8069576666666667
951	1.8171303333333335
952	1.8177643333333333
953	1.805943
954	1.784015333333333
955	1.7621863333333334
956	1.7512853333333336
957	1.7556070000000001
958	1.7735743333333331
959	1.7972780000000004
960	1.8210046666666666
961	1.8496869999999999
962	1.8890930000000001
963	1.935503
964	1.9771589999999999
965	1.9948343333333334
966	1.9773936666666665
967	1.9396303333333331
968	1.906206
969	1.8976863333333334
970	1.9233650000000002
971	1.971879
972	2.0266480000000002
973	2.079288666666667
974	2.1266819999999997
975	2.168900333333333
976	2.2073576666666668
977	2.2441146666666665
978	2.282259
979	2.3263646666666666
980	2.3779776666666668
981	2.4302153333333334
982	2.473923666666667
983	2.503763666666667
984	2.5212646666666667
985	2.539422
986	2.5720366666666665
987	2.62319
988	2.6895296666666666
989	2.761090666666667
990	2.8302346666666662
991	2.900402333333333
992	2.976365
993	3.0549480000000004
994	3.131896333333333
995	3.2087746666666668
996	3.2883813333333327
997	3.369985
998	3.4502246666666667
999	3.523773
1000	3.587599
1001	3.645620333333333
1002	3.7030666666666665
1003	3.7611106666666667
1004	3.8182776666666665
1005	3.871458
1006	3.9183969999999997
1007	3.960040333333333
1008	3.9971556666666666
1009	4.026623
1010	4.042232
1011	4.035615
1012	4.005874666666666
1013	3.9709716666666663
1014	3.951108
1015	3.952431666666667
1016	3.971825
1017	3.999846333333333
1018	4.028716999999999
1019	4.059957000000001
1020	4.098420666666667
1021	4.147236
1022	4.208672333333333
1023	4.2854280000000005
1024	4.382232666666666
1025	4.507495666666667
1026	4.667124333333334
1027	4.857103333333333
1028	5.066772666666666
1029	5.281455
1030	5.497346666666666
1031	5.738625333333333
1032	6.032269666666666
1033	6.382559999999999
1034	6.774825666666667
1035	7.175525333333333
1036	7.556962
1037	7.922586000000001
1038	8.287962333333333
1039	8.664278333333332
1040	9.053067
1041	9.439557333333331
1042	9.805231333333335
1043	10.138639999999999
1044	10.431552666666667
1045	10.675815333333333
1046	10.866287666666667
1047	11.00567633333333
1048	11.102736666666665
1049	11.171497666666664
1050	11.219279666666667
1051	11.233178333333331
1052	11.195699333333334
1053	11.099772999999999
1054	10.949691333333334
1055	10.763929999999998
1056	10.558347333333334
1057	10.329551999999998
1058	10.069701333333333
1059	9.780620333333331
1060	9.470579
1061	9.151863666666666
1062	8.835066000000001
1063	8.523576333333333
1064	8.219735
1065	7.9302106666666665
1066	7.6595906666666655
1067	7.403002666666667
1068	7.153343666666667
1069	6.908173
1070	6.669176333333333
1071	6.442151333333333
1072	6.231291333333332
1073	6.033392666666666
1074	5.843939666666666
1075	5.662704333333334
1076	5.489925333333333
1077	5.322503333333334
1078	5.157977333333333
1079	4.999333666666667
1080	4.854590333333334
1081	4.737065
1082	4.654974666666667
1083	4.599358666666666
1084	4.553171
1085	4.498401666666666
1086	4.422641333333333
1087	4.326831333333333
1088	4.218299
1089	4.106464666666667
1090	4.0037563333333335
1091	3.9266653333333332
1092	3.8804159999999994
1093	3.8411786666666665
1094	3.7849646666666668
1095	3.716011
1096	3.646044
1097	3.5751749999999998
1098	3.501768666666666
1099	3.4325236666666665
1100	3.3718756666666665
1101	3.310542333333333
1102	3.2386666666666666
1103	3.1591320000000005
1104	3.0796543333333335
1105	3.006149666666667
1106	2.9457266666666664
1107	2.909892
1108	2.904829
1109	2.919077
1110	2.9300023333333334
1111	2.908808
1112	2.8428269999999998
1113	2.761036333333333
1114	2.697291
1115	2.655738
1116	2.632331333333333
1117	2.634341
1118	2.664736
1119	2.704342666666667
1120	2.7331693333333336
1121	2.7519546666666668
1122	2.769349
1123	2.790062666666666
1124	2.8116966666666667
1125	2.8210673333333336
1126	2.807449666666667
1127	2.776466
1128	2.741216666666667
1129	2.7143386666666673
1130	2.698595
1131	2.6763466666666664
1132	2.6334459999999993
1133	2.5837493333333335
1134	2.5490433333333327
1135	2.5396503333333333
1136	2.552039333333333
1137	2.563746
1138	2.550616
1139	2.502949
1140	2.41958
1141	2.304625
1142	2.1681426666666668
1143	2.0298553333333333
1144	1.9134516666666668
1145	1.8408303333333333
1146	1.8194676666666665
1147	1.825771
1148	1.8288263333333332
1149	1.8129256666666667
1150	1.781589
1151	1.7647
1152	1.7857713333333334
1153	1.828411
1154	1.8631563333333334
1155	1.8719423333333334
1156	1.8501130000000001
1157	1.810821
1158	1.7724393333333333
1159	1.7484870000000003
1160	1.7486213333333334
1161	1.7783553333333333
1162	1.8355086666666667
1163	1.9040000000000001
1164	1.9658653333333334
1165	2.012711
1166	2.043203333333333
1167	2.06236
1168	2.077555333333333
1169	2.095373
1170	2.1175603333333335
1171	2.135738
1172	2.1391600000000004
1173	2.1220136666666667
1174	2.084786
1175	2.0373776666666665
1176	1.9938433333333334
1177	1.9681863333333336
1178	1.9686350000000004
1179	1.989685666666667
1180	2.01567
1181	2.0221013333333335
1182	1.9930723333333333
1183	1.9407096666666666
1184	1.886846
1185	1.8466196666666668
1186	1.8229033333333333
1187	1.7991393333333334
1188	1.7610923333333335
1189	1.7188173333333334
1190	1.6919153333333334
1191	1.6960446666666666
1192	1.7355610000000001
1193	1.7941536666666666
1194	1.8525559999999999
1195	1.904938
1196	1.9521213333333334
1197	1.9958726666666666
1198	2.0362503333333333
1199	2.069839
1200	2.0972476666666666
1201	2.1311653333333336
1202	2.182596666666667
1203	2.2463543333333336
1204	2.3107949999999997
1205	2.366952
1206	2.4157539999999997
1207	2.476356
1208	2.563608333333333
1209	2.664209666666667
1210	2.7532479999999997
1211	2.8092873333333337
1212	2.827009666666666
1213	2.8327109999999998
1214	2.8551070000000003
1215	2.8970430000000005
1216	2.9478886666666666
1217	2.993723666666667
1218	3.0277266666666662
1219	3.0609656666666663
1220	3.1071866666666668
1221	3.1682669999999997
1222	3.2390593333333335
1223	3.310992333333333
1224	3.377056333333333
1225	3.436483
1226	3.490097333333333
1227	3.5362853333333333
1228	3.5737499999999995
1229	3.6048046666666664
1230	3.634026
1231	3.6670236666666662
1232	3.705799
1233	3.743354333333333
1234	3.7719743333333335
1235	3.791434333333333
1236	3.8063259999999994
1237	3.8240956666666666
1238	3.849356666666666
1239	3.8779439999999994
1240	3.9048726666666664
1241	3.931591
1242	3.958850333333333
1243	3.979311
1244	3.986203333333333
1245	3.982520666666667
1246	3.9754526666666665
1247	3.9715269999999996
1248	3.974412333333333
1249	3.9822626666666663
1250	3.991443666666666
1251	3.9995173333333334
1252	4.004790666666667
1253	4.005978666666667
1254	4.003154333333334
1255	3.999117
1256	3.9966353333333333
1257	3.9955546666666666
1258	3.993421333333333
1259	3.985403
1260	3.965699
1261	3.929559
1262	3.881336
1263	3.8443743333333336
1264	3.8394656666666664
1265	3.862319333333333
1266	3.8968036666666666
1267	3.925940666666666
1268	3.9410546666666666
1269	3.9520366666666664
1270	3.9730233333333334
1271	4.009357333333333
1272	4.0599549999999995
1273	4.118556333333334
1274	4.178824666666667
1275	4.23886
1276	4.2989706666666665
1277	4.359961333333333
1278	4.422713333333333
1279	4.487987666666667
1280	4.556200333333333
1281	4.626717
1282	4.695808666666666
1283	4.753950333333333
1284	4.792971
1285	4.81375
1286	4.821995333333333
1287	4.825116333333333
1288	4.828338666666666
1289	4.830779666666666
1290	4.830839999999999
1291	4.8312409999999995
1292	4.835513999999999
1293	4.844450999999999
1294	4.857576333333332
1295	4.874523
1296	4.895734999999999
1297	4.9232163333333325
1298	4.958784
1299	5.002095333333333
1300	5.050441
1301	5.098050333333333
1302	5.140131333333334
1303	5.1772920000000004
1304	5.213532666666667
1305	5.254924333333333
1306	5.3052296666666665
1307	5.361025999999999
1308	5.416085666666667
1309	5.465033999999999
1310	5.504591666666666
1311	5.535076999999999
1312	5.557580666666667
1313	5.571316333333333
1314	5.573370666666667
1315	5.558185
1316	5.521717
1317	5.466303333333333
1318	5.399228333333332
1319	5.332564333333333
1320	5.277327666666666
1321	5.237342666666666
1322	5.211352333333332
1323	5.193676333333333
1324	5.178311666666666
1325	5.162733
1326	5.147798999999999
1327	5.138341333333333
1328	5.1383036666666655
1329	5.145750333333333
1330	5.156227666666665
1331	5.165466666666667
1332	5.169960333333333
1333	5.167765666666667
1334	5.159769999999999
1335	5.151877333333333
1336	5.150915333333333
1337	5.160202999999999
1338	5.175613
1339	5.180299333333332
1340	5.160746333333333
1341	5.1236326666666665
1342	5.083143333333332
1343	5.049653333333333
1344	5.026463999999999
1345	5.005386999999999
1346	4.975998666666666
1347	4.933972333333333
1348	4.879516333333333
1349	4.817003333333333
1350	4.753804
1351	4.700047666666666
1352	4.662957
1353	4.640182333333333
1354	4.624411333333333
1355	4.606647
1356	4.580300333333333
1357	4.546065666666666
1358	4.511206333333333
1359	4.490107666666667
1360	4.491834333333333
1361	4.506156
1362	4.514638000000001
1363	4.500207666666666
1364	4.455189
1365	4.391596666666667
1366	4.328651
1367	4.282534333333333
1368	4.263120333333333
1369	4.268880666666667
1370	4.288687666666666
1371	4.301112333333333
1372	4.289835333333333
1373	4.260247333333334
1374	4.226346666666667
1375	4.199988333333334
1376	4.189221333333333
1377	4.195751333333333
1378	4.213109666666666
1379	4.222644666666666
1380	4.208323
1381	4.172575666666667
1382	4.129066666666667
1383	4.097601666666667
1384	4.090045333333333
1385	4.094838666666666
1386	4.093928333333333
1387	4.077893666666666
1388	4.043974333333333
1389	3.995015333333333
1390	3.9344829999999997
1391	3.8630313333333333
1392	3.7858726666666667
1393	3.7213406666666664
1394	3.687656333333333
1395	3.6881566666666665
1396	3.7096246666666666
1397	3.7174023333333333
1398	3.6843096666666666
1399	3.6210883333333337
1400	3.552165
1401	3.4946586666666666
1402	3.4566643333333333
1403	3.4345700000000003
1404	3.4212983333333336
1405	3.412687
1406	3.4055553333333335
1407	3.3956993333333334
1408	3.3798036666666667
1409	3.358122333333333
1410	3.3343603333333327
1411	3.3159813333333332
1412	3.306161666666666
1413	3.2948546666666667
1414	3.2701043333333333
1415	3.2298026666666666
1416	3.183621333333333
1417	3.157065333333333
1418	3.171180333333333
1419	3.221145666666667
1420	3.290634666666666
1421	3.363235
1422	3.4267390000000004
1423	3.477682666666667
1424	3.5178533333333335
1425	3.552862666666667
1426	3.5902586666666667
1427	3.638673666666666
1428	3.7059616666666666
1429	3.796475
1430	3.907322666666667
1431	4.0227059999999994
1432	4.126791333333333
1433	4.216522666666666
1434	4.295683
1435	4.370198333333333
1436	4.442208
1437	4.5041546666666665
1438	4.549208333333333
1439	4.581957
1440	4.611262999999999
1441	4.643817
1442	4.682493
1443	4.724220666666667
1444	4.7653376666666665
1445	4.806324
1446	4.847684666666667
1447	4.885549999999999
1448	4.914358666666667
1449	4.930051
1450	4.9360273333333335
1451	4.950424333333333
1452	4.988608
1453	5.044564333333334
1454	5.101439333333333
1455	5.139810333333334
1456	5.146525
1457	5.124704333333333
1458	5.085102666666668
1459	5.039841333333333
1460	4.99855
1461	4.964078666666667
1462	4.933171333333333
1463	4.895503
1464	4.842288333333333
1465	4.7750276666666664
1466	4.699210333333334
1467	4.618973
1468	4.536313
1469	4.449920666666666
1470	4.355471666666666
1471	4.2455343333333335
1472	4.117622333333333
1473	3.98372
1474	3.8606803333333333
1475	3.7611816666666664
1476	3.687598333333333
1477	3.6239263333333334
1478	3.5542456666666666
1479	3.4807023333333333
1480	3.4116239999999993
1481	3.350491666666667
1482	3.2950506666666666
1483	3.2361973333333336
1484	3.1682223333333335
1485	3.0993033333333337
1486	3.0384983333333335
1487	2.9825410000000003
1488	2.921429666666667
1489	2.843594333333334
1490	2.746640333333333
1491	2.649512666666667
1492	2.570812666666667
1493	2.5070240000000004
1494	2.445342333333333
1495	2.375489333333334
1496	2.2980250000000004
1497	2.233671666666667
1498	2.198843666666667
1499	2.180311
1500	2.1556426666666666
1501	2.1123876666666668
1502	2.0506563333333334
1503	1.987656
1504	1.9402203333333332
1505	1.907999
1506	1.8840816666666667
1507	1.8642623333333335
1508	1.8469886666666668
1509	1.832849666666667
1510	1.8200200000000002
1511	1.7996870000000003
1512	1.7651233333333334
1513	1.7215683333333334
1514	1.6789716666666665
1515	1.6455970000000002
1516	1.6250663333333335
1517	1.612551
1518	1.6009923333333336
1519	1.5867000000000002
1520	1.5701133333333335
1521	1.5575773333333331
1522	1.5575316666666668
1523	1.5766463333333331
1524	1.6129373333333334
1525	1.6471556666666665
1526	1.6614646666666668
1527	1.658783
1528	1.65306
1529	1.6619629999999999
1530	1.6988410000000003
1531	1.7637850000000002
1532	1.847055
1533	1.929718
1534	1.9942083333333334
1535	2.035331333333333
1536	2.058154666666667
1537	2.078388
1538	2.1093566666666668
1539	2.1489953333333336
1540	2.1895206666666667
1541	2.225750333333333
1542	2.2551870000000003
1543	2.2786606666666667
1544	2.3014903333333336
1545	2.3357603333333334
1546	2.390608
1547	2.4614966666666667
1548	2.5370583333333334
1549	2.6042223333333334
1550	2.652707666666667
1551	2.680067666666667
1552	2.6894936666666664
1553	2.6895713333333333
1554	2.6904313333333336
1555	2.7005423333333334
1556	2.724834
1557	2.7620023333333332
1558	2.8098673333333335
1559	2.8700896666666673
1560	2.9447086666666666
1561	3.0321803333333333
1562	3.12727
1563	3.219853333333333
1564	3.2982736666666668
1565	3.352972333333333
1566	3.3834383333333338
1567	3.407291
1568	3.4427813333333335
1569	3.491314666666667
1570	3.544328333333334
1571	3.589111333333333
1572	3.6238870000000003
1573	3.6738516666666663
1574	3.7600053333333334
1575	3.866376333333333
1576	3.9615593333333337
1577	4.017829
1578	4.022983666666667
1579	3.995111666666667
1580	3.9598926666666667
1581	3.930588666666667
1582	3.911124
1583	3.898053333333334
1584	3.8899406666666665
1585	3.8953056666666668
1586	3.9164193333333333
1587	3.931839
1588	3.9204053333333335
1589	3.886144333333333
1590	3.8458686666666666
1591	3.8184393333333335
1592	3.809976333333333
1593	3.797643666666667
1594	3.7597906666666665
1595	3.706270666666667
1596	3.6587473333333334
1597	3.632608333333333
1598	3.6313696666666666
1599	3.6393990000000005
1600	3.639581666666667
1601	3.6300943333333335
1602	3.6167333333333334
1603	3.606393333333333
1604	3.6013699999999997
1605	3.5935063333333335
1606	3.574959333333333
1607	3.5490556666666664
1608	3.523849
1609	3.506528
1610	3.501356
1611	3.507054333333333
1612	3.5191533333333327
1613	3.5314936666666665
1614	3.5405496666666663
1615	3.5501089999999995
1616	3.5647396666666666
1617	3.583445333333333
1618	3.602516333333333
1619	3.6176526666666664
1620	3.623388666666666
1621	3.61218
1622	3.578938999999999
1623	3.526629
1624	3.462964
1625	3.3985469999999998
1626	3.3434486666666663
1627	3.3035449999999997
1628	3.278954333333333
1629	3.260877333333333
1630	3.239635999999999
1631	3.2124256666666664
1632	3.1814126666666662
1633	3.1526386666666664
1634	3.129306666666666
1635	3.104917
1636	3.0722719999999994
1637	3.0326753333333336
1638	2.992991333333333
1639	2.9639106666666666
1640	2.9550826666666663
1641	2.9698636666666665
1642	3.0048139999999997
1643	3.047443666666667
1644	3.0857469999999996
1645	3.1177526666666666
1646	3.1473269999999998
1647	3.181582333333333
1648	3.2281756666666666
1649	3.2927503333333332
1650	3.3750576666666667
1651	3.463462
1652	3.5446220000000004
1653	3.6127703333333336
1654	3.668246666666666
1655	3.7176193333333334
1656	3.769755
1657	3.83257
1658	3.9088326666666666
1659	3.9905096666666666
1660	4.0659980000000004
1661	4.126750333333334
1662	4.171703666666667
1663	4.213047
1664	4.2623240000000004
1665	4.3166063333333335
1666	4.367401
1667	4.408320333333333
1668	4.434943333333333
1669	4.444706999999999
1670	4.437001333333334
1671	4.414224333333333
1672	4.380636333333333
1673	4.341833333333334
1674	4.302668000000001
1675	4.265005666666666
1676	4.229001
1677	4.193757333333334
1678	4.157682333333334
1679	4.118475999999999
1680	4.074198333333333
1681	4.02442
1682	3.969513
1683	3.910576
1684	3.8519349999999997
1685	3.8039666666666667
1686	3.7724296666666666
1687	3.7464589999999998
1688	3.710493
1689	3.6557133333333334
1690	3.583357
1691	3.509980333333333
1692	3.452281
1693	3.4122706666666667
1694	3.3844373333333335
1695	3.3610216666666664
1696	3.334033333333333
1697	3.2968373333333334
1698	3.2472019999999993
1699	3.1917356666666667
1700	3.1393746666666664
1701	3.0957323333333338
1702	3.0640553333333336
1703	3.04501
1704	3.0321646666666666
1705	3.0058466666666668
1706	2.9498436666666668
1707	2.869416333333333
1708	2.7803756666666666
1709	2.700471666666667
1710	2.641272666666667
1711	2.5986656666666668
1712	2.559261666666667
1713	2.504961333333333
1714	2.427633
1715	2.34552
1716	2.2800089999999997
1717	2.2331586666666667
1718	2.1968993333333335
1719	2.1605806666666667
1720	2.117521
1721	2.0717933333333334
1722	2.031612
1723	2.003939
1724	1.993269
1725	1.9995436666666668
1726	2.016598
1727	2.029325666666667
1728	2.027247666666667
1729	2.0186953333333335
1730	2.014057
1731	2.0101376666666666
1732	2.004151333333333
1733	2.007804333333333
1734	2.030827
1735	2.063345
1736	2.089969
1737	2.10309
1738	2.102014333333333
1739	2.0930493333333335
1740	2.082036
1741	2.0670426666666666
1742	2.041727
1743	1.9981676666666668
1744	1.9338160000000002
1745	1.8600433333333333
1746	1.7949169999999999
1747	1.7568389999999998
1748	1.7525363333333333
1749	1.762484
1750	1.7634323333333333
1751	1.7498113333333334
1752	1.726376
1753	1.7025353333333333
1754	1.6844419999999998
1755	1.667346
1756	1.6449593333333332
1757	1.6184973333333332
1758	1.5930713333333333
1759	1.5745446666666667
1760	1.566397
1761	1.5661959999999997
1762	1.569368
1763	1.5724306666666668
1764	1.574287
1765	1.5778636666666666
1766	1.5862643333333335
1767	1.5990626666666665
1768	1.6142333333333332
1769	1.6299993333333331
1770	1.6468933333333335
1771	1.669974
1772	1.7023813333333333
1773	1.7383920000000002
1774	1.7696666666666667
1775	1.7911536666666668
1776	1.8020466666666668
1777	1.8075273333333335
1778	1.8129533333333334
1779	1.8183026666666666
1780	1.820785
1781	1.8171363333333335
1782	1.8066603333333335
1783	1.794729
1784	1.7878356666666668
1785	1.7888986666666669
1786	1.7978833333333333
1787	1.8117453333333335
1788	1.8267390000000001
1789	1.840043
1790	1.8478263333333333
