610	1.707863333333333
611	1.6893273333333334
612	1.6722946666666667
613	1.6563409999999998
614	1.639164
615	1.6198096666666668
616	1.6001443333333334
617	1.5865793333333336
618	1.583984
619	1.5892836666666668
620	1.5974443333333335
621	1.6069886666666666
622	1.618535
623	1.6332333333333333
624	1.6495380000000002
625	1.6597156666666668
626	1.6574856666666666
627	1.6464136666666667
628	1.636211
629	1.6401843333333332
630	1.6674686666666667
631	1.7138766666666667
632	1.766684666666667
633	1.807542666666667
634	1.8245983333333333
635	1.8255743333333336
636	1.821531
637	1.8119563333333333
638	1.7938883333333333
639	1.7712780000000001
640	1.751651666666667
641	1.7430243333333335
642	1.7507843333333335
643	1.7739926666666668
644	1.808835
645	1.8508063333333333
646	1.8938136666666667
647	1.9285896666666666
648	1.946547666666667
649	1.943972
650	1.9202046666666668
651	1.877184666666667
652	1.8210760000000001
653	1.7650723333333334
654	1.7205856666666668
655	1.688252
656	1.666942
657	1.662045
658	1.6788093333333334
659	1.7147833333333333
660	1.7626143333333335
661	1.8117066666666666
662	1.8524983333333334
663	1.880776
664	1.8956703333333333
665	1.8988693333333333
666	1.8942746666666668
667	1.8887523333333334
668	1.8903396666666668
669	1.906399
670	1.9395000000000002
671	1.981836
672	2.0223866666666668
673	2.0533393333333336
674	2.0722383333333334
675	2.0853016666666666
676	2.1006186666666666
677	2.1219403333333333
678	2.148696
679	2.1747913333333333
680	2.191248
681	2.1882283333333334
682	2.1610756666666666
683	2.118185
684	2.0751173333333335
685	2.050291
686	2.055248333333333
687	2.083115333333333
688	2.119233
689	2.149923666666667
690	2.1691096666666665
691	2.185969666666667
692	2.210671
693	2.2403816666666665
694	2.2649676666666667
695	2.271802
696	2.2547693333333334
697	2.224454666666667
698	2.1952283333333336
699	2.173674
700	2.163117
701	2.1674766666666665
702	2.188127
703	2.2190309999999998
704	2.2487636666666666
705	2.261441
706	2.245867666666667
707	2.2059256666666665
708	2.151486666666667
709	2.090984
710	2.0295183333333338
711	1.9671703333333335
712	1.9064360000000002
713	1.8601436666666669
714	1.8436480000000002
715	1.8665813333333332
716	1.9277810000000002
717	2.0069873333333335
718	2.077401666666667
719	2.1166626666666666
720	2.113826
721	2.0794343333333334
722	2.0326003333333333
723	1.9908883333333334
724	1.9658716666666667
725	1.9577453333333334
726	1.9626346666666667
727	1.9782019999999998
728	2.0027226666666667
729	2.03369
730	2.0678063333333334
731	2.1009029999999997
732	2.129369
733	2.1517350000000004
734	2.1675053333333336
735	2.1761696666666666
736	2.176183333333334
737	2.1644666666666668
738	2.1431163333333334
739	2.127545
740	2.135134
741	2.173686
742	2.240193
743	2.317017
744	2.385312
745	2.4377206666666664
746	2.4741216666666666
747	2.4992123333333334
748	2.518841
749	2.5374286666666666
750	2.5581603333333334
751	2.5826050000000005
752	2.6086433333333328
753	2.6273073333333334
754	2.6291613333333332
755	2.611088333333333
756	2.577459666666666
757	2.543074666666667
758	2.522089
759	2.516556
760	2.5190543333333335
761	2.513148666666667
762	2.484569
763	2.4329013333333336
764	2.366904
765	2.302268666666667
766	2.253684
767	2.227084333333333
768	2.2226536666666665
769	2.235932
770	2.259766
771	2.285217333333333
772	2.3061186666666664
773	2.3245423333333335
774	2.3469089999999997
775	2.3808433333333334
776	2.4283656666666666
777	2.477839
778	2.514357
779	2.5299196666666663
780	2.526745333333333
781	2.522865
782	2.537138333333333
783	2.5742743333333333
784	2.626993333333333
785	2.6753376666666666
786	2.699621333333333
787	2.6929246666666664
788	2.6560766666666664
789	2.595001
790	2.518669333333333
791	2.4386586666666665
792	2.3654620000000004
793	2.304165666666667
794	2.253963666666667
795	2.2062636666666666
796	2.154163
797	2.102249333333333
798	2.0603006666666666
799	2.0376213333333335
800	2.0365533333333334
801	2.0447806666666666
802	2.049034333333333
803	2.0485656666666667
804	2.0494863333333333
805	2.060306333333333
806	2.0861606666666663
807	2.1228806666666666
808	2.164867
809	2.2122133333333336
810	2.2653103333333338
811	2.319066
812	2.3662449999999997
813	2.4007573333333334
814	2.4201483333333336
815	2.429093
816	2.4352576666666668
817	2.4461640000000004
818	2.467907666666667
819	2.5031926666666666
820	2.5492939999999997
821	2.5943066666666668
822	2.6250866666666672
823	2.6350713333333333
824	2.6248473333333338
825	2.604614
826	2.586967
827	2.580366
828	2.587108
829	2.599716
830	2.6081866666666667
831	2.6066773333333333
832	2.5962423333333335
833	2.5889873333333333
834	2.5972793333333337
835	2.6227093333333333
836	2.657597
837	2.6843786666666665
838	2.686918333333333
839	2.6623313333333334
840	2.6184033333333336
841	2.573836333333333
842	2.5473236666666668
843	2.546800333333333
844	2.5711623333333335
845	2.6093816666666667
846	2.6477980000000003
847	2.6764669999999997
848	2.692233
849	2.7035146666666665
850	2.7214916666666666
851	2.7517626666666666
852	2.7914389999999996
853	2.824259
854	2.8324236666666667
855	2.808343
856	2.7554536666666665
857	2.6918463333333333
858	2.6377973333333333
859	2.6039960000000004
860	2.5915639999999995
861	2.589584666666667
862	2.5845273333333334
863	2.5684656666666665
864	2.538946333333333
865	2.5004093333333333
866	2.461718666666666
867	2.434838
868	2.4268886666666662
869	2.430750666666667
870	2.433229666666666
871	2.4221413333333333
872	2.3938819999999996
873	2.362889
874	2.3478286666666666
875	2.3585730000000003
876	2.394429
877	2.439941666666667
878	2.4772726666666665
879	2.4977036666666668
880	2.500897333333333
881	2.4959333333333333
882	2.4917510000000003
883	2.4882843333333335
884	2.4828906666666666
885	2.4761193333333336
886	2.4685040000000003
887	2.456834333333333
888	2.4363663333333334
889	2.4034113333333336
890	2.3605313333333333
891	2.323018666666667
892	2.30564
893	2.308927
894	2.3246803333333337
895	2.3396993333333334
896	2.344676333333333
897	2.3432696666666666
898	2.3416166666666665
899	2.338524
900	2.3294146666666666
901	2.3102126666666667
902	2.2805546666666663
903	2.247548
904	2.2185536666666668
905	2.194208
906	2.1728076666666665
907	2.154384
908	2.1408266666666664
909	2.135841666666667
910	2.140274666666667
911	2.146721
912	2.1457216666666667
913	2.1317853333333336
914	2.1048176666666665
915	2.0730513333333334
916	2.0478336666666666
917	2.03907
918	2.0500813333333334
919	2.0710093333333335
920	2.090334
921	2.1056296666666667
922	2.1183300000000003
923	2.129083666666667
924	2.137266666666667
925	2.1408226666666668
926	2.139042
927	2.1352550000000003
928	2.130753
929	2.1185633333333334
930	2.093328666666667
931	2.0618173333333334
932	2.034691
933	2.0189636666666666
934	2.0178466666666663
935	2.0296166666666666
936	2.0484793333333338
937	2.0642823333333333
938	2.069605
939	2.06721
940	2.0612516666666667
941	2.0490180000000002
942	2.026386666666667
943	1.9935723333333335
944	1.9544530000000002
945	1.9165143333333334
946	1.8861816666666669
947	1.8644553333333336
948	1.8531463333333333
949	1.8608800000000003
950	1.8937673333333336
951	1.9446286666666668
952	1.9988260000000002
953	2.0385086666666665
954	2.050392
955	2.034788
956	2.0002103333333334
957	1.9602796666666669
958	1.9260039999999998
959	1.8979883333333332
960	1.8732563333333332
961	1.8510816666666665
962	1.8325630000000002
963	1.820439
964	1.8192216666666665
965	1.8354553333333334
966	1.871219
967	1.9159976666666665
968	1.9533070000000001
969	1.9663746666666666
970	1.9472036666666668
971	1.908097333333333
972	1.869409
973	1.8494110000000001
974	1.8585063333333334
975	1.891337
976	1.9334050000000003
977	1.96527
978	1.9742376666666668
979	1.967838
980	1.9635440000000002
981	1.9806123333333334
982	2.028622
983	2.0937876666666666
984	2.1539353333333335
985	2.191659666666667
986	2.2015206666666667
987	2.1999726666666666
988	2.2098763333333333
989	2.2467493333333333
990	2.3154546666666667
991	2.4045180000000004
992	2.498709
993	2.5899426666666665
994	2.675197333333333
995	2.755509
996	2.83452
997	2.9179243333333336
998	3.0086183333333336
999	3.1007256666666665
1000	3.1826490000000005
1001	3.2392363333333334
1002	3.262723333333333
1003	3.2654353333333335
1004	3.264971
1005	3.2704973333333336
1006	3.282309333333333
1007	3.289820333333333
1008	3.282523666666667
1009	3.260314666666667
1010	3.226785
1011	3.183542666666667
1012	3.1328916666666666
1013	3.0812913333333336
1014	3.036181
1015	3.00257
1016	2.9807513333333335
1017	2.9631556666666667
1018	2.943685333333333
1019	2.9273343333333335
1020	2.923063333333333
1021	2.9373026666666666
1022	2.972054
1023	3.0223159999999996
1024	3.0825586666666664
1025	3.1526759999999996
1026	3.233956333333333
1027	3.324872666666666
1028	3.420229
1029	3.5102536666666664
1030	3.590756
1031	3.674565666666666
1032	3.777348
1033	3.9035999999999995
1034	4.048096
1035	4.195596333333333
1036	4.333674
1037	4.465382999999999
1038	4.596672333333333
1039	4.724326666666666
1040	4.840887666666666
1041	4.939335999999999
1042	5.016463333333332
1043	5.076762333333332
1044	5.125582666666666
1045	5.162779666666666
1046	5.186670333333333
1047	5.198066666666666
1048	5.200717333333333
1049	5.201688333333333
1050	5.203270333333333
1051	5.1936963333333335
1052	5.158418666666666
1053	5.091120999999999
1054	4.993860333333332
1055	4.879096
1056	4.760543999999999
1057	4.645045
1058	4.5367809999999995
1059	4.440610666666667
1060	4.358527666666666
1061	4.284679666666666
1062	4.210264333333334
1063	4.127919666666666
1064	4.0351729999999995
1065	3.9390276666666666
1066	3.8489086666666665
1067	3.7704829999999996
1068	3.706733
1069	3.658144333333333
1070	3.621163333333333
1071	3.585393
1072	3.5411346666666668
1073	3.487251
1074	3.4277533333333334
1075	3.369316333333333
1076	3.3149420000000003
1077	3.2573259999999995
1078	3.188961999999999
1079	3.112667666666667
1080	3.038673666666667
1081	2.9831219999999994
1082	2.9587086666666664
1083	2.9641859999999998
1084	2.9885780000000004
1085	3.012612
1086	3.017520333333333
1087	2.993917
1088	2.941627
1089	2.872450666666667
1090	2.8026336666666665
1091	2.7467466666666667
1092	2.712533
1093	2.6940356666666667
1094	2.6808826666666663
1095	2.6663513333333335
1096	2.6498290000000004
1097	2.6399723333333336
1098	2.6434103333333336
1099	2.6530033333333334
1100	2.6561066666666666
1101	2.6419376666666667
1102	2.6056896666666667
1103	2.5540476666666665
1104	2.4985163333333333
1105	2.4504653333333333
1106	2.419539
1107	2.411268333333333
1108	2.4236326666666668
1109	2.4413406666666666
1110	2.4478386666666667
1111	2.4370596666666664
1112	2.4110796666666663
1113	2.379645
1114	2.3525566666666666
1115	2.3326789999999997
1116	2.3196703333333337
1117	2.31297
1118	2.3123616666666664
1119	2.3182506666666667
1120	2.331201666666667
1121	2.351402
1122	2.377722
1123	2.406175333333333
1124	2.4304586666666665
1125	2.441925333333333
1126	2.433249
1127	2.4028969999999994
1128	2.355324333333334
1129	2.3030269999999997
1130	2.2598776666666667
1131	2.2343846666666667
1132	2.225433333333333
1133	2.2157156666666666
1134	2.1870303333333334
1135	2.135521
1136	2.067985333333333
1137	2.0001303333333333
1138	1.9426536666666667
1139	1.8868316666666665
1140	1.8192516666666667
1141	1.7359133333333332
1142	1.642037
1143	1.5534846666666666
1144	1.4851726666666667
1145	1.4396323333333334
1146	1.4132796666666667
1147	1.401171333333333
1148	1.3994376666666666
1149	1.4069076666666667
1150	1.4199196666666667
1151	1.4271713333333333
1152	1.4216813333333334
1153	1.4142120000000002
1154	1.4212090000000002
1155	1.4531913333333333
1156	1.5088183333333332
1157	1.566892
1158	1.6079053333333333
1159	1.6355733333333333
1160	1.6620716666666666
1161	1.6948746666666668
1162	1.7357413333333334
1163	1.779359666666667
1164	1.82076
1165	1.8620960000000002
1166	1.9055689999999998
1167	1.9460040000000003
1168	1.9751723333333333
1169	1.9861076666666668
1170	1.9780226666666665
1171	1.9625623333333333
1172	1.952822
1173	1.9523586666666664
1174	1.955528
1175	1.9463583333333332
1176	1.9140416666666664
1177	1.8694696666666668
1178	1.8307196666666665
1179	1.8095886666666667
1180	1.8067746666666664
1181	1.8051293333333334
1182	1.787125
1183	1.7520723333333335
1184	1.7091569999999998
1185	1.6723909999999997
1186	1.6516653333333333
1187	1.6436486666666668
1188	1.641988
1189	1.6464533333333333
1190	1.6584073333333333
1191	1.675827
1192	1.6928320000000001
1193	1.6991856666666667
1194	1.6905476666666666
1195	1.6800566666666668
1196	1.6835223333333333
1197	1.705089
1198	1.7413493333333334
1199	1.7842943333333334
1200	1.8289356666666667
1201	1.880697
1202	1.9445769999999998
1203	2.0143786666666665
1204	2.082171333333333
1205	2.147616
1206	2.213208333333333
1207	2.2796693333333335
1208	2.34513
1209	2.404320333333333
1210	2.4545833333333333
1211	2.5024706666666665
1212	2.556847
1213	2.622170333333333
1214	2.697381666666667
1215	2.7735113333333334
1216	2.8402893333333337
1217	2.892125666666667
1218	2.926785333333333
1219	2.945410666666666
1220	2.9547993333333333
1221	2.9710583333333327
1222	3.0069006666666667
1223	3.0577946666666667
1224	3.111417666666666
1225	3.155521
1226	3.184265666666666
1227	3.205928
1228	3.234826
1229	3.284386
1230	3.3587046666666667
1231	3.4421649999999997
1232	3.5162173333333335
1233	3.575014666666667
1234	3.618762
1235	3.6482410000000005
1236	3.664514333333333
1237	3.6695279999999997
1238	3.6658529999999994
1239	3.656315333333333
1240	3.641332
1241	3.6161553333333334
1242	3.579546
1243	3.5429873333333335
1244	3.5176963333333333
1245	3.5014606666666666
1246	3.4877000000000002
1247	3.473431666666667
1248	3.4558446666666667
1249	3.428819333333333
1250	3.389718666666667
1251	3.347454
1252	3.313832666666667
1253	3.2954893333333333
1254	3.29426
1255	3.3065113333333334
1256	3.3267463333333334
1257	3.3503246666666664
1258	3.3738213333333333
1259	3.395518666666667
1260	3.4139446666666666
1261	3.4269423333333333
1262	3.434706666666667
1263	3.443406
1264	3.458709333333333
1265	3.4788406666666662
1266	3.4966329999999997
1267	3.5008286666666666
1268	3.48522
1269	3.458704
1270	3.4325963333333336
1271	3.408629
1272	3.383960333333333
1273	3.355827333333333
1274	3.325138333333333
1275	3.300486333333333
1276	3.2909409999999997
1277	3.299045333333333
1278	3.3243063333333334
1279	3.365919666666666
1280	3.4224753333333333
1281	3.490742333333333
1282	3.564172
1283	3.6307970000000003
1284	3.6808656666666666
1285	3.7151893333333335
1286	3.7390216666666665
1287	3.7572156666666667
1288	3.7735216666666664
1289	3.7902363333333335
1290	3.8099893333333332
1291	3.8372469999999996
1292	3.8743613333333333
1293	3.9171216666666666
1294	3.960945
1295	4.006812666666667
1296	4.056202666666667
1297	4.105757
1298	4.149011333333333
1299	4.1780170000000005
1300	4.189357
1301	4.191064666666667
1302	4.192132333333333
1303	4.192489666666667
1304	4.189164
1305	4.182823333333333
1306	4.181891333333334
1307	4.207151666666666
1308	4.270655666666666
1309	4.352171
1310	4.421485333333333
1311	4.459242333333333
1312	4.463125666666667
1313	4.45678
1314	4.461713
1315	4.469642
1316	4.4630806666666665
1317	4.434809666666667
1318	4.389269666666666
1319	4.345288666666667
1320	4.318332333333333
1321	4.302677
1322	4.287172666666667
1323	4.270044333333334
1324	4.256159666666666
1325	4.254409666666667
1326	4.266896
1327	4.277364333333334
1328	4.2705850000000005
1329	4.252305
1330	4.237776
1331	4.241126
1332	4.263313666666667
1333	4.278320333333333
1334	4.262973
1335	4.227580666666666
1336	4.19656
1337	4.191136666666667
1338	4.218226666666666
1339	4.256950333333333
1340	4.282198666666666
1341	4.286461666666667
1342	4.2713280000000005
1343	4.240788666666666
1344	4.199428666666667
1345	4.1520513333333335
1346	4.104638333333333
1347	4.0653120000000005
1348	4.0392046666666666
1349	4.022103333333333
1350	4.004640666666667
1351	3.9759853333333335
1352	3.9344303333333333
1353	3.899529333333333
1354	3.8900136666666665
1355	3.900981333333333
1356	3.9141186666666665
1357	3.905943
1358	3.864568
1359	3.808621333333333
1360	3.7639256666666663
1361	3.742082
1362	3.7436266666666667
1363	3.758741333333333
1364	3.7726789999999997
1365	3.7692913333333333
1366	3.73798
1367	3.6823793333333334
1368	3.613701333333333
1369	3.546543
1370	3.4944409999999997
1371	3.465069333333333
1372	3.457818666666666
1373	3.458923333333334
1374	3.4525976666666667
1375	3.431490666666667
1376	3.3951029999999998
1377	3.3497056666666665
1378	3.301924333333333
1379	3.2528626666666667
1380	3.2003729999999995
1381	3.1405486666666667
1382	3.069407
1383	2.9854233333333333
1384	2.897368
1385	2.8341346666666665
1386	2.8201403333333332
1387	2.8488409999999997
1388	2.8974276666666667
1389	2.9380243333333333
1390	2.9519893333333336
1391	2.945333333333333
1392	2.9309493333333334
1393	2.913171
1394	2.892220333333333
1395	2.8687076666666664
1396	2.8453603333333333
1397	2.828390333333333
1398	2.821327
1399	2.8184693333333333
1400	2.8145756666666664
1401	2.8150066666666667
1402	2.8307339999999996
1403	2.872732666666667
1404	2.9354869999999997
1405	2.9774573333333336
1406	2.9602199999999996
1407	2.8894130000000002
1408	2.795425333333333
1409	2.7186656666666664
1410	2.6835986666666662
1411	2.6707446666666668
1412	2.6515746666666664
1413	2.620741666666666
1414	2.585649666666666
1415	2.557757
1416	2.5458456666666667
1417	2.549766
1418	2.5657586666666665
1419	2.590549333333333
1420	2.6210316666666666
1421	2.6535733333333336
1422	2.6848906666666665
1423	2.7137213333333334
1424	2.744496
1425	2.7919446666666667
1426	2.866712333333333
1427	2.9593706666666666
1428	3.050189
1429	3.1176436666666665
1430	3.154853
1431	3.188552
1432	3.2468106666666663
1433	3.327033666666667
1434	3.4116429999999998
1435	3.481497666666667
1436	3.5281043333333333
1437	3.567119666666667
1438	3.618252
1439	3.686212333333333
1440	3.7653676666666667
1441	3.841882333333333
1442	3.898566666666667
1443	3.919217
1444	3.900668
1445	3.86833
1446	3.852786666666667
1447	3.8674346666666666
1448	3.9106613333333335
1449	3.9642373333333327
1450	4.004441666666667
1451	4.0117183333333335
1452	3.980742333333333
1453	3.934506
1454	3.905135
1455	3.9159993333333336
1456	3.9683366666666666
1457	4.023161333333333
1458	4.038894
1459	4.007945333333333
1460	3.9416320000000002
1461	3.8595523333333333
1462	3.7817000000000003
1463	3.721914
1464	3.685057666666667
1465	3.661426666666667
1466	3.636733
1467	3.6004946666666666
1468	3.547642666666667
1469	3.4817766666666667
1470	3.4135150000000003
1471	3.3604543333333337
1472	3.3336793333333334
1473	3.3223853333333335
1474	3.3067750000000005
1475	3.269405
1476	3.2050293333333335
1477	3.1324666666666663
1478	3.071485666666667
1479	3.0204483333333334
1480	2.969899
1481	2.915162666666667
1482	2.858604333333333
1483	2.8120576666666666
1484	2.7827326666666665
1485	2.7584123333333332
1486	2.7237443333333333
1487	2.6762249999999996
1488	2.62223
1489	2.574135
1490	2.538866
1491	2.505603
1492	2.459273666666667
1493	2.3930776666666667
1494	2.3069493333333333
1495	2.2074870000000004
1496	2.104329
1497	2.007993
1498	1.9284700000000001
1499	1.8733663333333335
1500	1.8452553333333332
1501	1.836856
1502	1.8345189999999998
1503	1.820412666666667
1504	1.7844219999999997
1505	1.7375600000000002
1506	1.6942683333333335
1507	1.6556216666666668
1508	1.6157456666666667
1509	1.5676816666666669
1510	1.5108606666666666
1511	1.4595040000000001
1512	1.429731
1513	1.42696
1514	1.4490683333333334
1515	1.487413
1516	1.529673
1517	1.5615723333333333
1518	1.5749713333333335
1519	1.5776886666666667
1520	1.5830076666666666
1521	1.6007216666666668
1522	1.6361903333333334
1523	1.6880706666666667
1524	1.7481296666666668
1525	1.799188
1526	1.8276123333333334
1527	1.8369513333333334
1528	1.839896
1529	1.852181
1530	1.8834236666666664
1531	1.9266893333333335
1532	1.9680433333333334
1533	1.9942816666666667
1534	1.9977416666666665
1535	1.982574
1536	1.9605013333333332
1537	1.9485343333333334
1538	1.958642
1539	1.9862913333333334
1540	2.0204066666666667
1541	2.051548
1542	2.0741066666666668
1543	2.0891383333333335
1544	2.1015949999999997
1545	2.1192516666666665
1546	2.151616333333333
1547	2.2090946666666667
1548	2.296508666666667
1549	2.4041313333333334
1550	2.511567
1551	2.5900246666666664
1552	2.6246066666666663
1553	2.6398930000000003
1554	2.6696489999999997
1555	2.728511333333333
1556	2.8147036666666665
1557	2.909331666666667
1558	2.9897726666666666
1559	3.041634333333333
1560	3.0629166666666663
1561	3.071566333333333
1562	3.0915679999999996
1563	3.1406829999999997
1564	3.2254416666666663
1565	3.3329859999999996
1566	3.441797333333333
1567	3.5299840000000002
1568	3.5849076666666666
1569	3.6157153333333336
1570	3.645214333333333
1571	3.704358666666667
1572	3.8086583333333337
1573	3.9313383333333336
1574	4.037019666666667
1575	4.113194666666666
1576	4.162531666666666
1577	4.1980423333333325
1578	4.234151
1579	4.2787619999999995
1580	4.330057333333333
1581	4.370962333333334
1582	4.384133666666666
1583	4.367194666666667
1584	4.330320333333334
1585	4.296262666666666
1586	4.282722
1587	4.283974333333333
1588	4.286095666666667
1589	4.2799510000000005
1590	4.260166666666667
1591	4.2247856666666666
1592	4.178166333333333
1593	4.135655333333333
1594	4.110591666666667
1595	4.100522
1596	4.094508666666666
1597	4.078413
1598	4.040926666666667
1599	3.9809126666666668
1600	3.91052
1601	3.8609386666666663
1602	3.8550316666666666
1603	3.8774456666666666
1604	3.8960406666666665
1605	3.8805163333333335
1606	3.820177666666667
1607	3.7451323333333333
1608	3.690714
1609	3.6636066666666665
1610	3.654247333333333
1611	3.6459129999999997
1612	3.6228040000000004
1613	3.5775796666666664
1614	3.5130666666666666
1615	3.446769666666666
1616	3.397528
1617	3.3728706666666666
1618	3.373187333333333
1619	3.393499666666666
1620	3.4226506666666667
1621	3.4407549999999993
1622	3.433509
1623	3.4081923333333335
1624	3.380593333333333
1625	3.363491333333333
1626	3.359499333333334
1627	3.3523783333333332
1628	3.32547
1629	3.2801036666666668
1630	3.228351
1631	3.188166333333333
1632	3.1754453333333332
1633	3.1952113333333334
1634	3.238818
1635	3.2781923333333336
1636	3.290951666666667
1637	3.2866276666666665
1638	3.285935333333333
1639	3.302254
1640	3.338673
1641	3.3837460000000004
1642	3.425215
1643	3.462844666666667
1644	3.5013366666666665
1645	3.5442169999999997
1646	3.5938826666666666
1647	3.6518086666666667
1648	3.71821
1649	3.7905546666666665
1650	3.860939666666667
1651	3.9125716666666666
1652	3.933766
1653	3.934183333333334
1654	3.9367786666666666
1655	3.971676
1656	4.052819333333333
1657	4.151477666666667
1658	4.232862
1659	4.290953333333333
1660	4.333739666666666
1661	4.37037
1662	4.403393
1663	4.421385
1664	4.415137
1665	4.394218666666666
1666	4.373204333333334
1667	4.35871
1668	4.351435666666666
1669	4.347772000000001
1670	4.347213666666666
1671	4.359266666666667
1672	4.3887730000000005
1673	4.419486666666667
1674	4.427035666666666
1675	4.3911723333333335
1676	4.306595333333333
1677	4.197134
1678	4.091502
1679	4.000877
1680	3.9260553333333332
1681	3.8628096666666667
1682	3.8080869999999996
1683	3.7648336666666666
1684	3.7327763333333333
1685	3.6985913333333333
1686	3.6491176666666667
1687	3.584761
1688	3.510151333333333
1689	3.425755333333333
1690	3.330965
1691	3.2277389999999997
1692	3.1203853333333336
1693	3.015865333333333
1694	2.921751333333333
1695	2.8442296666666667
1696	2.7864026666666666
1697	2.7452803333333335
1698	2.713121666666667
1699	2.6774573333333334
1700	2.6280996666666665
1701	2.5647713333333333
1702	2.492634
1703	2.4195933333333333
1704	2.3549466666666663
1705	2.308119
1706	2.281277
1707	2.260418
1708	2.232682
1709	2.2035053333333336
1710	2.1822413333333333
1711	2.1684666666666668
1712	2.1584246666666664
1713	2.150826
1714	2.142187333333333
1715	2.1215493333333333
1716	2.080857
1717	2.0266056666666667
1718	1.9719636666666667
1719	1.9303486666666667
1720	1.9106403333333333
1721	1.9112433333333332
1722	1.9237956666666665
1723	1.9346926666666668
1724	1.9308379999999998
1725	1.905873
1726	1.8629273333333334
1727	1.8194849999999998
1728	1.7904390000000001
1729	1.7712643333333333
1730	1.753996
1731	1.7423509999999998
1732	1.742607
1733	1.7542609999999998
1734	1.7732943333333333
1735	1.7951076666666665
1736	1.816885
1737	1.8396463333333335
1738	1.8617763333333333
1739	1.8720629999999998
1740	1.8587983333333336
1741	1.819614333333333
1742	1.7617136666666666
1743	1.7043723333333334
1744	1.6666266666666665
1745	1.6548773333333333
1746	1.6660940000000002
1747	1.6885986666666666
1748	1.710754
1749	1.7287663333333334
1750	1.7413846666666666
1751	1.7449919999999999
1752	1.7342873333333333
1753	1.7036993333333335
1754	1.6546723333333335
1755	1.6047216666666668
1756	1.5735219999999999
1757	1.5689289999999998
1758	1.587356
1759	1.6117360000000003
1760	1.626898
1761	1.6347366666666665
1762	1.6435316666666666
1763	1.6585379999999998
1764	1.6807463333333335
1765	1.7050803333333333
1766	1.7243293333333332
1767	1.7326240000000002
1768	1.729201
1769	1.7233676666666666
1770	1.7262856666666666
1771	1.7431603333333332
1772	1.7740043333333333
1773	1.8131926666666667
1774	1.8543276666666666
1775	1.893961
1776	1.9265143333333332
1777	1.9392646666666669
1778	1.9252893333333334
1779	1.8981536666666665
1780	1.876075333333333
1781	1.866858
1782	1.8695560000000002
1783	1.8745279999999998
1784	1.8723563333333333
1785	1.8625280000000002
1786	1.8511176666666667
1787	1.8498216666666665
1788	1.867931
1789	1.903525
1790	1.9467683333333332
