610	1.8102833333333332
611	1.8182969999999998
612	1.8153786666666667
613	1.8108416666666667
614	1.811011333333333
615	1.8136010000000002
616	1.8132713333333332
617	1.80619
618	1.7893773333333332
619	1.7603103333333332
620	1.7196623333333332
621	1.675347
622	1.6382816666666666
623	1.618417
624	1.6185556666666665
625	1.6262646666666667
626	1.6251693333333335
627	1.6055596666666667
628	1.5673626666666667
629	1.525529
630	1.499093666666667
631	1.5008903333333334
632	1.531247
633	1.5692323333333333
634	1.5953616666666666
635	1.6137803333333334
636	1.6342413333333332
637	1.6552676666666666
638	1.6724253333333332
639	1.6866610000000002
640	1.7000303333333333
641	1.7113660000000004
642	1.7200886666666664
643	1.7303673333333331
644	1.7471473333333336
645	1.7721613333333335
646	1.805156666666667
647	1.8444686666666668
648	1.8866046666666667
649	1.9246569999999998
650	1.9481016666666668
651	1.9427989999999997
652	1.9053253333333333
653	1.8595586666666666
654	1.8295110000000003
655	1.8125373333333334
656	1.7978413333333334
657	1.7838573333333334
658	1.7760983333333333
659	1.7855506666666667
660	1.8214890000000004
661	1.8836873333333335
662	1.9633603333333334
663	2.042117
664	2.1044940000000003
665	2.151025
666	2.189199
667	2.2260756666666666
668	2.265188
669	2.3033516666666665
670	2.336885666666667
671	2.367334
672	2.3969023333333332
673	2.424271666666667
674	2.450470666666667
675	2.485375
676	2.5386716666666667
677	2.6097659999999996
678	2.6877193333333333
679	2.7492253333333334
680	2.776230333333333
681	2.774825
682	2.761120666666667
683	2.7492519999999994
684	2.7449769999999996
685	2.738230666666667
686	2.717194333333333
687	2.6819076666666666
688	2.6404306666666666
689	2.606504
690	2.5912813333333333
691	2.594528333333333
692	2.608677
693	2.6205926666666666
694	2.6159356666666667
695	2.5831526666666664
696	2.5174416666666666
697	2.4271336666666663
698	2.3276093333333328
699	2.2371733333333332
700	2.1689223333333336
701	2.121447
702	2.0873013333333335
703	2.059733
704	2.035382
705	2.0171006666666664
706	2.0080906666666665
707	2.0061663333333333
708	2.0062543333333336
709	2.00238
710	1.990142
711	1.9697296666666666
712	1.945701
713	1.9279416666666664
714	1.9258283333333335
715	1.94225
716	1.9758943333333332
717	2.0221906666666665
718	2.074934333333333
719	2.12683
720	2.1696176666666664
721	2.1941479999999998
722	2.194688
723	2.1747046666666665
724	2.1437756666666665
725	2.1160513333333335
726	2.1025316666666667
727	2.1025669999999996
728	2.1095313333333334
729	2.1149656666666665
730	2.113281333333333
731	2.1066463333333334
732	2.098854
733	2.0899123333333334
734	2.0792903333333332
735	2.0696073333333334
736	2.0662873333333334
737	2.077551666666667
738	2.1091146666666667
739	2.157914
740	2.2151473333333334
741	2.268205
742	2.3094256666666664
743	2.3456746666666666
744	2.3860300000000003
745	2.429856
746	2.4700246666666668
747	2.495360333333333
748	2.499077666666667
749	2.4879309999999997
750	2.4718973333333336
751	2.4548686666666666
752	2.437895
753	2.4221153333333336
754	2.4086646666666662
755	2.3978756666666667
756	2.3873343333333334
757	2.369254333333333
758	2.3359910000000004
759	2.2859726666666664
760	2.2235923333333334
761	2.1601386666666667
762	2.1032723333333334
763	2.046073666666667
764	1.9796980000000002
765	1.9061340000000002
766	1.8358963333333336
767	1.7868483333333334
768	1.7709430000000004
769	1.7799890000000003
770	1.8015343333333336
771	1.8334883333333334
772	1.8782873333333336
773	1.9369826666666665
774	2.0052770000000004
775	2.0688586666666664
776	2.1140653333333335
777	2.138924
778	2.1485353333333332
779	2.1524126666666668
780	2.1608806666666664
781	2.182234333333333
782	2.2222163333333333
783	2.2821856666666664
784	2.357396666666667
785	2.4328959999999995
786	2.4894753333333335
787	2.5092479999999995
788	2.4859576666666667
789	2.438703333333333
790	2.3948590000000003
791	2.3744516666666664
792	2.3809603333333333
793	2.3887376666666666
794	2.369893
795	2.320436
796	2.2514056666666664
797	2.183143
798	2.1332299999999997
799	2.1047016666666662
800	2.093132
801	2.0914719999999996
802	2.0920993333333335
803	2.088245
804	2.0765016666666667
805	2.0608299999999997
806	2.0508523333333333
807	2.061134
808	2.0992569999999997
809	2.151654333333333
810	2.194985
811	2.2060976666666665
812	2.176892
813	2.1324816666666666
814	2.103938
815	2.1025173333333336
816	2.124246
817	2.1515380000000004
818	2.1674483333333336
819	2.16912
820	2.1611146666666667
821	2.150628333333333
822	2.144469
823	2.1463033333333335
824	2.1552629999999997
825	2.1634236666666666
826	2.1631466666666666
827	2.154646666666667
828	2.1438433333333333
829	2.1413610000000003
830	2.1553046666666664
831	2.183487
832	2.2186573333333333
833	2.252584666666667
834	2.2804729999999998
835	2.3057413333333336
836	2.3328836666666666
837	2.36084
838	2.3870193333333334
839	2.411293666666667
840	2.4352306666666665
841	2.4616146666666667
842	2.493583
843	2.534028666666667
844	2.5854603333333337
845	2.6493913333333334
846	2.7239313333333337
847	2.8004333333333333
848	2.869769333333333
849	2.9285413333333334
850	2.9770099999999995
851	3.017987
852	3.055027333333333
853	3.0912653333333338
854	3.129784666666666
855	3.174021
856	3.227033666666667
857	3.290193
858	3.3610003333333336
859	3.4295806666666664
860	3.483582
861	3.5123689999999996
862	3.5085476666666664
863	3.470524666666666
864	3.401029666666666
865	3.3074993333333333
866	3.20037
867	3.092334666666666
868	2.99345
869	2.9052913333333334
870	2.824047333333333
871	2.7418923333333334
872	2.6505663333333334
873	2.5446833333333334
874	2.422876
875	2.2908043333333334
876	2.1613083333333334
877	2.0561373333333335
878	1.9910963333333336
879	1.9593353333333332
880	1.9436716666666665
881	1.9266463333333332
882	1.899043
883	1.869741
884	1.851949
885	1.8507683333333333
886	1.8648593333333336
887	1.8869156666666664
888	1.9084996666666667
889	1.924372
890	1.9338303333333335
891	1.9433336666666667
892	1.961607
893	1.9950503333333334
894	2.043404
895	2.0934953333333333
896	2.127903
897	2.1328436666666666
898	2.1035383333333337
899	2.0523653333333334
900	2.0003776666666666
901	1.9705183333333334
902	1.973155666666667
903	1.989119
904	1.9959256666666667
905	1.9925986666666669
906	1.9862773333333335
907	1.9801566666666668
908	1.975314
909	1.9728773333333336
910	1.9729610000000002
911	1.9730840000000003
912	1.9708396666666668
913	1.9668510000000001
914	1.9648956666666668
915	1.9722300000000001
916	1.9912516666666669
917	2.0105530000000003
918	2.020325
919	2.0276273333333332
920	2.039892
921	2.0488983333333333
922	2.0476393333333336
923	2.047458333333333
924	2.0588590000000004
925	2.0719279999999998
926	2.074026
927	2.0672076666666666
928	2.0575656666666666
929	2.0451303333333333
930	2.0289246666666667
931	2.012384
932	1.9997003333333336
933	1.9921036666666667
934	1.989655333333333
935	1.9928563333333333
936	2.002223
937	2.0171263333333336
938	2.032125333333333
939	2.0325966666666666
940	2.0079140000000004
941	1.9655703333333334
942	1.917489
943	1.8677556666666666
944	1.819087333333333
945	1.7792646666666665
946	1.7541819999999997
947	1.7402406666666668
948	1.733871
949	1.7409870000000003
950	1.7689536666666665
951	1.817861
952	1.8795460000000002
953	1.9348166666666664
954	1.9653783333333337
955	1.9661950000000001
956	1.9422996666666665
957	1.9081953333333335
958	1.8783056666666667
959	1.8579963333333334
960	1.8475796666666666
961	1.8450156666666668
962	1.8482086666666668
963	1.8565266666666667
964	1.868441666666667
965	1.8790263333333335
966	1.8841493333333332
967	1.8849316666666667
968	1.8838966666666666
969	1.881103666666667
970	1.8728879999999999
971	1.850444
972	1.8097096666666668
973	1.762536
974	1.725161
975	1.7076446666666665
976	1.7140586666666664
977	1.7415553333333333
978	1.7856396666666667
979	1.8441010000000002
980	1.912952
981	1.9819966666666669
982	2.042997
983	2.098677
984	2.1560173333333337
985	2.2202253333333335
986	2.291209333333333
987	2.359515333333333
988	2.4175436666666665
989	2.4714046666666665
990	2.5337393333333336
991	2.6176090000000003
992	2.729543333333334
993	2.861117
994	2.998617666666667
995	3.1309536666666666
996	3.2500766666666667
997	3.3520109999999996
998	3.436924666666667
999	3.5109100000000004
1000	3.582541333333334
1001	3.659931666666666
1002	3.7462203333333335
1003	3.834035
1004	3.9153353333333336
1005	3.9907616666666668
1006	4.063244
1007	4.131408333333334
1008	4.188323666666667
1009	4.2197863333333325
1010	4.216783333333334
1011	4.189331
1012	4.1536729999999995
1013	4.120967666666667
1014	4.09666
1015	4.079071333333333
1016	4.065545
1017	4.057725333333333
1018	4.058121
1019	4.066710666666667
1020	4.083119999999999
1021	4.108770333333333
1022	4.144701333333334
1023	4.189109666666667
1024	4.239106333333334
1025	4.292778
1026	4.353298333333334
1027	4.434242666666667
1028	4.549834333333333
1029	4.704807000000001
1030	4.894536666666667
1031	5.103118
1032	5.316341666666667
1033	5.534698333333333
1034	5.764827
1035	6.012249
1036	6.2786246666666665
1037	6.558483333333333
1038	6.843517666666667
1039	7.125673999999999
1040	7.396565666666667
1041	7.646958
1042	7.871462666666666
1043	8.074450666666667
1044	8.262481666666666
1045	8.437068
1046	8.593962333333334
1047	8.721651333333334
1048	8.811335333333332
1049	8.867551666666667
1050	8.900067666666667
1051	8.916851666666666
1052	8.921192999999999
1053	8.908027
1054	8.869952333333334
1055	8.802437666666666
1056	8.703702666666667
1057	8.575482
1058	8.423221
1059	8.257611666666666
1060	8.089752
1061	7.926246333333333
1062	7.7686020000000005
1063	7.611526333333333
1064	7.450632000000001
1065	7.290389333333334
1066	7.1404863333333335
1067	7.012913999999999
1068	6.914073666666667
1069	6.835215
1070	6.760134000000001
1071	6.671120999999999
1072	6.556898
1073	6.421977999999999
1074	6.276847333333334
1075	6.129876333333333
1076	5.984912333333333
1077	5.838433666666667
1078	5.686587
1079	5.5321169999999995
1080	5.382166333333333
1081	5.2465269999999995
1082	5.130227333333333
1083	5.024832
1084	4.916815
1085	4.794649
1086	4.651540333333332
1087	4.4893383333333325
1088	4.315046
1089	4.139195999999999
1090	3.972242333333333
1091	3.8210056666666663
1092	3.6877499999999994
1093	3.56797
1094	3.4560906666666664
1095	3.3507653333333334
1096	3.254272
1097	3.172267666666667
1098	3.1071786666666665
1099	3.05079
1100	2.991401
1101	2.920793333333333
1102	2.839453
1103	2.763714
1104	2.7112826666666665
1105	2.6869476666666667
1106	2.685517666666667
1107	2.692276666666667
1108	2.6912230000000004
1109	2.6725820000000002
1110	2.6332940000000002
1111	2.579549
1112	2.521700666666667
1113	2.4705833333333334
1114	2.4330706666666666
1115	2.4067903333333334
1116	2.3861863333333333
1117	2.3676173333333335
1118	2.3498933333333336
1119	2.3352483333333334
1120	2.3275453333333336
1121	2.330764666666667
1122	2.34539
1123	2.363692333333333
1124	2.374440666666667
1125	2.3672950000000004
1126	2.3397483333333335
1127	2.3059293333333333
1128	2.282578
1129	2.2755086666666666
1130	2.2813136666666667
1131	2.2870956666666666
1132	2.2798933333333333
1133	2.2557436666666666
1134	2.2170336666666666
1135	2.171534
1136	2.1277316666666666
1137	2.0904403333333335
1138	2.05879
1139	2.0227690000000003
1140	1.971388
1141	1.9007893333333334
1142	1.8142686666666663
1143	1.7240323333333334
1144	1.642862
1145	1.5760266666666667
1146	1.5225186666666668
1147	1.4749446666666666
1148	1.4270833333333335
1149	1.3816236666666666
1150	1.3465843333333334
1151	1.3326569999999998
1152	1.3460443333333336
1153	1.3801196666666669
1154	1.4223903333333334
1155	1.4598033333333333
1156	1.4821983333333335
1157	1.4867416666666666
1158	1.4784153333333332
1159	1.4729693333333331
1160	1.4870826666666668
1161	1.5280683333333336
1162	1.5895483333333333
1163	1.6442809999999999
1164	1.6682770000000002
1165	1.665733666666667
1166	1.6542053333333333
1167	1.6523633333333334
1168	1.6693509999999998
1169	1.6929036666666668
1170	1.7063143333333333
1171	1.7041336666666667
1172	1.689042333333333
1173	1.6705009999999998
1174	1.6602199999999998
1175	1.6684919999999999
1176	1.699763
1177	1.746218
1178	1.7935863333333333
1179	1.825205
1180	1.8293293333333334
1181	1.8080083333333332
1182	1.772575
1183	1.741506
1184	1.7289543333333333
1185	1.732571
1186	1.7439536666666666
1187	1.757426
1188	1.7706756666666668
1189	1.7852926666666666
1190	1.8017060000000003
1191	1.8141786666666666
1192	1.8166323333333334
1193	1.8083219999999998
1194	1.7893416666666666
1195	1.7566043333333332
1196	1.7095803333333333
1197	1.6573936666666667
1198	1.6142066666666668
1199	1.5951339999999996
1200	1.6070436666666668
1201	1.6374239999999998
1202	1.6698586666666668
1203	1.6982783333333331
1204	1.7229553333333336
1205	1.7474309999999997
1206	1.773955
1207	1.7995606666666668
1208	1.8226246666666666
1209	1.8497523333333332
1210	1.888727
1211	1.9414323333333332
1212	2.0058733333333336
1213	2.077321
1214	2.150767
1215	2.2227843333333333
1216	2.2897903333333334
1217	2.3468096666666667
1218	2.3935353333333333
1219	2.441561333333333
1220	2.502647666666667
1221	2.5765580000000003
1222	2.6545973333333333
1223	2.7223756666666667
1224	2.7759976666666666
1225	2.839476
1226	2.934003666666667
1227	3.0458596666666664
1228	3.145410333333333
1229	3.204092666666667
1230	3.211791
1231	3.1974473333333333
1232	3.1948746666666663
1233	3.210481
1234	3.2376826666666667
1235	3.269423666666667
1236	3.304508
1237	3.3530733333333336
1238	3.4195466666666663
1239	3.4846126666666666
1240	3.526504666666667
1241	3.5425373333333336
1242	3.5424856666666664
1243	3.5438220000000005
1244	3.5563339999999997
1245	3.566431
1246	3.560804333333333
1247	3.5502533333333335
1248	3.553807
1249	3.5833570000000003
1250	3.637851333333333
1251	3.695372666666667
1252	3.7343786666666663
1253	3.754740333333334
1254	3.7665283333333335
1255	3.7809643333333334
1256	3.8055016666666663
1257	3.838699333333333
1258	3.874514
1259	3.9048336666666663
1260	3.9202263333333334
1261	3.9112523333333336
1262	3.880031333333333
1263	3.854258
1264	3.859264333333333
1265	3.888959
1266	3.92134
1267	3.9311599999999998
1268	3.9045019999999995
1269	3.8551363333333333
1270	3.8042066666666665
1271	3.7624266666666664
1272	3.734384
1273	3.7218393333333335
1274	3.723339333333333
1275	3.732075666666667
1276	3.7397359999999993
1277	3.7402610000000003
1278	3.733095666666667
1279	3.7280673333333327
1280	3.738569666666667
1281	3.774945
1282	3.8366053333333334
1283	3.9016900000000003
1284	3.947048666666667
1285	3.9678250000000004
1286	3.9696200000000004
1287	3.9633013333333333
1288	3.9615193333333334
1289	3.9763296666666665
1290	4.0149626666666665
1291	4.073588333333333
1292	4.1405520000000005
1293	4.197837
1294	4.233980333333333
1295	4.258157333333333
1296	4.283819666666667
1297	4.313393
1298	4.342774666666666
1299	4.36524
1300	4.378214000000001
1301	4.390534333333333
1302	4.413290333333333
1303	4.451270666666667
1304	4.505569666666666
1305	4.574892666666666
1306	4.652682
1307	4.722663666666667
1308	4.77014
1309	4.794161333333333
1310	4.802850666666666
1311	4.810594999999999
1312	4.826889666666666
1313	4.844574
1314	4.852181666666666
1315	4.845366666666667
1316	4.825685999999999
1317	4.800389
1318	4.777036333333334
1319	4.758712333333333
1320	4.746404666666667
1321	4.740586666666666
1322	4.738925
1323	4.732820333333334
1324	4.711710666666667
1325	4.668527333333333
1326	4.6118076666666665
1327	4.580659333333333
1328	4.6073216666666665
1329	4.677077
1330	4.751743
1331	4.789290333333334
1332	4.770103333333334
1333	4.727062
1334	4.702025
1335	4.705138
1336	4.728721999999999
1337	4.758055333333333
1338	4.780250666666666
1339	4.7917733333333326
1340	4.792388
1341	4.780380666666667
1342	4.755696666666667
1343	4.724370666666666
1344	4.696014
1345	4.681078333333334
1346	4.679313333333333
1347	4.666028666666667
1348	4.616680000000001
1349	4.532543
1350	4.433821666666667
1351	4.356265333333333
1352	4.325469
1353	4.329492666666667
1354	4.343966333333333
1355	4.353872
1356	4.352202666666666
1357	4.339622666666667
1358	4.320888
1359	4.303083666666667
1360	4.291433333333334
1361	4.284750666666667
1362	4.278519
1363	4.267127
1364	4.246732333333334
1365	4.218674333333333
1366	4.188531666666667
1367	4.166260666666667
1368	4.160287333333333
1369	4.170924
1370	4.191989
1371	4.210650333333334
1372	4.214554333333333
1373	4.198909333333333
1374	4.164349333333333
1375	4.116549
1376	4.064142333333333
1377	4.017498
1378	3.9826593333333333
1379	3.954301
1380	3.9250133333333332
1381	3.8940523333333332
1382	3.8649826666666662
1383	3.843568666666666
1384	3.831028333333333
1385	3.8167953333333333
1386	3.7911456666666665
1387	3.7582969999999998
1388	3.7291146666666664
1389	3.714854
1390	3.720924666666666
1391	3.739711
1392	3.761126333333333
1393	3.7821759999999998
1394	3.8027823333333335
1395	3.8218136666666664
1396	3.8363709999999998
1397	3.8415326666666667
1398	3.8366526666666667
1399	3.8326390000000004
1400	3.84145
1401	3.865475666666667
1402	3.8997113333333333
1403	3.932638666666667
1404	3.956041333333333
1405	3.975066
1406	3.9975046666666665
1407	4.023588
1408	4.048980666666667
1409	4.067072
1410	4.072045999999999
1411	4.061994666666666
1412	4.038275666666666
1413	4.0060286666666665
1414	3.9721839999999995
1415	3.9441849999999996
1416	3.9281566666666663
1417	3.926529
1418	3.9380703333333327
1419	3.956805666666666
1420	3.976322333333333
1421	3.993940333333333
1422	4.010313
1423	4.029638666666666
1424	4.054653999999999
1425	4.081489666666666
1426	4.104539333333333
1427	4.121118666666666
1428	4.1315463333333335
1429	4.140087333333333
1430	4.153478000000001
1431	4.1801726666666665
1432	4.226299666666667
1433	4.290806333333333
1434	4.368215333333334
1435	4.449875666666666
1436	4.526154333333333
1437	4.5884149999999995
1438	4.6325173333333325
1439	4.663743666666666
1440	4.690596333333333
1441	4.719546
1442	4.753489
1443	4.789498333333333
1444	4.822704999999999
1445	4.849694333333334
1446	4.870547666666666
1447	4.891837
1448	4.922683
1449	4.970636
1450	5.033179666666666
1451	5.087084
1452	5.109432
1453	5.099068666666666
1454	5.067610333333333
1455	5.033424000000001
1456	5.012802333333333
1457	5.0108413333333335
1458	5.021764666666667
1459	5.026085
1460	5.002988666666667
1461	4.9424936666666675
1462	4.846603
1463	4.733525666666667
1464	4.623685666666666
1465	4.526544
1466	4.441881
1467	4.358401666666667
1468	4.2607713333333335
1469	4.136282333333334
1470	3.9872923333333334
1471	3.846826333333333
1472	3.7473323333333335
1473	3.688875666666666
1474	3.653327666666667
1475	3.6145476666666667
1476	3.5514646666666665
1477	3.4617793333333338
1478	3.356229
1479	3.2565463333333335
1480	3.1828803333333333
1481	3.1407299999999996
1482	3.1217870000000003
1483	3.101655666666667
1484	3.060112333333333
1485	3.001944
1486	2.942059666666667
1487	2.8930130000000003
1488	2.862207333333333
1489	2.8479279999999996
1490	2.839207666666667
1491	2.8131983333333332
1492	2.7506573333333333
1493	2.6526296666666664
1494	2.531606666666667
1495	2.4058580000000003
1496	2.2923990000000005
1497	2.200091
1498	2.1298406666666665
1499	2.0724226666666667
1500	2.0166986666666666
1501	1.957131
1502	1.8942763333333335
1503	1.8363846666666668
1504	1.7901319999999998
1505	1.7513840000000003
1506	1.7130873333333334
1507	1.6727189999999998
1508	1.6313933333333335
1509	1.5937400000000002
1510	1.5659666666666665
1511	1.5543269999999998
1512	1.5614376666666667
1513	1.581535666666667
1514	1.6061096666666668
1515	1.6289003333333336
1516	1.6478176666666668
1517	1.6674633333333335
1518	1.6918410000000002
1519	1.7173613333333335
1520	1.739921666666667
1521	1.762190666666667
1522	1.790175
1523	1.8296603333333334
1524	1.8794016666666669
1525	1.9230646666666669
1526	1.9452180000000001
1527	1.947678666666667
1528	1.9405883333333334
1529	1.9351760000000002
1530	1.9388773333333336
1531	1.9504353333333335
1532	1.9679156666666666
1533	1.9959323333333334
1534	2.0380520000000004
1535	2.0879866666666667
1536	2.1326483333333335
1537	2.154771333333333
1538	2.148372666666667
1539	2.136321666666667
1540	2.142691666666667
1541	2.1651496666666668
1542	2.1880846666666667
1543	2.1943816666666667
1544	2.1816139999999997
1545	2.1801666666666666
1546	2.2199706666666668
1547	2.2967906666666664
1548	2.3891383333333334
1549	2.4715716666666663
1550	2.524756
1551	2.5459456666666664
1552	2.5408136666666667
1553	2.5183273333333336
1554	2.4889783333333333
1555	2.4644133333333333
1556	2.4561273333333333
1557	2.4732263333333333
1558	2.516237
1559	2.568954
1560	2.616928333333333
1561	2.6662826666666666
1562	2.7309013333333336
1563	2.8201516666666664
1564	2.930347
1565	3.0342073333333337
1566	3.1067190000000005
1567	3.151595
1568	3.18585
1569	3.2276013333333333
1570	3.2918716666666668
1571	3.3862013333333336
1572	3.5094146666666672
1573	3.6473833333333334
1574	3.782365666666667
1575	3.900982
1576	3.994792666666667
1577	4.062191666666666
1578	4.105691333333334
1579	4.130555
1580	4.139410333333334
1581	4.126909666666666
1582	4.088986
1583	4.033086666666667
1584	3.9743596666666665
1585	3.932782333333333
1586	3.9189713333333334
1587	3.917767333333333
1588	3.9070073333333335
1589	3.8744789999999996
1590	3.816649
1591	3.7392606666666666
1592	3.6525436666666664
1593	3.5684816666666666
1594	3.497772333333333
1595	3.446451
1596	3.4157256666666664
1597	3.4000066666666666
1598	3.3899453333333334
1599	3.374807333333333
1600	3.3507116666666668
1601	3.3304226666666668
1602	3.329062
1603	3.350157333333333
1604	3.388159
1605	3.429001
1606	3.4586456666666665
1607	3.4712169999999998
1608	3.466458
1609	3.448883
1610	3.4251336666666665
1611	3.4024976666666666
1612	3.3875046666666666
1613	3.3842506666666665
1614	3.3938536666666668
1615	3.4127326666666664
1616	3.4345413333333332
1617	3.4512686666666665
1618	3.4567266666666665
1619	3.450636333333333
1620	3.4365046666666665
1621	3.420313
1622	3.40498
1623	3.384382333333333
1624	3.3510889999999995
1625	3.3041810000000003
1626	3.2489876666666664
1627	3.1982386666666662
1628	3.1646286666666663
1629	3.1534276666666665
1630	3.1639726666666665
1631	3.1893423333333333
1632	3.219854
1633	3.245506
1634	3.259102
1635	3.260114666666666
1636	3.2508500000000002
1637	3.2340026666666666
1638	3.214777
1639	3.2038159999999998
1640	3.2103366666666666
1641	3.2343556666666666
1642	3.2690493333333333
1643	3.301661333333333
1644	3.3230613333333334
1645	3.338007
1646	3.3565726666666666
1647	3.3867486666666666
1648	3.431734
1649	3.486269
1650	3.5417966666666665
1651	3.5905513333333334
1652	3.6277456666666668
1653	3.6544740000000004
1654	3.6751716666666665
1655	3.696355666666667
1656	3.7253589999999996
1657	3.7690086666666667
1658	3.8289303333333335
1659	3.8950566666666666
1660	3.952783666666667
1661	3.989674
1662	4.004102333333333
1663	4.015807
1664	4.042866666666667
1665	4.078631
1666	4.108761
1667	4.126928
1668	4.133281
1669	4.133287666666667
1670	4.130257666666666
1671	4.118143666666667
1672	4.091096333333334
1673	4.053106
1674	4.01074
1675	3.966234
1676	3.9193843333333334
1677	3.869364666666667
1678	3.8171356666666663
1679	3.767826666666667
1680	3.725265
1681	3.685909
1682	3.6423369999999995
1683	3.586347
1684	3.515751333333333
1685	3.442302333333333
1686	3.378663
1687	3.325416333333333
1688	3.2757066666666663
1689	3.218952666666666
1690	3.151159
1691	3.085919333333334
1692	3.0366606666666662
1693	2.9989116666666664
1694	2.9622186666666663
1695	2.921145666666667
1696	2.875211666666666
1697	2.8292953333333335
1698	2.788141
1699	2.7512933333333334
1700	2.7170806666666665
1701	2.6864689999999998
1702	2.6620269999999997
1703	2.6466089999999998
1704	2.6388849999999997
1705	2.6282603333333334
1706	2.6061273333333332
1707	2.5774373333333336
1708	2.5499989999999997
1709	2.524283
1710	2.497293666666666
1711	2.466200333333333
1712	2.430483
1713	2.3938676666666665
1714	2.3573553333333335
1715	2.3121176666666665
1716	2.2514526666666663
1717	2.1835510000000005
1718	2.1216513333333333
1719	2.074725
1720	2.0437920000000003
1721	2.0169613333333336
1722	1.9829153333333334
1723	1.9444583333333334
1724	1.9115836666666668
1725	1.895589666666667
1726	1.9010553333333333
1727	1.9168876666666668
1728	1.9306853333333334
1729	1.9422836666666665
1730	1.9541326666666667
1731	1.9620163333333334
1732	1.9603193333333335
1733	1.9482196666666667
1734	1.9322466666666667
1735	1.9299849999999998
1736	1.9547350000000001
1737	1.9987656666666664
1738	2.0441953333333336
1739	2.071789
1740	2.0701776666666665
1741	2.0464676666666666
1742	2.0133853333333334
1743	1.9782256666666667
1744	1.9436839999999997
1745	1.9083366666666666
1746	1.8716926666666664
1747	1.8390616666666668
1748	1.8171896666666667
1749	1.8097120000000002
1750	1.8151253333333333
1751	1.8236626666666667
1752	1.8258816666666664
1753	1.821018
1754	1.811258333333333
1755	1.796704
1756	1.7769823333333332
1757	1.7535986666666667
1758	1.7322243333333334
1759	1.7255266666666667
1760	1.742969
1761	1.7791233333333336
1762	1.8192106666666668
1763	1.842735666666667
1764	1.8361443333333334
1765	1.807113
1766	1.772029
1767	1.7455280000000002
1768	1.7344413333333333
1769	1.7304743333333337
1770	1.722137
1771	1.7060559999999998
1772	1.688015
1773	1.685323
1774	1.7105633333333334
1775	1.7544303333333335
1776	1.800395
1777	1.8375766666666669
1778	1.8596899999999998
1779	1.8647956666666667
1780	1.8550846666666667
1781	1.8386046666666667
1782	1.8256990000000002
1783	1.8259333333333334
1784	1.8436673333333333
1785	1.8719849999999996
1786	1.8986486666666667
1787	1.9108613333333333
1788	1.901842
1789	1.879117
1790	1.85694
