610	1.7389086666666664
611	1.6926683333333334
612	1.6395080000000002
613	1.5854256666666668
614	1.535458
615	1.4895196666666668
616	1.4458529999999998
617	1.4045196666666666
618	1.3704503333333333
619	1.3570983333333335
620	1.3749376666666666
621	1.4187013333333334
622	1.4744993333333332
623	1.5249826666666668
624	1.5578020000000001
625	1.5749980000000001
626	1.5851146666666664
627	1.597225
628	1.6180530000000002
629	1.6489110000000002
630	1.688139
631	1.7324510000000002
632	1.7784566666666666
633	1.8237396666666668
634	1.8658116666666666
635	1.9009150000000001
636	1.9245543333333333
637	1.9320140000000001
638	1.9201596666666667
639	1.890007
640	1.8463483333333333
641	1.798796
642	1.7591113333333335
643	1.738986
644	1.7456256666666667
645	1.7754306666666666
646	1.8164056666666668
647	1.84848
648	1.8562273333333335
649	1.8427183333333335
650	1.8192746666666668
651	1.7970786666666667
652	1.7810293333333334
653	1.763229666666667
654	1.7372556666666668
655	1.712906
656	1.7073136666666668
657	1.7366746666666668
658	1.806122666666667
659	1.897053
660	1.9854499999999997
661	2.058437666666667
662	2.1110773333333333
663	2.144594666666667
664	2.1614353333333334
665	2.1620616666666668
666	2.1505983333333334
667	2.141529666666667
668	2.1491836666666666
669	2.176524666666667
670	2.217658333333333
671	2.258712
672	2.290731
673	2.3228419999999996
674	2.3652603333333335
675	2.4122076666666667
676	2.4498883333333334
677	2.463887
678	2.4498343333333334
679	2.425921
680	2.4126853333333336
681	2.413599333333333
682	2.4233823333333335
683	2.4345873333333334
684	2.440690666666667
685	2.438813666666667
686	2.429713
687	2.4186426666666665
688	2.4093803333333335
689	2.398416
690	2.3825516666666666
691	2.366698333333333
692	2.3579106666666667
693	2.3596236666666663
694	2.372004
695	2.391372666666667
696	2.410741
697	2.4194436666666665
698	2.409293
699	2.3817779999999997
700	2.344972333333333
701	2.311726333333333
702	2.2893836666666667
703	2.268909
704	2.240792
705	2.210757666666667
706	2.1891836666666666
707	2.1808316666666663
708	2.1838586666666666
709	2.1878213333333334
710	2.1825463333333333
711	2.166927
712	2.145131333333333
713	2.124035
714	2.109328666666667
715	2.1019856666666668
716	2.1029109999999998
717	2.1171093333333335
718	2.147047
719	2.184792
720	2.217813666666667
721	2.234128333333333
722	2.2282736666666665
723	2.20895
724	2.189733
725	2.181080666666667
726	2.187494
727	2.2037086666666665
728	2.2236783333333334
729	2.2489926666666666
730	2.284148666666667
731	2.3317543333333335
732	2.3887743333333336
733	2.4415180000000003
734	2.4745299999999997
735	2.4798459999999998
736	2.4614269999999996
737	2.4427813333333335
738	2.4505766666666666
739	2.498871666666667
740	2.588086
741	2.700839
742	2.818483333333333
743	2.9361770000000007
744	3.0532726666666665
745	3.1642053333333338
746	3.2599806666666664
747	3.3298063333333334
748	3.366481666666666
749	3.3727526666666665
750	3.3550883333333332
751	3.3190350000000004
752	3.2713613333333327
753	3.22309
754	3.1858029999999995
755	3.1669416666666668
756	3.163216
757	3.150993
758	3.1030956666666665
759	3.005417666666667
760	2.859970333333333
761	2.6920436666666667
762	2.531021
763	2.3928849999999997
764	2.282750333333333
765	2.195051
766	2.123024
767	2.0666613333333332
768	2.026863666666667
769	1.9999586666666669
770	1.9844483333333334
771	1.9885609999999998
772	2.0215933333333336
773	2.084373333333333
774	2.1663306666666666
775	2.240409333333333
776	2.284068
777	2.3016686666666666
778	2.3111509999999997
779	2.3333923333333333
780	2.3791640000000003
781	2.4343973333333335
782	2.4781523333333335
783	2.499022666666667
784	2.496995666666667
785	2.4874813333333337
786	2.4874310000000004
787	2.5024576666666665
788	2.531899333333334
789	2.5717113333333335
790	2.6118140000000003
791	2.631202
792	2.609772333333334
793	2.5416783333333335
794	2.4379563333333336
795	2.3334096666666664
796	2.2625453333333336
797	2.2353236666666665
798	2.2441370000000003
799	2.266683
800	2.283512
801	2.2948503333333337
802	2.307199333333333
803	2.3212673333333336
804	2.3331073333333334
805	2.335278666666667
806	2.323663333333333
807	2.3048616666666666
808	2.28812
809	2.2781433333333334
810	2.277993
811	2.291754
812	2.3221610000000004
813	2.3671026666666664
814	2.4196573333333333
815	2.4668113333333332
816	2.495783
817	2.500928
818	2.485444
819	2.465462333333333
820	2.458101333333334
821	2.4698876666666667
822	2.4993776666666667
823	2.537587333333333
824	2.5729233333333332
825	2.5951059999999995
826	2.5989626666666665
827	2.589704333333333
828	2.5768283333333333
829	2.569009333333333
830	2.5692736666666667
831	2.5691386666666665
832	2.5589446666666666
833	2.537935
834	2.5115133333333337
835	2.4895793333333334
836	2.4797456666666666
837	2.4800693333333332
838	2.483276333333333
839	2.4797516666666666
840	2.4631186666666665
841	2.4365156666666667
842	2.4076613333333334
843	2.385307
844	2.377047333333333
845	2.386688
846	2.412279333333333
847	2.4422766666666664
848	2.462793333333333
849	2.4644983333333332
850	2.445531
851	2.416277
852	2.3892749999999996
853	2.3702136666666664
854	2.3615536666666666
855	2.365453333333333
856	2.382628
857	2.4100763333333335
858	2.441663666666667
859	2.467953666666667
860	2.4809496666666666
861	2.4793606666666665
862	2.4660249999999997
863	2.4468163333333335
864	2.429458333333333
865	2.42265
866	2.4295316666666666
867	2.439675666666667
868	2.4399723333333334
869	2.4250083333333334
870	2.3961966666666665
871	2.3623993333333333
872	2.33346
873	2.314277
874	2.305242
875	2.301427666666666
876	2.2958936666666667
877	2.282637333333333
878	2.2613706666666666
879	2.2436336666666667
880	2.242376666666667
881	2.2613366666666668
882	2.294205
883	2.3214816666666667
884	2.323908
885	2.2962883333333335
886	2.246118333333333
887	2.1949046666666665
888	2.1600206666666666
889	2.1362983333333334
890	2.1119396666666663
891	2.083139
892	2.0530103333333334
893	2.0308953333333335
894	2.0218813333333334
895	2.015979
896	2.002009666666667
897	1.981144
898	1.958433
899	1.9346803333333333
900	1.9069099999999999
901	1.8689773333333335
902	1.8196366666666668
903	1.7715100000000001
904	1.7385333333333335
905	1.7234203333333333
906	1.7216596666666666
907	1.7245233333333332
908	1.7287836666666663
909	1.7467320000000002
910	1.7895590000000001
911	1.850276
912	1.91527
913	1.9749353333333333
914	2.0270186666666667
915	2.0806459999999998
916	2.142735666666667
917	2.2042806666666666
918	2.2526716666666666
919	2.2836719999999997
920	2.300011666666667
921	2.311184666666666
922	2.326416666666667
923	2.347773333333333
924	2.3724876666666668
925	2.394051333333333
926	2.4064653333333337
927	2.4082786666666665
928	2.400506666666667
929	2.3853763333333333
930	2.366581
931	2.349817
932	2.3378656666666666
933	2.3249210000000002
934	2.3036719999999997
935	2.2721699999999996
936	2.2327446666666666
937	2.1915256666666667
938	2.152458
939	2.1115276666666665
940	2.0664396666666667
941	2.0264983333333335
942	2.0012246666666664
943	1.988498
944	1.9800053333333332
945	1.9657276666666668
946	1.9398190000000002
947	1.9072866666666668
948	1.8771406666666668
949	1.8566573333333334
950	1.8496573333333333
951	1.853868
952	1.8624746666666667
953	1.864397
954	1.8507403333333334
955	1.8221986666666665
956	1.787102666666667
957	1.761533
958	1.760475
959	1.7882996666666666
960	1.8384763333333334
961	1.890498
962	1.9243950000000003
963	1.9351180000000001
964	1.926388666666667
965	1.9068126666666667
966	1.884981
967	1.8656183333333332
968	1.852997
969	1.8537193333333335
970	1.87021
971	1.8930086666666668
972	1.911851
973	1.926566
974	1.9413526666666667
975	1.9596030000000002
976	1.9811776666666667
977	1.999444
978	2.0086713333333335
979	2.011824
980	2.0168636666666666
981	2.0341736666666668
982	2.072281333333333
983	2.1332006666666667
984	2.2146446666666666
985	2.310462666666667
986	2.410888333333333
987	2.502064
988	2.576073
989	2.642750666666667
990	2.718030333333333
991	2.812794
992	2.923865666666667
993	3.0227313333333337
994	3.0846299999999998
995	3.1185933333333336
996	3.147689333333333
997	3.1918503333333335
998	3.259676333333333
999	3.3383386666666666
1000	3.4081973333333333
1001	3.455246
1002	3.4728396666666663
1003	3.465304
1004	3.4438986666666667
1005	3.425103
1006	3.4225449999999995
1007	3.437524666666667
1008	3.4586819999999996
1009	3.458714666666667
1010	3.414717
1011	3.3304050000000003
1012	3.228223
1013	3.145284666666667
1014	3.10739
1015	3.1008850000000003
1016	3.098757
1017	3.0834650000000003
1018	3.0493309999999996
1019	3.006825
1020	2.9711126666666665
1021	2.9529873333333336
1022	2.9609626666666666
1023	3.0024793333333335
1024	3.0777596666666662
1025	3.1713846666666665
1026	3.2663963333333332
1027	3.358238333333333
1028	3.4512650000000002
1029	3.557006666666666
1030	3.6846070000000006
1031	3.831472333333333
1032	3.992509333333333
1033	4.169029999999999
1034	4.367019666666667
1035	4.595308999999999
1036	4.8550543333333325
1037	5.127166333333332
1038	5.386909666666666
1039	5.617453666666666
1040	5.812777333333333
1041	5.982534666666665
1042	6.136429999999999
1043	6.269589333333332
1044	6.374523333333332
1045	6.452939000000001
1046	6.510785333333334
1047	6.553356
1048	6.580857999999999
1049	6.583102333333333
1050	6.549219333333333
1051	6.477327999999999
1052	6.371956333333333
1053	6.242521999999998
1054	6.095030666666666
1055	5.923947666666666
1056	5.7257153333333335
1057	5.513192999999999
1058	5.306198666666667
1059	5.122417333333333
1060	4.966593
1061	4.816889666666666
1062	4.647612333333333
1063	4.451524666666666
1064	4.238562999999999
1065	4.038061
1066	3.8766683333333334
1067	3.756291
1068	3.666934333333333
1069	3.5966139999999998
1070	3.53608
1071	3.482895
1072	3.435557
1073	3.3883306666666666
1074	3.33617
1075	3.280134666666667
1076	3.2224906666666664
1077	3.162020666666667
1078	3.0955483333333333
1079	3.0198506666666667
1080	2.937019333333333
1081	2.861473666666667
1082	2.811828
1083	2.802368333333334
1084	2.8302956666666663
1085	2.8588813333333336
1086	2.8484419999999995
1087	2.7870976666666665
1088	2.683996
1089	2.567734666666666
1090	2.4692483333333333
1091	2.4064816666666666
1092	2.3859863333333333
1093	2.4005143333333336
1094	2.431413
1095	2.4478363333333335
1096	2.4279533333333334
1097	2.382501
1098	2.33472
1099	2.3031213333333334
1100	2.295201333333333
1101	2.29898
1102	2.294896
1103	2.265827
1104	2.2060513333333334
1105	2.1333966666666666
1106	2.0761483333333333
1107	2.0621686666666665
1108	2.1048726666666666
1109	2.1853483333333332
1110	2.2723276666666665
1111	2.3386276666666665
1112	2.367997
1113	2.3649876666666665
1114	2.348868
1115	2.351639666666667
1116	2.397752666666667
1117	2.482096
1118	2.586081666666667
1119	2.690090666666667
1120	2.7798066666666665
1121	2.852716
1122	2.910357
1123	2.9521216666666663
1124	2.9762986666666666
1125	2.9815216666666666
1126	2.9677826666666665
1127	2.9379969999999997
1128	2.897894333333333
1129	2.856152333333333
1130	2.816559666666667
1131	2.7694586666666665
1132	2.706567333333333
1133	2.6359873333333335
1134	2.5696023333333335
1135	2.5104266666666666
1136	2.4523833333333336
1137	2.378792
1138	2.277414
1139	2.1564323333333335
1140	2.0321833333333332
1141	1.9187523333333334
1142	1.8248830000000003
1143	1.7505629999999999
1144	1.6962716666666666
1145	1.67117
1146	1.6808863333333335
1147	1.7135989999999999
1148	1.7509436666666667
1149	1.778031666666667
1150	1.7898733333333334
1151	1.799137
1152	1.8163026666666666
1153	1.8298953333333334
1154	1.8238946666666664
1155	1.7952956666666666
1156	1.753884
1157	1.723823
1158	1.723009
1159	1.741169
1160	1.7579066666666665
1161	1.759633
1162	1.7504856666666666
1163	1.765539
1164	1.83294
1165	1.9339203333333332
1166	2.0288986666666666
1167	2.080083666666667
1168	2.0703373333333337
1169	2.0256670000000003
1170	1.9807180000000002
1171	1.9473166666666666
1172	1.9237873333333333
1173	1.9025363333333334
1174	1.8804166666666666
1175	1.868315
1176	1.875357666666667
1177	1.892699333333333
1178	1.9070330000000002
1179	1.9140633333333332
1180	1.9197600000000001
1181	1.9422249999999999
1182	1.9883663333333332
1183	2.0287403333333334
1184	2.0313396666666668
1185	1.9961276666666665
1186	1.9452746666666667
1187	1.916696
1188	1.9327443333333336
1189	1.966494
1190	1.9806436666666667
1191	1.964773
1192	1.931639
1193	1.9168273333333334
1194	1.9468296666666665
1195	2.0061060000000004
1196	2.0661126666666667
1197	2.111207333333333
1198	2.1360113333333333
1199	2.1440246666666667
1200	2.141344
1201	2.132355
1202	2.121845
1203	2.1171100000000003
1204	2.122139333333333
1205	2.130885
1206	2.1364176666666665
1207	2.1402776666666665
1208	2.1508813333333334
1209	2.1829186666666667
1210	2.2463100000000003
1211	2.333997
1212	2.432430666666667
1213	2.530334
1214	2.620674333333333
1215	2.7027810000000003
1216	2.775451666666667
1217	2.8314863333333333
1218	2.8721953333333334
1219	2.9236889999999995
1220	3.0100513333333336
1221	3.125218
1222	3.248495333333333
1223	3.3576366666666666
1224	3.442228
1225	3.5184579999999994
1226	3.6046413333333334
1227	3.6978256666666662
1228	3.7877366666666665
1229	3.870032
1230	3.947383
1231	4.030545
1232	4.123437999999999
1233	4.2072096666666665
1234	4.261465666666667
1235	4.286091333333333
1236	4.295567666666667
1237	4.315482666666666
1238	4.361259333333333
1239	4.415294333333334
1240	4.452939
1241	4.466960666666666
1242	4.462127
1243	4.451352666666667
1244	4.443002333333333
1245	4.428183333333333
1246	4.394834666666667
1247	4.341549333333333
1248	4.275406
1249	4.211146666666667
1250	4.1603476666666666
1251	4.120241666666667
1252	4.083095666666667
1253	4.0444233333333335
1254	4.0034876666666666
1255	3.964293666666667
1256	3.932135333333333
1257	3.910390333333333
1258	3.897946
1259	3.885233
1260	3.8590956666666663
1261	3.8080963333333333
1262	3.735901666666667
1263	3.677984333333333
1264	3.6697119999999996
1265	3.7134586666666665
1266	3.788927
1267	3.858501666666667
1268	3.890361
1269	3.882195
1270	3.8476406666666665
1271	3.807230666666667
1272	3.779842
1273	3.7745589999999996
1274	3.7910726666666665
1275	3.817514
1276	3.8419136666666667
1277	3.8633776666666666
1278	3.888352
1279	3.9282610000000004
1280	3.9910243333333333
1281	4.0712660000000005
1282	4.152889666666667
1283	4.209525
1284	4.222754666666667
1285	4.202574333333334
1286	4.171614666666667
1287	4.152905666666666
1288	4.164458333333334
1289	4.213228
1290	4.298438
1291	4.411507
1292	4.536926333333334
1293	4.651317333333333
1294	4.738025333333334
1295	4.803397
1296	4.860449
1297	4.914682333333333
1298	4.9685076666666665
1299	5.026018333333333
1300	5.093374333333333
1301	5.178809333333334
1302	5.286198666666666
1303	5.407482333333332
1304	5.531879333333333
1305	5.654234666666666
1306	5.772104333333334
1307	5.8827110000000005
1308	5.979494000000001
1309	6.048428666666666
1310	6.078493333333333
1311	6.073461
1312	6.045508999999999
1313	6.010851333333333
1314	5.982122666666666
1315	5.960207333333334
1316	5.940279666666666
1317	5.916047
1318	5.881743666666666
1319	5.834222666666666
1320	5.775687666666666
1321	5.717798
1322	5.671926333333333
1323	5.639304333333333
1324	5.615404666666666
1325	5.593223666666667
1326	5.568733333333332
1327	5.546367666666667
1328	5.530513333333333
1329	5.517062999999999
1330	5.499388
1331	5.474252666666667
1332	5.442963999999999
1333	5.413218
1334	5.391700999999999
1335	5.376575666666667
1336	5.362650666666666
1337	5.346293666666666
1338	5.329630666666667
1339	5.325102
1340	5.339858666666666
1341	5.3586876666666665
1342	5.359372666666666
1343	5.327440333333333
1344	5.262775666666666
1345	5.188953
1346	5.129537
1347	5.085065
1348	5.047304
1349	5.012222
1350	4.983279
1351	4.97457
1352	4.993037
1353	5.019348
1354	5.030526
1355	5.022365666666667
1356	5.00356
1357	4.9915296666666675
1358	4.995287
1359	4.997641333333333
1360	4.980284666666667
1361	4.948651666666667
1362	4.917272
1363	4.895704
1364	4.8813553333333335
1365	4.851099
1366	4.787619666666667
1367	4.706956
1368	4.635421
1369	4.587976333333333
1370	4.564986666666666
1371	4.546728666666666
1372	4.514528666666666
1373	4.471144
1374	4.4258239999999995
1375	4.380558333333333
1376	4.332776
1377	4.277914999999999
1378	4.213050666666667
1379	4.140513666666666
1380	4.063903333333333
1381	3.9845043333333336
1382	3.902724333333333
1383	3.819849333333333
1384	3.7402826666666664
1385	3.6742853333333327
1386	3.630902
1387	3.610225
1388	3.6064976666666673
1389	3.60929
1390	3.6058113333333335
1391	3.5829759999999995
1392	3.5363580000000003
1393	3.481635333333333
1394	3.4395249999999997
1395	3.4215519999999997
1396	3.4273249999999997
1397	3.439157333333333
1398	3.437005666666667
1399	3.4123086666666667
1400	3.3643159999999996
1401	3.2984869999999997
1402	3.2236086666666663
1403	3.150537
1404	3.088624
1405	3.0415049999999995
1406	3.007242
1407	2.976676
1408	2.938838666666667
1409	2.8865866666666666
1410	2.823665666666667
1411	2.7739003333333327
1412	2.7581823333333335
1413	2.770588666666667
1414	2.793245333333333
1415	2.8090013333333332
1416	2.810038333333333
1417	2.8076489999999996
1418	2.8158369999999997
1419	2.8362426666666662
1420	2.866433
1421	2.9080336666666664
1422	2.966923
1423	3.052942333333333
1424	3.1676966666666666
1425	3.290329
1426	3.396142
1427	3.4745643333333325
1428	3.525900333333333
1429	3.560384333333333
1430	3.5889606666666665
1431	3.6153459999999997
1432	3.641331666666667
1433	3.6717419999999996
1434	3.7119523333333335
1435	3.7649516666666667
1436	3.831079333333333
1437	3.907090666666666
1438	3.9893286666666667
1439	4.076372666666666
1440	4.16641
1441	4.254163999999999
1442	4.332286
1443	4.392828
1444	4.433384333333333
1445	4.464854666666666
1446	4.5024120000000005
1447	4.557545333333334
1448	4.6364263333333335
1449	4.73628
1450	4.844779333333333
1451	4.936874666666666
1452	4.991487333333334
1453	5.009421333333332
1454	5.0027956666666675
1455	4.987065
1456	4.971687666666667
1457	4.950425999999999
1458	4.914637333333332
1459	4.865844999999999
1460	4.810455999999999
1461	4.755196333333333
1462	4.70497
1463	4.660372333333334
1464	4.617701666666667
1465	4.567721333333333
1466	4.501397
1467	4.415851
1468	4.313743333333333
1469	4.204744666666667
1470	4.1040046666666665
1471	4.031609333333334
1472	3.9990653333333332
1473	3.993009333333333
1474	3.9896596666666664
1475	3.9671199999999995
1476	3.915951333333333
1477	3.851831333333333
1478	3.792914
1479	3.738569
1480	3.682088333333333
1481	3.6229326666666664
1482	3.5669513333333334
1483	3.526129333333333
1484	3.502400333333333
1485	3.4697336666666665
1486	3.4023636666666666
1487	3.303880333333333
1488	3.1945919999999997
1489	3.1011109999999995
1490	3.0344013333333337
1491	2.9655856666666667
1492	2.862770333333333
1493	2.7271843333333337
1494	2.5765489999999995
1495	2.4310003333333334
1496	2.301298333333333
1497	2.1769319999999994
1498	2.0488736666666667
1499	1.9319076666666668
1500	1.843848666666667
1501	1.7837473333333334
1502	1.7349596666666667
1503	1.6671923333333334
1504	1.5702669999999999
1505	1.4911686666666668
1506	1.478616333333333
1507	1.526627666666667
1508	1.597613
1509	1.6406390000000002
1510	1.6276686666666667
1511	1.592939
1512	1.5816616666666667
1513	1.6019240000000001
1514	1.6426470000000002
1515	1.688703
1516	1.729738
1517	1.7679863333333334
1518	1.8074733333333333
1519	1.8441413333333334
1520	1.8731016666666669
1521	1.896447
1522	1.9207093333333334
1523	1.954202
1524	1.9962706666666665
1525	2.0252323333333333
1526	2.022338
1527	1.996985
1528	1.9715000000000003
1529	1.9678459999999998
1530	1.9943066666666667
1531	2.029897
1532	2.049579666666667
1533	2.04824
1534	2.032248666666667
1535	2.013418
1536	2.0034096666666668
1537	2.0092573333333332
1538	2.035288
1539	2.0837983333333336
1540	2.152337333333333
1541	2.229230666666667
1542	2.3006596666666663
1543	2.358003666666667
1544	2.4036299999999997
1545	2.458629333333333
1546	2.539776333333333
1547	2.635591333333333
1548	2.7250973333333333
1549	2.7951316666666672
1550	2.844399333333334
1551	2.8893356666666667
1552	2.946695
1553	3.0169453333333336
1554	3.0945703333333334
1555	3.177082666666667
1556	3.2634369999999997
1557	3.351719
1558	3.4374266666666666
1559	3.5120310000000003
1560	3.573079
1561	3.6359156666666674
1562	3.7193899999999998
1563	3.831204666666667
1564	3.9631956666666666
1565	4.084269333333333
1566	4.172785666666666
1567	4.250459666666667
1568	4.348010666666667
1569	4.471921333333333
1570	4.609905666666666
1571	4.734395666666667
1572	4.830279999999999
1573	4.923740666666666
1574	5.0434676666666665
1575	5.181976666666667
1576	5.315019666666665
1577	5.418706333333333
1578	5.481803666666666
1579	5.519117666666666
1580	5.545507333333332
1581	5.550902000000001
1582	5.5204966666666655
1583	5.455510666666666
1584	5.371163999999999
1585	5.296377999999999
1586	5.250719333333333
1587	5.219649666666666
1588	5.179973333333333
1589	5.123484
1590	5.054541666666665
1591	4.989319333333333
1592	4.941282999999999
1593	4.907035999999999
1594	4.879369
1595	4.859450999999999
1596	4.852289
1597	4.861825
1598	4.885547333333333
1599	4.908027
1600	4.914565999999999
1601	4.905037333333333
1602	4.8860253333333326
1603	4.8643019999999995
1604	4.843307333333334
1605	4.819279333333332
1606	4.785719333333334
1607	4.737308333333333
1608	4.673216999999999
1609	4.6015353333333335
1610	4.53305
1611	4.475489666666666
1612	4.430306999999999
1613	4.3879063333333335
1614	4.335861999999999
1615	4.266472666666667
1616	4.178447333333333
1617	4.080258333333334
1618	3.983498
1619	3.8975806666666664
1620	3.829870666666666
1621	3.7850923333333335
1622	3.7631396666666665
1623	3.755160666666667
1624	3.7501629999999997
1625	3.7412453333333335
1626	3.7275476666666667
1627	3.7175503333333335
1628	3.7204613333333327
1629	3.7380156666666666
1630	3.7676826666666674
1631	3.8046343333333335
1632	3.8419863333333333
1633	3.8702446666666663
1634	3.8821076666666667
1635	3.878620666666667
1636	3.8695429999999997
1637	3.8753840000000004
1638	3.9106576666666664
1639	3.965187333333333
1640	4.016671333333333
1641	4.041218
1642	4.029087
1643	4.002933666666666
1644	3.9894229999999995
1645	3.992205666666667
1646	4.003894999999999
1647	4.016317
1648	4.025839
1649	4.0380173333333325
1650	4.055211333333333
1651	4.063790666666667
1652	4.048914
1653	4.010118666666667
1654	3.9591163333333332
1655	3.9199919999999997
1656	3.912872666666667
1657	3.936656666666666
1658	3.978342666666667
1659	4.020324666666666
1660	4.056362666666667
1661	4.108175999999999
1662	4.191561
1663	4.282189333333333
1664	4.353629
1665	4.415216666666666
1666	4.485258333333333
1667	4.564611333333334
1668	4.641429666666667
1669	4.695050999999999
1670	4.714503666666666
1671	4.718388333333333
1672	4.729784666666666
1673	4.752114333333332
1674	4.778004333333333
1675	4.795824666666666
1676	4.792702333333334
1677	4.757083
1678	4.687430666666667
1679	4.603229
1680	4.524043666666667
1681	4.4491309999999995
1682	4.372365333333334
1683	4.295397333333333
1684	4.216736666666667
1685	4.119709
1686	3.9905133333333334
1687	3.8379546666666666
1688	3.681805333333333
1689	3.5430266666666665
1690	3.432852666666667
1691	3.3403709999999998
1692	3.2513890000000005
1693	3.165866333333333
1694	3.0888153333333337
1695	3.021595666666667
1696	2.962064333333333
1697	2.9045976666666666
1698	2.8446170000000004
1699	2.783122
1700	2.722587
1701	2.6635343333333332
1702	2.6078349999999997
1703	2.5619646666666664
1704	2.5278490000000002
1705	2.493223
1706	2.449667333333333
1707	2.4107423333333333
1708	2.387551333333333
1709	2.3638486666666667
1710	2.3205993333333335
1711	2.2608986666666664
1712	2.198458666666667
1713	2.147191
1714	2.1111053333333336
1715	2.0732126666666666
1716	2.017567666666667
1717	1.9515743333333335
1718	1.892415666666667
1719	1.8549726666666666
1720	1.8453700000000002
1721	1.8529
1722	1.8616446666666666
1723	1.8610879999999999
1724	1.8518083333333335
1725	1.8526639999999999
1726	1.877462
1727	1.9113576666666663
1728	1.9364416666666668
1729	1.9565386666666664
1730	1.980416666666667
1731	2.0050909999999997
1732	2.021618666666667
1733	2.0212763333333332
1734	2.005491
1735	1.9969313333333334
1736	2.013325666666667
1737	2.0395713333333334
1738	2.046748
1739	2.008982333333333
1740	1.915845
1741	1.7889266666666668
1742	1.666093
1743	1.5891723333333332
1744	1.5793183333333334
1745	1.6076836666666665
1746	1.6329223333333331
1747	1.6353753333333332
1748	1.6144869999999998
1749	1.5893869999999999
1750	1.5788686666666667
1751	1.582575
1752	1.591418
1753	1.5961853333333331
1754	1.5909600000000002
1755	1.5772553333333332
1756	1.5644926666666668
1757	1.5723196666666666
1758	1.6160143333333334
1759	1.6906043333333332
1760	1.78165
1761	1.8725406666666666
1762	1.9421499999999998
1763	1.9622029999999997
1764	1.9207696666666663
1765	1.8506706666666668
1766	1.795901
1767	1.780186
1768	1.8055646666666665
1769	1.846485666666667
1770	1.8736456666666668
1771	1.8762960000000002
1772	1.8605566666666666
1773	1.8508533333333332
1774	1.8665966666666667
1775	1.8982783333333335
1776	1.9247709999999998
1777	1.928829
1778	1.9069353333333332
1779	1.8809946666666666
1780	1.8717730000000001
1781	1.8729196666666665
1782	1.8712293333333336
1783	1.8657906666666666
1784	1.8615486666666667
1785	1.8626386666666668
1786	1.8664763333333332
1787	1.857643
1788	1.826668
1789	1.7903266666666666
1790	1.7722909999999998
