610	1.8294146666666666
611	1.8091126666666668
612	1.799597
613	1.7970556666666666
614	1.7932223333333333
615	1.781322333333333
616	1.7580806666666668
617	1.7266166666666665
618	1.6947886666666667
619	1.6749356666666664
620	1.6777246666666668
621	1.7051226666666663
622	1.7506973333333333
623	1.7974003333333333
624	1.8264066666666667
625	1.8257656666666666
626	1.7938163333333335
627	1.7458146666666667
628	1.7037713333333335
629	1.6880383333333333
630	1.7089023333333333
631	1.755558
632	1.8092773333333332
633	1.8541456666666667
634	1.8803063333333334
635	1.8884316666666667
636	1.8844083333333332
637	1.8759746666666668
638	1.8695000000000002
639	1.8666426666666667
640	1.8651063333333335
641	1.8586883333333333
642	1.844388
643	1.8303993333333333
644	1.8291636666666666
645	1.8508946666666668
646	1.8975730000000002
647	1.954994
648	2.0053803333333335
649	2.039029
650	2.053819333333333
651	2.0564816666666665
652	2.0562943333333337
653	2.0600169999999998
654	2.0717666666666665
655	2.092159666666667
656	2.1189063333333333
657	2.146318
658	2.168703
659	2.1837216666666666
660	2.191952
661	2.1970433333333332
662	2.2017906666666667
663	2.2040306666666667
664	2.199332333333333
665	2.1834040000000003
666	2.155475333333333
667	2.1225903333333336
668	2.094674
669	2.0800673333333335
670	2.081921
671	2.093183333333333
672	2.1032913333333334
673	2.1039136666666667
674	2.091491333333333
675	2.0708913333333334
676	2.0500246666666664
677	2.0355956666666666
678	2.0326769999999996
679	2.043784
680	2.067799
681	2.097615666666667
682	2.1249653333333334
683	2.1450606666666667
684	2.157699
685	2.1692416666666667
686	2.1851103333333333
687	2.202082
688	2.2125953333333332
689	2.2085236666666668
690	2.187012
691	2.1575606666666665
692	2.133443
693	2.123975333333333
694	2.132556
695	2.1531533333333335
696	2.1753590000000003
697	2.1881536666666666
698	2.184866333333334
699	2.1694196666666663
700	2.151654
701	2.1439466666666664
702	2.152753333333333
703	2.168996
704	2.1801553333333334
705	2.1817960000000003
706	2.177566
707	2.180459
708	2.200744333333333
709	2.233445
710	2.267297666666667
711	2.2923553333333335
712	2.303029666666667
713	2.301877
714	2.2947913333333334
715	2.2876036666666666
716	2.2861516666666666
717	2.2962243333333334
718	2.318986333333333
719	2.345021
720	2.362779666666667
721	2.3669529999999996
722	2.360225666666667
723	2.356618
724	2.3687466666666666
725	2.3947390000000004
726	2.424495
727	2.444401666666667
728	2.445941
729	2.435465
730	2.426293666666667
731	2.432580666666667
732	2.463162666666667
733	2.5142263333333332
734	2.575870666666667
735	2.637003
736	2.6905639999999997
737	2.7394593333333335
738	2.790257666666667
739	2.8480403333333335
740	2.9157910000000005
741	2.9931646666666665
742	3.075438
743	3.151432333333333
744	3.2126310000000005
745	3.2627283333333335
746	3.3079446666666668
747	3.3479926666666664
748	3.3801803333333336
749	3.4030959999999997
750	3.414285
751	3.4075290000000003
752	3.377965
753	3.3280039999999995
754	3.2647470000000003
755	3.1984529999999998
756	3.1369363333333333
757	3.0796876666666666
758	3.024052
759	2.9705253333333332
760	2.9191213333333335
761	2.8654396666666666
762	2.8055363333333334
763	2.7410056666666667
764	2.674439333333333
765	2.605449666666667
766	2.5355280000000002
767	2.473759
768	2.431106333333333
769	2.4148216666666666
770	2.4272966666666664
771	2.463539
772	2.5151479999999995
773	2.5730480000000004
774	2.6296516666666667
775	2.6812420000000006
776	2.7259873333333333
777	2.762685666666667
778	2.7904186666666666
779	2.8086690000000005
780	2.817931333333333
781	2.8207653333333336
782	2.820852
783	2.822251666666667
784	2.8273476666666664
785	2.834437666666667
786	2.8410919999999997
787	2.8470243333333336
788	2.851072333333333
789	2.847751666666667
790	2.8305979999999997
791	2.7954083333333335
792	2.739990333333333
793	2.664637666666667
794	2.572479333333333
795	2.471391
796	2.374151
797	2.299152
798	2.2567013333333334
799	2.232954666666667
800	2.206569
801	2.1641523333333335
802	2.105899
803	2.0537603333333334
804	2.030361333333333
805	2.0382416666666665
806	2.0676533333333333
807	2.1017953333333335
808	2.127196333333333
809	2.1441523333333334
810	2.1588446666666665
811	2.1771743333333333
812	2.2034186666666664
813	2.238865666666667
814	2.281618
815	2.324977
816	2.3585856666666665
817	2.3694720000000005
818	2.3539816666666664
819	2.332066666666667
820	2.327056
821	2.3456076666666665
822	2.3792923333333333
823	2.4033376666666664
824	2.396692
825	2.3623119999999997
826	2.312359
827	2.2556030000000002
828	2.1962566666666667
829	2.1330063333333333
830	2.066095333333333
831	2.004322
832	1.9573776666666665
833	1.9280443333333332
834	1.9148426666666667
835	1.9136580000000003
836	1.919986
837	1.9305996666666667
838	1.9428443333333332
839	1.9543306666666667
840	1.9653046666666667
841	1.9814056666666668
842	2.005755
843	2.0304486666666666
844	2.0453806666666665
845	2.047070333333333
846	2.039146333333333
847	2.0340856666666665
848	2.0424860000000002
849	2.0619356666666664
850	2.083471
851	2.0966553333333335
852	2.095042
853	2.0822933333333333
854	2.065911666666667
855	2.0521819999999997
856	2.0454773333333334
857	2.047014
858	2.0536966666666667
859	2.0558566666666667
860	2.045538
861	2.0251936666666666
862	2.0013693333333333
863	1.9795123333333335
864	1.964051
865	1.958307
866	1.9620846666666665
867	1.9683313333333332
868	1.970524
869	1.9699703333333334
870	1.969639
871	1.968359
872	1.9638706666666668
873	1.9560320000000002
874	1.9462106666666668
875	1.936845
876	1.9295033333333333
877	1.9229706666666666
878	1.9161296666666667
879	1.9105746666666668
880	1.9061316666666666
881	1.8962640000000002
882	1.8766686666666665
883	1.8543846666666668
884	1.8376763333333332
885	1.8263616666666667
886	1.8189596666666665
887	1.8194926666666664
888	1.8303989999999999
889	1.8450579999999999
890	1.8581173333333332
891	1.875617
892	1.9010316666666667
893	1.9208546666666666
894	1.9218729999999997
895	1.9087683333333332
896	1.890961
897	1.8702036666666664
898	1.8447330000000002
899	1.8135356666666667
900	1.7791443333333334
901	1.7508219999999999
902	1.7377606666666667
903	1.7420273333333334
904	1.7606323333333334
905	1.7860856666666667
906	1.8093793333333335
907	1.8225120000000004
908	1.8223133333333332
909	1.815136
910	1.8064316666666667
911	1.7911366666666666
912	1.7678223333333334
913	1.7534913333333333
914	1.7640376666666668
915	1.7939423333333333
916	1.8301440000000002
917	1.8646173333333333
918	1.8951040000000003
919	1.9262743333333334
920	1.9621406666666668
921	1.9986513333333336
922	2.0285486666666666
923	2.045843666666667
924	2.048267
925	2.040466
926	2.028506666666667
927	2.014842666666667
928	1.9987443333333335
929	1.9765633333333334
930	1.9480173333333335
931	1.923023
932	1.9122060000000003
933	1.9170053333333334
934	1.9307376666666667
935	1.9383573333333335
936	1.929887666666667
937	1.914873
938	1.9089810000000003
939	1.921407
940	1.9503966666666668
941	1.976901
942	1.982781333333333
943	1.9689983333333334
944	1.945599
945	1.9237126666666666
946	1.9115373333333334
947	1.9106530000000002
948	1.9221780000000002
949	1.9521090000000003
950	2.0038300000000002
951	2.069132
952	2.1336283333333337
953	2.181216
954	2.203244666666667
955	2.2091043333333333
956	2.210977
957	2.2094956666666663
958	2.199714
959	2.176929
960	2.1437623333333335
961	2.1182156666666665
962	2.117111333333334
963	2.1389963333333335
964	2.1733023333333334
965	2.2074806666666666
966	2.232267666666667
967	2.247030333333333
968	2.2542870000000006
969	2.255393333333333
970	2.251418666666667
971	2.2445939999999998
972	2.2390973333333335
973	2.2420776666666664
974	2.2588506666666666
975	2.2875576666666664
976	2.323581
977	2.363151
978	2.403273
979	2.441538
980	2.4758053333333336
981	2.504256333333333
982	2.526670333333333
983	2.546104666666667
984	2.5653793333333335
985	2.583647666666667
986	2.599623333333333
987	2.614672
988	2.6302566666666665
989	2.6452416666666667
990	2.657689
991	2.6666203333333334
992	2.6723479999999995
993	2.677119333333333
994	2.683974
995	2.695863666666667
996	2.715031
997	2.7417139999999995
998	2.771344
999	2.7910896666666667
1000	2.793060333333333
1001	2.788655
1002	2.793177666666667
1003	2.811035
1004	2.8383293333333333
1005	2.8640396666666668
1006	2.878432666666667
1007	2.881348666666666
1008	2.8772693333333335
1009	2.871294666666667
1010	2.8651160000000004
1011	2.8527793333333338
1012	2.8287
1013	2.7958163333333332
1014	2.760836
1015	2.729986
1016	2.705667333333333
1017	2.683062666666667
1018	2.660916666666667
1019	2.6524563333333333
1020	2.668801
1021	2.701315333333333
1022	2.733674666666667
1023	2.7531030000000003
1024	2.7577713333333334
1025	2.7661599999999997
1026	2.798322333333333
1027	2.8573793333333333
1028	2.9341783333333336
1029	3.0099006666666663
1030	3.072182333333333
1031	3.132249
1032	3.208662
1033	3.312229
1034	3.4417663333333333
1035	3.577895
1036	3.701848
1037	3.813737333333333
1038	3.9198096666666666
1039	4.020735999999999
1040	4.112338666666667
1041	4.186699333333333
1042	4.242325666666666
1043	4.295224666666666
1044	4.360543333333333
1045	4.433236333333333
1046	4.495583666666667
1047	4.522896333333333
1048	4.502062
1049	4.452299666666666
1050	4.40005
1051	4.355344333333333
1052	4.314158666666667
1053	4.258791333333333
1054	4.176699999999999
1055	4.079426333333333
1056	3.983084666666667
1057	3.8897353333333333
1058	3.794418666666667
1059	3.6914376666666664
1060	3.578730666666667
1061	3.4621713333333326
1062	3.3469243333333334
1063	3.229181666666667
1064	3.1059783333333333
1065	2.9860123333333335
1066	2.885132333333334
1067	2.8226093333333337
1068	2.8089933333333335
1069	2.831381666666667
1070	2.866563666666667
1071	2.8919063333333335
1072	2.896115
1073	2.8922779999999997
1074	2.89952
1075	2.9260073333333336
1076	2.967489666666667
1077	3.0037243333333334
1078	3.016459
1079	3.0075646666666667
1080	2.988697333333333
1081	2.973148
1082	2.9703316666666666
1083	2.9797939999999996
1084	2.995432333333333
1085	3.0080013333333335
1086	3.0099663333333333
1087	3.0004393333333335
1088	2.981692
1089	2.956860333333333
1090	2.930875666666666
1091	2.9116306666666665
1092	2.9024633333333334
1093	2.8929666666666667
1094	2.866941333333333
1095	2.810170333333333
1096	2.723411333333334
1097	2.638854333333333
1098	2.592495
1099	2.5970199999999997
1100	2.6468513333333337
1101	2.7187059999999996
1102	2.786284666666666
1103	2.8328953333333335
1104	2.849656
1105	2.8363720000000003
1106	2.801614333333333
1107	2.7654436666666666
1108	2.743710666666667
1109	2.731421666666667
1110	2.715688
1111	2.6875366666666665
1112	2.6487759999999994
1113	2.620428
1114	2.622254333333333
1115	2.6519996666666663
1116	2.6967149999999998
1117	2.7413623333333335
1118	2.7715826666666667
1119	2.7763146666666665
1120	2.752356333333333
1121	2.711724
1122	2.672147
1123	2.649030333333333
1124	2.6500356666666667
1125	2.6673749999999994
1126	2.684569
1127	2.6811700000000003
1128	2.645421
1129	2.589205333333333
1130	2.533917666666666
1131	2.4978246666666664
1132	2.4832443333333334
1133	2.461180333333333
1134	2.4044883333333336
1135	2.321264
1136	2.233501333333333
1137	2.1581876666666666
1138	2.1021916666666667
1139	2.055857
1140	2.005697
1141	1.9456856666666669
1142	1.8765513333333332
1143	1.8063953333333334
1144	1.7444713333333333
1145	1.6957323333333332
1146	1.6624383333333332
1147	1.6452756666666666
1148	1.64541
1149	1.6653969999999998
1150	1.7005183333333336
1151	1.7288726666666665
1152	1.7328530000000002
1153	1.7221426666666668
1154	1.7174783333333334
1155	1.7357773333333335
1156	1.7786283333333335
1157	1.8184053333333334
1158	1.8282103333333335
1159	1.8117773333333334
1160	1.7864903333333335
1161	1.7687643333333336
1162	1.7660686666666667
1163	1.7682740000000003
1164	1.7641996666666668
1165	1.7573776666666667
1166	1.7561516666666668
1167	1.7638143333333334
1168	1.775484
1169	1.7742506666666666
1170	1.748936
1171	1.713052
1172	1.686459666666667
1173	1.677624
1174	1.6814553333333335
1175	1.6753369999999999
1176	1.643004
1177	1.5994670000000002
1178	1.5689790000000001
1179	1.5645373333333334
1180	1.5866536666666669
1181	1.6200956666666668
1182	1.6492300000000002
1183	1.6722970000000001
1184	1.6924506666666668
1185	1.7097146666666667
1186	1.7222619999999997
1187	1.7282343333333334
1188	1.729035333333333
1189	1.7330346666666667
1190	1.7473336666666668
1191	1.7692096666666666
1192	1.7927266666666668
1193	1.814664
1194	1.8341036666666666
1195	1.8520276666666666
1196	1.868156333333333
1197	1.8780469999999998
1198	1.8795666666666666
1199	1.8798223333333333
1200	1.886153666666667
1201	1.8971073333333335
1202	1.9082076666666667
1203	1.9176840000000002
1204	1.9290486666666666
1205	1.9541953333333333
1206	2.0014066666666666
1207	2.0626586666666666
1208	2.1259846666666666
1209	2.187132
1210	2.247447
1211	2.3122293333333332
1212	2.3830416666666667
1213	2.4500930000000003
1214	2.505709666666667
1215	2.558691666666667
1216	2.624064
1217	2.713452333333333
1218	2.828650666666667
1219	2.953307333333333
1220	3.0691686666666667
1221	3.171231666666667
1222	3.25901
1223	3.328965
1224	3.379467
1225	3.417232
1226	3.4522573333333337
1227	3.493121
1228	3.5427263333333334
1229	3.5926926666666668
1230	3.631850666666667
1231	3.6540963333333334
1232	3.6594030000000006
1233	3.6561376666666665
1234	3.6537343333333334
1235	3.655822333333333
1236	3.6615306666666667
1237	3.6658806666666663
1238	3.6645133333333333
1239	3.6584429999999992
1240	3.6521713333333334
1241	3.6526483333333326
1242	3.6661166666666665
1243	3.694164
1244	3.7300780000000002
1245	3.753365
1246	3.7461963333333332
1247	3.7109706666666664
1248	3.6619740000000003
1249	3.6196303333333333
1250	3.5985526666666665
1251	3.594824666666666
1252	3.598052
1253	3.601618333333333
1254	3.603262333333333
1255	3.6059493333333332
1256	3.612633666666667
1257	3.6211999999999995
1258	3.626475333333333
1259	3.6215196666666665
1260	3.599584333333333
1261	3.556692333333333
1262	3.496239
1263	3.4355596666666663
1264	3.392381333333333
1265	3.3712443333333333
1266	3.367811
1267	3.3710729999999995
1268	3.3701029999999994
1269	3.360480999999999
1270	3.343441666666667
1271	3.3265263333333337
1272	3.3174589999999995
1273	3.318188333333333
1274	3.3254976666666667
1275	3.3305073333333333
1276	3.3252763333333335
1277	3.3096846666666666
1278	3.288866666666667
1279	3.2722263333333332
1280	3.2700389999999997
1281	3.290001666666667
1282	3.3320920000000003
1283	3.381384
1284	3.4208736666666666
1285	3.443862
1286	3.4517353333333336
1287	3.4535090000000004
1288	3.458022
1289	3.4669570000000003
1290	3.4807166666666665
1291	3.5043130000000002
1292	3.5453986666666664
1293	3.611699333333333
1294	3.702018333333333
1295	3.795144666666667
1296	3.868132
1297	3.914657333333333
1298	3.9412583333333333
1299	3.966364
1300	4.006609
1301	4.063617333333333
1302	4.133398
1303	4.214232333333333
1304	4.305279666666667
1305	4.404390666666667
1306	4.506929333333333
1307	4.604137
1308	4.687737666666666
1309	4.75463
1310	4.803993
1311	4.835127666666667
1312	4.848242000000001
1313	4.846172000000001
1314	4.8351723333333325
1315	4.826204333333333
1316	4.826499666666667
1317	4.829928666666666
1318	4.824823666666667
1319	4.800796666666667
1320	4.754212333333333
1321	4.695120333333334
1322	4.637268
1323	4.5893266666666666
1324	4.555542333333333
1325	4.535344
1326	4.524992666666666
1327	4.518137666666666
1328	4.510444666666666
1329	4.504723
1330	4.506934666666666
1331	4.521958
1332	4.544513666666667
1333	4.548521333333333
1334	4.512644
1335	4.447567333333333
1336	4.3786266666666664
1337	4.331339
1338	4.320552333333333
1339	4.337548666666667
1340	4.364181666666666
1341	4.383668
1342	4.38232
1343	4.351443333333332
1344	4.287332
1345	4.193923333333333
1346	4.083727
1347	3.981092
1348	3.907239333333334
1349	3.863763333333333
1350	3.8379196666666666
1351	3.805520333333333
1352	3.7551290000000006
1353	3.7140639999999996
1354	3.7129746666666668
1355	3.750278333333333
1356	3.8038533333333335
1357	3.839657
1358	3.836835
1359	3.8145750000000005
1360	3.8001993333333335
1361	3.7993183333333334
1362	3.8044890000000002
1363	3.802525666666667
1364	3.7872600000000003
1365	3.7724356666666665
1366	3.7717853333333333
1367	3.7791636666666664
1368	3.7817469999999997
1369	3.7726760000000006
1370	3.7539469999999997
1371	3.7399033333333334
1372	3.7387306666666666
1373	3.733172666666667
1374	3.7032930000000004
1375	3.6496790000000003
1376	3.5881313333333327
1377	3.5461110000000002
1378	3.537584
1379	3.5356686666666666
1380	3.5078983333333333
1381	3.450652
1382	3.378487
1383	3.3164559999999996
1384	3.282881
1385	3.2718006666666666
1386	3.2700443333333338
1387	3.272062
1388	3.275681333333333
1389	3.2773223333333332
1390	3.269699
1391	3.2397973333333336
1392	3.1809266666666667
1393	3.1066306666666668
1394	3.0365086666666663
1395	2.982990666666667
1396	2.9478736666666663
1397	2.9171743333333335
1398	2.8787536666666664
1399	2.8396703333333333
1400	2.811857666666667
1401	2.7982460000000002
1402	2.7939336666666668
1403	2.7863399999999996
1404	2.765717333333333
1405	2.7358146666666663
1406	2.704008
1407	2.6722653333333333
1408	2.639405
1409	2.6035570000000003
1410	2.5673066666666666
1411	2.5431936666666664
1412	2.5409733333333335
1413	2.5539579999999997
1414	2.569354333333333
1415	2.577702
1416	2.5773633333333335
1417	2.579988666666667
1418	2.595446333333333
1419	2.616773333333333
1420	2.6327886666666664
1421	2.6404656666666666
1422	2.644932
1423	2.660672
1424	2.699544
1425	2.758313666666666
1426	2.826772
1427	2.8939793333333332
1428	2.950333
1429	2.9899136666666664
1430	3.013125333333333
1431	3.031386333333333
1432	3.058413
1433	3.102165
1434	3.164781333333333
1435	3.240606333333333
1436	3.3179460000000005
1437	3.379578333333333
1438	3.416166666666667
1439	3.4415469999999995
1440	3.474716
1441	3.522378333333333
1442	3.5773976666666667
1443	3.6151603333333333
1444	3.616831666666667
1445	3.593741666666667
1446	3.5684310000000004
1447	3.558287333333333
1448	3.573156333333334
1449	3.611543666666667
1450	3.664536333333334
1451	3.7170306666666666
1452	3.7547146666666666
1453	3.7711013333333336
1454	3.766020333333333
1455	3.7463490000000004
1456	3.72356
1457	3.7123193333333337
1458	3.7203066666666667
1459	3.7362976666666667
1460	3.744706666666667
1461	3.7395430000000003
1462	3.7259096666666665
1463	3.7226803333333334
1464	3.740387666666667
1465	3.7576753333333337
1466	3.7473439999999996
1467	3.701835
1468	3.629184666666667
1469	3.5520503333333333
1470	3.4924073333333334
1471	3.456665
1472	3.440477333333334
1473	3.4306296666666665
1474	3.412818666666667
1475	3.379125
1476	3.332104666666667
1477	3.290716333333333
1478	3.2687343333333336
1479	3.252254
1480	3.2200063333333335
1481	3.162862333333333
1482	3.0851496666666662
1483	3.008276666666667
1484	2.9525173333333328
1485	2.9189403333333335
1486	2.898527
1487	2.8786396666666665
1488	2.8466850000000004
1489	2.7933190000000003
1490	2.7153776666666665
1491	2.620736666666667
1492	2.520123333333333
1493	2.420078
1494	2.324247333333333
1495	2.2340063333333333
1496	2.148071666666667
1497	2.0615056666666667
1498	1.972506
1499	1.8899593333333333
1500	1.8251323333333334
1501	1.7833610000000002
1502	1.7620283333333335
1503	1.7468000000000001
1504	1.7229073333333331
1505	1.6862260000000002
1506	1.6398823333333332
1507	1.5927590000000003
1508	1.5549626666666667
1509	1.5336820000000002
1510	1.5296616666666667
1511	1.5324343333333335
1512	1.5333670000000001
1513	1.5389043333333334
1514	1.5599990000000001
1515	1.6016320000000002
1516	1.6589663333333333
1517	1.7120496666666667
1518	1.744806
1519	1.7646040000000003
1520	1.7857200000000002
1521	1.813986
1522	1.8472256666666667
1523	1.874941
1524	1.8900453333333334
1525	1.900901333333333
1526	1.9198176666666664
1527	1.9523393333333332
1528	1.9992786666666666
1529	2.057994
1530	2.1256226666666667
1531	2.201223666666667
1532	2.2806696666666664
1533	2.3507083333333334
1534	2.398290333333333
1535	2.4206076666666667
1536	2.423437333333333
1537	2.421404
1538	2.4271206666666667
1539	2.4405516666666665
1540	2.4589283333333336
1541	2.4860503333333335
1542	2.528274
1543	2.59008
1544	2.6701806666666665
1545	2.756433
1546	2.8360583333333333
1547	2.9055423333333334
1548	2.9657756666666666
1549	3.0181196666666668
1550	3.062965333333333
1551	3.098803666666666
1552	3.125547
1553	3.1484556666666665
1554	3.175666666666667
1555	3.216247666666667
1556	3.2762746666666667
1557	3.353711666666667
1558	3.440043333333333
1559	3.5206586666666664
1560	3.5868939999999996
1561	3.6492293333333334
1562	3.721979
1563	3.8083546666666668
1564	3.9010000000000007
1565	3.98128
1566	4.037992333333333
1567	4.087371666666667
1568	4.151847666666667
1569	4.239932
1570	4.349606333333334
1571	4.469775666666667
1572	4.588987
1573	4.7030330000000005
1574	4.810197666666667
1575	4.906939
1576	4.9887006666666665
1577	5.051466333333333
1578	5.0968393333333335
1579	5.137739333333332
1580	5.181949333333333
1581	5.214618333333332
1582	5.217305666666667
1583	5.187493666666667
1584	5.1386959999999995
1585	5.102468
1586	5.096982666666666
1587	5.093209333333333
1588	5.053526333333332
1589	4.968927
1590	4.849511666666666
1591	4.7186069999999996
1592	4.598670333333333
1593	4.498208
1594	4.4162170000000005
1595	4.3440493333333325
1596	4.272035
1597	4.195386
1598	4.114832
1599	4.038534
1600	3.974638333333333
1601	3.923886
1602	3.8817660000000003
1603	3.839377
1604	3.7877963333333335
1605	3.722928666666667
1606	3.6495866666666665
1607	3.5878756666666667
1608	3.5582976666666664
1609	3.566487666666667
1610	3.6051909999999996
1611	3.652700666666667
1612	3.6841039999999996
1613	3.682222666666666
1614	3.646436333333333
1615	3.605379666666666
1616	3.588534
1617	3.598323333333333
1618	3.6227573333333334
1619	3.64531
1620	3.6550073333333333
1621	3.656730666666667
1622	3.6600713333333332
1623	3.669675
1624	3.686868666666667
1625	3.710771333333333
1626	3.7380953333333338
1627	3.761519333333333
1628	3.770220666666667
1629	3.7504243333333336
1630	3.6976726666666666
1631	3.632259666666666
1632	3.5844336666666665
1633	3.5807789999999997
1634	3.627933333333333
1635	3.6922949999999997
1636	3.737998
1637	3.763466666666666
1638	3.7800716666666667
1639	3.7926996666666666
1640	3.797861666666667
1641	3.782459333333333
1642	3.7424603333333337
1643	3.7029336666666666
1644	3.6901100000000002
1645	3.7032709999999995
1646	3.7290483333333335
1647	3.7536266666666664
1648	3.7707523333333333
1649	3.790484
1650	3.826513666666667
1651	3.8841319999999997
1652	3.9591410000000002
1653	4.034723333333333
1654	4.093125666666667
1655	4.1272416666666665
1656	4.1405503333333336
1657	4.149664
1658	4.171885
1659	4.213500666666667
1660	4.274809333333334
1661	4.352658333333333
1662	4.43541
1663	4.496353666666667
1664	4.519401666666667
1665	4.5273856666666665
1666	4.551184999999999
1667	4.600076666666666
1668	4.666388666666666
1669	4.727094999999999
1670	4.760650666666666
1671	4.762971
1672	4.737231999999999
1673	4.686194666666666
1674	4.616912999999999
1675	4.5470939999999995
1676	4.4919096666666665
1677	4.4496926666666665
1678	4.410776666666666
1679	4.364735666666666
1680	4.306984333333333
1681	4.246237
1682	4.194476666666667
1683	4.156987333333333
1684	4.127318
1685	4.080355333333333
1686	3.9962433333333336
1687	3.8858186666666663
1688	3.7734060000000005
1689	3.6820776666666664
1690	3.6225086666666666
1691	3.5802313333333333
1692	3.5394726666666667
1693	3.5057046666666665
1694	3.4893873333333336
1695	3.4896546666666666
1696	3.4968283333333336
1697	3.4941756666666666
1698	3.4717590000000005
1699	3.4413036666666663
1700	3.418124666666667
1701	3.404333333333333
1702	3.398565
1703	3.4042779999999997
1704	3.4170700000000003
1705	3.410882
1706	3.3701373333333335
1707	3.323324
1708	3.2975363333333334
1709	3.2726473333333335
1710	3.218033
1711	3.1284773333333336
1712	3.0146703333333336
1713	2.89599
1714	2.7888116666666667
1715	2.6955736666666668
1716	2.6148576666666665
1717	2.5500546666666666
1718	2.5040026666666666
1719	2.472171
1720	2.443375666666667
1721	2.399448
1722	2.3277053333333333
1723	2.2359243333333336
1724	2.1475763333333333
1725	2.098858
1726	2.103431666666667
1727	2.113567
1728	2.0821733333333334
1729	2.0247546666666665
1730	1.9774216666666669
1731	1.9580766666666665
1732	1.9680703333333336
1733	1.9920669999999998
1734	2.012797
1735	2.023878
1736	2.023782
1737	2.010915666666667
1738	1.9846443333333332
1739	1.9479206666666669
1740	1.9095559999999998
1741	1.8872559999999998
1742	1.8919056666666665
1743	1.9098616666666668
1744	1.919058
1745	1.9037753333333336
1746	1.8609986666666667
1747	1.8096523333333334
1748	1.7743959999999999
1749	1.7707876666666666
1750	1.8008926666666665
1751	1.8458826666666668
1752	1.8839663333333334
1753	1.9069973333333334
1754	1.915614
1755	1.91615
1756	1.9144256666666668
1757	1.910563666666667
1758	1.9050726666666664
1759	1.9047953333333334
1760	1.9152466666666665
1761	1.9320856666666666
1762	1.9462696666666668
1763	1.9489290000000001
1764	1.9396289999999998
1765	1.9358603333333333
1766	1.952675
1767	1.981716
1768	2.0060386666666665
1769	2.0138773333333333
1770	2.0044350000000004
1771	1.9950593333333335
1772	2.0005416666666664
1773	2.012596666666667
1774	2.018157
1775	2.0167376666666668
1776	2.0121903333333333
1777	2.0042883333333332
1778	1.9872
1779	1.9480670000000002
1780	1.8813523333333333
1781	1.8050533333333334
1782	1.742679
1783	1.706197666666667
1784	1.6966783333333335
1785	1.7029809999999999
1786	1.7143973333333333
1787	1.7323370000000002
1788	1.7604273333333333
1789	1.7946636666666669
1790	1.8263983333333336
