610	1.867953
611	1.864469
612	1.8548363333333335
613	1.8343930000000002
614	1.8001046666666667
615	1.7543076666666666
616	1.7035316666666667
617	1.6584240000000001
618	1.6283453333333333
619	1.6156326666666667
620	1.6182573333333332
621	1.631353
622	1.6510136666666666
623	1.67779
624	1.7121623333333333
625	1.7499003333333334
626	1.7848976666666667
627	1.8121080000000003
628	1.8309440000000001
629	1.8494523333333333
630	1.8746123333333333
631	1.902685
632	1.9277856666666666
633	1.949745
634	1.9679480000000003
635	1.975127
636	1.9667193333333333
637	1.951008
638	1.9377616666666666
639	1.927134
640	1.9159303333333333
641	1.9034683333333335
642	1.891333666666667
643	1.8829733333333336
644	1.8797553333333337
645	1.8764980000000002
646	1.8660736666666664
647	1.8436833333333333
648	1.8082379999999998
649	1.764815
650	1.722030333333333
651	1.690051
652	1.6737646666666666
653	1.66521
654	1.6578473333333335
655	1.6605330000000003
656	1.6823683333333332
657	1.7173666666666667
658	1.7563356666666667
659	1.7983383333333331
660	1.8453993333333332
661	1.8969563333333332
662	1.9478339999999998
663	1.9860016666666667
664	2.0040133333333334
665	2.011814
666	2.025808
667	2.0589646666666663
668	2.115204
669	2.1817800000000003
670	2.241746
671	2.285122
672	2.3091606666666666
673	2.320095333333333
674	2.3259320000000003
675	2.330054666666667
676	2.331815666666667
677	2.326152
678	2.30669
679	2.268561333333333
680	2.2113506666666667
681	2.143645666666667
682	2.0793163333333333
683	2.0349596666666665
684	2.021612666666667
685	2.034534
686	2.059533666666667
687	2.076866
688	2.0718913333333333
689	2.047064666666667
690	2.014732
691	1.9922936666666669
692	1.9911563333333333
693	2.004494666666667
694	2.0180149999999997
695	2.019002333333334
696	2.001862
697	1.9749480000000001
698	1.9500300000000002
699	1.9329766666666666
700	1.9253806666666666
701	1.925633333333333
702	1.9327793333333332
703	1.9495956666666667
704	1.9755313333333335
705	1.998706
706	2.0055520000000002
707	1.9907923333333333
708	1.9583363333333335
709	1.9240210000000002
710	1.9015686666666667
711	1.8886663333333331
712	1.8789263333333333
713	1.8732496666666667
714	1.8779553333333334
715	1.9032269999999998
716	1.955037333333333
717	2.0260473333333335
718	2.1037643333333333
719	2.1772799999999997
720	2.2388296666666667
721	2.2855553333333334
722	2.315068
723	2.322142
724	2.30646
725	2.282553333333333
726	2.2722073333333332
727	2.2980346666666667
728	2.3726326666666666
729	2.484928
730	2.614253
731	2.741842333333333
732	2.8575543333333333
733	2.9683416666666664
734	3.0875403333333336
735	3.226352666666666
736	3.392077333333333
737	3.585499333333333
738	3.8020659999999995
739	4.031439
740	4.264926
741	4.503033333333334
742	4.749337333333333
743	5.004211
744	5.259143333333332
745	5.4889676666666665
746	5.666498666666667
747	5.776871
748	5.8157863333333335
749	5.791162666666667
750	5.719061
751	5.622385
752	5.5194796666666655
753	5.411295
754	5.288420666666666
755	5.135121333333333
756	4.937112666666667
757	4.689907
758	4.401187
759	4.096383
760	3.800923333333333
761	3.5227283333333332
762	3.259719333333334
763	3.005471
764	2.758948
765	2.534688
766	2.350305
767	2.2144786666666665
768	2.1284636666666668
769	2.0854343333333336
770	2.0732890000000004
771	2.0755053333333335
772	2.0782523333333334
773	2.0783593333333337
774	2.079711
775	2.091465666666667
776	2.1209613333333333
777	2.166122666666667
778	2.2179090000000006
779	2.261356333333333
780	2.286418333333333
781	2.2996709999999996
782	2.3121470000000004
783	2.328107333333333
784	2.3458210000000004
785	2.357482
786	2.356228666666667
787	2.342985333333333
788	2.3216813333333333
789	2.295291333333333
790	2.2666336666666664
791	2.239188
792	2.2140456666666664
793	2.18598
794	2.1477033333333333
795	2.094230666666667
796	2.0279723333333335
797	1.9654406666666666
798	1.9232863333333334
799	1.9039533333333334
800	1.899104
801	1.8910733333333334
802	1.8677606666666666
803	1.8383090000000002
804	1.81773
805	1.8126923333333336
806	1.8218176666666668
807	1.8348326666666668
808	1.842459
809	1.8459513333333335
810	1.8497366666666668
811	1.854916666666667
812	1.8621066666666668
813	1.8744233333333333
814	1.8939243333333335
815	1.9174570000000002
816	1.9396473333333335
817	1.956
818	1.9683523333333335
819	1.9912503333333333
820	2.036042666666667
821	2.0937539999999997
822	2.145640666666667
823	2.1721536666666665
824	2.1637476666666666
825	2.1338753333333336
826	2.103216
827	2.0858470000000002
828	2.0869663333333333
829	2.098851333333333
830	2.11022
831	2.114283
832	2.1098253333333337
833	2.103524666666667
834	2.1045156666666665
835	2.119438
836	2.148493333333333
837	2.179714333333333
838	2.1974446666666667
839	2.1903116666666667
840	2.1569746666666667
841	2.11426
842	2.0819710000000002
843	2.0687973333333334
844	2.076445666666667
845	2.1018333333333334
846	2.137585
847	2.170939333333333
848	2.1921676666666667
849	2.2034546666666666
850	2.2090606666666663
851	2.206468
852	2.1939659999999996
853	2.1785129999999997
854	2.165630666666667
855	2.1489873333333334
856	2.121888
857	2.089091
858	2.0601766666666665
859	2.043393
860	2.0414790000000003
861	2.0466153333333335
862	2.0501206666666665
863	2.051747333333333
864	2.0552853333333334
865	2.064908
866	2.083568
867	2.1110356666666665
868	2.1427416666666668
869	2.1679196666666667
870	2.1803103333333334
871	2.1892133333333335
872	2.202294333333333
873	2.2083916666666665
874	2.195352
875	2.1683773333333334
876	2.1406020000000003
877	2.1246810000000003
878	2.1266203333333333
879	2.138649
880	2.1508339999999997
881	2.161816
882	2.174333666666667
883	2.190897
884	2.209247
885	2.2173819999999997
886	2.205252
887	2.177100333333333
888	2.143119333333334
889	2.112491
890	2.091505
891	2.08169
892	2.08434
893	2.104126
894	2.14161
895	2.1843763333333337
896	2.2171650000000005
897	2.2320386666666665
898	2.230922666666667
899	2.2300396666666664
900	2.243713666666667
901	2.2680706666666666
902	2.2921863333333334
903	2.308101333333333
904	2.314628
905	2.322166333333333
906	2.342597333333333
907	2.3797316666666664
908	2.4319439999999997
909	2.493301
910	2.5550966666666666
911	2.6063943333333333
912	2.639219
913	2.6551169999999997
914	2.6633996666666664
915	2.681169666666667
916	2.7213706666666666
917	2.779395333333333
918	2.839770333333333
919	2.8805196666666664
920	2.8871806666666666
921	2.868425333333333
922	2.841717333333333
923	2.8210163333333336
924	2.811631333333333
925	2.803692
926	2.784803666666666
927	2.7518359999999995
928	2.7085489999999997
929	2.664639333333333
930	2.6300426666666668
931	2.6094809999999997
932	2.602412
933	2.6016806666666668
934	2.6001353333333332
935	2.5969013333333333
936	2.5937466666666666
937	2.592098333333333
938	2.5933956666666664
939	2.599568333333333
940	2.6109443333333333
941	2.6234859999999998
942	2.6311196666666663
943	2.6278496666666666
944	2.611835333333333
945	2.590425
946	2.572643333333333
947	2.5622716666666667
948	2.5605686666666663
949	2.568702
950	2.589022
951	2.625696
952	2.6779713333333333
953	2.732139666666667
954	2.7728643333333336
955	2.7945813333333334
956	2.800545333333333
957	2.8037626666666666
958	2.8163256666666667
959	2.839044
960	2.868073666666666
961	2.9002280000000003
962	2.931900333333333
963	2.957654
964	2.9748086666666667
965	2.988922333333333
966	3.0075033333333328
967	3.0337709999999998
968	3.064601333333333
969	3.087303
970	3.090519666666666
971	3.0758073333333336
972	3.0538486666666667
973	3.0425079999999998
974	3.0548039999999994
975	3.085831333333333
976	3.122805333333333
977	3.1532806666666664
978	3.170836
979	3.1818516666666663
980	3.197309
981	3.2262956666666662
982	3.2764410000000006
983	3.3537066666666666
984	3.457374333333333
985	3.5726996666666664
986	3.6812126666666667
987	3.7704653333333336
988	3.83785
989	3.8965456666666665
990	3.9609650000000003
991	4.032994666666667
992	4.108631000000001
993	4.183284333333333
994	4.252312666666667
995	4.3108493333333335
996	4.354528666666667
997	4.380893666666666
998	4.392160333333333
999	4.398683
1000	4.406725
1001	4.405184666666667
1002	4.378243333333333
1003	4.317916333333333
1004	4.229086333333333
1005	4.136974666666666
1006	4.065482666666667
1007	4.015150333333333
1008	3.97335
1009	3.921674666666667
1010	3.8470893333333325
1011	3.753314
1012	3.6484896666666664
1013	3.5346373333333325
1014	3.4140403333333333
1015	3.2967560000000002
1016	3.197046333333333
1017	3.129550666666667
1018	3.0982713333333334
1019	3.0832213333333334
1020	3.0629459999999997
1021	3.036567666666667
1022	3.0130406666666665
1023	3.0017060000000004
1024	3.004099
1025	3.0053346666666667
1026	2.992932333333333
1027	2.9758663333333333
1028	2.9679356666666665
1029	2.971884
1030	2.984319666666667
1031	3.0001233333333333
1032	3.0175170000000002
1033	3.042822333333333
1034	3.079362333333334
1035	3.1155353333333333
1036	3.135825666666667
1037	3.131712666666666
1038	3.104714
1039	3.0715869999999996
1040	3.050171333333333
1041	3.046029
1042	3.0589346666666666
1043	3.0878946666666662
1044	3.1307156666666667
1045	3.181978
1046	3.2317143333333336
1047	3.2638723333333326
1048	3.270944666666667
1049	3.2707119999999996
1050	3.2852753333333338
1051	3.3205769999999997
1052	3.3691796666666667
1053	3.410895
1054	3.4306560000000004
1055	3.4367819999999996
1056	3.4437263333333332
1057	3.4565156666666663
1058	3.476148
1059	3.504672333333333
1060	3.543378
1061	3.589705
1062	3.6363096666666666
1063	3.6695166666666665
1064	3.681001666666667
1065	3.6811286666666665
1066	3.6875210000000003
1067	3.7148879999999997
1068	3.7681756666666666
1069	3.8337830000000004
1070	3.8950063333333333
1071	3.9466213333333333
1072	3.99262
1073	4.045509000000001
1074	4.115116666666666
1075	4.1968836666666665
1076	4.278356666666666
1077	4.3435950000000005
1078	4.378637333333333
1079	4.3776980000000005
1080	4.344952666666666
1081	4.299470666666667
1082	4.263706
1083	4.252298333333333
1084	4.265659666666667
1085	4.280208
1086	4.270551666666666
1087	4.231349333333333
1088	4.1724326666666665
1089	4.1169693333333335
1090	4.083857666666667
1091	4.069909666666667
1092	4.063514666666666
1093	4.056090333333334
1094	4.042319666666667
1095	4.020880999999999
1096	3.996152
1097	3.981675
1098	3.990177666666667
1099	4.022886333333333
1100	4.071092666666667
1101	4.115497666666666
1102	4.139497333333334
1103	4.143280666666667
1104	4.137865
1105	4.141885333333334
1106	4.171479000000001
1107	4.229388999999999
1108	4.306102
1109	4.37799
1110	4.424310333333334
1111	4.445204
1112	4.455120666666668
1113	4.47999
1114	4.54409
1115	4.656418333333333
1116	4.810904
1117	4.982619333333333
1118	5.146425333333333
1119	5.294965666666666
1120	5.43117
1121	5.563249666666666
1122	5.699048666666666
1123	5.839925666666666
1124	5.974059
1125	6.067509
1126	6.095280333333333
1127	6.074607333333334
1128	6.035851999999999
1129	5.996010666666666
1130	5.957808999999999
1131	5.906812666666667
1132	5.828307333333332
1133	5.723085666666667
1134	5.598255
1135	5.459016999999999
1136	5.3062309999999995
1137	5.133996
1138	4.939067333333333
1139	4.730934666666667
1140	4.523500333333333
1141	4.3270273333333344
1142	4.142486333333332
1143	3.9553466666666663
1144	3.7608903333333332
1145	3.5905613333333335
1146	3.473820333333333
1147	3.398902333333333
1148	3.339541333333333
1149	3.279564
1150	3.2168953333333334
1151	3.1689943333333335
1152	3.151203
1153	3.1550253333333336
1154	3.1615673333333336
1155	3.153767666666667
1156	3.1277393333333334
1157	3.1059596666666667
1158	3.109700666666667
1159	3.1323706666666666
1160	3.163836333333333
1161	3.213753666666667
1162	3.2921196666666668
1163	3.3884473333333336
1164	3.483994666666667
1165	3.5629119999999994
1166	3.616825
1167	3.6506073333333333
1168	3.6719199999999996
1169	3.6820209999999998
1170	3.6791753333333332
1171	3.661816333333333
1172	3.629433333333333
1173	3.583719
1174	3.5291886666666663
1175	3.4742239999999995
1176	3.423893
1177	3.3720069999999995
1178	3.310065
1179	3.2353093333333334
1180	3.1458136666666667
1181	3.036140666666667
1182	2.9061026666666665
1183	2.7709420000000002
1184	2.6459783333333333
1185	2.5312686666666666
1186	2.421533
1187	2.3154563333333336
1188	2.2172433333333337
1189	2.1386776666666667
1190	2.089786
1191	2.0689610000000003
1192	2.0681643333333333
1193	2.0764366666666665
1194	2.0837583333333334
1195	2.0848566666666666
1196	2.078339
1197	2.0673426666666668
1198	2.0582176666666667
1199	2.0597000000000003
1200	2.073935
1201	2.0863633333333333
1202	2.083012666666667
1203	2.0684810000000002
1204	2.0581186666666667
1205	2.0722323333333335
1206	2.1251176666666667
1207	2.212859
1208	2.322883666666667
1209	2.4405976666666667
1210	2.551397
1211	2.6425506666666667
1212	2.7090380000000005
1213	2.761925
1214	2.8172303333333333
1215	2.8860829999999997
1216	2.972388333333333
1217	3.0690656666666665
1218	3.167125
1219	3.263800333333333
1220	3.359881666666667
1221	3.4573703333333334
1222	3.555803666666667
1223	3.648321
1224	3.727495666666667
1225	3.7910373333333336
1226	3.8392760000000004
1227	3.8732336666666667
1228	3.8941066666666666
1229	3.903011333333333
1230	3.900323666666667
1231	3.884851333333333
1232	3.8553743333333337
1233	3.812585
1234	3.7612366666666666
1235	3.7129293333333333
1236	3.6764636666666664
1237	3.6474813333333334
1238	3.6177449999999998
1239	3.583719666666666
1240	3.5470493333333337
1241	3.5156613333333335
1242	3.4961783333333334
1243	3.486112333333333
1244	3.4787963333333334
1245	3.4673423333333333
1246	3.4468723333333333
1247	3.4169093333333334
1248	3.3784866666666664
1249	3.3323590000000003
1250	3.283079
1251	3.243867
1252	3.225204
1253	3.2223696666666664
1254	3.223929
1255	3.218835333333333
1256	3.201138666666666
1257	3.1750813333333334
1258	3.144513333333333
1259	3.1026526666666667
1260	3.0412016666666664
1261	2.9600086666666665
1262	2.8667866666666666
1263	2.7782636666666667
1264	2.7084976666666662
1265	2.656661
1266	2.615223333333333
1267	2.576563
1268	2.5366703333333334
1269	2.499272
1270	2.471114333333333
1271	2.458172
1272	2.464455666666667
1273	2.489867
1274	2.52787
1275	2.561746333333333
1276	2.5785123333333333
1277	2.5837796666666666
1278	2.5899216666666662
1279	2.605704666666667
1280	2.634561
1281	2.672206333333333
1282	2.713183666666667
1283	2.7567396666666664
1284	2.804606
1285	2.859087333333333
1286	2.9213426666666664
1287	2.9900209999999996
1288	3.066627
1289	3.1611496666666663
1290	3.2813203333333334
1291	3.4205866666666664
1292	3.5638646666666665
1293	3.6922013333333332
1294	3.7972529999999995
1295	3.8980919999999997
1296	4.019781666666667
1297	4.173444666666667
1298	4.359605
1299	4.569065
1300	4.788125666666667
1301	5.001610333333334
1302	5.196402333333333
1303	5.365604666666667
1304	5.507730666666667
1305	5.6276676666666665
1306	5.7316096666666665
1307	5.822442
1308	5.898609333333334
1309	5.952067333333334
1310	5.9749490000000005
1311	5.966226333333334
1312	5.928974333333334
1313	5.868628666666667
1314	5.790277000000001
1315	5.696330333333333
1316	5.588818000000001
1317	5.471515333333334
1318	5.347836
1319	5.219143999999999
1320	5.0911583333333335
1321	4.981329000000001
1322	4.906429
1323	4.869406333333333
1324	4.864188333333333
1325	4.878321333333333
1326	4.900646999999999
1327	4.928594666666665
1328	4.962865
1329	5.003141666666666
1330	5.049414
1331	5.1037490000000005
1332	5.1677349999999995
1333	5.239445333333334
1334	5.313620666666667
1335	5.380934999999999
1336	5.431771
1337	5.4605076666666665
1338	5.469480999999999
1339	5.474377333333334
1340	5.486731333333334
1341	5.495441666666666
1342	5.481895
1343	5.4338516666666665
1344	5.348274
1345	5.236126
1346	5.113168
1347	4.992663666666666
1348	4.884195999999999
1349	4.791679333333334
1350	4.714934666666666
1351	4.649800666666667
1352	4.592147333333333
1353	4.541369333333333
1354	4.496612333333333
1355	4.4529646666666665
1356	4.405555666666666
1357	4.353888666666667
1358	4.299338
1359	4.243156
1360	4.186709666666667
1361	4.131857333333334
1362	4.079316333333334
1363	4.026839333333333
1364	3.9726816666666664
1365	3.918974333333334
1366	3.867148333333333
1367	3.8129993333333334
1368	3.750326333333333
1369	3.67441
1370	3.584010666666667
1371	3.484515
1372	3.3855026666666665
1373	3.299498666666667
1374	3.2365969999999997
1375	3.198097666666667
1376	3.1781
1377	3.163215666666667
1378	3.1418876666666664
1379	3.1138766666666666
1380	3.083864666666666
1381	3.056217666666666
1382	3.0328783333333336
1383	3.011349
1384	2.989772333333333
1385	2.9721443333333335
1386	2.9646573333333333
1387	2.9723013333333337
1388	2.9971096666666663
1389	3.0353746666666668
1390	3.078915
1391	3.115133333333333
1392	3.1338449999999995
1393	3.134746333333333
1394	3.122534
1395	3.103293
1396	3.0811
1397	3.054651333333333
1398	3.022088666666666
1399	2.985775
1400	2.9509513333333337
1401	2.924801
1402	2.912687
1403	2.913394666666667
1404	2.918594333333333
1405	2.9106386666666664
1406	2.874706333333333
1407	2.8119169999999993
1408	2.732769333333333
1409	2.6528219999999996
1410	2.584057
1411	2.5258023333333335
1412	2.4715719999999997
1413	2.4144516666666664
1414	2.351012
1415	2.2863383333333336
1416	2.233131
1417	2.212022
1418	2.234478333333333
1419	2.2833713333333336
1420	2.3334163333333335
1421	2.369950666666667
1422	2.39032
1423	2.4075236666666666
1424	2.4366083333333335
1425	2.482315
1426	2.5431646666666667
1427	2.614164
1428	2.689421666666666
1429	2.764175333333333
1430	2.8367636666666667
1431	2.9114136666666663
1432	2.993425
1433	3.0847336666666667
1434	3.184823333333333
1435	3.291065333333333
1436	3.3998843333333335
1437	3.5071670000000004
1438	3.6069633333333333
1439	3.689839
1440	3.748121
1441	3.7823096666666665
1442	3.8004693333333335
1443	3.8196549999999996
1444	3.8562426666666663
1445	3.916061
1446	3.9970269999999997
1447	4.0893
1448	4.17966
1449	4.254702
1450	4.306166999999999
1451	4.337781
1452	4.358292333333334
1453	4.376056999999999
1454	4.396552
1455	4.418926333333333
1456	4.435293333333333
1457	4.428811666666666
1458	4.389781999999999
1459	4.333600666666666
1460	4.283134
1461	4.25231
1462	4.242574666666666
1463	4.236701
1464	4.213673666666667
1465	4.162083666666667
1466	4.078586
1467	3.9685186666666663
1468	3.842113
1469	3.7126486666666665
1470	3.590978666666667
1471	3.4796123333333333
1472	3.3773496666666665
1473	3.2827650000000004
1474	3.1950086666666664
1475	3.114518
1476	3.043568333333333
1477	2.986924
1478	2.9458933333333333
1479	2.911426333333333
1480	2.8718206666666664
1481	2.820084666666667
1482	2.7551663333333334
1483	2.6845096666666666
1484	2.616879
1485	2.555951
1486	2.5028326666666665
1487	2.4580100000000003
1488	2.4210163333333337
1489	2.389238666666667
1490	2.3575196666666667
1491	2.3173716666666664
1492	2.2632570000000003
1493	2.1996933333333333
1494	2.1344733333333332
1495	2.0724123333333333
1496	2.0130093333333337
1497	1.9475273333333332
1498	1.8698963333333332
1499	1.7881046666666667
1500	1.7139966666666666
1501	1.653640666666667
1502	1.6072293333333334
1503	1.5681323333333332
1504	1.5306816666666667
1505	1.4977016666666667
1506	1.4737376666666666
1507	1.4585216666666665
1508	1.4490466666666668
1509	1.4416830000000003
1510	1.4365433333333333
1511	1.4420483333333332
1512	1.4630450000000002
1513	1.4881416666666667
1514	1.5026353333333335
1515	1.5018476666666667
1516	1.494179
1517	1.506095
1518	1.556275
1519	1.6281306666666666
1520	1.6941363333333335
1521	1.7379893333333334
1522	1.7553846666666666
1523	1.75726
1524	1.7610249999999998
1525	1.7839463333333332
1526	1.835497666666667
1527	1.9076606666666664
1528	1.9851883333333333
1529	2.0538696666666665
1530	2.105883
1531	2.1462193333333337
1532	2.182974333333333
1533	2.2187246666666667
1534	2.252212
1535	2.279254
1536	2.294108
1537	2.2910856666666666
1538	2.273627666666666
1539	2.265326
1540	2.2889046666666664
1541	2.3444413333333336
1542	2.4188223333333334
1543	2.492351666666667
1544	2.550099
1545	2.5936710000000005
1546	2.631974666666667
1547	2.674126666666666
1548	2.7272426666666667
1549	2.7938069999999997
1550	2.8698786666666667
1551	2.9418480000000002
1552	2.9997096666666665
1553	3.0509239999999997
1554	3.1071713333333335
1555	3.17188
1556	3.242929
1557	3.3147589999999996
1558	3.384249333333333
1559	3.4565436666666667
1560	3.537256666666667
1561	3.6248576666666668
1562	3.715952
1563	3.8100966666666665
1564	3.906480666666667
1565	4.000266333333333
1566	4.086532666666667
1567	4.164700333333333
1568	4.238589999999999
1569	4.317770333333333
1570	4.413347
1571	4.533892
1572	4.681486333333333
1573	4.846054333333333
1574	5.015081666666667
1575	5.182353333333333
1576	5.344843666666666
1577	5.499531666666667
1578	5.638431
1579	5.743409
1580	5.801038999999999
1581	5.819184666666666
1582	5.814776333333332
1583	5.803565
1584	5.793924333333333
1585	5.779271666666667
1586	5.747397333333334
1587	5.688370333333333
1588	5.599249333333334
1589	5.490373
1590	5.3761383333333335
1591	5.26691
1592	5.166732
1593	5.069667333333333
1594	4.967229
1595	4.854892333333334
1596	4.7322196666666665
1597	4.604012333333333
1598	4.477752
1599	4.361759666666666
1600	4.260670333333334
1601	4.170316
1602	4.086565666666667
1603	4.013927
1604	3.958649666666667
1605	3.9217829999999996
1606	3.9004776666666667
1607	3.888276666666666
1608	3.876691333333333
1609	3.855954333333333
1610	3.817699666666666
1611	3.758550333333334
1612	3.681739666666666
1613	3.600472
1614	3.5273536666666665
1615	3.463991666666667
1616	3.407888
1617	3.3583836666666667
1618	3.3159636666666663
1619	3.2816876666666666
1620	3.2594760000000003
1621	3.2583063333333335
1622	3.279616333333334
1623	3.3027580000000003
1624	3.303764333333333
1625	3.274306333333333
1626	3.2218113333333336
1627	3.1723483333333333
1628	3.1459376666666667
1629	3.1315093333333337
1630	3.111537666666667
1631	3.0853566666666667
1632	3.0606310000000003
1633	3.045770666666667
1634	3.0464583333333337
1635	3.0620039999999995
1636	3.0874933333333336
1637	3.114657333333333
1638	3.136183666666667
1639	3.1502526666666664
1640	3.159055666666667
1641	3.1684573333333335
1642	3.184429666666667
1643	3.209639
1644	3.243676
1645	3.282290333333333
1646	3.3192583333333334
1647	3.3483406666666666
1648	3.371048
1649	3.4053716666666665
1650	3.463452
1651	3.5279086666666664
1652	3.574588
1653	3.594710666666666
1654	3.593996
1655	3.5943426666666665
1656	3.6157733333333333
1657	3.6586356666666666
1658	3.7145666666666664
1659	3.7750006666666667
1660	3.8310723333333336
1661	3.8728113333333334
1662	3.8939346666666665
1663	3.8979573333333333
1664	3.8919136666666665
1665	3.881235666666666
1666	3.8698216666666663
1667	3.8600230000000004
1668	3.853016333333333
1669	3.8489956666666667
1670	3.850618333333333
1671	3.8663950000000002
1672	3.9006366666666663
1673	3.941781333333333
1674	3.971337666666667
1675	3.9717350000000002
1676	3.934831
1677	3.8726730000000003
1678	3.803454
1679	3.7392213333333335
1680	3.6843016666666664
1681	3.6323376666666674
1682	3.575101666666667
1683	3.5107690000000003
1684	3.4445966666666665
1685	3.3905013333333334
1686	3.3573246666666665
1687	3.3341326666666666
1688	3.3052653333333333
1689	3.2643269999999998
1690	3.210915
1691	3.1485293333333333
1692	3.0828550000000003
1693	3.02126
1694	2.9703973333333336
1695	2.9335100000000005
1696	2.910582333333333
1697	2.897312666666667
1698	2.8870673333333334
1699	2.8723676666666664
1700	2.849881
1701	2.826705666666667
1702	2.8142696666666662
1703	2.8222163333333334
1704	2.847298333333333
1705	2.8599416666666664
1706	2.833385
1707	2.7732946666666667
1708	2.69639
1709	2.611815
1710	2.525637333333333
1711	2.4457943333333336
1712	2.378722
1713	2.324579
1714	2.278202666666667
1715	2.2287966666666668
1716	2.1674136666666666
1717	2.0948666666666664
1718	2.016950666666667
1719	1.941
1720	1.8731443333333335
1721	1.8154400000000002
1722	1.7663736666666667
1723	1.7207673333333333
1724	1.6769480000000003
1725	1.644284666666667
1726	1.631629
1727	1.6358070000000002
1728	1.6516493333333335
1729	1.6809866666666669
1730	1.721984
1731	1.7571973333333335
1732	1.7684020000000003
1733	1.752403666666667
1734	1.7192563333333333
1735	1.6930806666666667
1736	1.6931793333333334
1737	1.7143293333333334
1738	1.7411006666666669
1739	1.759680666666667
1740	1.7614596666666666
1741	1.7473443333333334
1742	1.7236909999999999
1743	1.699804
1744	1.6812559999999999
1745	1.6629003333333332
1746	1.6390226666666665
1747	1.6132156666666668
1748	1.5916526666666668
1749	1.576589
1750	1.567519
1751	1.562173
1752	1.5599896666666668
1753	1.5653656666666669
1754	1.580305
1755	1.5966256666666667
1756	1.6057153333333332
1757	1.6082200000000002
1758	1.6076146666666669
1759	1.6044443333333336
1760	1.599523
1761	1.5974353333333335
1762	1.6019573333333332
1763	1.611145
1764	1.6218196666666667
1765	1.6338366666666666
1766	1.6485993333333335
1767	1.6674313333333333
1768	1.6885496666666666
1769	1.7039049999999998
1770	1.7088156666666667
1771	1.7123136666666667
1772	1.7253093333333334
1773	1.7486603333333333
1774	1.7751923333333333
1775	1.7903693333333333
1776	1.7829823333333334
1777	1.7568753333333333
1778	1.7254836666666666
1779	1.7081966666666666
1780	1.7163923333333333
1781	1.7377833333333335
1782	1.7530153333333331
1783	1.7507613333333332
1784	1.7298806666666666
1785	1.703436
1786	1.6861096666666666
1787	1.6824256666666666
1788	1.6900756666666665
1789	1.7018793333333333
1790	1.712011
