610	1.7372143333333332
611	1.7320129999999998
612	1.7334186666666669
613	1.7419433333333332
614	1.7560553333333335
615	1.7783133333333332
616	1.8083873333333333
617	1.8352376666666668
618	1.8492126666666668
619	1.8544990000000001
620	1.8584980000000002
621	1.8617956666666668
622	1.8620510000000001
623	1.8577676666666667
624	1.8492006666666665
625	1.8394570000000001
626	1.832664
627	1.8326236666666667
628	1.843212
629	1.8683063333333334
630	1.906782
631	1.946305
632	1.9747666666666668
633	1.9914610000000001
634	1.9980946666666668
635	1.9909386666666669
636	1.9702623333333333
637	1.95099
638	1.947278
639	1.9566456666666665
640	1.9703753333333334
641	1.9827253333333332
642	1.9916306666666668
643	1.9995253333333334
644	2.00878
645	2.0171973333333333
646	2.0196076666666665
647	2.0090566666666665
648	1.9815496666666668
649	1.9415566666666666
650	1.896946
651	1.8548753333333332
652	1.8207183333333332
653	1.7966793333333333
654	1.7829286666666668
655	1.7777556666666665
656	1.7776546666666664
657	1.777151
658	1.7745019999999998
659	1.7782249999999997
660	1.798067
661	1.8356916666666665
662	1.8845286666666665
663	1.9280466666666665
664	1.952526
665	1.9605059999999999
666	1.9626796666666668
667	1.9715699999999998
668	1.9949780000000001
669	2.0286356666666667
670	2.063289666666667
671	2.0902920000000003
672	2.1038213333333333
673	2.103591333333333
674	2.0926333333333336
675	2.0762566666666666
676	2.0599276666666664
677	2.047088
678	2.0372343333333336
679	2.0229559999999998
680	1.9962763333333335
681	1.9552016666666665
682	1.90449
683	1.857994666666667
684	1.8291346666666668
685	1.8211943333333336
686	1.8300783333333335
687	1.8452173333333333
688	1.8562560000000004
689	1.8594896666666667
690	1.8559946666666667
691	1.851134
692	1.851238
693	1.8608306666666667
694	1.8818403333333333
695	1.9119106666666665
696	1.9454256666666667
697	1.9736083333333334
698	1.9892076666666667
699	1.9918350000000002
700	1.9864013333333332
701	1.9829386666666666
702	1.990384
703	2.0100476666666665
704	2.0375906666666666
705	2.0635956666666666
706	2.0798373333333333
707	2.085713666666667
708	2.085277
709	2.085380333333333
710	2.0913803333333334
711	2.102617
712	2.1150873333333333
713	2.123364
714	2.124214
715	2.12081
716	2.120025
717	2.1305579999999997
718	2.1581080000000004
719	2.199665
720	2.2473596666666666
721	2.2908436666666665
722	2.3205756666666666
723	2.331367333333333
724	2.323212666666667
725	2.3038986666666665
726	2.284091
727	2.273357
728	2.277513
729	2.294999
730	2.320764
731	2.3491103333333334
732	2.376395
733	2.4040286666666666
734	2.434853
735	2.4700903333333333
736	2.5102543333333336
737	2.5561146666666663
738	2.6084316666666667
739	2.667483
740	2.7321773333333335
741	2.7988440000000003
742	2.8635313333333334
743	2.9241283333333334
744	2.978609
745	3.0234843333333337
746	3.056555666666667
747	3.080068
748	3.0963513333333337
749	3.103561333333333
750	3.0988413333333336
751	3.0816256666666666
752	3.0541540000000005
753	3.022364
754	2.990393666666667
755	2.954505666666667
756	2.907007
757	2.839555
758	2.748495
759	2.641500333333333
760	2.531110666666667
761	2.4296339999999996
762	2.345774
763	2.2805746666666664
764	2.2319193333333334
765	2.197618
766	2.1740866666666667
767	2.154356
768	2.132074666666667
769	2.1060820000000002
770	2.0798726666666667
771	2.0621286666666667
772	2.0600236666666665
773	2.072261
774	2.0935646666666665
775	2.1183236666666665
776	2.1433953333333333
777	2.1709693333333333
778	2.202646666666667
779	2.2333843333333334
780	2.2557733333333334
781	2.2641256666666667
782	2.2565523333333335
783	2.2379406666666664
784	2.2151800000000006
785	2.1931173333333334
786	2.1747799999999997
787	2.161286666666667
788	2.153039
789	2.1502046666666663
790	2.1506883333333335
791	2.147429333333333
792	2.133431
793	2.1070356666666665
794	2.071013666666667
795	2.032643
796	1.9985430000000002
797	1.9695876666666667
798	1.9445310000000002
799	1.9231593333333332
800	1.9067260000000001
801	1.8983283333333334
802	1.900143
803	1.9103656666666666
804	1.9254666666666667
805	1.941997
806	1.9574313333333335
807	1.9710303333333332
808	1.9822633333333335
809	1.989529
810	1.992525
811	1.9950096666666668
812	2.001296
813	2.0125216666666668
814	2.0257490000000002
815	2.0325293333333336
816	2.0277993333333333
817	2.01929
818	2.0161166666666666
819	2.017734
820	2.0203219999999997
821	2.0226960000000003
822	2.025033
823	2.027542
824	2.03051
825	2.034293
826	2.0373206666666666
827	2.0338876666666668
828	2.0203416666666665
829	2.001817
830	1.9855026666666666
831	1.9741863333333332
832	1.9665573333333335
833	1.957039
834	1.9422643333333331
835	1.9277746666666666
836	1.9204263333333333
837	1.9211003333333334
838	1.9281380000000001
839	1.9402413333333333
840	1.9553816666666668
841	1.9695483333333335
842	1.981154
843	1.9959273333333334
844	2.019137
845	2.047766
846	2.0766196666666668
847	2.104016
848	2.129504333333333
849	2.1516066666666664
850	2.1686259999999997
851	2.1798083333333333
852	2.1863733333333335
853	2.192967
854	2.2039133333333334
855	2.2191736666666664
856	2.2351296666666665
857	2.2446746666666666
858	2.2427916666666667
859	2.232486333333333
860	2.2191823333333334
861	2.2055106666666666
862	2.19046
863	2.1680983333333335
864	2.134081
865	2.092506
866	2.0509716666666664
867	2.0163276666666667
868	1.9926560000000002
869	1.9787173333333334
870	1.971249
871	1.9673556666666667
872	1.9638826666666667
873	1.9567793333333334
874	1.9445893333333335
875	1.9325196666666669
876	1.9256123333333333
877	1.9219439999999999
878	1.917634
879	1.9114706666666665
880	1.9034296666666668
881	1.8935153333333332
882	1.8841246666666667
883	1.8829716666666665
884	1.8964306666666666
885	1.9222443333333332
886	1.953471
887	1.9814636666666665
888	2.000555
889	2.0131563333333333
890	2.0236673333333335
891	2.0331016666666666
892	2.041187
893	2.048223
894	2.0531746666666666
895	2.0516056666666667
896	2.0417023333333333
897	2.031101
898	2.0299093333333333
899	2.0439446666666665
900	2.0730986666666666
901	2.1081493333333334
902	2.1368063333333334
903	2.1491093333333335
904	2.142008
905	2.125634666666667
906	2.112929333333333
907	2.1100646666666667
908	2.117192
909	2.128009666666667
910	2.136155666666667
911	2.1412826666666667
912	2.14683
913	2.1586896666666666
914	2.182548
915	2.2211236666666667
916	2.2731256666666666
917	2.330759333333333
918	2.383085
919	2.4188713333333336
920	2.4334143333333333
921	2.4371566666666666
922	2.445297
923	2.4682213333333336
924	2.507131333333333
925	2.5477650000000005
926	2.5744076666666666
927	2.583317
928	2.578263333333333
929	2.567736
930	2.5601410000000002
931	2.5594763333333335
932	2.5662866666666666
933	2.5774990000000004
934	2.5880703333333335
935	2.5919556666666668
936	2.5850910000000002
937	2.569018333333333
938	2.548461666666667
939	2.5297330000000002
940	2.5174706666666666
941	2.51087
942	2.505149666666667
943	2.492219666666667
944	2.4670993333333335
945	2.4351613333333333
946	2.4061133333333333
947	2.3889916666666666
948	2.3892006666666665
949	2.404767
950	2.430390666666667
951	2.4601486666666665
952	2.4877369999999996
953	2.506553333333333
954	2.5130026666666665
955	2.510802
956	2.506229666666666
957	2.503932
958	2.5050616666666667
959	2.5049186666666663
960	2.4993746666666667
961	2.4914166666666664
962	2.4875149999999997
963	2.494248333333333
964	2.5129696666666668
965	2.533382333333334
966	2.543648
967	2.54026
968	2.5263329999999997
969	2.5110346666666663
970	2.501228333333333
971	2.4932323333333333
972	2.482545
973	2.4735639999999997
974	2.4748623333333333
975	2.494433
976	2.532714333333333
977	2.574191
978	2.6031356666666667
979	2.619402
980	2.631604666666666
981	2.651605333333333
982	2.684847333333333
983	2.7200796666666665
984	2.7456476666666667
985	2.7656279999999995
986	2.790542666666666
987	2.828809666666667
988	2.8827096666666665
989	2.9436316666666666
990	3.003363333333333
991	3.0650003333333338
992	3.1341349999999997
993	3.2100526666666664
994	3.286820333333333
995	3.3539570000000003
996	3.4057023333333336
997	3.451111666666667
998	3.5017163333333334
999	3.5591716666666673
1000	3.615407333333333
1001	3.651229
1002	3.6520669999999997
1003	3.6249713333333333
1004	3.5874286666666664
1005	3.5582493333333334
1006	3.5472766666666664
1007	3.5433570000000003
1008	3.528933999999999
1009	3.4926676666666663
1010	3.4293129999999996
1011	3.3407593333333336
1012	3.2326679999999994
1013	3.112834
1014	2.9895509999999996
1015	2.870296333333333
1016	2.760619333333333
1017	2.662392333333333
1018	2.5760680000000002
1019	2.502478
1020	2.443886333333333
1021	2.4050123333333335
1022	2.3892043333333333
1023	2.3937376666666665
1024	2.410487
1025	2.4254579999999994
1026	2.4279383333333335
1027	2.4204133333333333
1028	2.410460333333334
1029	2.404055666666667
1030	2.4050256666666665
1031	2.4143383333333333
1032	2.4308063333333334
1033	2.450855333333333
1034	2.469704666666667
1035	2.48216
1036	2.4842793333333333
1037	2.4754733333333334
1038	2.4570833333333333
1039	2.431859666666667
1040	2.404382666666667
1041	2.382031
1042	2.370735
1043	2.3702050000000003
1044	2.3768629999999997
1045	2.385939333333333
1046	2.393915333333333
1047	2.40102
1048	2.4087026666666667
1049	2.4174713333333333
1050	2.427081
1051	2.437003333333333
1052	2.4492523333333334
1053	2.4715993333333333
1054	2.5106823333333335
1055	2.5646726666666666
1056	2.628094
1057	2.6959069999999996
1058	2.7657533333333335
1059	2.840171333333333
1060	2.919806
1061	2.996332333333333
1062	3.0602713333333336
1063	3.1089670000000003
1064	3.1452473333333337
1065	3.177243333333333
1066	3.212451
1067	3.2521126666666667
1068	3.295708
1069	3.345044
1070	3.4029176666666667
1071	3.4710883333333333
1072	3.545669
1073	3.6112770000000003
1074	3.652981
1075	3.6687576666666666
1076	3.6654916666666666
1077	3.6569133333333332
1078	3.6540983333333332
1079	3.6559486666666663
1080	3.6577696666666664
1081	3.6588410000000002
1082	3.660328
1083	3.6628296666666667
1084	3.663919
1085	3.6552406666666664
1086	3.629160666666667
1087	3.586037333333333
1088	3.532795666666667
1089	3.482837
1090	3.446367
1091	3.4202246666666665
1092	3.397126333333333
1093	3.3738023333333333
1094	3.349667
1095	3.3256046666666665
1096	3.3022643333333335
1097	3.2786623333333336
1098	3.254105333333333
1099	3.230008666666667
1100	3.2066056666666665
1101	3.1795363333333335
1102	3.1455560000000005
1103	3.108856333333333
1104	3.077502
1105	3.0605823333333335
1106	3.064101
1107	3.085888
1108	3.1182886666666665
1109	3.149429
1110	3.1700946666666665
1111	3.1811396666666667
1112	3.187738
1113	3.1951956666666668
1114	3.2099349999999998
1115	3.2409693333333336
1116	3.294658
1117	3.3682326666666667
1118	3.453367
1119	3.5382843333333334
1120	3.613355666666667
1121	3.676789666666666
1122	3.7288366666666666
1123	3.7668193333333333
1124	3.7885853333333332
1125	3.796393666666667
1126	3.793073333333333
1127	3.7781436666666663
1128	3.749450666666667
1129	3.704667333333333
1130	3.643527666666667
1131	3.5705216666666666
1132	3.491770666666667
1133	3.4120530000000002
1134	3.3323840000000002
1135	3.246623666666667
1136	3.1471093333333333
1137	3.030113333333333
1138	2.897599333333333
1139	2.760376
1140	2.630851333333333
1141	2.516209
1142	2.418385
1143	2.3328416666666665
1144	2.254534
1145	2.183604
1146	2.124482
1147	2.0858296666666662
1148	2.075134333333333
1149	2.0925673333333332
1150	2.1305110000000003
1151	2.171240333333333
1152	2.199013
1153	2.2128566666666667
1154	2.2211896666666666
1155	2.2385376666666668
1156	2.275344666666667
1157	2.3270639999999996
1158	2.3820853333333334
1159	2.427831
1160	2.4552129999999996
1161	2.464189
1162	2.463608333333333
1163	2.473090333333334
1164	2.507301
1165	2.558757
1166	2.609189666666667
1167	2.6383633333333334
1168	2.632150333333333
1169	2.5920870000000003
1170	2.5300823333333335
1171	2.4661896666666667
1172	2.4180236666666666
1173	2.3894930000000003
1174	2.3734243333333334
1175	2.3515146666666666
1176	2.3085486666666664
1177	2.2470380000000003
1178	2.1776883333333337
1179	2.1121516666666666
1180	2.0608066666666667
1181	2.0302283333333335
1182	2.0186786666666667
1183	2.0092936666666668
1184	1.9844660000000003
1185	1.9404076666666668
1186	1.8843363333333336
1187	1.834126
1188	1.8058640000000004
1189	1.8014206666666666
1190	1.8151726666666668
1191	1.8386186666666668
1192	1.8631146666666667
1193	1.8822666666666668
1194	1.8947023333333335
1195	1.9082556666666666
1196	1.9321960000000002
1197	1.9697269999999998
1198	2.018339
1199	2.068948
1200	2.1128393333333335
1201	2.1486496666666666
1202	2.1803833333333333
1203	2.216791666666667
1204	2.266421666666667
1205	2.3325663333333333
1206	2.412798
1207	2.497056333333333
1208	2.5753423333333334
1209	2.6453853333333335
1210	2.7101946666666668
1211	2.7766533333333334
1212	2.8492676666666665
1213	2.923683666666667
1214	2.992998666666667
1215	3.053748
1216	3.1071756666666666
1217	3.1614923333333333
1218	3.2257226666666665
1219	3.3036533333333336
1220	3.393273333333333
1221	3.4846573333333337
1222	3.565919
1223	3.628453
1224	3.6674026666666664
1225	3.6834249999999997
1226	3.6818013333333335
1227	3.6731833333333332
1228	3.668179666666667
1229	3.6715476666666667
1230	3.6802609999999993
1231	3.6801023333333336
1232	3.660532
1233	3.6302156666666665
1234	3.603357
1235	3.586626
1236	3.5764866666666664
1237	3.555154
1238	3.508494666666667
1239	3.4446820000000002
1240	3.380650666666667
1241	3.330327666666667
1242	3.300636
1243	3.2863070000000003
1244	3.277782666666666
1245	3.2674363333333334
1246	3.2496529999999995
1247	3.221384666666667
1248	3.183510333333333
1249	3.14366
1250	3.1111253333333333
1251	3.091959
1252	3.0863000000000005
1253	3.084132333333333
1254	3.0730346666666666
1255	3.0459213333333333
1256	3.006364
1257	2.975938
1258	2.9735283333333333
1259	2.993674
1260	3.017905333333333
1261	3.0237393333333333
1262	2.998601
1263	2.9556443333333333
1264	2.9164293333333333
1265	2.895971
1266	2.9016360000000003
1267	2.9302303333333333
1268	2.9710426666666665
1269	3.0064826666666664
1270	3.0225073333333334
1271	3.0199119999999997
1272	3.0068603333333335
1273	2.993653
1274	2.990101666666667
1275	3.0026973333333338
1276	3.0298403333333335
1277	3.0549216666666665
1278	3.0608536666666666
1279	3.0451763333333335
1280	3.019105333333333
1281	3.009093666666667
1282	3.034756333333333
1283	3.085419
1284	3.139208
1285	3.179546
1286	3.198136666666667
1287	3.199547
1288	3.1955613333333335
1289	3.202134666666667
1290	3.2330566666666662
1291	3.293065666666667
1292	3.379388
1293	3.4807796666666664
1294	3.583018
1295	3.673663
1296	3.7476786666666664
1297	3.8153086666666667
1298	3.892723
1299	3.993495333333333
1300	4.1183456666666665
1301	4.242396666666666
1302	4.34054
1303	4.412704999999999
1304	4.471318666666666
1305	4.531062666666667
1306	4.600172
1307	4.671163999999999
1308	4.7324150000000005
1309	4.778480666666667
1310	4.808619
1311	4.825914
1312	4.833073333333333
1313	4.829059666666667
1314	4.815725333333333
1315	4.805041
1316	4.808498666666666
1317	4.825443666666667
1318	4.844893666666667
1319	4.845778666666667
1320	4.815752
1321	4.7717453333333335
1322	4.737772666666667
1323	4.724227
1324	4.730814333333333
1325	4.747850000000001
1326	4.767124666666667
1327	4.791942
1328	4.826890333333333
1329	4.8676129999999995
1330	4.905894666666666
1331	4.934404333333333
1332	4.949755
1333	4.956037333333334
1334	4.957392666666666
1335	4.950910666666666
1336	4.932551666666666
1337	4.9032789999999995
1338	4.868321666666666
1339	4.836673666666667
1340	4.812120999999999
1341	4.7830569999999994
1342	4.734555666666666
1343	4.6601859999999995
1344	4.563435666666667
1345	4.461147666666666
1346	4.369920666666666
1347	4.2928619999999995
1348	4.226753666666666
1349	4.167723
1350	4.113126666666667
1351	4.0633
1352	4.021559333333333
1353	3.994717333333333
1354	3.9865969999999997
1355	3.9904843333333333
1356	3.9942089999999997
1357	3.984383333333333
1358	3.954753
1359	3.9161300000000003
1360	3.8831799999999994
1361	3.862247
1362	3.8530903333333333
1363	3.8494783333333333
1364	3.845362666666667
1365	3.840303666666667
1366	3.8340626666666666
1367	3.8211033333333333
1368	3.7945233333333332
1369	3.7503836666666666
1370	3.6904996666666667
1371	3.626349333333333
1372	3.568309666666667
1373	3.5149306666666664
1374	3.461636666666667
1375	3.4090446666666665
1376	3.36219
1377	3.329652333333333
1378	3.313673333333333
1379	3.2991503333333334
1380	3.2703649999999995
1381	3.22796
1382	3.1822209999999997
1383	3.147844666666667
1384	3.132833333333333
1385	3.126679666666667
1386	3.1170909999999994
1387	3.1061793333333334
1388	3.1021313333333334
1389	3.111414333333333
1390	3.1343813333333337
1391	3.1599996666666668
1392	3.176314666666667
1393	3.1804276666666667
1394	3.173374333333333
1395	3.1557440000000003
1396	3.126938333333333
1397	3.0851059999999997
1398	3.0319959999999995
1399	2.9787163333333337
1400	2.937344
1401	2.9124656666666664
1402	2.9023103333333333
1403	2.8981146666666664
1404	2.888412333333333
1405	2.862614
1406	2.815783333333333
1407	2.755332666666667
1408	2.694975
1409	2.6500916666666665
1410	2.6287943333333335
1411	2.6215356666666665
1412	2.615109666666666
1413	2.605533666666667
1414	2.5942793333333336
1415	2.5853596666666667
1416	2.5822089999999998
1417	2.5850993333333334
1418	2.5942050000000005
1419	2.61251
1420	2.6424366666666668
1421	2.681844
1422	2.724728333333333
1423	2.7616426666666665
1424	2.7891220000000003
1425	2.8201766666666663
1426	2.8682896666666666
1427	2.9310756666666666
1428	2.9965449999999993
1429	3.047973333333333
1430	3.0761686666666668
1431	3.0931183333333334
1432	3.1163353333333332
1433	3.1548176666666667
1434	3.211847666666667
1435	3.286953333333333
1436	3.378851666666667
1437	3.486964333333333
1438	3.606529666666667
1439	3.7225816666666667
1440	3.820191
1441	3.8955173333333333
1442	3.955325666666667
1443	4.018788333333333
1444	4.102248666666666
1445	4.203536
1446	4.3121323333333335
1447	4.417109333333333
1448	4.509463
1449	4.58452
1450	4.642890333333333
1451	4.692783666666666
1452	4.740911666666667
1453	4.783011
1454	4.8095110000000005
1455	4.810188666666667
1456	4.778901666666666
1457	4.719520333333333
1458	4.642810666666667
1459	4.565202333333334
1460	4.500497
1461	4.450398333333333
1462	4.405727333333333
1463	4.345354
1464	4.2543706666666665
1465	4.143485999999999
1466	4.031587
1467	3.9302156666666668
1468	3.8436850000000002
1469	3.7680566666666664
1470	3.696691
1471	3.6246649999999994
1472	3.550822333333333
1473	3.4806246666666665
1474	3.4213880000000003
1475	3.3776549999999994
1476	3.347892
1477	3.3197289999999997
1478	3.279747
1479	3.2230160000000003
1480	3.151087333333333
1481	3.071886
1482	2.9968963333333334
1483	2.9389930000000004
1484	2.9028403333333337
1485	2.8732550000000003
1486	2.8318736666666666
1487	2.773152666666667
1488	2.701049
1489	2.6272453333333337
1490	2.5602153333333333
1491	2.4942523333333333
1492	2.4205813333333337
1493	2.3378773333333336
1494	2.249658666666667
1495	2.162588333333334
1496	2.084122333333333
1497	2.0205143333333333
1498	1.974553
1499	1.9421869999999999
1500	1.9167103333333335
1501	1.8920946666666665
1502	1.864374
1503	1.8334240000000002
1504	1.8009203333333332
1505	1.768947
1506	1.7392929999999998
1507	1.712828
1508	1.6899616666666666
1509	1.6710796666666665
1510	1.6576446666666667
1511	1.65326
1512	1.6595016666666667
1513	1.6712743333333335
1514	1.6826303333333334
1515	1.6928356666666668
1516	1.7068243333333333
1517	1.7363793333333333
1518	1.7884966666666664
1519	1.85271
1520	1.9140229999999998
1521	1.9649606666666668
1522	2.004675
1523	2.0393333333333334
1524	2.0764829999999996
1525	2.1201896666666666
1526	2.1710746666666667
1527	2.2255796666666665
1528	2.2792310000000002
1529	2.329669
1530	2.3777826666666666
1531	2.429333333333333
1532	2.488282
1533	2.5498019999999997
1534	2.6067086666666666
1535	2.655409
1536	2.6947986666666663
1537	2.7256780000000003
1538	2.7502500000000003
1539	2.7722146666666667
1540	2.7945863333333336
1541	2.8173529999999998
1542	2.839046
1543	2.8583213333333335
1544	2.877443
1545	2.906423
1546	2.9547070000000004
1547	3.0224426666666666
1548	3.1038823333333334
1549	3.188951
1550	3.2651079999999997
1551	3.318847
1552	3.3445153333333337
1553	3.3553479999999998
1554	3.3690866666666666
1555	3.3946543333333334
1556	3.4326476666666665
1557	3.4743036666666662
1558	3.5109719999999998
1559	3.5431896666666667
1560	3.576663
1561	3.6192936666666666
1562	3.6771966666666662
1563	3.750088666666667
1564	3.8313020000000004
1565	3.9063266666666663
1566	3.9637243333333334
1567	4.006748333333333
1568	4.0448683333333335
1569	4.086939999999999
1570	4.139791666666667
1571	4.207013
1572	4.291945999999999
1573	4.399507333333333
1574	4.528031666666667
1575	4.658922333333334
1576	4.769752333333333
1577	4.847155666666666
1578	4.890633333333333
1579	4.918896
1580	4.949325333333333
1581	4.977761999999999
1582	4.992747333333334
1583	4.988461
1584	4.964943
1585	4.928560666666667
1586	4.883587333333334
1587	4.824134333333332
1588	4.745787666666667
1589	4.657934666666667
1590	4.575011333333333
1591	4.507925333333334
1592	4.457862
1593	4.408417666666667
1594	4.344656333333333
1595	4.272290666666667
1596	4.205155
1597	4.153856
1598	4.120939333333334
1599	4.095154333333334
1600	4.066263
1601	4.039444666666667
1602	4.022780333333333
1603	4.014957333333333
1604	4.009630666666667
1605	3.9996370000000003
1606	3.9838353333333334
1607	3.9746070000000007
1608	3.9826213333333333
1609	4.001038333333334
1610	4.015847333333333
1611	4.014973333333333
1612	3.992435333333333
1613	3.9536626666666668
1614	3.9082603333333337
1615	3.864284666666667
1616	3.827370666666667
1617	3.799424666666667
1618	3.779478
1619	3.763323666666667
1620	3.745125666666667
1621	3.718764666666666
1622	3.6821446666666664
1623	3.6425033333333334
1624	3.608700333333333
1625	3.583684666666666
1626	3.564561
1627	3.5416946666666664
1628	3.507816666666667
1629	3.4675346666666664
1630	3.4297866666666668
1631	3.401328
1632	3.3860316666666663
1633	3.3836639999999996
1634	3.3909943333333334
1635	3.402017
1636	3.4122383333333333
1637	3.423267
1638	3.4388546666666664
1639	3.4615730000000005
1640	3.4930486666666662
1641	3.5341606666666667
1642	3.584924333333333
1643	3.6439359999999996
1644	3.7085939999999997
1645	3.7751166666666665
1646	3.8409479999999996
1647	3.9074990000000005
1648	3.9771706666666664
1649	4.050502666666667
1650	4.125443
1651	4.196167666666667
1652	4.25709
1653	4.3070710000000005
1654	4.348377
1655	4.386425666666667
1656	4.4256079999999995
1657	4.465023666666666
1658	4.501444666666667
1659	4.531743666666666
1660	4.553823333333334
1661	4.567563
1662	4.5729906666666675
1663	4.569136333333334
1664	4.558909
1665	4.554727333333333
1666	4.566852
1667	4.590696333333334
1668	4.613692333333334
1669	4.621104333333333
1670	4.607644666666667
1671	4.590358000000001
1672	4.585237
1673	4.583816666666667
1674	4.569778666666667
1675	4.534595333333333
1676	4.4784603333333335
1677	4.412389999999999
1678	4.3468436666666666
1679	4.281028333333333
1680	4.211669
1681	4.141465666666667
1682	4.075665666666667
1683	4.018506333333334
1684	3.9701456666666664
1685	3.922752666666667
1686	3.867061333333333
1687	3.7989179999999996
1688	3.7207833333333333
1689	3.6441803333333334
1690	3.5761386666666666
1691	3.505506333333333
1692	3.4221826666666666
1693	3.336786666666667
1694	3.2656153333333338
1695	3.216039
1696	3.1863173333333332
1697	3.1640956666666664
1698	3.138786666666666
1699	3.1136643333333334
1700	3.095188333333333
1701	3.0829103333333334
1702	3.072955333333333
1703	3.0609566666666663
1704	3.041878
1705	3.009728
1706	2.9624316666666664
1707	2.9077140000000004
1708	2.8541496666666664
1709	2.802640333333333
1710	2.7517413333333325
1711	2.7026779999999997
1712	2.6578736666666667
1713	2.6191443333333333
1714	2.5853859999999997
1715	2.5498353333333332
1716	2.506761
1717	2.458426333333333
1718	2.410003333333333
1719	2.3648966666666666
1720	2.322761
1721	2.2773166666666667
1722	2.2249763333333332
1723	2.1739713333333333
1724	2.134588
1725	2.1095413333333335
1726	2.095494
1727	2.0837406666666665
1728	2.0686773333333335
1729	2.056249
1730	2.051919
1731	2.0485759999999997
1732	2.036402
1733	2.013029
1734	1.9842323333333336
1735	1.965604
1736	1.9669103333333335
1737	1.9754486666666666
1738	1.9738706666666666
1739	1.957308
1740	1.9303016666666668
1741	1.904802
1742	1.8870676666666668
1743	1.8643753333333333
1744	1.8244730000000002
1745	1.7754240000000001
1746	1.733277
1747	1.7105639999999998
1748	1.7101206666666666
1749	1.7176796666666667
1750	1.7205660000000003
1751	1.7259756666666666
1752	1.744202
1753	1.7718486666666664
1754	1.7976426666666665
1755	1.8075986666666668
1756	1.7952903333333334
1757	1.7732906666666668
1758	1.7563906666666669
1759	1.7456886666666667
1760	1.7373933333333333
1761	1.7311126666666667
1762	1.7300170000000001
1763	1.7406173333333337
1764	1.7642456666666666
1765	1.7876180000000002
1766	1.7970379999999997
1767	1.7926493333333333
1768	1.7811373333333334
1769	1.7694533333333335
1770	1.7602183333333334
1771	1.746943666666667
1772	1.7239240000000002
1773	1.6963056666666665
1774	1.6734386666666667
1775	1.6629236666666667
1776	1.668713
1777	1.6885780000000001
1778	1.7183233333333332
1779	1.7548746666666666
1780	1.7936733333333332
1781	1.8255576666666666
1782	1.842159
1783	1.8420996666666667
1784	1.8301749999999999
1785	1.8180356666666664
1786	1.815971
1787	1.8246463333333334
1788	1.84066
1789	1.861029
1790	1.8835380000000002
