610	1.8036459999999999
611	1.7963103333333335
612	1.7842600000000002
613	1.7704936666666666
614	1.7569700000000001
615	1.742411666666667
616	1.7255256666666665
617	1.7083936666666668
618	1.6954723333333332
619	1.6929096666666668
620	1.7045673333333333
621	1.7274013333333333
622	1.7552816666666666
623	1.781946
624	1.8024783333333334
625	1.81502
626	1.819743
627	1.8187346666666666
628	1.815721
629	1.816325
630	1.824925
631	1.8410506666666668
632	1.8613163333333334
633	1.8805856666666667
634	1.8946680000000002
635	1.9031313333333335
636	1.9074516666666668
637	1.9096916666666666
638	1.9112293333333334
639	1.9115873333333335
640	1.9104793333333334
641	1.9099450000000002
642	1.9130796666666665
643	1.9227550000000002
644	1.9396446666666667
645	1.9594773333333335
646	1.9752750000000003
647	1.978972666666667
648	1.9652980000000002
649	1.9364390000000005
650	1.8980980000000003
651	1.8567763333333334
652	1.8190366666666669
653	1.7910493333333333
654	1.777578
655	1.7802413333333333
656	1.7976306666666668
657	1.8244453333333333
658	1.8550966666666668
659	1.8870423333333335
660	1.919322
661	1.9513459999999998
662	1.981731
663	2.007222
664	2.025201
665	2.036630333333333
666	2.045503
667	2.0589346666666666
668	2.0826196666666665
669	2.1157273333333335
670	2.1530233333333335
671	2.1857
672	2.205154333333333
673	2.206769333333334
674	2.1902506666666666
675	2.161206
676	2.1265583333333336
677	2.0905
678	2.0547446666666667
679	2.018229
680	1.979231
681	1.937188666666667
682	1.893132
683	1.8505586666666667
684	1.8142566666666669
685	1.789429
686	1.7797223333333334
687	1.7846266666666668
688	1.800509
689	1.8206306666666667
690	1.837864
691	1.8474963333333334
692	1.8492096666666666
693	1.8502466666666666
694	1.8587116666666668
695	1.877116
696	1.903614
697	1.9322626666666667
698	1.9569610000000002
699	1.9751016666666668
700	1.9863003333333333
701	1.991807
702	1.9938973333333334
703	1.9956713333333336
704	1.999
705	2.0021856666666666
706	2.0024093333333335
707	1.9980266666666666
708	1.9893733333333334
709	1.980229
710	1.9766256666666668
711	1.9860846666666667
712	2.013028666666667
713	2.0532589999999997
714	2.099015666666667
715	2.143122
716	2.181252333333333
717	2.214547666666667
718	2.244723666666667
719	2.269795
720	2.2886306666666667
721	2.305948
722	2.3275460000000003
723	2.355405
724	2.3872616666666664
725	2.415333
726	2.4323793333333334
727	2.4378633333333335
728	2.435254
729	2.4304003333333335
730	2.429242666666667
731	2.436049
732	2.455117
733	2.491839666666667
734	2.5463936666666664
735	2.606203333333333
736	2.6593703333333334
737	2.708352333333333
738	2.7615629999999998
739	2.826038666666667
740	2.9048006666666666
741	2.9935176666666665
742	3.084415
743	3.169452666666667
744	3.2457876666666667
745	3.3217583333333334
746	3.4029936666666667
747	3.4781876666666665
748	3.5336073333333333
749	3.567265
750	3.582052333333333
751	3.5794516666666665
752	3.5582356666666666
753	3.5135793333333334
754	3.4445653333333333
755	3.3622796666666668
756	3.2775426666666663
757	3.1887049999999997
758	3.091410666666667
759	2.9878980000000004
760	2.8825486666666666
761	2.777452333333333
762	2.6734109999999998
763	2.5707773333333335
764	2.469197666666666
765	2.367598333333333
766	2.26974
767	2.190567666666667
768	2.142627
769	2.121597
770	2.1162376666666667
771	2.116627
772	2.1155446666666666
773	2.1102483333333333
774	2.102741
775	2.1014303333333335
776	2.113745666666667
777	2.1384
778	2.168572666666667
779	2.194064333333333
780	2.2085726666666665
781	2.2176496666666665
782	2.230019
783	2.249574
784	2.275431666666667
785	2.301120666666667
786	2.3196996666666667
787	2.328493
788	2.327479666666666
789	2.3184070000000006
790	2.3040273333333334
791	2.287852
792	2.272966333333333
793	2.2604696666666664
794	2.248472
795	2.2304886666666666
796	2.201680333333333
797	2.1657253333333335
798	2.1311210000000003
799	2.1083376666666664
800	2.103472
801	2.110940333333333
802	2.121579
803	2.1297056666666667
804	2.132997
805	2.1327856666666665
806	2.1308213333333335
807	2.1264613333333333
808	2.118622333333333
809	2.1077619999999997
810	2.0953693333333336
811	2.0835953333333332
812	2.0744516666666666
813	2.0688736666666667
814	2.0663446666666667
815	2.064166333333333
816	2.0603543333333336
817	2.056611666666667
818	2.0558096666666668
819	2.0594580000000002
820	2.066441333333333
821	2.071177333333333
822	2.067963
823	2.0552669999999997
824	2.0343563333333337
825	2.008734666666667
826	1.9831666666666667
827	1.9631846666666666
828	1.9529863333333333
829	1.952741
830	1.959379666666667
831	1.966610666666667
832	1.9697400000000003
833	1.9708993333333336
834	1.9753873333333334
835	1.9884873333333335
836	2.0111850000000002
837	2.0350386666666664
838	2.0499786666666666
839	2.0518913333333333
840	2.04225
841	2.0290093333333337
842	2.0205276666666667
843	2.0200110000000002
844	2.0282726666666666
845	2.045836
846	2.072168
847	2.104063
848	2.1358036666666664
849	2.159032333333333
850	2.168854
851	2.1708936666666667
852	2.1737276666666667
853	2.181826666666667
854	2.194112
855	2.2017523333333333
856	2.197662
857	2.1862793333333332
858	2.17604
859	2.172651
860	2.1781013333333332
861	2.189116666666667
862	2.200936
863	2.2102566666666665
864	2.213313
865	2.204071
866	2.1793746666666665
867	2.145369333333333
868	2.112729
869	2.0926143333333336
870	2.0898079999999997
871	2.0943713333333336
872	2.0924626666666666
873	2.0764116666666665
874	2.046548
875	2.0147756666666665
876	1.9946443333333335
877	1.9919729999999998
878	2.005478
879	2.0256506666666665
880	2.0413249999999996
881	2.045433
882	2.0347090000000003
883	2.0106903333333332
884	1.9793803333333333
885	1.952257666666667
886	1.9389463333333334
887	1.9391443333333336
888	1.945972
889	1.9480323333333334
890	1.9387800000000002
891	1.926757
892	1.9245283333333334
893	1.9382896666666667
894	1.9669539999999999
895	1.999763
896	2.0249176666666666
897	2.037751
898	2.0395633333333336
899	2.037795666666667
900	2.0399716666666667
901	2.048156333333333
902	2.0625763333333333
903	2.0847303333333334
904	2.1156723333333334
905	2.153615666666667
906	2.1940193333333333
907	2.2293503333333335
908	2.2554046666666667
909	2.2783336666666667
910	2.3059499999999997
911	2.3391266666666666
912	2.3727313333333333
913	2.395693333333333
914	2.400253666666667
915	2.3920486666666667
916	2.382706333333333
917	2.383547666666667
918	2.399407666666667
919	2.4213020000000003
920	2.438028666666667
921	2.447081333333333
922	2.4515186666666664
923	2.4577196666666663
924	2.4704699999999997
925	2.488037666666667
926	2.5064996666666666
927	2.5231513333333333
928	2.534234666666667
929	2.5323583333333337
930	2.5122780000000002
931	2.477764666666667
932	2.4384373333333333
933	2.4078340000000003
934	2.395942666666667
935	2.400656
936	2.412874666666667
937	2.4199166666666665
938	2.413332333333334
939	2.397518
940	2.3820020000000004
941	2.3748823333333333
942	2.379217666666667
943	2.388468
944	2.393651
945	2.3897846666666664
946	2.376322
947	2.358797
948	2.3462296666666664
949	2.349413
950	2.374976666666667
951	2.4180926666666664
952	2.468011333333333
953	2.5120976666666666
954	2.5417703333333335
955	2.559244333333333
956	2.5710676666666665
957	2.5826106666666666
958	2.5943189999999996
959	2.5972939999999998
960	2.5828936666666666
961	2.5527386666666665
962	2.516156666666667
963	2.489117333333333
964	2.483836
965	2.4975066666666663
966	2.520162
967	2.5405136666666666
968	2.5491033333333335
969	2.541859
970	2.521414333333334
971	2.500457
972	2.492652
973	2.5035963333333333
974	2.5304003333333336
975	2.5594419999999998
976	2.5782936666666663
977	2.587928333333333
978	2.597496
979	2.620646333333333
980	2.665747333333333
981	2.7249489999999996
982	2.7834350000000003
983	2.8271476666666664
984	2.848981333333333
985	2.8564933333333333
986	2.8624146666666666
987	2.876921
988	2.906940333333333
989	2.954639
990	3.0168279999999994
991	3.082803666666667
992	3.143165333333333
993	3.1986739999999996
994	3.2531470000000007
995	3.3067366666666667
996	3.3553556666666666
997	3.389967
998	3.4059296666666667
999	3.413123
1000	3.4231833333333332
1001	3.4369546666666664
1002	3.4491829999999997
1003	3.4522276666666665
1004	3.441146
1005	3.4188080000000003
1006	3.3891283333333337
1007	3.3506660000000004
1008	3.300239
1009	3.2365026666666665
1010	3.160346333333333
1011	3.075504
1012	2.9848299999999997
1013	2.8869516666666666
1014	2.783228333333333
1015	2.6854896666666668
1016	2.6074246666666667
1017	2.5555853333333336
1018	2.5272053333333333
1019	2.5060916666666664
1020	2.4776496666666663
1021	2.4440939999999998
1022	2.4155016666666667
1023	2.402341333333333
1024	2.4097166666666663
1025	2.430900666666666
1026	2.456411
1027	2.4819659999999995
1028	2.5053043333333327
1029	2.523200333333333
1030	2.532923
1031	2.5343846666666665
1032	2.530183333333333
1033	2.5262633333333335
1034	2.5277779999999996
1035	2.534713
1036	2.5440529999999995
1037	2.551213333333333
1038	2.5524716666666665
1039	2.5474506666666663
1040	2.537310666666666
1041	2.523391666666667
1042	2.5065326666666663
1043	2.4866086666666667
1044	2.464665
1045	2.445423
1046	2.434814
1047	2.4375853333333333
1048	2.455508666666667
1049	2.4845213333333334
1050	2.5167926666666665
1051	2.541909
1052	2.552953
1053	2.553474
1054	2.5509159999999995
1055	2.5512133333333336
1056	2.5583726666666666
1057	2.5738926666666666
1058	2.5979650000000003
1059	2.6299366666666666
1060	2.6677926666666663
1061	2.707019
1062	2.7421369999999996
1063	2.7681109999999998
1064	2.782080333333333
1065	2.7858576666666663
1066	2.7838139999999996
1067	2.781829666666667
1068	2.7868516666666667
1069	2.806588666666667
1070	2.844966666666666
1071	2.8962889999999994
1072	2.9507846666666664
1073	2.9991633333333336
1074	3.0358853333333333
1075	3.0631596666666665
1076	3.085413333333333
1077	3.104675
1078	3.1220183333333327
1079	3.139105333333333
1080	3.1580289999999995
1081	3.1809836666666667
1082	3.2088573333333335
1083	3.2393686666666666
1084	3.268798
1085	3.2932396666666666
1086	3.309288333333333
1087	3.314818
1088	3.309060333333333
1089	3.293551666666666
1090	3.2736789999999996
1091	3.2610609999999998
1092	3.265093333333333
1093	3.2835699999999997
1094	3.307737333333333
1095	3.3259279999999998
1096	3.330706666666667
1097	3.3267293333333328
1098	3.322661
1099	3.3240616666666662
1100	3.3322676666666666
1101	3.3427313333333335
1102	3.3512956666666667
1103	3.3602106666666667
1104	3.3733830000000005
1105	3.3918156666666666
1106	3.414476
1107	3.438859666666666
1108	3.4625179999999998
1109	3.484462333333333
1110	3.5046800000000005
1111	3.5241513333333327
1112	3.5458586666666667
1113	3.576471333333333
1114	3.623036
1115	3.6895949999999997
1116	3.7766743333333337
1117	3.8794373333333327
1118	3.988822
1119	4.091744333333333
1120	4.179406
1121	4.256747
1122	4.333330333333333
1123	4.4147913333333335
1124	4.497495999999999
1125	4.561921333333332
1126	4.592072666666667
1127	4.595584666666666
1128	4.587736333333333
1129	4.576872666666667
1130	4.563889666666667
1131	4.540554
1132	4.49674
1133	4.426837333333333
1134	4.330013666666667
1135	4.2115686666666665
1136	4.078072
1137	3.933302666666667
1138	3.7803173333333335
1139	3.6233760000000004
1140	3.4659256666666667
1141	3.3081829999999997
1142	3.149658666666667
1143	2.992213
1144	2.8443709999999998
1145	2.7265363333333332
1146	2.6538373333333336
1147	2.617474
1148	2.600613666666667
1149	2.5921653333333334
1150	2.585383333333333
1151	2.5769539999999997
1152	2.566648333333333
1153	2.558702333333333
1154	2.560568666666667
1155	2.581992666666667
1156	2.625759
1157	2.676895333333333
1158	2.71877
1159	2.7488639999999998
1160	2.772276333333333
1161	2.7965999999999998
1162	2.826725333333333
1163	2.8596749999999997
1164	2.890436333333333
1165	2.917135333333333
1166	2.9392806666666664
1167	2.9558556666666664
1168	2.9637806666666666
1169	2.9565550000000003
1170	2.9318130000000004
1171	2.899911
1172	2.8732956666666665
1173	2.855878666666667
1174	2.843379333333333
1175	2.8223390000000004
1176	2.782996333333333
1177	2.7325683333333335
1178	2.682398666666666
1179	2.6359559999999997
1180	2.5916449999999998
1181	2.5450073333333334
1182	2.4927053333333333
1183	2.4363316666666663
1184	2.3788316666666667
1185	2.32116
1186	2.2622513333333334
1187	2.1991099999999997
1188	2.1322646666666665
1189	2.071904
1190	2.028523
1191	2.003258666666667
1192	1.9904753333333332
1193	1.9790863333333335
1194	1.960864
1195	1.9392576666666668
1196	1.9225396666666665
1197	1.9181376666666667
1198	1.9301873333333335
1199	1.956783666666667
1200	1.9951303333333334
1201	2.046026
1202	2.109856
1203	2.181938333333333
1204	2.254013
1205	2.3155256666666664
1206	2.3618083333333333
1207	2.403593
1208	2.4541086666666665
1209	2.5166863333333334
1210	2.5878256666666664
1211	2.65943
1212	2.727904333333333
1213	2.8034350000000003
1214	2.895520666666667
1215	2.997859
1216	3.095902666666667
1217	3.1733909999999996
1218	3.2229696666666667
1219	3.2584726666666666
1220	3.297405
1221	3.344649
1222	3.39858
1223	3.4561873333333333
1224	3.5157583333333333
1225	3.5789523333333335
1226	3.6462746666666668
1227	3.7124713333333332
1228	3.7723970000000002
1229	3.827175333333334
1230	3.880888
1231	3.937281666666667
1232	3.9939210000000003
1233	4.035218333333334
1234	4.045788333333333
1235	4.024724333333333
1236	3.9841450000000003
1237	3.950219333333333
1238	3.942687333333334
1239	3.9530906666666663
1240	3.9624146666666675
1241	3.956231
1242	3.9275460000000004
1243	3.8807959999999997
1244	3.8251816666666674
1245	3.769789
1246	3.720984333333334
1247	3.679343333333333
1248	3.6423506666666667
1249	3.6060286666666665
1250	3.5667446666666667
1251	3.5230693333333334
1252	3.476335666666667
1253	3.432087666666667
1254	3.3970543333333336
1255	3.3759679999999994
1256	3.367141666666667
1257	3.3567893333333334
1258	3.332658
1259	3.2982186666666666
1260	3.264807333333333
1261	3.2450746666666666
1262	3.244963666666667
1263	3.254588
1264	3.2609240000000006
1265	3.2595603333333334
1266	3.2516753333333335
1267	3.2417683333333334
1268	3.232486333333333
1269	3.2196956666666665
1270	3.1994823333333335
1271	3.1753479999999996
1272	3.1539616666666666
1273	3.141416333333333
1274	3.141391
1275	3.1529786666666664
1276	3.174329666666667
1277	3.205650666666666
1278	3.2463800000000003
1279	3.2917439999999996
1280	3.3344926666666668
1281	3.3665543333333336
1282	3.3849513333333334
1283	3.3989199999999995
1284	3.4196500000000007
1285	3.450454333333333
1286	3.489031666666667
1287	3.529052666666667
1288	3.568073
1289	3.6159770000000004
1290	3.6847393333333334
1291	3.7784039999999997
1292	3.8947263333333337
1293	4.025355333333334
1294	4.160795
1295	4.294617333333333
1296	4.422963
1297	4.5447913333333325
1298	4.661015333333333
1299	4.774457
1300	4.888074666666666
1301	5.003303
1302	5.120312666666666
1303	5.237911666666667
1304	5.3544963333333335
1305	5.468703
1306	5.578941333333334
1307	5.6826186666666665
1308	5.775564666666667
1309	5.851120333333332
1310	5.90335
1311	5.9306876666666675
1312	5.9350966666666665
1313	5.922168
1314	5.897104666666667
1315	5.860908
1316	5.813336333333334
1317	5.7558620000000005
1318	5.692627999999999
1319	5.631850333333334
1320	5.580967
1321	5.541553333333333
1322	5.511972999999999
1323	5.489198666666667
1324	5.4704793333333335
1325	5.4550003333333335
1326	5.444303666666666
1327	5.443267
1328	5.456034666666667
1329	5.481656666666667
1330	5.515731
1331	5.551000666666667
1332	5.579270666666666
1333	5.5931706666666665
1334	5.589288999999999
1335	5.572572333333333
1336	5.551035000000001
1337	5.531283999999999
1338	5.516316666666666
1339	5.502520666666666
1340	5.484014666666667
1341	5.456144999999999
1342	5.415545333333334
1343	5.360570333333333
1344	5.292211
1345	5.215728666666666
1346	5.135494333333334
1347	5.049859
1348	4.956393666666667
1349	4.857352333333334
1350	4.759075666666666
1351	4.672112666666667
1352	4.605283333333333
1353	4.559288666666667
1354	4.530561333333333
1355	4.513850666666667
1356	4.504069
1357	4.497848
1358	4.493469
1359	4.491267666666667
1360	4.491950666666667
1361	4.495038
1362	4.498789666666666
1363	4.5000279999999995
1364	4.497064
1365	4.492755666666667
1366	4.489550333333334
1367	4.484294666666667
1368	4.471604666666667
1369	4.447117333333334
1370	4.410636
1371	4.369993
1372	4.332835
1373	4.298439666666666
1374	4.2626946666666665
1375	4.222550666666667
1376	4.1777516666666665
1377	4.1325959999999995
1378	4.089415333333333
1379	4.041916666666666
1380	3.9837673333333337
1381	3.917568
1382	3.850967333333333
1383	3.793615999999999
1384	3.751733
1385	3.7221423333333328
1386	3.699078333333333
1387	3.6800896666666665
1388	3.663937333333333
1389	3.6485636666666665
1390	3.6324343333333333
1391	3.61623
1392	3.600909333333333
1393	3.585762
1394	3.5685450000000003
1395	3.5454646666666667
1396	3.5139866666666664
1397	3.4760426666666664
1398	3.4354889999999996
1399	3.3961153333333334
1400	3.36076
1401	3.3302733333333334
1402	3.3039696666666667
1403	3.279196
1404	3.2499343333333335
1405	3.2049453333333333
1406	3.1372566666666666
1407	3.055247666666667
1408	2.974639333333333
1409	2.9117789999999997
1410	2.874227666666666
1411	2.849731333333333
1412	2.823172
1413	2.792512
1414	2.7620906666666665
1415	2.7369719999999997
1416	2.720559333333333
1417	2.71241
1418	2.710452
1419	2.7126123333333334
1420	2.7169353333333333
1421	2.7216276666666666
1422	2.725676
1423	2.7300636666666667
1424	2.7388743333333334
1425	2.7609960000000004
1426	2.8031216666666667
1427	2.861854
1428	2.9278536666666666
1429	2.988639333333334
1430	3.0349670000000004
1431	3.0681923333333336
1432	3.09694
1433	3.1359036666666666
1434	3.1989503333333333
1435	3.2914873333333334
1436	3.4073486666666666
1437	3.523113
1438	3.61869
1439	3.6985163333333335
1440	3.7766850000000005
1441	3.8640280000000002
1442	3.9641983333333335
1443	4.0689090000000006
1444	4.167607333333334
1445	4.2562283333333335
1446	4.334809333333332
1447	4.405986666666667
1448	4.473309333333333
1449	4.540117333333334
1450	4.6081726666666665
1451	4.675532666666667
1452	4.736300999999999
1453	4.779284666666667
1454	4.793912333333333
1455	4.777166
1456	4.7368033333333335
1457	4.696906333333334
1458	4.6781
1459	4.676823666666667
1460	4.678249666666666
1461	4.666446666666667
1462	4.629657
1463	4.5661233333333335
1464	4.481716333333333
1465	4.389956666666667
1466	4.3045306666666665
1467	4.231992666666667
1468	4.172879999999999
1469	4.120937666666666
1470	4.067042666666667
1471	4.0023393333333335
1472	3.92388
1473	3.841827
1474	3.7703903333333333
1475	3.719166333333333
1476	3.6873739999999997
1477	3.655794
1478	3.603906
1479	3.5266749999999996
1480	3.429522333333333
1481	3.326146666666667
1482	3.2336206666666665
1483	3.1683203333333334
1484	3.136200666666667
1485	3.120225666666667
1486	3.0980816666666664
1487	3.058412666666667
1488	2.9990456666666665
1489	2.926987333333333
1490	2.8504470000000004
1491	2.771990333333333
1492	2.6916673333333336
1493	2.609662
1494	2.5261663333333333
1495	2.4410233333333338
1496	2.3547963333333333
1497	2.270109
1498	2.1903626666666667
1499	2.118502
1500	2.0556273333333337
1501	1.998968
1502	1.9435743333333335
1503	1.8838396666666664
1504	1.8189696666666666
1505	1.7594666666666667
1506	1.7164556666666666
1507	1.6910030000000003
1508	1.6779806666666668
1509	1.6688863333333335
1510	1.6584933333333334
1511	1.6516180000000003
1512	1.6535223333333333
1513	1.6605146666666668
1514	1.6661266666666665
1515	1.6673793333333338
1516	1.6668333333333336
1517	1.6755583333333333
1518	1.703306
1519	1.7483926666666667
1520	1.8034983333333332
1521	1.8600816666666669
1522	1.9106890000000003
1523	1.951300666666667
1524	1.9812396666666667
1525	2.004142666666667
1526	2.0240416666666667
1527	2.0418986666666665
1528	2.0578403333333335
1529	2.073452666666667
1530	2.0917326666666667
1531	2.117272333333333
1532	2.1541733333333335
1533	2.2037216666666666
1534	2.264562666666667
1535	2.3319483333333335
1536	2.399232
1537	2.45898
1538	2.5069380000000003
1539	2.5469156666666666
1540	2.585503666666667
1541	2.627672333333333
1542	2.676713
1543	2.7337583333333337
1544	2.797205333333333
1545	2.861456333333334
1546	2.9226656666666666
1547	2.984827
1548	3.053991
1549	3.132553
1550	3.217678666666666
1551	3.298726666666667
1552	3.365606
1553	3.417227666666667
1554	3.4575299999999998
1555	3.4928866666666667
1556	3.5303136666666664
1557	3.5761073333333333
1558	3.6338969999999997
1559	3.701852666666667
1560	3.776278
1561	3.854517333333334
1562	3.934950333333333
1563	4.016999
1564	4.100032333333334
1565	4.182683333333334
1566	4.2659883333333335
1567	4.356877666666666
1568	4.460261666666667
1569	4.570341999999999
1570	4.676649
1571	4.769759
1572	4.848878333333333
1573	4.930904666666667
1574	5.031796
1575	5.147596666666667
1576	5.264706666666666
1577	5.368127666666666
1578	5.446795999999999
1579	5.499142666666667
1580	5.527109333333333
1581	5.531833000000001
1582	5.516794999999999
1583	5.492236999999999
1584	5.470333999999999
1585	5.459519666666667
1586	5.455264000000001
1587	5.428506666666666
1588	5.355535666666667
1589	5.249643
1590	5.140774666666666
1591	5.057579333333333
1592	5.009492666666667
1593	4.965771999999999
1594	4.893299333333333
1595	4.793247333333333
1596	4.681937333333334
1597	4.574375
1598	4.479368333333333
1599	4.395047666666667
1600	4.320227333333333
1601	4.264596
1602	4.233546333333334
1603	4.2110856666666665
1604	4.173972666666667
1605	4.105860666666667
1606	4.009346333333333
1607	3.9212433333333334
1608	3.8736273333333333
1609	3.8541566666666665
1610	3.8353906666666666
1611	3.8017209999999997
1612	3.7534396666666665
1613	3.712159333333333
1614	3.6936956666666667
1615	3.6807956666666666
1616	3.6506283333333336
1617	3.60164
1618	3.544035
1619	3.4916509999999996
1620	3.451474333333333
1621	3.4130469999999997
1622	3.3669306666666667
1623	3.323298666666666
1624	3.2981513333333337
1625	3.299646333333333
1626	3.3241903333333336
1627	3.350532
1628	3.3590236666666664
1629	3.3507736666666665
1630	3.3344763333333334
1631	3.3147773333333332
1632	3.2918456666666662
1633	3.261429333333333
1634	3.2244986666666664
1635	3.1974873333333336
1636	3.195695333333333
1637	3.2160903333333337
1638	3.247972666666667
1639	3.282255333333333
1640	3.315385666666667
1641	3.3536156666666663
1642	3.402632666666667
1643	3.457266
1644	3.5085716666666666
1645	3.550356
1646	3.5800396666666665
1647	3.6004186666666667
1648	3.618102
1649	3.6430430000000005
1650	3.682774666666667
1651	3.736067666666667
1652	3.798114000000001
1653	3.864693666666667
1654	3.933097
1655	4.0029726666666665
1656	4.073986333333333
1657	4.1435466666666665
1658	4.208077333333334
1659	4.264030333333333
1660	4.307714666666667
1661	4.335181333333333
1662	4.344228666666667
1663	4.337258666666667
1664	4.320116333333334
1665	4.301876
1666	4.2905853333333335
1667	4.288687333333334
1668	4.294690666666667
1669	4.303862666666666
1670	4.312587
1671	4.322300666666667
1672	4.332892666666666
1673	4.335646
1674	4.3202506666666665
1675	4.282014
1676	4.222600333333334
1677	4.152259333333333
1678	4.082029
1679	4.016435
1680	3.9560489999999997
1681	3.899148333333333
1682	3.8439959999999997
1683	3.7906983333333333
1684	3.740072
1685	3.692365333333333
1686	3.6454416666666667
1687	3.5925476666666665
1688	3.527840333333333
1689	3.4520519999999997
1690	3.3677643333333336
1691	3.2754473333333336
1692	3.1772583333333335
1693	3.081575
1694	2.9975853333333338
1695	2.929680333333333
1696	2.8775943333333336
1697	2.8353669999999997
1698	2.7963873333333327
1699	2.7580133333333334
1700	2.720358
1701	2.6857579999999994
1702	2.65727
1703	2.6371889999999993
1704	2.6239239999999997
1705	2.6083276666666664
1706	2.5840050000000003
1707	2.557876
1708	2.537336
1709	2.5174679999999996
1710	2.490090333333333
1711	2.452639
1712	2.4072869999999997
1713	2.3606249999999998
1714	2.317548
1715	2.2751386666666664
1716	2.229105
1717	2.1800946666666667
1718	2.1321613333333334
1719	2.0915250000000003
1720	2.061278
1721	2.035543
1722	2.006901
1723	1.9735310000000004
1724	1.9375860000000003
1725	1.9040660000000003
1726	1.8756693333333334
1727	1.8477056666666667
1728	1.8166766666666667
1729	1.7890940000000002
1730	1.7732820000000002
1731	1.7711683333333335
1732	1.779746
1733	1.7916950000000003
1734	1.8009460000000002
1735	1.808189
1736	1.8160086666666666
1737	1.8243376666666666
1738	1.8305283333333333
1739	1.8293516666666667
1740	1.8182543333333334
1741	1.8030323333333336
1742	1.7900686666666668
1743	1.7786229999999998
1744	1.7645203333333335
1745	1.743584
1746	1.7158000000000002
1747	1.6903416666666666
1748	1.6783789999999998
1749	1.6857523333333333
1750	1.7090736666666666
1751	1.7299579999999999
1752	1.7314713333333334
1753	1.7148976666666667
1754	1.6903640000000002
1755	1.6694463333333334
1756	1.6603939999999997
1757	1.6628596666666666
1758	1.6703386666666666
1759	1.6711706666666668
1760	1.657801
1761	1.6369996666666669
1762	1.6211240000000002
1763	1.6205313333333335
1764	1.6394910000000003
1765	1.6709166666666666
1766	1.704877
1767	1.735785666666667
1768	1.7592216666666667
1769	1.769333
1770	1.7655143333333332
1771	1.760388
1772	1.7654973333333333
1773	1.776822
1774	1.7859436666666668
1775	1.7904343333333337
1776	1.7916253333333336
1777	1.7928906666666666
1778	1.798705
1779	1.8139349999999999
1780	1.8394333333333333
1781	1.866429
1782	1.883393
1783	1.8826723333333333
1784	1.8640963333333334
1785	1.840101
1786	1.82287
1787	1.8118416666666666
1788	1.8022413333333334
1789	1.792894
1790	1.7852800000000002
