610	1.8745416666666666
611	1.8602446666666668
612	1.8541233333333333
613	1.853998
614	1.8561363333333334
615	1.857981
616	1.8595916666666668
617	1.8654456666666668
618	1.8793243333333334
619	1.8990743333333335
620	1.920347
621	1.9397936666666664
622	1.9547766666666666
623	1.9630079999999999
624	1.9623096666666664
625	1.950872
626	1.9297993333333332
627	1.906606
628	1.89032
629	1.8866740000000002
630	1.8959743333333332
631	1.9096456666666666
632	1.9176929999999999
633	1.9158253333333335
634	1.9051620000000002
635	1.8930096666666667
636	1.8857113333333333
637	1.8815953333333333
638	1.876259
639	1.8673683333333333
640	1.8551206666666666
641	1.8430316666666666
642	1.8348023333333334
643	1.8314703333333333
644	1.8333956666666666
645	1.8418816666666666
646	1.8564943333333335
647	1.8717519999999999
648	1.881271
649	1.881911333333333
650	1.87405
651	1.8627379999999998
652	1.8539313333333334
653	1.8510293333333332
654	1.8545840000000002
655	1.8615319999999997
656	1.86984
657	1.8830786666666663
658	1.905086
659	1.9345026666666665
660	1.9674996666666669
661	1.999946
662	2.0281010000000004
663	2.0493870000000003
664	2.0638053333333337
665	2.0760183333333333
666	2.0907163333333334
667	2.1078823333333334
668	2.1243563333333335
669	2.134743333333333
670	2.134929
671	2.1256733333333333
672	2.1092250000000003
673	2.086327
674	2.0568470000000003
675	2.0205023333333334
676	1.9781906666666669
677	1.9336829999999998
678	1.8923366666666668
679	1.8598036666666669
680	1.8375123333333334
681	1.817284
682	1.7910083333333335
683	1.7602653333333333
684	1.7303386666666667
685	1.7050453333333333
686	1.6872253333333336
687	1.6793556666666667
688	1.6831036666666668
689	1.698094
690	1.7202123333333335
691	1.7390979999999998
692	1.7461653333333333
693	1.743353
694	1.7385526666666669
695	1.7421693333333332
696	1.7600063333333336
697	1.7852566666666667
698	1.8072356666666665
699	1.819321
700	1.8209093333333333
701	1.8204066666666665
702	1.8263223333333334
703	1.8385323333333334
704	1.8520480000000001
705	1.8597556666666668
706	1.855977
707	1.840359
708	1.817234
709	1.7964496666666667
710	1.7889063333333333
711	1.8019976666666668
712	1.8356553333333336
713	1.8765376666666667
714	1.9104653333333335
715	1.9345863333333333
716	1.9531513333333337
717	1.974571
718	2.0042950000000004
719	2.0374926666666666
720	2.0666330000000004
721	2.088489666666667
722	2.1037086666666664
723	2.117064666666667
724	2.134021666666667
725	2.157591333333334
726	2.1881873333333335
727	2.222558
728	2.254916
729	2.2774346666666667
730	2.285238
731	2.282362
732	2.277620666666667
733	2.2814753333333337
734	2.3002380000000002
735	2.3292726666666668
736	2.3597006666666664
737	2.384063333333333
738	2.3994163333333334
739	2.4112340000000003
740	2.4269153333333335
741	2.4497373333333337
742	2.4783980000000003
743	2.505691
744	2.524793
745	2.535374
746	2.539549333333333
747	2.5385773333333335
748	2.5343403333333328
749	2.5311966666666668
750	2.532648
751	2.537519666666667
752	2.5416733333333332
753	2.5390086666666667
754	2.5244079999999993
755	2.4969826666666664
756	2.4591469999999997
757	2.416818333333333
758	2.377181666666667
759	2.3467773333333333
760	2.3287543333333334
761	2.319095
762	2.3108929999999996
763	2.2979126666666665
764	2.277225333333333
765	2.2527173333333335
766	2.231355
767	2.2201370000000002
768	2.2219283333333335
769	2.2304213333333336
770	2.237423333333333
771	2.2397113333333336
772	2.2384366666666664
773	2.2393883333333333
774	2.248286333333333
775	2.266294333333333
776	2.2919856666666667
777	2.322486333333333
778	2.353566
779	2.3791056666666663
780	2.3933856666666666
781	2.3939486666666667
782	2.3837003333333335
783	2.3742433333333333
784	2.376174
785	2.3888876666666663
786	2.4047970000000003
787	2.412096
788	2.4026906666666665
789	2.380812
790	2.3560646666666667
791	2.337728333333333
792	2.3309226666666665
793	2.331950333333333
794	2.3337703333333333
795	2.330193333333333
796	2.3159756666666667
797	2.2872026666666665
798	2.244000666666667
799	2.194777333333333
800	2.1512803333333332
801	2.1241126666666665
802	2.1169233333333333
803	2.1189386666666667
804	2.1167306666666668
805	2.105423666666667
806	2.0879553333333334
807	2.075851
808	2.079803666666667
809	2.100064666666667
810	2.129221
811	2.1531423333333333
812	2.1592563333333334
813	2.1453656666666667
814	2.1181826666666668
815	2.0943530000000004
816	2.0910230000000003
817	2.1164953333333334
818	2.1697403333333334
819	2.2372443333333334
820	2.3022473333333333
821	2.3530106666666666
822	2.385742333333333
823	2.409394666666667
824	2.4351546666666666
825	2.466781666666667
826	2.5023383333333333
827	2.534797333333333
828	2.5572066666666666
829	2.5676783333333333
830	2.5683549999999995
831	2.565556
832	2.566757333333333
833	2.5777176666666666
834	2.5987913333333332
835	2.6197299999999997
836	2.627701333333333
837	2.614789
838	2.579505333333333
839	2.5300313333333335
840	2.4781703333333334
841	2.4344856666666668
842	2.4054266666666666
843	2.3894846666666667
844	2.382055
845	2.3792813333333336
846	2.379468666666667
847	2.3846453333333333
848	2.396783666666667
849	2.4141106666666667
850	2.4335573333333334
851	2.452954666666667
852	2.470822
853	2.486058
854	2.4967633333333334
855	2.4992096666666668
856	2.4917926666666665
857	2.479697666666667
858	2.4703110000000006
859	2.468932333333333
860	2.4766393333333334
861	2.4873143333333334
862	2.494155
863	2.4957633333333336
864	2.4927196666666664
865	2.484487
866	2.469748
867	2.446941
868	2.4155383333333336
869	2.3774770000000003
870	2.334499666666667
871	2.2858273333333337
872	2.232650666666667
873	2.183426666666667
874	2.1493963333333337
875	2.1401216666666665
876	2.1578476666666666
877	2.189859666666667
878	2.219284
879	2.2348023333333336
880	2.232022666666667
881	2.216423333333333
882	2.196391666666667
883	2.177570333333333
884	2.163391333333333
885	2.1552883333333335
886	2.1536983333333333
887	2.158492
888	2.169237
889	2.1853833333333332
890	2.20732
891	2.237326
892	2.275061333333333
893	2.3121940000000003
894	2.337454333333333
895	2.3415666666666666
896	2.322432
897	2.2921883333333333
898	2.2662843333333336
899	2.2534876666666666
900	2.2559733333333334
901	2.267924
902	2.2812479999999997
903	2.2901793333333336
904	2.2908886666666666
905	2.281854
906	2.2657636666666665
907	2.25276
908	2.2531336666666664
909	2.2697096666666665
910	2.298159333333333
911	2.325770666666667
912	2.3415133333333333
913	2.346429666666667
914	2.347913666666667
915	2.3554433333333336
916	2.375715666666667
917	2.4072053333333336
918	2.442915666666667
919	2.4717623333333334
920	2.485375
921	2.4857696666666667
922	2.481889666666666
923	2.487830333333333
924	2.5144043333333332
925	2.559666
926	2.612690333333333
927	2.6550289999999994
928	2.6705093333333334
929	2.6558939999999995
930	2.6188610000000003
931	2.5788809999999995
932	2.5541080000000003
933	2.548157333333333
934	2.555032666666667
935	2.5619173333333336
936	2.5590456666666666
937	2.5499699999999996
938	2.5445306666666667
939	2.5528586666666664
940	2.5773296666666665
941	2.6031169999999997
942	2.6130903333333335
943	2.6024756666666664
944	2.576791666666667
945	2.551391333333333
946	2.536141
947	2.5199013333333338
948	2.4905806666666663
949	2.455332
950	2.429819333333333
951	2.4279186666666663
952	2.4509316666666665
953	2.474797333333333
954	2.47605
955	2.4577403333333336
956	2.4340246666666667
957	2.4164109999999996
958	2.4070006666666663
959	2.391195
960	2.3580083333333333
961	2.320783666666667
962	2.2983676666666666
963	2.296425
964	2.307112666666667
965	2.3071096666666664
966	2.2814176666666666
967	2.2485093333333337
968	2.2346030000000003
969	2.2487786666666665
970	2.283179666666667
971	2.310756
972	2.3110196666666667
973	2.296414
974	2.288211333333334
975	2.2939236666666667
976	2.3090503333333334
977	2.317539
978	2.308297666666667
979	2.2921576666666668
980	2.2856403333333333
981	2.295542
982	2.318877666666667
983	2.341594
984	2.353634333333333
985	2.3645336666666665
986	2.3897673333333334
987	2.437641666666667
988	2.504766666666667
989	2.569736333333333
990	2.6141300000000003
991	2.6437826666666666
992	2.6723670000000004
993	2.706610666666667
994	2.7476003333333336
995	2.7916613333333338
996	2.8350153333333337
997	2.8779250000000003
998	2.922225
999	2.9686619999999997
1000	3.013335333333333
1001	3.043667
1002	3.0510266666666666
1003	3.0440880000000003
1004	3.034212333333333
1005	3.021259666666666
1006	2.999350666666667
1007	2.9621139999999997
1008	2.908088333333333
1009	2.8466523333333336
1010	2.7875833333333335
1011	2.730975666666667
1012	2.6742566666666665
1013	2.6187053333333337
1014	2.5668186666666664
1015	2.519435666666667
1016	2.4760166666666668
1017	2.434642666666667
1018	2.3930853333333335
1019	2.3500693333333333
1020	2.3082116666666668
1021	2.2776270000000003
1022	2.266545
1023	2.271602666666667
1024	2.2869653333333333
1025	2.3125853333333333
1026	2.3485983333333333
1027	2.3890436666666663
1028	2.424892666666667
1029	2.446903666666666
1030	2.450575
1031	2.4422446666666664
1032	2.4311583333333333
1033	2.4221440000000003
1034	2.414412333333334
1035	2.3996709999999997
1036	2.3724826666666665
1037	2.3411706666666663
1038	2.3182853333333333
1039	2.3116203333333334
1040	2.322053
1041	2.339900333333333
1042	2.353298666666667
1043	2.355646
1044	2.344244333333333
1045	2.3198626666666664
1046	2.285100333333333
1047	2.24414
1048	2.204828
1049	2.1815153333333335
1050	2.185672
1051	2.2149870000000003
1052	2.2574723333333333
1053	2.2936193333333335
1054	2.3109593333333334
1055	2.3197383333333335
1056	2.3350673333333334
1057	2.360007
1058	2.388599666666667
1059	2.407687333333333
1060	2.4077556666666666
1061	2.3941470000000002
1062	2.3770333333333333
1063	2.362604
1064	2.3535843333333335
1065	2.349497
1066	2.3500416666666664
1067	2.357938333333333
1068	2.374743666666667
1069	2.3961776666666665
1070	2.416132666666667
1071	2.4308120000000004
1072	2.4421853333333337
1073	2.4623770000000005
1074	2.501224
1075	2.552995666666667
1076	2.604087666666667
1077	2.6393663333333333
1078	2.6510243333333334
1079	2.6488923333333334
1080	2.647755333333333
1081	2.655995
1082	2.675434
1083	2.7001109999999997
1084	2.723726666666667
1085	2.7463889999999993
1086	2.769854
1087	2.792791333333333
1088	2.8111759999999997
1089	2.8186276666666665
1090	2.8122059999999998
1091	2.799085
1092	2.7893806666666667
1093	2.7894786666666658
1094	2.8005233333333335
1095	2.8162739999999995
1096	2.8331163333333333
1097	2.8601039999999998
1098	2.9066796666666668
1099	2.969562
1100	3.035657333333333
1101	3.083309
1102	3.097107
1103	3.083958
1104	3.058507333333333
1105	3.0305586666666664
1106	3.0045226666666665
1107	2.9785396666666664
1108	2.951592333333333
1109	2.930061
1110	2.919934333333334
1111	2.9185316666666665
1112	2.919484333333333
1113	2.9171413333333334
1114	2.909302
1115	2.9001916666666667
1116	2.8930553333333338
1117	2.8828373333333333
1118	2.8640300000000005
1119	2.838994333333333
1120	2.8160266666666667
1121	2.8082403333333334
1122	2.8240136666666666
1123	2.8562269999999996
1124	2.8917226666666664
1125	2.9191546666666666
1126	2.931178
1127	2.927269333333333
1128	2.9100040000000003
1129	2.8828566666666666
1130	2.8513513333333336
1131	2.824526666666666
1132	2.806934
1133	2.789342
1134	2.759254666666667
1135	2.7107423333333327
1136	2.6434626666666667
1137	2.562905
1138	2.4764896666666667
1139	2.390673
1140	2.310561666666667
1141	2.23901
1142	2.175646
1143	2.115124
1144	2.0538013333333334
1145	1.9968503333333334
1146	1.9528500000000002
1147	1.9288556666666667
1148	1.9274136666666666
1149	1.9419666666666666
1150	1.9588533333333333
1151	1.9578563333333332
1152	1.9259523333333333
1153	1.8732043333333332
1154	1.819631
1155	1.7845723333333334
1156	1.7803890000000002
1157	1.8046246666666668
1158	1.8466263333333333
1159	1.891434
1160	1.9257726666666666
1161	1.9443963333333334
1162	1.9498323333333334
1163	1.954081
1164	1.967686
1165	1.9887446666666666
1166	2.010093
1167	2.0254076666666663
1168	2.031612
1169	2.031807
1170	2.0319106666666666
1171	2.038047
1172	2.0533170000000003
1173	2.0737686666666666
1174	2.092137
1175	2.100810666666667
1176	2.09542
1177	2.0792053333333333
1178	2.058300666666667
1179	2.037687666666667
1180	2.018518
1181	1.9948866666666665
1182	1.9611063333333334
1183	1.9191570000000002
1184	1.8757363333333332
1185	1.8402646666666667
1186	1.8200759999999998
1187	1.8152396666666666
1188	1.822302333333333
1189	1.8369530000000003
1190	1.8554626666666665
1191	1.8757730000000001
1192	1.8955039999999999
1193	1.9102870000000003
1194	1.9184989999999997
1195	1.9268030000000003
1196	1.9432166666666664
1197	1.9701683333333335
1198	2.0046006666666667
1199	2.0374106666666667
1200	2.0637703333333333
1201	2.093996
1202	2.1396553333333332
1203	2.199602
1204	2.2652926666666664
1205	2.324958666666667
1206	2.371214666666667
1207	2.409187333333333
1208	2.446743333333333
1209	2.485509
1210	2.523406
1211	2.5572666666666666
1212	2.588911
1213	2.6317573333333333
1214	2.696847
1215	2.777946
1216	2.860932
1217	2.9317236666666666
1218	2.982478333333333
1219	3.018923333333333
1220	3.051062
1221	3.0855493333333333
1222	3.1274069999999994
1223	3.181379666666667
1224	3.248024
1225	3.318167666666667
1226	3.3792659999999994
1227	3.4210806666666667
1228	3.4385783333333335
1229	3.4365156666666667
1230	3.4258823333333335
1231	3.421938333333333
1232	3.434886
1233	3.4593653333333325
1234	3.4844526666666664
1235	3.5021296666666664
1236	3.5082393333333335
1237	3.5042299999999997
1238	3.4956020000000003
1239	3.491667666666667
1240	3.5001316666666664
1241	3.5209499999999996
1242	3.5473313333333336
1243	3.565254
1244	3.563903
1245	3.5467763333333338
1246	3.5231116666666664
1247	3.5010483333333333
1248	3.488004666666667
1249	3.4907776666666663
1250	3.50979
1251	3.5313833333333333
1252	3.539883333333333
1253	3.529368333333333
1254	3.5020406666666664
1255	3.468434
1256	3.4396886666666666
1257	3.4202796666666666
1258	3.4090723333333335
1259	3.398967
1260	3.382341666666666
1261	3.356388666666667
1262	3.324235333333333
1263	3.297467666666667
1264	3.287591
1265	3.2973506666666665
1266	3.322569666666667
1267	3.352132
1268	3.373981
1269	3.3807609999999997
1270	3.37096
1271	3.351646
1272	3.331742666666667
1273	3.316162333333333
1274	3.3070296666666668
1275	3.304469666666667
1276	3.3087850000000003
1277	3.322227666666667
1278	3.346287
1279	3.3784476666666667
1280	3.4133693333333337
1281	3.443470666666667
1282	3.4628619999999994
1283	3.471851333333334
1284	3.4747873333333335
1285	3.478991666666667
1286	3.4908226666666664
1287	3.5115956666666666
1288	3.5394353333333335
1289	3.570475666666667
1290	3.6030599999999997
1291	3.6424580000000004
1292	3.6968973333333333
1293	3.7736336666666666
1294	3.8720986666666666
1295	3.9753806666666667
1296	4.065820333333333
1297	4.140727333333333
1298	4.207542
1299	4.280881
1300	4.370818333333333
1301	4.470555666666667
1302	4.567385666666667
1303	4.652204
1304	4.7207246666666665
1305	4.775325666666667
1306	4.819693666666666
1307	4.854460666666667
1308	4.880833666666666
1309	4.904503666666666
1310	4.931040333333334
1311	4.960267333333333
1312	4.9837326666666675
1313	4.981183333333333
1314	4.941340666666666
1315	4.8847673333333335
1316	4.839433333333333
1317	4.8172369999999995
1318	4.814255999999999
1319	4.8084126666666664
1320	4.781487666666667
1321	4.7411579999999995
1322	4.703717666666666
1323	4.6787529999999995
1324	4.670802
1325	4.680650333333333
1326	4.708114
1327	4.753416
1328	4.8129550000000005
1329	4.873736666666667
1330	4.921109333333334
1331	4.946641666666667
1332	4.950548666666667
1333	4.945956666666667
1334	4.9453413333333325
1335	4.947190666666666
1336	4.9446716666666655
1337	4.933206666666667
1338	4.910964333333333
1339	4.879253333333334
1340	4.8385023333333335
1341	4.7842796666666665
1342	4.711418999999999
1343	4.618449000000001
1344	4.508495999999999
1345	4.391262333333334
1346	4.276396999999999
1347	4.167066333333333
1348	4.063354666666666
1349	3.965113333333333
1350	3.8737996666666668
1351	3.794292666666667
1352	3.730917333333333
1353	3.6830426666666667
1354	3.6459323333333336
1355	3.6105
1356	3.567448
1357	3.511824666666667
1358	3.4464033333333335
1359	3.387037666666667
1360	3.350066
1361	3.339704
1362	3.351292
1363	3.3720939999999997
1364	3.3869646666666666
1365	3.383208333333333
1366	3.3552793333333337
1367	3.311551
1368	3.2649890000000004
1369	3.2252660000000004
1370	3.1971140000000005
1371	3.177753
1372	3.162163333333333
1373	3.147386333333333
1374	3.132014666666667
1375	3.1159166666666667
1376	3.0998476666666663
1377	3.0850196666666667
1378	3.0688663333333333
1379	3.0402560000000003
1380	2.990244333333333
1381	2.923951333333333
1382	2.8548566666666666
1383	2.8008716666666666
1384	2.7751833333333336
1385	2.776105333333333
1386	2.795121
1387	2.8227166666666665
1388	2.850090333333333
1389	2.8705943333333335
1390	2.880962
1391	2.883526
1392	2.881253
1393	2.8731989999999996
1394	2.857237333333333
1395	2.832956666666666
1396	2.803121333333333
1397	2.7757256666666668
1398	2.7583539999999998
1399	2.7524346666666664
1400	2.756076
1401	2.7660503333333333
1402	2.779297666666667
1403	2.793630333333333
1404	2.8034663333333336
1405	2.7951973333333333
1406	2.7588793333333332
1407	2.701602
1408	2.639846
1409	2.5936953333333332
1410	2.5755126666666666
1411	2.577179
1412	2.5849926666666665
1413	2.5927496666666663
1414	2.598470333333333
1415	2.6014850000000003
1416	2.6010590000000002
1417	2.5959216666666665
1418	2.587953666666667
1419	2.586601
1420	2.600967333333334
1421	2.6313359999999997
1422	2.670972666666667
1423	2.70685
1424	2.731645666666667
1425	2.756693
1426	2.7965079999999998
1427	2.853793
1428	2.92298
1429	2.9920463333333336
1430	3.048481333333333
1431	3.085293333333334
1432	3.1050896666666663
1433	3.127015
1434	3.1744816666666664
1435	3.2631763333333335
1436	3.39302
1437	3.5366606666666667
1438	3.666336333333333
1439	3.780005666666667
1440	3.8863760000000003
1441	3.9917743333333333
1442	4.0961913333333335
1443	4.189514
1444	4.265063666666667
1445	4.333483
1446	4.407709
1447	4.487861666666667
1448	4.565456333333334
1449	4.626745666666666
1450	4.6659603333333335
1451	4.699463
1452	4.743514
1453	4.7916756666666664
1454	4.826727333333333
1455	4.831076
1456	4.796614333333334
1457	4.736264333333333
1458	4.668182000000001
1459	4.601759666666667
1460	4.540756000000001
1461	4.485470333333334
1462	4.434609333333333
1463	4.385935666666667
1464	4.336398666666667
1465	4.281963666666667
1466	4.2194986666666665
1467	4.149041333333334
1468	4.072791666666667
1469	3.9945216666666665
1470	3.916245333333334
1471	3.8347800000000003
1472	3.7475656666666666
1473	3.6587563333333337
1474	3.5753049999999997
1475	3.5033903333333334
1476	3.445815666666667
1477	3.398294
1478	3.3516280000000003
1479	3.2926440000000006
1480	3.211474
1481	3.1103376666666667
1482	3.0018399999999996
1483	2.9091446666666663
1484	2.8462906666666665
1485	2.796800666666666
1486	2.738288
1487	2.6659823333333335
1488	2.587278333333333
1489	2.517809
1490	2.466828
1491	2.4220466666666667
1492	2.3672169999999997
1493	2.2988779999999998
1494	2.221042666666666
1495	2.141291333333333
1496	2.0673136666666667
1497	2.004184333333333
1498	1.9549903333333334
1499	1.9205733333333335
1500	1.898447
1501	1.8803193333333335
1502	1.8552783333333334
1503	1.813015
1504	1.752111
1505	1.6903930000000003
1506	1.647096
1507	1.6252296666666668
1508	1.617709
1509	1.6118473333333334
1510	1.6006846666666668
1511	1.5944030000000002
1512	1.6026436666666668
1513	1.6167426666666669
1514	1.6227813333333332
1515	1.6146186666666666
1516	1.5971273333333333
1517	1.5908473333333333
1518	1.6110873333333335
1519	1.6461480000000002
1520	1.6768766666666668
1521	1.6948613333333336
1522	1.7009739999999998
1523	1.7050763333333334
1524	1.7151539999999998
1525	1.7267923333333333
1526	1.732793
1527	1.7322996666666666
1528	1.728032
1529	1.7238233333333335
1530	1.7216636666666667
1531	1.7189476666666668
1532	1.7149623333333333
1533	1.717602
1534	1.7347483333333333
1535	1.764854666666667
1536	1.798193
1537	1.8170513333333334
1538	1.8117586666666665
1539	1.7983493333333334
1540	1.7981506666666665
1541	1.8184676666666666
1542	1.8569236666666666
1543	1.9042636666666666
1544	1.9531913333333333
1545	2.006656
1546	2.069086
1547	2.137878
1548	2.2075723333333332
1549	2.2738093333333333
1550	2.334617666666667
1551	2.3920446666666666
1552	2.4487653333333332
1553	2.505028333333333
1554	2.5599653333333334
1555	2.6128283333333338
1556	2.663705666666667
1557	2.7143333333333337
1558	2.7664063333333333
1559	2.819899666666667
1560	2.8738676666666665
1561	2.927105
1562	2.978936666666667
1563	3.029985333333333
1564	3.080265
1565	3.1273226666666663
1566	3.1694906666666665
1567	3.2093976666666664
1568	3.250571
1569	3.294122
1570	3.339112333333333
1571	3.3825263333333337
1572	3.421385
1573	3.4549609999999995
1574	3.485422333333333
1575	3.5191503333333336
1576	3.5622336666666667
1577	3.6153623333333336
1578	3.672232666666667
1579	3.7165933333333334
1580	3.735757333333334
1581	3.7349576666666664
1582	3.7261113333333338
1583	3.7180380000000004
1584	3.7143403333333334
1585	3.710285333333333
1586	3.697006
1587	3.6646996666666665
1588	3.609164
1589	3.5398473333333333
1590	3.4713436666666664
1591	3.4160006666666667
1592	3.379160333333333
1593	3.352951
1594	3.3266099999999996
1595	3.2957573333333334
1596	3.260250333333333
1597	3.2230653333333334
1598	3.189689
1599	3.1681440000000003
1600	3.1620856666666666
1601	3.162777333333333
1602	3.158664
1603	3.1443916666666665
1604	3.1202110000000003
1605	3.0929193333333336
1606	3.0732746666666664
1607	3.0742139999999996
1608	3.1015673333333336
1609	3.1428833333333333
1610	3.1808943333333333
1611	3.206051
1612	3.2181676666666665
1613	3.229567333333333
1614	3.2507859999999997
1615	3.276217
1616	3.2940173333333336
1617	3.294798333333333
1618	3.2736903333333336
1619	3.2335136666666666
1620	3.183117666666667
1621	3.1375056666666663
1622	3.109363666666667
1623	3.100077333333333
1624	3.105515666666667
1625	3.1201193333333332
1626	3.138043
1627	3.1536066666666667
1628	3.1616046666666664
1629	3.1581356666666665
1630	3.1426793333333336
1631	3.1212899999999997
1632	3.1015586666666666
1633	3.088240333333333
1634	3.0848519999999997
1635	3.0951530000000003
1636	3.1228849999999997
1637	3.171107333333333
1638	3.240869333333333
1639	3.3289326666666663
1640	3.428463
1641	3.5288036666666662
1642	3.6210466666666665
1643	3.7040699999999998
1644	3.7803613333333335
1645	3.852933333333333
1646	3.9242866666666663
1647	3.995918333333333
1648	4.07078
1649	4.155521333333333
1650	4.252333999999999
1651	4.3495989999999995
1652	4.4332910000000005
1653	4.498232333333333
1654	4.547035
1655	4.590540333333333
1656	4.638166333333333
1657	4.688307333333333
1658	4.734703
1659	4.771765666666667
1660	4.796190999999999
1661	4.808975333333334
1662	4.814418333333332
1663	4.820005999999999
1664	4.831384
1665	4.8469006666666665
1666	4.861906666666667
1667	4.87226
1668	4.875433999999999
1669	4.872019666666667
1670	4.865662333333334
1671	4.863516
1672	4.869337
1673	4.875514333333333
1674	4.869834333333333
1675	4.841459666666667
1676	4.786026333333334
1677	4.712347333333333
1678	4.633951000000001
1679	4.561940333333333
1680	4.502372666666667
1681	4.452347999999999
1682	4.404237
1683	4.348597333333333
1684	4.280208666666667
1685	4.204586666666667
1686	4.1275173333333335
1687	4.045049
1688	3.9522086666666665
1689	3.8518319999999995
1690	3.749503666666667
1691	3.6489486666666666
1692	3.5530246666666665
1693	3.464767333333333
1694	3.386602
1695	3.3190709999999997
1696	3.260835333333333
1697	3.208117666666667
1698	3.1568013333333336
1699	3.104526333333333
1700	3.051114666666667
1701	2.9997253333333327
1702	2.9549986666666666
1703	2.921095666666666
1704	2.895923
1705	2.8645243333333337
1706	2.8160559999999997
1707	2.7613713333333334
1708	2.714021666666666
1709	2.671909333333333
1710	2.6284956666666663
1711	2.583818
1712	2.5424246666666663
1713	2.511153666666667
1714	2.490826333333333
1715	2.467057666666667
1716	2.425764
1717	2.3689226666666663
1718	2.305851
1719	2.2458113333333336
1720	2.1935786666666663
1721	2.1446826666666667
1722	2.093583
1723	2.041598
1724	1.99454
1725	1.9607519999999998
1726	1.9437656666666667
1727	1.9343726666666665
1728	1.9237456666666668
1729	1.9162963333333334
1730	1.918352666666667
1731	1.926707333333333
1732	1.9329163333333335
1733	1.9273609999999999
1734	1.9071790000000002
1735	1.885596
1736	1.8788723333333335
1737	1.8936566666666668
1738	1.927189
1739	1.9654756666666668
1740	1.9942876666666667
1741	2.009493
1742	2.0116763333333334
1743	2.0018546666666666
1744	1.980788
1745	1.9491250000000002
1746	1.9101019999999997
1747	1.8728326666666666
1748	1.8462576666666666
1749	1.832691
1750	1.828906
1751	1.8260390000000002
1752	1.8169170000000001
1753	1.8035120000000002
1754	1.790837
1755	1.7811410000000003
1756	1.7711906666666668
1757	1.749022
1758	1.706184333333333
1759	1.6510349999999998
1760	1.5986516666666666
1761	1.5621159999999998
1762	1.5483609999999999
1763	1.552959
1764	1.568411
1765	1.5910276666666667
1766	1.6180370000000002
1767	1.6444280000000002
1768	1.6643196666666669
1769	1.6727906666666668
1770	1.6694673333333334
1771	1.6631903333333333
1772	1.663291
1773	1.6711943333333332
1774	1.6855083333333332
1775	1.70655
1776	1.7353426666666665
1777	1.7720296666666668
1778	1.8136203333333332
1779	1.851354
1780	1.8791733333333334
1781	1.9025793333333336
1782	1.9281566666666665
1783	1.9532846666666666
1784	1.9722703333333333
1785	1.9822996666666668
1786	1.984422666666667
1787	1.9851219999999998
1788	1.991143
1789	2.004290666666667
1790	2.0220569999999998
