610	1.9049326666666666
611	1.8825816666666664
612	1.876099
613	1.8767063333333334
614	1.8750783333333334
615	1.8689913333333334
616	1.860378
617	1.8533433333333333
618	1.8518580000000002
619	1.8577716666666666
620	1.871556
621	1.8925133333333333
622	1.9184873333333332
623	1.9451223333333332
624	1.9686903333333332
625	1.989234
626	2.0093803333333335
627	2.0337566666666667
628	2.0658806666666667
629	2.1046833333333335
630	2.1456720000000002
631	2.1813023333333335
632	2.2055273333333334
633	2.2187426666666665
634	2.2247953333333332
635	2.2288293333333336
636	2.2341773333333332
637	2.239088
638	2.240647333333333
639	2.2383266666666666
640	2.2327493333333335
641	2.224699333333333
642	2.2157546666666668
643	2.2091760000000003
644	2.2075283333333333
645	2.2096600000000004
646	2.209969
647	2.196885
648	2.162316
649	2.112252
650	2.059654
651	2.018795
652	1.9983020000000002
653	1.9931593333333335
654	1.9944313333333334
655	1.9978833333333335
656	2.0039833333333332
657	2.0185086666666665
658	2.0466006666666665
659	2.0868493333333333
660	2.1347403333333332
661	2.1852696666666667
662	2.233686
663	2.2761270000000002
664	2.3105523333333333
665	2.3384933333333335
666	2.3642073333333333
667	2.3942303333333332
668	2.4310989999999997
669	2.466099666666667
670	2.4880956666666663
671	2.4920020000000003
672	2.4788376666666663
673	2.4569316666666663
674	2.4341883333333336
675	2.410522
676	2.382086666666667
677	2.3447096666666667
678	2.295894666666667
679	2.236908666666667
680	2.1701656666666667
681	2.0971740000000003
682	2.020141333333333
683	1.9441383333333333
684	1.876348
685	1.8256233333333334
686	1.7985186666666664
687	1.7945430000000002
688	1.8095616666666665
689	1.8377800000000004
690	1.8716773333333334
691	1.901340666666667
692	1.9192863333333336
693	1.926216
694	1.9274023333333332
695	1.9302676666666665
696	1.9404626666666664
697	1.9576913333333334
698	1.9788400000000002
699	2.000274
700	2.019287666666667
701	2.0357950000000002
702	2.0527043333333337
703	2.0767693333333335
704	2.1117713333333334
705	2.1508586666666667
706	2.183502333333333
707	2.2019046666666666
708	2.2043133333333333
709	2.1998740000000003
710	2.201732333333333
711	2.2212683333333336
712	2.2648743333333337
713	2.3295510000000004
714	2.4087326666666664
715	2.4967976666666667
716	2.5895743333333336
717	2.6846293333333335
718	2.7782643333333334
719	2.8626450000000006
720	2.9319360000000003
721	2.9889243333333333
722	3.0373623333333337
723	3.074561666666667
724	3.0955839999999997
725	3.0976326666666667
726	3.082723
727	3.061308666666667
728	3.043817666666667
729	3.0321643333333332
730	3.022979666666667
731	3.0095646666666664
732	2.9852206666666663
733	2.9462176666666666
734	2.890783
735	2.8190613333333334
736	2.734700333333333
737	2.6480113333333333
738	2.572669666666666
739	2.5228596666666667
740	2.505849333333333
741	2.512769
742	2.5306740000000003
743	2.5534389999999996
744	2.5806093333333333
745	2.6167423333333333
746	2.662969
747	2.7082093333333335
748	2.739691333333333
749	2.753515
750	2.752867333333333
751	2.7479169999999997
752	2.749765
753	2.764943
754	2.7954923333333337
755	2.8375000000000004
756	2.882882333333333
757	2.919875666666667
758	2.939368333333333
759	2.9421416666666667
760	2.9352626666666666
761	2.9300756666666667
762	2.93559
763	2.951652666666667
764	2.974758
765	3.003261
766	3.039730666666667
767	3.0937340000000004
768	3.173100333333333
769	3.2746846666666665
770	3.3904883333333333
771	3.5125036666666665
772	3.633836
773	3.7495830000000003
774	3.855389
775	3.9467373333333335
776	4.022652
777	4.090549666666666
778	4.1592080000000005
779	4.231861333333334
780	4.306190333333333
781	4.373095666666667
782	4.423224666666666
783	4.4532506666666665
784	4.463741
785	4.457836666666666
786	4.437466
787	4.399767666666667
788	4.341980999999999
789	4.266508666666667
790	4.178122
791	4.081518
792	3.979401666666666
793	3.870549
794	3.755168333333333
795	3.64058
796	3.5356433333333337
797	3.4451916666666667
798	3.3694129999999998
799	3.302394
800	3.2390579999999995
801	3.1821536666666668
802	3.137526333333333
803	3.109732
804	3.0987046666666664
805	3.095562666666667
806	3.0903703333333334
807	3.079577
808	3.06351
809	3.044597
810	3.0240343333333333
811	2.9987619999999997
812	2.9663573333333333
813	2.9302946666666667
814	2.896616
815	2.870967333333333
816	2.8558646666666667
817	2.8473469999999996
818	2.839976
819	2.831144333333333
820	2.818575
821	2.7977106666666662
822	2.763738
823	2.7143379999999993
824	2.6530899999999997
825	2.594211666666667
826	2.5510173333333337
827	2.5240736666666668
828	2.5072903333333336
829	2.492673
830	2.475625333333334
831	2.4605630000000005
832	2.454193666666667
833	2.4593116666666672
834	2.4747350000000004
835	2.494317
836	2.5100086666666668
837	2.5144583333333337
838	2.504240333333333
839	2.4843759999999997
840	2.464204666666667
841	2.4543246666666665
842	2.461338666666667
843	2.4814423333333333
844	2.5051316666666668
845	2.520648
846	2.521341333333333
847	2.514187333333333
848	2.51072
849	2.5190809999999995
850	2.5420160000000003
851	2.5738039999999995
852	2.606309333333333
853	2.6339189999999997
854	2.652206666666666
855	2.6569659999999997
856	2.6469926666666668
857	2.6279873333333335
858	2.6074756666666663
859	2.5903099999999997
860	2.5793323333333333
861	2.5755996666666663
862	2.5787866666666663
863	2.5866233333333333
864	2.5938703333333333
865	2.590953
866	2.572970333333333
867	2.549817
868	2.5340586666666667
869	2.5288236666666664
870	2.5274969999999994
871	2.511801
872	2.4674846666666665
873	2.401081666666667
874	2.3294963333333327
875	2.2720263333333333
876	2.2427826666666664
877	2.2420853333333333
878	2.2622226666666667
879	2.290425
880	2.313112333333333
881	2.3195976666666667
882	2.3047063333333333
883	2.2734003333333335
884	2.2367540000000004
885	2.2093583333333333
886	2.1998163333333336
887	2.199823
888	2.195922
889	2.1804686666666666
890	2.156006666666667
891	2.1413473333333335
892	2.153896666666667
893	2.1913733333333334
894	2.2394716666666667
895	2.2769516666666667
896	2.287681
897	2.2736736666666664
898	2.246839666666667
899	2.223176
900	2.2133393333333333
901	2.212591333333333
902	2.2119516666666668
903	2.208324666666667
904	2.2041226666666667
905	2.2073066666666668
906	2.2222216666666665
907	2.239941333333334
908	2.249142
909	2.2465653333333337
910	2.2339103333333337
911	2.2155923333333334
912	2.1953560000000003
913	2.1735603333333335
914	2.152216
915	2.140285
916	2.1460163333333337
917	2.1682866666666665
918	2.1976406666666666
919	2.215806
920	2.2095373333333335
921	2.185767333333333
922	2.1600596666666667
923	2.1467256666666668
924	2.151082
925	2.1603423333333334
926	2.160150333333333
927	2.1504366666666668
928	2.1378873333333335
929	2.12949
930	2.128911
931	2.1326943333333337
932	2.1357583333333334
933	2.136244666666667
934	2.1336386666666667
935	2.1270183333333335
936	2.1154743333333332
937	2.0991036666666667
938	2.081227333333333
939	2.0714213333333333
940	2.0793376666666665
941	2.107867333333333
942	2.1513533333333332
943	2.1918053333333334
944	2.2122490000000004
945	2.2106653333333335
946	2.1961726666666666
947	2.187834333333333
948	2.202278333333333
949	2.2410633333333334
950	2.2973236666666668
951	2.3599756666666662
952	2.417721333333333
953	2.4623606666666666
954	2.4890626666666664
955	2.497763333333333
956	2.490938333333333
957	2.472293
958	2.444539
959	2.407290333333333
960	2.360751666666667
961	2.3098953333333334
962	2.263557
963	2.234023
964	2.229325333333333
965	2.243962666666667
966	2.2646946666666667
967	2.274445
968	2.260974666666667
969	2.2266603333333337
970	2.1809486666666666
971	2.135076
972	2.0994406666666667
973	2.081236
974	2.084317
975	2.107616666666667
976	2.1459783333333333
977	2.189701666666667
978	2.230305
979	2.2664500000000003
980	2.2996773333333334
981	2.330776333333333
982	2.358607
983	2.3791543333333336
984	2.3913336666666667
985	2.4034743333333335
986	2.4254333333333333
987	2.460807
988	2.50802
989	2.5605366666666667
990	2.6137253333333335
991	2.671380666666667
992	2.736093
993	2.7994286666666666
994	2.852059666666667
995	2.8940623333333333
996	2.929963666666667
997	2.964729666666667
998	3.002981666666667
999	3.047923
1000	3.0968519999999997
1001	3.1351493333333336
1002	3.1482876666666666
1003	3.134258
1004	3.100178
1005	3.0608193333333333
1006	3.0280803333333335
1007	3.000208333333333
1008	2.9701173333333335
1009	2.9322116666666664
1010	2.8824493333333336
1011	2.8185986666666665
1012	2.742113333333333
1013	2.6610543333333334
1014	2.5828436666666668
1015	2.5072016666666666
1016	2.4327330000000003
1017	2.363147333333333
1018	2.3019236666666667
1019	2.246993
1020	2.197797333333333
1021	2.162844333333333
1022	2.151632666666667
1023	2.166102
1024	2.200783666666667
1025	2.2414473333333333
1026	2.2755596666666666
1027	2.3027873333333333
1028	2.327157666666667
1029	2.350287333333333
1030	2.3719403333333333
1031	2.390805
1032	2.406756
1033	2.4229760000000002
1034	2.441141333333333
1035	2.456456
1036	2.464859333333333
1037	2.470642333333333
1038	2.481542
1039	2.503950666666667
1040	2.5376396666666667
1041	2.569238333333333
1042	2.585273333333333
1043	2.5851996666666666
1044	2.5752780000000004
1045	2.5637726666666665
1046	2.5560663333333338
1047	2.549784333333333
1048	2.5416333333333334
1049	2.5337346666666667
1050	2.529002
1051	2.5264813333333334
1052	2.524382
1053	2.5233826666666666
1054	2.5272913333333333
1055	2.5439066666666665
1056	2.577300666666667
1057	2.619028333333333
1058	2.6564233333333336
1059	2.680302333333333
1060	2.689057333333334
1061	2.694055666666667
1062	2.706297
1063	2.7232399999999997
1064	2.7369850000000007
1065	2.741754333333333
1066	2.737379333333334
1067	2.7337213333333334
1068	2.7423729999999997
1069	2.7688909999999995
1070	2.8140676666666664
1071	2.873898666666667
1072	2.9417283333333333
1073	3.009252666666667
1074	3.069074666666667
1075	3.1176459999999997
1076	3.1552786666666663
1077	3.187390666666666
1078	3.2205316666666666
1079	3.258942333333333
1080	3.304800333333333
1081	3.357887666666666
1082	3.4161223333333335
1083	3.4753936666666663
1084	3.5314533333333333
1085	3.5817163333333335
1086	3.624613666666667
1087	3.659308
1088	3.6856243333333336
1089	3.7044889999999997
1090	3.718188333333334
1091	3.7311126666666663
1092	3.747796666666667
1093	3.7707916666666668
1094	3.7993663333333334
1095	3.8274033333333333
1096	3.8485213333333337
1097	3.8610886666666664
1098	3.866156
1099	3.8658219999999996
1100	3.860355666666667
1101	3.845289333333333
1102	3.8168369999999996
1103	3.777573666666666
1104	3.732717
1105	3.6871036666666663
1106	3.645229666666667
1107	3.611212333333333
1108	3.586565666666667
1109	3.567042
1110	3.546479333333334
1111	3.5202876666666665
1112	3.487452666666667
1113	3.4533513333333334
1114	3.4246206666666668
1115	3.4043653333333332
1116	3.392319333333333
1117	3.384591333333333
1118	3.3795143333333333
1119	3.383491
1120	3.4018086666666663
1121	3.4288586666666667
1122	3.454179
1123	3.467693333333333
1124	3.4636156666666666
1125	3.445099
1126	3.4174913333333334
1127	3.3825623333333334
1128	3.341229
1129	3.296184666666667
1130	3.2489829999999995
1131	3.196626666666667
1132	3.135423666666666
1133	3.064823
1134	2.986844333333333
1135	2.905676666666667
1136	2.822703
1137	2.730973666666667
1138	2.622528
1139	2.4960596666666666
1140	2.358300333333333
1141	2.227163
1142	2.120019
1143	2.041879
1144	1.9903873333333335
1145	1.9588656666666668
1146	1.9405690000000002
1147	1.932275
1148	1.9331473333333333
1149	1.9438676666666665
1150	1.9627896666666667
1151	1.9815516666666668
1152	1.9900246666666668
1153	1.981303
1154	1.954967
1155	1.9222473333333334
1156	1.8986343333333333
1157	1.897276
1158	1.9228039999999997
1159	1.9629213333333335
1160	2.000302
1161	2.02311
1162	2.027228666666667
1163	2.0200796666666667
1164	2.011627
1165	2.0065013333333335
1166	2.0057336666666665
1167	2.0073723333333335
1168	2.0054766666666666
1169	1.9883966666666664
1170	1.9506403333333333
1171	1.9064376666666665
1172	1.8754493333333333
1173	1.8692309999999999
1174	1.888446333333333
1175	1.9178066666666667
1176	1.9401343333333334
1177	1.9494859999999998
1178	1.9469786666666669
1179	1.9381213333333334
1180	1.9281960000000002
1181	1.918318
1182	1.9082723333333331
1183	1.8990203333333333
1184	1.891543
1185	1.8853763333333333
1186	1.8786166666666666
1187	1.86811
1188	1.8547069999999999
1189	1.8493333333333333
1190	1.8625126666666667
1191	1.893422
1192	1.9340663333333334
1193	1.972073
1194	1.9986316666666666
1195	2.017001666666667
1196	2.034933666666667
1197	2.0586650000000004
1198	2.094474
1199	2.150267
1200	2.229658333333333
1201	2.324547
1202	2.4233976666666663
1203	2.519089666666667
1204	2.6122666666666667
1205	2.715833
1206	2.839854
1207	2.9759096666666665
1208	3.1091409999999997
1209	3.2291626666666664
1210	3.332195
1211	3.424226
1212	3.5125723333333334
1213	3.598342666666667
1214	3.6804596666666662
1215	3.7594036666666666
1216	3.836413333333333
1217	3.9122006666666667
1218	3.9840873333333335
1219	4.043012
1220	4.084652
1221	4.121738333333333
1222	4.17024
1223	4.235603333333334
1224	4.312260333333333
1225	4.381237333333333
1226	4.427004666666667
1227	4.454673333333333
1228	4.476208000000001
1229	4.498127333333333
1230	4.521762
1231	4.543235666666666
1232	4.5600966666666665
1233	4.577780333333333
1234	4.602798333333332
1235	4.635792666666666
1236	4.672751333333333
1237	4.705316333333333
1238	4.726103666666667
1239	4.7340420000000005
1240	4.730974333333333
1241	4.719079333333333
1242	4.700354666666666
1243	4.676288
1244	4.647451
1245	4.612875333333333
1246	4.571905666666666
1247	4.526219666666666
1248	4.479146999999999
1249	4.435350666666666
1250	4.398686
1251	4.3697816666666665
1252	4.346936
1253	4.326168
1254	4.302167666666667
1255	4.268952666666666
1256	4.223155333333334
1257	4.168136666666666
1258	4.110028333333333
1259	4.0546766666666665
1260	4.00702
1261	3.970303666666667
1262	3.9455370000000003
1263	3.930128
1264	3.9202646666666667
1265	3.9127473333333334
1266	3.9046846666666672
1267	3.893226666666666
1268	3.876366
1269	3.8541333333333334
1270	3.8276616666666667
1271	3.798768999999999
1272	3.770195666666667
1273	3.7462443333333333
1274	3.731269666666667
1275	3.728191
1276	3.7388443333333337
1277	3.7638966666666662
1278	3.8023753333333334
1279	3.8502556666666665
1280	3.9001453333333336
1281	3.9404066666666666
1282	3.9631540000000003
1283	3.9734246666666664
1284	3.9813863333333335
1285	3.995833666666666
1286	4.0216666666666665
1287	4.057037333333333
1288	4.0999636666666675
1289	4.154576666666666
1290	4.226076666666666
1291	4.3154710000000005
1292	4.419915666666666
1293	4.532229666666666
1294	4.645222666666666
1295	4.755662999999999
1296	4.861362333333333
1297	4.958617333333333
1298	5.044602
1299	5.120632
1300	5.192204
1301	5.269772
1302	5.360314999999999
1303	5.457966999999999
1304	5.551965333333333
1305	5.633649333333333
1306	5.699945333333333
1307	5.757508999999999
1308	5.811902
1309	5.8567193333333325
1310	5.881811333333333
1311	5.881075333333333
1312	5.853592999999999
1313	5.806109666666666
1314	5.7494793333333325
1315	5.696544666666666
1316	5.658172
1317	5.638557333333333
1318	5.635772666666666
1319	5.640387999999999
1320	5.641751666666666
1321	5.633800999999999
1322	5.615357333333334
1323	5.591887
1324	5.572153333333333
1325	5.565724000000001
1326	5.5776476666666674
1327	5.602019333333333
1328	5.629908333333333
1329	5.6563213333333335
1330	5.679129333333333
1331	5.698295000000002
1332	5.713479999999999
1333	5.721783666666667
1334	5.719018666666666
1335	5.700833333333333
1336	5.664476666666666
1337	5.6112139999999995
1338	5.545563
1339	5.475296333333333
1340	5.406168333333333
1341	5.3362143333333325
1342	5.260695333333333
1343	5.176644333333333
1344	5.085364999999999
1345	4.995425999999999
1346	4.913414666666666
1347	4.8344413333333325
1348	4.751117333333333
1349	4.662616666666667
1350	4.575603666666667
1351	4.506271
1352	4.467117999999999
1353	4.452853999999999
1354	4.451096
1355	4.451302666666667
1356	4.446655
1357	4.436525
1358	4.424574
1359	4.41824
1360	4.423722
1361	4.440544
1362	4.463052666666666
1363	4.480503666666666
1364	4.482370666666666
1365	4.463843333333332
1366	4.426277333333333
1367	4.379353666666667
1368	4.333770333333333
1369	4.294514333333334
1370	4.262939666666666
1371	4.237852333333333
1372	4.216312666666666
1373	4.193564333333334
1374	4.164935666666667
1375	4.127980666666667
1376	4.083823000000001
1377	4.0389133333333325
1378	3.9959320000000003
1379	3.944310333333333
1380	3.874525
1381	3.7932960000000002
1382	3.7163383333333333
1383	3.662275
1384	3.640175666666667
1385	3.6352756666666672
1386	3.628607
1387	3.615198666666667
1388	3.5968636666666662
1389	3.575581333333334
1390	3.548952666666666
1391	3.5058983333333327
1392	3.4394446666666663
1393	3.360633
1394	3.285765
1395	3.224474
1396	3.178418333333333
1397	3.1387683333333336
1398	3.097719666666667
1399	3.0595156666666665
1400	3.0303456666666664
1401	3.0081436666666668
1402	2.9850753333333335
1403	2.9494690000000006
1404	2.8947060000000002
1405	2.829164
1406	2.7651506666666665
1407	2.7089540000000003
1408	2.6626579999999995
1409	2.625594
1410	2.598489
1411	2.587080333333333
1412	2.5940036666666666
1413	2.609601333333334
1414	2.620203333333333
1415	2.616141666666667
1416	2.596535
1417	2.5758493333333337
1418	2.5690066666666667
1419	2.576906666666667
1420	2.5938586666666663
1421	2.613656666666667
1422	2.631818
1423	2.647754
1424	2.6633373333333332
1425	2.6823750000000004
1426	2.7091823333333336
1427	2.747388
1428	2.798879666666667
1429	2.8618216666666667
1430	2.92972
1431	2.989803
1432	3.0347500000000003
1433	3.076109
1434	3.132628333333334
1435	3.2197793333333338
1436	3.3427080000000005
1437	3.4868563333333333
1438	3.6325053333333335
1439	3.7676776666666667
1440	3.888003666666666
1441	3.998647666666667
1442	4.111238666666666
1443	4.2423606666666664
1444	4.400519333333333
1445	4.571155
1446	4.733844666666666
1447	4.878085333333333
1448	5.002018666666666
1449	5.1126059999999995
1450	5.217224333333332
1451	5.315861
1452	5.404018333333333
1453	5.474519333333333
1454	5.520042666666667
1455	5.535493666666666
1456	5.519204333333333
1457	5.475694333333333
1458	5.415192333333334
1459	5.354735
1460	5.309102333333333
1461	5.280453333333334
1462	5.259426666666666
1463	5.223947666666667
1464	5.159069333333333
1465	5.078020666666666
1466	5.001018666666667
1467	4.935484999999999
1468	4.878982000000001
1469	4.82114
1470	4.756329666666667
1471	4.696680333333333
1472	4.657512333333333
1473	4.643255
1474	4.651105666666667
1475	4.673128
1476	4.7002396666666675
1477	4.725003666666666
1478	4.740028333333334
1479	4.736492333333333
1480	4.707691333333333
1481	4.653828000000001
1482	4.580840666666666
1483	4.500460666666666
1484	4.420723000000001
1485	4.335911666666666
1486	4.2375766666666665
1487	4.125016
1488	4.002622
1489	3.8774916666666663
1490	3.7515170000000007
1491	3.612925666666666
1492	3.451083
1493	3.271831
1494	3.0885416666666665
1495	2.914435
1496	2.756977
1497	2.6116063333333335
1498	2.4727506666666663
1499	2.344125
1500	2.2318423333333333
1501	2.1374536666666666
1502	2.0583736666666668
1503	1.9877646666666666
1504	1.9204229999999998
1505	1.8588126666666667
1506	1.8075166666666664
1507	1.7681553333333333
1508	1.74025
1509	1.7219563333333334
1510	1.7125753333333333
1511	1.7146726666666665
1512	1.7275336666666667
1513	1.7397526666666667
1514	1.7384516666666667
1515	1.718955
1516	1.6864649999999999
1517	1.6598073333333334
1518	1.6560426666666668
1519	1.6748093333333336
1520	1.707136666666667
1521	1.7420713333333335
1522	1.770096
1523	1.7863023333333334
1524	1.789535
1525	1.7829073333333336
1526	1.771619
1527	1.761608666666667
1528	1.757661666666667
1529	1.761003
1530	1.7689663333333334
1531	1.7739643333333335
1532	1.7718310000000002
1533	1.770840666666667
1534	1.7818216666666669
1535	1.8083673333333334
1536	1.846493
1537	1.8826463333333334
1538	1.9028826666666665
1539	1.9019276666666667
1540	1.8822333333333334
1541	1.8553416666666667
1542	1.8364696666666667
1543	1.84019
1544	1.8750886666666668
1545	1.9367096666666668
1546	2.0154513333333335
1547	2.1025970000000003
1548	2.190923333333333
1549	2.2753900000000002
1550	2.353893333333333
1551	2.4292540000000002
1552	2.506921
1553	2.593309666666667
1554	2.691785666666666
1555	2.797841
1556	2.904058
1557	3.004706333333333
1558	3.100091333333333
1559	3.2017183333333334
1560	3.3185446666666665
1561	3.4425676666666667
1562	3.5595800000000004
1563	3.6589789999999995
1564	3.7375713333333334
1565	3.804659
1566	3.8712273333333327
1567	3.9400053333333336
1568	4.010014
1569	4.080483666666667
1570	4.151441999999999
1571	4.2236519999999995
1572	4.294918
1573	4.355794333333333
1574	4.397327
1575	4.419166
1576	4.425982
1577	4.424713000000001
1578	4.418472333333334
1579	4.4004536666666665
1580	4.366555666666666
1581	4.328474333333332
1582	4.3002530000000005
1583	4.284447999999999
1584	4.273266666666666
1585	4.247907666666666
1586	4.193530333333333
1587	4.114717
1588	4.022345
1589	3.922326
1590	3.8188773333333335
1591	3.718526
1592	3.630636333333333
1593	3.5676449999999997
1594	3.5355336666666664
1595	3.522569666666667
1596	3.5131646666666665
1597	3.500882666666666
1598	3.486590333333333
1599	3.4776333333333334
1600	3.478640333333333
1601	3.482376
1602	3.479824333333333
1603	3.4702516666666665
1604	3.4587673333333333
1605	3.4548273333333333
1606	3.4653926666666663
1607	3.4879700000000002
1608	3.5182996666666666
1609	3.5572456666666668
1610	3.6054009999999996
1611	3.6566406666666667
1612	3.698750333333333
1613	3.7136656666666665
1614	3.692612
1615	3.653464333333333
1616	3.61922
1617	3.5976253333333332
1618	3.585889666666666
1619	3.5737809999999994
1620	3.5539576666666663
1621	3.531889333333333
1622	3.5144949999999997
1623	3.4991689999999998
1624	3.480606
1625	3.457472333333333
1626	3.4311409999999998
1627	3.4046256666666666
1628	3.3797236666666666
1629	3.3542313333333333
1630	3.3260563333333333
1631	3.297589333333333
1632	3.274066333333333
1633	3.2623819999999997
1634	3.267082333333333
1635	3.2859993333333333
1636	3.3157823333333334
1637	3.356924666666667
1638	3.4104579999999998
1639	3.474242333333333
1640	3.5428203333333332
1641	3.6070176666666662
1642	3.661496333333333
1643	3.7131906666666668
1644	3.7715283333333334
1645	3.839135
1646	3.9134893333333336
1647	3.9877536666666664
1648	4.056137666666667
1649	4.119144333333334
1650	4.179302
1651	4.237620333333333
1652	4.295753666666667
1653	4.358227
1654	4.4267623333333335
1655	4.493851333333334
1656	4.550960333333333
1657	4.596511333333334
1658	4.631965
1659	4.658706333333334
1660	4.679505333333333
1661	4.700327000000001
1662	4.724179333333333
1663	4.7444923333333335
1664	4.755499666666666
1665	4.762896666666666
1666	4.775960666666666
1667	4.8001613333333335
1668	4.836911
1669	4.882395
1670	4.929949
1671	4.971221
1672	4.997954999999999
1673	5.004029666666667
1674	4.9880146666666665
1675	4.957003666666667
1676	4.918846666666665
1677	4.874934
1678	4.825015333333333
1679	4.771726666666667
1680	4.718029
1681	4.664677666666666
1682	4.613793333333333
1683	4.572357333333334
1684	4.5438529999999995
1685	4.518637
1686	4.482690333333333
1687	4.4256546666666665
1688	4.343831
1689	4.244819666666666
1690	4.140465
1691	4.041287666666666
1692	3.9545369999999993
1693	3.881597
1694	3.821010666666666
1695	3.7703996666666666
1696	3.727485333333333
1697	3.690863333333333
1698	3.659682333333333
1699	3.6333426666666666
1700	3.610120666666667
1701	3.5859466666666666
1702	3.5596663333333334
1703	3.5378266666666667
1704	3.5184266666666666
1705	3.4741486666666663
1706	3.387619
1707	3.288597333333333
1708	3.2108296666666662
1709	3.1496306666666665
1710	3.0882110000000003
1711	3.0223639999999996
1712	2.9549469999999998
1713	2.89025
1714	2.8296016666666666
1715	2.767109666666667
1716	2.696836666666666
1717	2.619936
1718	2.540296333333333
1719	2.460635
1720	2.381678
1721	2.3011696666666666
1722	2.216458
1723	2.128079666666667
1724	2.047183
1725	2.003777
1726	2.0135403333333333
1727	2.0418106666666667
1728	2.0494166666666667
1729	2.0373716666666666
1730	2.020992333333333
1731	2.0062343333333335
1732	1.9927956666666669
1733	1.9777036666666667
1734	1.9602116666666667
1735	1.9465143333333332
1736	1.9433913333333335
1737	1.951705
1738	1.9680953333333333
1739	1.9857816666666666
1740	1.9991266666666667
1741	2.0078883333333333
1742	2.0117583333333333
1743	2.005024666666667
1744	1.9824346666666668
1745	1.9457433333333332
1746	1.9018103333333334
1747	1.861709
1748	1.8343800000000001
1749	1.8197203333333332
1750	1.8126803333333332
1751	1.8060029999999998
1752	1.793954
1753	1.7761506666666667
1754	1.755126
1755	1.734687333333333
1756	1.717755
1757	1.704068
1758	1.6912426666666664
1759	1.6756106666666666
1760	1.6569393333333335
1761	1.6438943333333333
1762	1.6463183333333336
1763	1.6674126666666667
1764	1.7037369999999998
1765	1.743866333333333
1766	1.777596
1767	1.8049446666666666
1768	1.828369666666667
1769	1.8456566666666667
1770	1.85371
1771	1.852957
1772	1.8478793333333332
1773	1.8482313333333331
1774	1.8619313333333332
1775	1.8873486666666666
1776	1.9175609999999998
1777	1.9433476666666665
1778	1.9576746666666665
1779	1.9604416666666666
1780	1.9544659999999998
1781	1.9422989999999998
1782	1.9250646666666666
1783	1.9015790000000001
1784	1.8727473333333333
1785	1.8460693333333333
1786	1.8271153333333332
1787	1.8107536666666666
1788	1.7915126666666668
1789	1.774079
1790	1.7667183333333334
