610	1.635133
611	1.6162113333333334
612	1.5908390000000001
613	1.5331716666666666
614	1.434008
615	1.3167063333333333
616	1.2141926666666667
617	1.148582
618	1.1269250000000002
619	1.1339380000000001
620	1.15057
621	1.1706126666666667
622	1.1947043333333334
623	1.2256893333333334
624	1.267217
625	1.3231646666666665
626	1.3954213333333334
627	1.4805936666666666
628	1.5697016666666666
629	1.647231
630	1.7054826666666667
631	1.7606099999999998
632	1.8320683333333332
633	1.9222016666666666
634	2.0199303333333334
635	2.102376333333333
636	2.153609
637	2.184406
638	2.2130893333333335
639	2.2479226666666667
640	2.287563
641	2.3199783333333333
642	2.3324236666666667
643	2.3210300000000004
644	2.289676
645	2.2510473333333336
646	2.2204026666666667
647	2.2096963333333335
648	2.2208170000000003
649	2.2358533333333335
650	2.2307306666666666
651	2.188072333333333
652	2.106699
653	2.0150236666666665
654	1.9463596666666667
655	1.9152816666666665
656	1.9187376666666665
657	1.9338140000000001
658	1.9411126666666667
659	1.94785
660	1.9695016666666667
661	2.0128090000000003
662	2.0751896666666667
663	2.1427623333333337
664	2.200864333333333
665	2.243514666666667
666	2.2671536666666667
667	2.265541
668	2.2376069999999997
669	2.1970496666666666
670	2.1587713333333336
671	2.1250826666666667
672	2.0888696666666666
673	2.035762333333333
674	1.9610256666666668
675	1.8882333333333332
676	1.8453030000000001
677	1.8405869999999998
678	1.8644916666666667
679	1.8874743333333335
680	1.8825249999999998
681	1.847793
682	1.7954186666666665
683	1.7436546666666666
684	1.7064036666666667
685	1.6829353333333332
686	1.6684809999999999
687	1.6634876666666667
688	1.6698536666666668
689	1.6869596666666666
690	1.713446666666667
691	1.7494396666666667
692	1.7985113333333334
693	1.869666
694	1.9658196666666665
695	2.0704556666666667
696	2.161198
697	2.222036333333333
698	2.244055
699	2.227612333333333
700	2.1764513333333335
701	2.094615666666667
702	1.9948803333333334
703	1.9093123333333335
704	1.866357
705	1.8655706666666667
706	1.886385
707	1.8928706666666666
708	1.861226
709	1.8094996666666667
710	1.7696126666666667
711	1.761919666666667
712	1.7872450000000002
713	1.8156446666666668
714	1.8161033333333336
715	1.7856596666666669
716	1.7382796666666667
717	1.697444
718	1.6833436666666668
719	1.70046
720	1.7457623333333334
721	1.8137106666666665
722	1.8912953333333333
723	1.951158666666667
724	1.9728276666666666
725	1.9665236666666668
726	1.9566096666666666
727	1.9673603333333332
728	2.006195
729	2.0444196666666667
730	2.0527436666666663
731	2.036774
732	2.01985
733	2.028532666666667
734	2.075742666666667
735	2.1421953333333335
736	2.2045013333333334
737	2.2620543333333334
738	2.3263683333333334
739	2.411927666666667
740	2.5251840000000003
741	2.6526853333333333
742	2.7779243333333334
743	2.8970220000000007
744	3.0108226666666664
745	3.117732
746	3.2155280000000004
747	3.3037516666666664
748	3.383039
749	3.4538893333333336
750	3.510621666666667
751	3.534695666666667
752	3.513516333333334
753	3.4610256666666666
754	3.3994046666666673
755	3.3416676666666665
756	3.2852313333333334
757	3.2031876666666665
758	3.073002
759	2.9062946666666662
760	2.7300136666666663
761	2.5703236666666665
762	2.439936333333333
763	2.3231829999999998
764	2.197778333333334
765	2.054702
766	1.8964796666666663
767	1.7382213333333334
768	1.6005233333333333
769	1.5041376666666668
770	1.4614616666666667
771	1.464965
772	1.4939013333333333
773	1.5178256666666667
774	1.515657
775	1.4971580000000002
776	1.486069
777	1.506198666666667
778	1.5677306666666666
779	1.6505770000000002
780	1.7242726666666668
781	1.7654966666666665
782	1.7662606666666665
783	1.745651
784	1.7308723333333333
785	1.740601
786	1.7803773333333333
787	1.8346963333333333
788	1.8797323333333336
789	1.893546
790	1.8637063333333335
791	1.7976576666666666
792	1.7140296666666668
793	1.6372906666666667
794	1.5866636666666667
795	1.5640489999999998
796	1.5625733333333334
797	1.572412333333333
798	1.5846326666666664
799	1.59491
800	1.6048516666666663
801	1.6248323333333334
802	1.6645293333333333
803	1.7228106666666667
804	1.7888506666666668
805	1.8413689999999998
806	1.8641573333333332
807	1.8636233333333334
808	1.8618976666666667
809	1.8936486666666668
810	1.9867219999999999
811	2.140644
812	2.3357166666666664
813	2.536725333333333
814	2.7105986666666664
815	2.8438196666666666
816	2.9358263333333334
817	2.996382666666667
818	3.0389946666666665
819	3.0761426666666662
820	3.1143813333333337
821	3.148083333333333
822	3.1689536666666664
823	3.1752556666666663
824	3.1742799999999995
825	3.1859703333333327
826	3.2242673333333336
827	3.2760366666666663
828	3.311826
829	3.293210333333333
830	3.1931103333333333
831	3.0197510000000003
832	2.8041899999999997
833	2.5943096666666667
834	2.432748
835	2.333394
836	2.286322333333333
837	2.256272
838	2.209245
839	2.1386510000000003
840	2.055704
841	1.9836536666666666
842	1.9396993333333332
843	1.916421666666667
844	1.896933
845	1.8683763333333334
846	1.8296869999999998
847	1.801383666666667
848	1.8060993333333335
849	1.8496633333333334
850	1.926264
851	2.0201550000000004
852	2.109051
853	2.165265333333333
854	2.1677356666666667
855	2.117010666666667
856	2.0306566666666668
857	1.9429716666666665
858	1.8820010000000003
859	1.8457333333333334
860	1.8209420000000003
861	1.799269
862	1.7788733333333333
863	1.7658893333333334
864	1.763087
865	1.7581663333333335
866	1.7361339999999998
867	1.6917100000000003
868	1.6286366666666667
869	1.5611033333333335
870	1.50493
871	1.469652666666667
872	1.459756
873	1.474188666666667
874	1.5065716666666666
875	1.5434660000000002
876	1.5715430000000001
877	1.585048
878	1.5856393333333334
879	1.583916
880	1.5889973333333334
881	1.5976500000000002
882	1.598397
883	1.5746573333333331
884	1.5198483333333335
885	1.4549476666666668
886	1.4086153333333336
887	1.398513
888	1.4263263333333334
889	1.4695846666666668
890	1.5043680000000001
891	1.5270416666666666
892	1.5450813333333335
893	1.5695530000000002
894	1.6041483333333335
895	1.6336793333333335
896	1.642443
897	1.6326936666666665
898	1.6161503333333334
899	1.607056
900	1.6138363333333334
901	1.6304480000000001
902	1.6507420000000002
903	1.681804
904	1.7288106666666667
905	1.7785523333333333
906	1.811329
907	1.812541666666667
908	1.780267
909	1.7353326666666666
910	1.6998553333333335
911	1.6762663333333334
912	1.6557643333333334
913	1.6251483333333332
914	1.5794796666666666
915	1.5357876666666668
916	1.5140793333333333
917	1.518556
918	1.5407033333333335
919	1.5600470000000002
920	1.5597446666666666
921	1.542552
922	1.519514
923	1.500809
924	1.4933803333333333
925	1.4983626666666667
926	1.5131713333333334
927	1.5325686666666667
928	1.55361
929	1.5806246666666668
930	1.617175
931	1.658575
932	1.7035846666666665
933	1.7656416666666668
934	1.8480489999999998
935	1.9171296666666668
936	1.939593
937	1.9211053333333332
938	1.886236
939	1.861783
940	1.8634013333333335
941	1.881213
942	1.900695
943	1.921924
944	1.95246
945	2.0004429999999997
946	2.0655526666666666
947	2.1283323333333337
948	2.1657256666666664
949	2.166275333333333
950	2.131467333333333
951	2.079319
952	2.0235553333333334
953	1.9540176666666664
954	1.8660726666666665
955	1.7907356666666665
956	1.7579059999999997
957	1.7581413333333331
958	1.7669736666666667
959	1.7667563333333334
960	1.751183666666667
961	1.7306423333333334
962	1.7143913333333334
963	1.6938003333333334
964	1.6594496666666667
965	1.6187866666666666
966	1.5862866666666668
967	1.5737616666666667
968	1.5808616666666666
969	1.5839853333333334
970	1.5640323333333335
971	1.534918666666667
972	1.519729
973	1.52785
974	1.5536086666666666
975	1.5733863333333333
976	1.572239
977	1.571417
978	1.5969483333333334
979	1.6483943333333333
980	1.7082813333333333
981	1.749338
982	1.7558436666666668
983	1.746309
984	1.7436239999999998
985	1.7468083333333333
986	1.7472176666666666
987	1.74445
988	1.7465873333333333
989	1.7704956666666667
990	1.8242556666666667
991	1.888664
992	1.9462859999999997
993	2.0110846666666666
994	2.107002666666667
995	2.246789666666667
996	2.423546
997	2.598755333333333
998	2.735242
999	2.8319356666666664
1000	2.9193306666666667
1001	3.0602750000000003
1002	3.2959156666666667
1003	3.587769
1004	3.8783816666666664
1005	4.147482999999999
1006	4.398559
1007	4.647686666666666
1008	4.900586999999999
1009	5.130066333333334
1010	5.309002333333333
1011	5.442196333333334
1012	5.535596666666667
1013	5.5661266666666664
1014	5.513242333333333
1015	5.393755
1016	5.244486333333333
1017	5.108524999999999
1018	5.015384666666666
1019	4.957254
1020	4.902410999999999
1021	4.803196999999999
1022	4.630069666666666
1023	4.40864
1024	4.176306333333334
1025	3.942335666666667
1026	3.702101
1027	3.4511140000000005
1028	3.199416666666667
1029	2.986493666666666
1030	2.8409660000000003
1031	2.7379599999999997
1032	2.64123
1033	2.5430303333333333
1034	2.451131666666667
1035	2.377220333333333
1036	2.324275333333333
1037	2.2736813333333328
1038	2.2063859999999997
1039	2.124177
1040	2.0391529999999998
1041	1.965291333333333
1042	1.912913
1043	1.882784
1044	1.869511
1045	1.8624546666666664
1046	1.8468193333333334
1047	1.8038796666666665
1048	1.7223053333333331
1049	1.612444
1050	1.4976093333333333
1051	1.4086826666666667
1052	1.3697516666666667
1053	1.3817723333333334
1054	1.4306276666666666
1055	1.4908346666666668
1056	1.5392053333333333
1057	1.5688173333333335
1058	1.5859843333333332
1059	1.6100073333333336
1060	1.6539426666666668
1061	1.7042296666666665
1062	1.7376876666666665
1063	1.7370919999999999
1064	1.6995393333333333
1065	1.648255
1066	1.615193
1067	1.625630666666667
1068	1.6891383333333334
1069	1.7858556666666665
1070	1.8811596666666666
1071	1.9367183333333333
1072	1.9306113333333332
1073	1.8816786666666667
1074	1.8246436666666663
1075	1.7895413333333332
1076	1.7927640000000002
1077	1.8253519999999996
1078	1.8677006666666667
1079	1.9012713333333333
1080	1.9184826666666668
1081	1.9344223333333335
1082	1.9675049999999998
1083	2.020839
1084	2.085630666666667
1085	2.142217666666667
1086	2.1725553333333334
1087	2.172815
1088	2.1488433333333337
1089	2.1148143333333334
1090	2.0895306666666666
1091	2.093779333333333
1092	2.137856
1093	2.205648666666667
1094	2.2698410000000004
1095	2.305143333333333
1096	2.303436666666667
1097	2.292359333333333
1098	2.3041253333333334
1099	2.344904333333333
1100	2.399174
1101	2.430568333333333
1102	2.4135413333333338
1103	2.3669303333333334
1104	2.324843
1105	2.3111843333333333
1106	2.337531
1107	2.3987906666666667
1108	2.481510666666667
1109	2.568769333333333
1110	2.645365
1111	2.7032000000000003
1112	2.7406283333333334
1113	2.7644693333333334
1114	2.7881426666666664
1115	2.8313156666666663
1116	2.905873333333333
1117	2.9997506666666665
1118	3.092404666666667
1119	3.1687353333333332
1120	3.225526
1121	3.2794893333333333
1122	3.3444303333333334
1123	3.4082033333333333
1124	3.450576
1125	3.459607
1126	3.43025
1127	3.364423333333333
1128	3.269722333333333
1129	3.1608443333333334
1130	3.055617333333333
1131	2.971660666666666
1132	2.9194899999999997
1133	2.8932306666666663
1134	2.878785333333333
1135	2.859460333333333
1136	2.8217033333333332
1137	2.761074
1138	2.6769046666666667
1139	2.568816
1140	2.440588
1141	2.305965666666667
1142	2.1821623333333333
1143	2.0840243333333333
1144	2.020601
1145	1.9900920000000002
1146	1.9858323333333334
1147	1.9999976666666666
1148	2.0221023333333337
1149	2.0364413333333333
1150	2.029016
1151	1.9954416666666668
1152	1.9383353333333333
1153	1.8667200000000002
1154	1.7900250000000002
1155	1.7133593333333335
1156	1.6442253333333334
1157	1.5996430000000001
1158	1.5947353333333336
1159	1.6295986666666666
1160	1.6920916666666665
1161	1.7580103333333335
1162	1.8086726666666666
1163	1.8486933333333333
1164	1.8855413333333333
1165	1.9097183333333332
1166	1.9056119999999999
1167	1.8630896666666668
1168	1.7874316666666668
1169	1.712203
1170	1.6698983333333333
1171	1.6623463333333333
1172	1.6762946666666667
1173	1.6955280000000001
1174	1.707309
1175	1.7078893333333334
1176	1.694031
1177	1.6558326666666667
1178	1.5890973333333334
1179	1.5101689999999999
1180	1.4429316666666667
1181	1.406448
1182	1.4037796666666666
1183	1.4075833333333334
1184	1.388779
1185	1.3453216666666665
1186	1.2949913333333334
1187	1.271315
1188	1.2944653333333334
1189	1.3401816666666666
1190	1.3748086666666666
1191	1.3889933333333333
1192	1.3944396666666667
1193	1.423787
1194	1.5017063333333334
1195	1.6146256666666665
1196	1.7327956666666666
1197	1.8287733333333331
1198	1.8868026666666666
1199	1.913633
1200	1.920393666666667
1201	1.9069273333333332
1202	1.87245
1203	1.8275146666666666
1204	1.790101
1205	1.7816873333333334
1206	1.809545
1207	1.8462640000000001
1208	1.8634526666666666
1209	1.865538
1210	1.874123
1211	1.9139140000000001
1212	1.9889663333333332
1213	2.0559146666666663
1214	2.0715329999999996
1215	2.0407599999999997
1216	1.9926810000000001
1217	1.960711333333333
1218	1.963473
1219	1.9844813333333333
1220	2.0032229999999998
1221	2.0244693333333332
1222	2.061748333333333
1223	2.121420333333333
1224	2.2011916666666664
1225	2.2876756666666664
1226	2.3684943333333335
1227	2.4435806666666666
1228	2.5131686666666666
1229	2.565559
1230	2.5856536666666665
1231	2.564366333333333
1232	2.5060326666666666
1233	2.438880333333333
1234	2.391992
1235	2.3722773333333333
1236	2.371441
1237	2.3696529999999996
1238	2.3500989999999997
1239	2.3134143333333337
1240	2.268218666666667
1241	2.2240766666666665
1242	2.190711
1243	2.177197666666667
1244	2.183980666666667
1245	2.1926639999999997
1246	2.1839166666666667
1247	2.155845333333333
1248	2.120531
1249	2.103064
1250	2.1212323333333334
1251	2.1640159999999997
1252	2.211293
1253	2.251201
1254	2.278552
1255	2.294059
1256	2.300554
1257	2.300688666666667
1258	2.2979806666666667
1259	2.298321
1260	2.307382666666667
1261	2.327095333333333
1262	2.3514473333333337
1263	2.360989333333333
1264	2.3419520000000005
1265	2.30693
1266	2.277629666666667
1267	2.268607333333333
1268	2.278483
1269	2.2787656666666667
1270	2.2446260000000002
1271	2.1865493333333337
1272	2.130602666666667
1273	2.101297333333333
1274	2.1090116666666665
1275	2.1354173333333337
1276	2.158906
1277	2.178579
1278	2.2026703333333337
1279	2.2382066666666667
1280	2.2870066666666666
1281	2.341673
1282	2.395837
1283	2.454247666666667
1284	2.5233470000000002
1285	2.6019503333333334
1286	2.6850113333333336
1287	2.767302666666667
1288	2.8486273333333334
1289	2.939400333333334
1290	3.046567333333334
1291	3.1585093333333334
1292	3.2572193333333335
1293	3.330608666666667
1294	3.383627666666667
1295	3.4525683333333337
1296	3.571241666666667
1297	3.736101333333333
1298	3.9228776666666674
1299	4.099068666666667
1300	4.242834333333333
1301	4.362592333333333
1302	4.47177
1303	4.565099333333333
1304	4.628989333333333
1305	4.652374999999999
1306	4.639646666666667
1307	4.626335999999999
1308	4.647417666666667
1309	4.705293666666667
1310	4.785411
1311	4.868365666666667
1312	4.941086666666667
1313	5.007403333333333
1314	5.070477333333333
1315	5.115522666666666
1316	5.124972
1317	5.094140666666666
1318	5.028457666666666
1319	4.943111333333333
1320	4.855087
1321	4.776860666666667
1322	4.720255666666666
1323	4.699629666666667
1324	4.723248666666667
1325	4.781339333333333
1326	4.850241333333333
1327	4.893643
1328	4.885723666666666
1329	4.837201333333333
1330	4.774972666666667
1331	4.725291333333333
1332	4.699929666666667
1333	4.6804760000000005
1334	4.646539000000001
1335	4.603101
1336	4.566912333333334
1337	4.554321333333333
1338	4.571797999999999
1339	4.604225
1340	4.626843333333333
1341	4.614834
1342	4.553978999999999
1343	4.454936
1344	4.346023333333333
1345	4.269584
1346	4.250895666666667
1347	4.2632563333333335
1348	4.266078333333334
1349	4.2402809999999995
1350	4.1902713333333335
1351	4.1497356666666665
1352	4.150024666666666
1353	4.188592666666667
1354	4.244694666666667
1355	4.290733666666666
1356	4.303232333333333
1357	4.275199333333333
1358	4.220958666666666
1359	4.186260666666667
1360	4.212543
1361	4.299715
1362	4.423343333333333
1363	4.545785666666666
1364	4.634220999999999
1365	4.679286333333334
1366	4.691499666666667
1367	4.7031339999999995
1368	4.745766333333334
1369	4.827653666666667
1370	4.937374
1371	5.0431333333333335
1372	5.118592
1373	5.169302000000001
1374	5.214584333333333
1375	5.273038333333333
1376	5.359545333333334
1377	5.481455333333333
1378	5.633482333333333
1379	5.788944333333334
1380	5.921150666666666
1381	6.024786000000001
1382	6.107358
1383	6.1838
1384	6.2688559999999995
1385	6.369834666666667
1386	6.484707666666667
1387	6.597350666666667
1388	6.687816333333333
1389	6.742699333333333
1390	6.766487333333332
1391	6.796218999999999
1392	6.8636936666666655
1393	6.956087333333333
1394	7.040663333333332
1395	7.0854453333333325
1396	7.071425999999999
1397	7.006719333333333
1398	6.909042333333334
1399	6.791473999999999
1400	6.661155666666666
1401	6.517040666666666
1402	6.352836
1403	6.158854
1404	5.933229999999999
1405	5.695328000000001
1406	5.471695333333333
1407	5.283396
1408	5.140332333333333
1409	5.031589666666667
1410	4.929632666666666
1411	4.790863333333334
1412	4.587034333333333
1413	4.341129333333333
1414	4.097865666666667
1415	3.8999066666666664
1416	3.7768949999999997
1417	3.7311989999999993
1418	3.743420333333333
1419	3.7715980000000005
1420	3.78014
1421	3.771408333333333
1422	3.7782306666666665
1423	3.8613703333333333
1424	4.054156666666667
1425	4.301432666666666
1426	4.527225333333333
1427	4.697957333333333
1428	4.813813999999999
1429	4.906906333333333
1430	5.017296
1431	5.172701333333333
1432	5.380796666666666
1433	5.615875333333333
1434	5.839391999999999
1435	6.017163666666667
1436	6.134014666666666
1437	6.213314333333333
1438	6.292299666666666
1439	6.401470999999999
1440	6.557095666666665
1441	6.749689666666666
1442	6.9521083333333324
1443	7.123097666666665
1444	7.234537666666666
1445	7.301838
1446	7.356916
1447	7.425580666666666
1448	7.522631333333333
1449	7.643692666666666
1450	7.763676
1451	7.830067333333332
1452	7.801389333333334
1453	7.689106666666666
1454	7.530913333333333
1455	7.370045333333333
1456	7.234506
1457	7.113912
1458	6.983230666666666
1459	6.8218706666666655
1460	6.616642333333333
1461	6.365924333333333
1462	6.077602
1463	5.770725333333332
1464	5.467687
1465	5.187256999999999
1466	4.938850333333333
1467	4.713744333333333
1468	4.494146
1469	4.260498
1470	4.006702666666666
1471	3.7583426666666666
1472	3.5471106666666667
1473	3.3866556666666665
1474	3.2762356666666665
1475	3.2004426666666665
1476	3.135114
1477	3.0506846666666663
1478	2.928951333333333
1479	2.783088333333333
1480	2.6382339999999997
1481	2.515228
1482	2.4247176666666665
1483	2.3592380000000004
1484	2.3033726666666667
1485	2.2413643333333333
1486	2.163014
1487	2.0708323333333336
1488	1.974011
1489	1.883669666666667
1490	1.8019749999999999
1491	1.7104813333333335
1492	1.5954659999999998
1493	1.4746626666666667
1494	1.3761713333333332
1495	1.3182809999999998
1496	1.3007593333333332
1497	1.2935036666666668
1498	1.271601
1499	1.2504873333333333
1500	1.2542783333333334
1501	1.2845716666666667
1502	1.3240013333333334
1503	1.3375076666666668
1504	1.3008883333333334
1505	1.2312000000000003
1506	1.1575039999999999
1507	1.09474
1508	1.0480456666666667
1509	1.016482
1510	1.0020773333333335
1511	1.0173193333333335
1512	1.0663206666666667
1513	1.1234856666666668
1514	1.1571586666666667
1515	1.1536296666666668
1516	1.122651
1517	1.106493
1518	1.1349976666666666
1519	1.1789820000000002
1520	1.1974746666666667
1521	1.1836836666666666
1522	1.1565943333333333
1523	1.1559203333333334
1524	1.2082546666666667
1525	1.2918276666666668
1526	1.373939
1527	1.4456313333333337
1528	1.51057
1529	1.5750023333333334
1530	1.6392220000000002
1531	1.6899846666666667
1532	1.7207410000000003
1533	1.753065
1534	1.8104783333333334
1535	1.8913040000000003
1536	1.9753396666666667
1537	2.029008666666667
1538	2.041461
1539	2.064769
1540	2.1566913333333333
1541	2.3237803333333336
1542	2.54113
1543	2.7661806666666666
1544	2.9659576666666663
1545	3.1443503333333336
1546	3.317756
1547	3.4943096666666666
1548	3.6760593333333325
1549	3.8612849999999996
1550	4.048775666666666
1551	4.241077666666666
1552	4.437223
1553	4.624934
1554	4.793941333333334
1555	4.9508019999999995
1556	5.113243333333333
1557	5.305675666666666
1558	5.537226
1559	5.776719333333332
1560	5.987707333333334
1561	6.162611999999999
1562	6.31243
1563	6.460253666666666
1564	6.627722
1565	6.821744333333332
1566	7.035679333333334
1567	7.247112333333332
1568	7.434952
1569	7.596827666666667
1570	7.7437380000000005
1571	7.897374
1572	8.072843
1573	8.260455
1574	8.442872999999999
1575	8.609933333333334
1576	8.754794666666667
1577	8.869646
1578	8.944254333333333
1579	8.96576
1580	8.932880999999998
1581	8.872717
1582	8.812441
1583	8.750094666666666
1584	8.664812333333334
1585	8.52451
1586	8.314474666666667
1587	8.069314
1588	7.834548
1589	7.630824
1590	7.460445666666668
1591	7.310279333333332
1592	7.163885666666667
1593	7.010921333333333
1594	6.844079666666667
1595	6.657233
1596	6.451082333333333
1597	6.242069333333332
1598	6.055982333333333
1599	5.922426999999999
1600	5.852338333333334
1601	5.811009333333333
1602	5.755814333333333
1603	5.672299000000001
1604	5.567396666666665
1605	5.466489666666666
1606	5.390892333333333
1607	5.335469666666666
1608	5.282909999999999
1609	5.215185333333333
1610	5.1200703333333335
1611	4.998801666666667
1612	4.862075
1613	4.729249333333334
1614	4.6204339999999995
1615	4.548583666666667
1616	4.515484666666666
1617	4.504128666666667
1618	4.489902333333333
1619	4.450109666666667
1620	4.374866
1621	4.281732
1622	4.200004333333333
1623	4.158249333333333
1624	4.174569333333333
1625	4.243696666666667
1626	4.344043666666667
1627	4.440457666666666
1628	4.50646
1629	4.5478206666666665
1630	4.580045
1631	4.608420666666666
1632	4.630719
1633	4.6391366666666665
1634	4.625164
1635	4.584439
1636	4.521570333333334
1637	4.457243999999999
1638	4.4134166666666665
1639	4.398482666666666
1640	4.409258
1641	4.429994999999999
1642	4.443135333333333
1643	4.4389346666666665
1644	4.413816333333333
1645	4.370879666666666
1646	4.319943
1647	4.2798713333333325
1648	4.2681846666666665
1649	4.289363666666667
1650	4.333348666666667
1651	4.370969666666666
1652	4.378847666666667
1653	4.365981666666666
1654	4.357832
1655	4.3830383333333325
1656	4.452641666666667
1657	4.536334999999999
1658	4.598753333333333
1659	4.634203333333333
1660	4.6522483333333335
1661	4.665639666666667
1662	4.680498666666667
1663	4.686446666666666
1664	4.670798333333334
1665	4.632013333333333
1666	4.573991333333333
1667	4.500946666666667
1668	4.413288666666666
1669	4.303727
1670	4.169032666666666
1671	4.023344
1672	3.88891
1673	3.7875729999999996
1674	3.726789
1675	3.682056666666666
1676	3.6207356666666666
1677	3.523947666666666
1678	3.3880476666666666
1679	3.2289389999999996
1680	3.0628349999999998
1681	2.8886389999999995
1682	2.7022120000000003
1683	2.511356333333333
1684	2.335213666666666
1685	2.204535
1686	2.137202333333333
1687	2.110714333333333
1688	2.0925463333333334
1689	2.068574
1690	2.042061
1691	2.034536666666667
1692	2.0579136666666664
1693	2.0856483333333333
1694	2.0854606666666666
1695	2.0520026666666666
1696	2.000668666666667
1697	1.9646733333333337
1698	1.9677066666666667
1699	1.995872
1700	2.0279653333333334
1701	2.0635586666666668
1702	2.108936
1703	2.1629846666666666
1704	2.218214666666667
1705	2.2606200000000003
1706	2.2730216666666667
1707	2.2388736666666667
1708	2.1580493333333335
1709	2.06657
1710	2.0023196666666667
1711	1.9707323333333333
1712	1.9568946666666664
1713	1.934193
1714	1.8872423333333335
1715	1.8358289999999997
1716	1.8057736666666668
1717	1.8011213333333334
1718	1.8133433333333333
1719	1.8282559999999999
1720	1.8325850000000001
1721	1.8203019999999999
1722	1.794399666666667
1723	1.7703943333333332
1724	1.7589046666666668
1725	1.7485459999999997
1726	1.7315506666666667
1727	1.7289893333333333
1728	1.756683
1729	1.7892253333333332
1730	1.7931846666666666
1731	1.7601096666666665
1732	1.7014566666666664
1733	1.6461766666666668
1734	1.6128153333333333
1735	1.580374
1736	1.5190080000000001
1737	1.419751
1738	1.2941093333333333
1739	1.1778019999999998
1740	1.1078006666666667
1741	1.0988413333333336
1742	1.138627
1743	1.1770906666666667
1744	1.169566
1745	1.1207063333333334
1746	1.0574633333333334
1747	1.0071646666666665
1748	0.9881026666666668
1749	0.9994176666666666
1750	1.0305533333333337
1751	1.0675839999999999
1752	1.1000896666666666
1753	1.128287
1754	1.1571996666666668
1755	1.1923899999999998
1756	1.238866
1757	1.2996823333333332
1758	1.3718356666666667
1759	1.4401186666666665
1760	1.4858179999999999
1761	1.495415666666667
1762	1.4686823333333332
1763	1.4290976666666668
1764	1.3958083333333333
1765	1.3558743333333336
1766	1.2940626666666668
1767	1.2229480000000001
1768	1.1664693333333331
1769	1.1450433333333334
1770	1.1711516666666666
1771	1.2427243333333333
1772	1.3446106666666666
1773	1.4463426666666666
1774	1.5220266666666666
1775	1.5712486666666665
1776	1.6058203333333332
1777	1.6393563333333332
1778	1.679276
1779	1.7186226666666666
1780	1.7492096666666668
1781	1.7739573333333336
1782	1.798036
1783	1.8204813333333332
1784	1.8409773333333332
1785	1.8671116666666667
1786	1.9068600000000002
1787	1.9599936666666666
1788	2.0164256666666667
1789	2.052273333333333
1790	2.044869
