610	1.734625
611	1.7363979999999999
612	1.7419246666666668
613	1.740293
614	1.7254033333333334
615	1.7040533333333334
616	1.6870663333333333
617	1.6812080000000003
618	1.6867336666666666
619	1.6938456666666668
620	1.69307
621	1.6855330000000002
622	1.6774090000000001
623	1.6752676666666666
624	1.6824253333333332
625	1.6950046666666667
626	1.708193
627	1.7220373333333332
628	1.7378620000000002
629	1.754849
630	1.7716943333333335
631	1.7884746666666667
632	1.806565
633	1.8287039999999999
634	1.856577666666667
635	1.8882576666666666
636	1.921287
637	1.9555403333333334
638	1.9910433333333335
639	2.0255213333333333
640	2.0546776666666666
641	2.072452666666667
642	2.076503666666667
643	2.074845333333333
644	2.079368
645	2.100023666666667
646	2.140655
647	2.193500666666667
648	2.248616333333333
649	2.302368333333333
650	2.3543063333333336
651	2.4042519999999996
652	2.449604
653	2.4825999999999997
654	2.4968506666666666
655	2.494442333333333
656	2.481726
657	2.4661006666666667
658	2.453012
659	2.4429363333333334
660	2.435788
661	2.434844333333333
662	2.4425250000000003
663	2.455296666666667
664	2.4648900000000005
665	2.4586096666666664
666	2.4269343333333335
667	2.372079
668	2.3025073333333332
669	2.229208
670	2.1616880000000003
671	2.104157
672	2.059221
673	2.030658666666667
674	2.0197373333333335
675	2.020361
676	2.023865
677	2.023361
678	2.01621
679	2.007161
680	2.000636
681	1.993093666666667
682	1.978307
683	1.9526196666666666
684	1.9181306666666669
685	1.8870846666666667
686	1.872735
687	1.8802029999999998
688	1.9068893333333334
689	1.9409816666666666
690	1.9699476666666669
691	1.988366
692	1.994678666666667
693	1.9889723333333333
694	1.972496
695	1.9481646666666668
696	1.9205686666666668
697	1.8963750000000001
698	1.880836
699	1.8739993333333334
700	1.8745996666666667
701	1.8835133333333334
702	1.902012
703	1.9296293333333332
704	1.9631256666666668
705	1.9946860000000002
706	2.0152546666666664
707	2.0179346666666667
708	2.0013196666666664
709	1.974464
710	1.949497
711	1.93521
712	1.936238
713	1.9512810000000003
714	1.9763589999999998
715	2.006778
716	2.0368566666666665
717	2.059488
718	2.0707473333333333
719	2.075488
720	2.0809846666666667
721	2.091177
722	2.106651
723	2.1240116666666666
724	2.1391703333333334
725	2.150462333333333
726	2.159542666666667
727	2.172917
728	2.196269
729	2.228590333333333
730	2.265695
731	2.303177666666667
732	2.3394166666666667
733	2.3791580000000003
734	2.4294146666666667
735	2.495734333333333
736	2.579189
737	2.672209666666667
738	2.7645206666666664
739	2.8482223333333336
740	2.918325333333333
741	2.9740123333333335
742	3.017066
743	3.0515143333333334
744	3.0829186666666666
745	3.1178353333333337
746	3.1584496666666664
747	3.1960396666666666
748	3.219603666666667
749	3.223933333333333
750	3.208176666666667
751	3.1753626666666666
752	3.1297003333333335
753	3.0745006666666663
754	3.0112556666666666
755	2.93854
756	2.855980333333333
757	2.7683793333333333
758	2.6814766666666663
759	2.597926666666667
760	2.5191413333333332
761	2.4469043333333333
762	2.3827146666666668
763	2.3266166666666668
764	2.276349
765	2.226158
766	2.172489666666667
767	2.1202376666666667
768	2.076622
769	2.0454833333333338
770	2.0270919999999997
771	2.017161333333333
772	2.0097856666666667
773	1.999895
774	1.9852693333333336
775	1.9691703333333332
776	1.9555906666666667
777	1.9447146666666666
778	1.9340380000000001
779	1.919150666666667
780	1.897578
781	1.8728856666666667
782	1.849506
783	1.8278153333333331
784	1.8065313333333335
785	1.7850186666666665
786	1.7643906666666669
787	1.7486243333333336
788	1.7400380000000002
789	1.734418
790	1.7264063333333335
791	1.7147676666666667
792	1.7013786666666668
793	1.6907166666666669
794	1.686368
795	1.6875923333333336
796	1.6930026666666667
797	1.7041533333333336
798	1.7242233333333332
799	1.7567046666666668
800	1.8026406666666666
801	1.8573693333333332
802	1.9156809999999997
803	1.9768846666666666
804	2.0432089999999996
805	2.118625333333333
806	2.2052933333333335
807	2.2997946666666667
808	2.397758666666667
809	2.4983273333333336
810	2.60311
811	2.7154563333333335
812	2.8373049999999997
813	2.965452
814	3.0924123333333333
815	3.2062893333333333
816	3.297167
817	3.3641423333333336
818	3.411663666666666
819	3.4472906666666674
820	3.4771563333333333
821	3.501418
822	3.517451
823	3.522203666666667
824	3.5126856666666666
825	3.4864089999999996
826	3.442972333333333
827	3.386293
828	3.3210923333333335
829	3.2495679999999996
830	3.1716113333333333
831	3.0846006666666668
832	2.9861959999999996
833	2.877494333333333
834	2.7641023333333337
835	2.65844
836	2.573399666666667
837	2.5156323333333335
838	2.483417666666667
839	2.462269666666667
840	2.4360003333333333
841	2.39748
842	2.3490683333333333
843	2.3051993333333334
844	2.280345
845	2.2771273333333335
846	2.2897813333333334
847	2.3057833333333337
848	2.314572
849	2.3162616666666667
850	2.315236666666667
851	2.314829
852	2.3164723333333335
853	2.3189216666666668
854	2.3208536666666664
855	2.323112
856	2.325544333333333
857	2.323748
858	2.314349
859	2.300761
860	2.2888576666666665
861	2.2827743333333337
862	2.281493333333333
863	2.2746223333333337
864	2.252984333333333
865	2.2195940000000003
866	2.183085333333333
867	2.1522273333333333
868	2.1319706666666667
869	2.119079
870	2.1090139999999997
871	2.102151
872	2.099903666666667
873	2.1006690000000003
874	2.100649333333333
875	2.094587
876	2.079975333333333
877	2.06188
878	2.047083333333333
879	2.0386476666666664
880	2.03697
881	2.0402563333333332
882	2.045888666666667
883	2.051397333333333
884	2.0557546666666666
885	2.0610706666666663
886	2.071019333333333
887	2.089339
888	2.1160926666666664
889	2.143071
890	2.1612193333333334
891	2.1681049999999997
892	2.1672056666666664
893	2.168407333333333
894	2.1805506666666665
895	2.2037246666666666
896	2.232336
897	2.256816333333333
898	2.2691980000000003
899	2.268979
900	2.260542666666667
901	2.25195
902	2.2509436666666667
903	2.260915
904	2.2806586666666666
905	2.302818
906	2.3188940000000002
907	2.324009
908	2.318057333333333
909	2.307887333333334
910	2.3000516666666666
911	2.2938370000000003
912	2.286449666666667
913	2.2779716666666667
914	2.2710080000000006
915	2.2705136666666665
916	2.279910666666667
917	2.2968633333333335
918	2.316951
919	2.336657666666667
920	2.3527353333333334
921	2.3615883333333336
922	2.3612780000000004
923	2.3542106666666665
924	2.344693
925	2.3370083333333334
926	2.3342973333333337
927	2.337279666666667
928	2.3459673333333333
929	2.361062
930	2.383464
931	2.4133613333333335
932	2.4481026666666663
933	2.479145
934	2.496242
935	2.491724
936	2.465084666666667
937	2.4295690000000003
938	2.401961
939	2.3929376666666666
940	2.403587666666667
941	2.4197306666666667
942	2.425350666666667
943	2.415280666666667
944	2.39167
945	2.3619896666666667
946	2.3331546666666663
947	2.3060986666666663
948	2.279148
949	2.250722
950	2.2197150000000003
951	2.1857623333333334
952	2.149359
953	2.112424666666667
954	2.0783396666666665
955	2.0520666666666667
956	2.0355073333333333
957	2.0220113333333334
958	2.002864
959	1.9737670000000003
960	1.937693
961	1.909143
962	1.9015016666666666
963	1.913898
964	1.9366163333333335
965	1.9544910000000002
966	1.9551546666666668
967	1.937661
968	1.9073576666666667
969	1.872745
970	1.8428183333333334
971	1.8249326666666668
972	1.8232143333333337
973	1.8357603333333332
974	1.8567866666666666
975	1.8777533333333332
976	1.892881
977	1.9051463333333334
978	1.919647
979	1.9375126666666667
980	1.957093
981	1.9748729999999999
982	1.9884466666666667
983	1.9998326666666668
984	2.014251
985	2.039738333333333
986	2.0835503333333336
987	2.148404333333333
988	2.234166333333333
989	2.338586333333333
990	2.458323
991	2.589464333333333
992	2.7291456666666667
993	2.877525
994	3.0365900000000003
995	3.209162
996	3.394862666666666
997	3.5853896666666665
998	3.771377
999	3.9495016666666665
1000	4.123669666666666
1001	4.308012333333333
1002	4.517723
1003	4.760115999999999
1004	5.034932666666666
1005	5.332231666666666
1006	5.636725333333333
1007	5.929803
1008	6.192478666666665
1009	6.408160333333333
1010	6.5648230000000005
1011	6.659010666666667
1012	6.693057333333334
1013	6.674676333333332
1014	6.614305666666667
1015	6.523761333333332
1016	6.414056333333334
1017	6.292992999999999
1018	6.165509666666667
1019	6.032647333333332
1020	5.8911056666666655
1021	5.731325666666667
1022	5.543675666666666
1023	5.324483999999999
1024	5.073399666666666
1025	4.792024666666666
1026	4.4856913333333335
1027	4.167311
1028	3.855688333333333
1029	3.5750506666666664
1030	3.3438529999999997
1031	3.161703333333333
1032	3.018871
1033	2.9029803333333337
1034	2.803721333333333
1035	2.7171946666666664
1036	2.641926333333333
1037	2.5757006666666666
1038	2.516052
1039	2.461047333333333
1040	2.409143333333333
1041	2.3590573333333333
1042	2.3090153333333334
1043	2.2562393333333333
1044	2.200404333333333
1045	2.1477446666666666
1046	2.1052146666666665
1047	2.074536
1048	2.052560666666667
1049	2.0307923333333333
1050	2.0030293333333336
1051	1.9732560000000001
1052	1.947744
1053	1.9276930000000003
1054	1.9117273333333333
1055	1.898241
1056	1.887171666666667
1057	1.8819480000000002
1058	1.8867079999999998
1059	1.9034929999999999
1060	1.9310923333333332
1061	1.9630200000000002
1062	1.9915926666666668
1063	2.011827
1064	2.0229483333333333
1065	2.030989
1066	2.0434366666666666
1067	2.0642750000000003
1068	2.0934513333333333
1069	2.1253176666666667
1070	2.152555
1071	2.169642
1072	2.1746773333333334
1073	2.1720326666666665
1074	2.1670813333333334
1075	2.1615116666666667
1076	2.155952
1077	2.1522983333333334
1078	2.151005
1079	2.147931333333333
1080	2.1391506666666666
1081	2.1261003333333335
1082	2.1138623333333335
1083	2.110107333333333
1084	2.120185666666667
1085	2.141729
1086	2.1693606666666665
1087	2.198313
1088	2.2233199999999997
1089	2.2374853333333333
1090	2.237616333333333
1091	2.230944
1092	2.2288266666666665
1093	2.2414886666666662
1094	2.275351333333333
1095	2.3291743333333326
1096	2.3955513333333336
1097	2.4606253333333337
1098	2.5123496666666667
1099	2.5493699999999997
1100	2.577725
1101	2.6090673333333334
1102	2.6504033333333332
1103	2.6930003333333334
1104	2.723185
1105	2.732278
1106	2.7190803333333333
1107	2.6942316666666666
1108	2.673268
1109	2.6710900000000004
1110	2.6965126666666666
1111	2.7450870000000003
1112	2.8056526666666666
1113	2.8647699999999996
1114	2.9114079999999998
1115	2.942167
1116	2.9596799999999996
1117	2.973031666666667
1118	2.992874666666667
1119	3.0266556666666666
1120	3.0734010000000005
1121	3.1165499999999997
1122	3.139061
1123	3.138391333333333
1124	3.120161
1125	3.0937153333333334
1126	3.0674526666666666
1127	3.044569333333333
1128	3.0250390000000005
1129	3.0063673333333334
1130	2.9834856666666667
1131	2.9480576666666662
1132	2.8952746666666664
1133	2.831536666666667
1134	2.765720333333334
1135	2.7008686666666666
1136	2.634866666666667
1137	2.5603623333333334
1138	2.471750666666667
1139	2.3726913333333335
1140	2.272706
1141	2.1851760000000002
1142	2.121170333333333
1143	2.0827876666666665
1144	2.0670393333333337
1145	2.0678840000000003
1146	2.0770773333333334
1147	2.0840543333333335
1148	2.080038
1149	2.062834666666667
1150	2.0343813333333336
1151	1.9996743333333336
1152	1.964778
1153	1.9353213333333334
1154	1.9146476666666665
1155	1.9015730000000002
1156	1.8954183333333332
1157	1.900680666666667
1158	1.920425
1159	1.948775666666667
1160	1.9752003333333332
1161	1.9880706666666668
1162	1.9809480000000002
1163	1.9599943333333334
1164	1.9349386666666666
1165	1.9112243333333332
1166	1.8917193333333333
1167	1.8778666666666666
1168	1.8685263333333333
1169	1.8580336666666668
1170	1.8425053333333334
1171	1.8262756666666669
1172	1.814025
1173	1.8029963333333334
1174	1.7890009999999998
1175	1.7723360000000001
1176	1.7553946666666664
1177	1.7404263333333334
1178	1.7283186666666666
1179	1.7171936666666667
1180	1.7046299999999999
1181	1.6897596666666665
1182	1.6734123333333333
1183	1.6587433333333335
1184	1.6500276666666667
1185	1.6516023333333332
1186	1.665078
1187	1.6859763333333335
1188	1.7096693333333333
1189	1.7370546666666666
1190	1.770079
1191	1.8073153333333334
1192	1.8459396666666665
1193	1.8835950000000001
1194	1.9188269999999998
1195	1.9515346666666669
1196	1.9813396666666665
1197	2.0060296666666666
1198	2.0236739999999998
1199	2.035101666666667
1200	2.043724
1201	2.0557606666666666
1202	2.075261333333333
1203	2.098574
1204	2.1195276666666665
1205	2.1340773333333334
1206	2.141371
1207	2.145345333333333
1208	2.150584
1209	2.1584076666666667
1210	2.167670666666667
1211	2.175044
1212	2.1774916666666666
1213	2.17471
1214	2.1681443333333332
1215	2.160455333333333
1216	2.1543116666666666
1217	2.151435
1218	2.153959
1219	2.165792
1220	2.190189666666667
1221	2.226818333333333
1222	2.272218
1223	2.3194529999999998
1224	2.361971666666667
1225	2.3973916666666666
1226	2.4250293333333337
1227	2.4439926666666665
1228	2.4540103333333336
1229	2.4569240000000003
1230	2.456952333333333
1231	2.46141
1232	2.4759673333333336
1233	2.4994243333333337
1234	2.527692
1235	2.556963333333333
1236	2.5844436666666666
1237	2.60892
1238	2.628867
1239	2.6406946666666666
1240	2.6416596666666665
1241	2.6331413333333336
1242	2.6181316666666663
1243	2.5992113333333333
1244	2.5788869999999995
1245	2.5600843333333336
1246	2.5455656666666666
1247	2.536969
1248	2.5333170000000003
1249	2.5291793333333334
1250	2.5216406666666664
1251	2.5177993333333335
1252	2.526385
1253	2.5492749999999997
1254	2.5815023333333333
1255	2.609999666666667
1256	2.623440333333334
1257	2.6222956666666666
1258	2.611976
1259	2.5973266666666666
1260	2.582351333333333
1261	2.570269666666667
1262	2.5636826666666668
1263	2.5642466666666666
1264	2.5716646666666665
1265	2.5821309999999995
1266	2.5919066666666666
1267	2.600829
1268	2.610033666666667
1269	2.6197726666666665
1270	2.628438666666667
1271	2.6314906666666666
1272	2.6260913333333336
1273	2.6159703333333333
1274	2.605223333333334
1275	2.5924173333333336
1276	2.5761886666666665
1277	2.5612429999999997
1278	2.555035
1279	2.564570333333333
1280	2.5921956666666666
1281	2.6304456666666667
1282	2.6708450000000004
1283	2.7122119999999996
1284	2.7561556666666664
1285	2.8030533333333327
1286	2.8526393333333333
1287	2.905028333333333
1288	2.9623413333333333
1289	3.030399333333333
1290	3.1122096666666663
1291	3.200552
1292	3.284693666666666
1293	3.3569806666666664
1294	3.4187066666666666
1295	3.4876276666666666
1296	3.580367
1297	3.6944909999999997
1298	3.8182996666666664
1299	3.938510666666667
1300	4.044742666666667
1301	4.134125333333333
1302	4.208436666666667
1303	4.272935666666666
1304	4.334403333333333
1305	4.399774666666667
1306	4.473152
1307	4.551845
1308	4.629687666666666
1309	4.699242333333333
1310	4.754161333333332
1311	4.791939666666667
1312	4.814666333333333
1313	4.830959
1314	4.848718666666666
1315	4.867758333333334
1316	4.883875
1317	4.891928666666667
1318	4.887774333333333
1319	4.870591666666666
1320	4.845024333333333
1321	4.824586
1322	4.821256999999999
1323	4.834297
1324	4.854548
1325	4.866733
1326	4.858222333333334
1327	4.828300666666666
1328	4.783672333333333
1329	4.736177333333333
1330	4.698197333333333
1331	4.678246333333333
1332	4.678161666666667
1333	4.688402
1334	4.697438
1335	4.700259
1336	4.695771000000001
1337	4.6849359999999995
1338	4.669134666666666
1339	4.649001666666666
1340	4.624455
1341	4.594724666666666
1342	4.560236
1343	4.524902666666666
1344	4.494327333333334
1345	4.474295999999999
1346	4.468388666666667
1347	4.474974333333333
1348	4.490197
1349	4.510252666666667
1350	4.532234333333334
1351	4.555003999999999
1352	4.577956666666667
1353	4.599995000000001
1354	4.619687000000001
1355	4.635505
1356	4.646665333333333
1357	4.65448
1358	4.663109
1359	4.681023333333334
1360	4.715779333333334
1361	4.768402
1362	4.835531666666666
1363	4.910053333333334
1364	4.982279666666667
1365	5.040615
1366	5.078808
1367	5.104851333333333
1368	5.131699
1369	5.169053666666667
1370	5.2197309999999995
1371	5.275200333333332
1372	5.328953333333333
1373	5.390058
1374	5.471640333333334
1375	5.579696666666668
1376	5.712385333333333
1377	5.857769666666667
1378	6.002728333333333
1379	6.141096
1380	6.270346999999999
1381	6.389209999999999
1382	6.497391333333333
1383	6.596359
1384	6.690064333333332
1385	6.786115333333332
1386	6.889389333333333
1387	6.994847333333333
1388	7.0937503333333325
1389	7.179073999999999
1390	7.247373666666666
1391	7.300985333333332
1392	7.341403333333332
1393	7.362736999999999
1394	7.357758999999999
1395	7.324045333333334
1396	7.263294666666666
1397	7.181636999999999
1398	7.0861063333333325
1399	6.981464333333333
1400	6.869358333333333
1401	6.746444666666665
1402	6.606424333333333
1403	6.441840666666667
1404	6.252334666666666
1405	6.054581333333333
1406	5.867417666666666
1407	5.6974279999999995
1408	5.543281333333334
1409	5.398650666666667
1410	5.259276666666666
1411	5.129598333333334
1412	5.014133999999999
1413	4.908943000000001
1414	4.808281333333333
1415	4.711773
1416	4.626573
1417	4.570522
1418	4.5561403333333335
1419	4.573508333333333
1420	4.606902333333333
1421	4.650511666666667
1422	4.708219333333333
1423	4.794353666666666
1424	4.917589333333334
1425	5.064014666666667
1426	5.214783000000001
1427	5.362845999999999
1428	5.509584666666667
1429	5.662644333333333
1430	5.827677333333332
1431	6.000407333333334
1432	6.174882333333333
1433	6.351325999999999
1434	6.532331666666666
1435	6.718982333333332
1436	6.908951
1437	7.09409
1438	7.2667296666666665
1439	7.425946
1440	7.573073666666667
1441	7.707582999999999
1442	7.826891333333333
1443	7.9262913333333325
1444	8.003889000000001
1445	8.065950333333333
1446	8.118438666666668
1447	8.158145
1448	8.176341333333333
1449	8.161708999999998
1450	8.108452
1451	8.025427666666666
1452	7.924212666666666
1453	7.808002333333333
1454	7.675767666666666
1455	7.526080666666666
1456	7.360656333333333
1457	7.187990666666666
1458	7.0153653333333335
1459	6.840555333333333
1460	6.658291333333333
1461	6.466301666666666
1462	6.266246333333332
1463	6.065209333333334
1464	5.869809333333332
1465	5.680410333333332
1466	5.495032333333333
1467	5.312762333333334
1468	5.133655666666666
1469	4.958504666666666
1470	4.787149333333333
1471	4.616737333333333
1472	4.444625666666666
1473	4.271464
1474	4.099622333333333
1475	3.9319323333333336
1476	3.7697876666666668
1477	3.611334666666667
1478	3.456347
1479	3.3113253333333335
1480	3.1825966666666665
1481	3.068749
1482	2.961548
1483	2.8458959999999998
1484	2.7126326666666665
1485	2.5725253333333336
1486	2.4406963333333334
1487	2.3220773333333335
1488	2.215129666666667
1489	2.114969
1490	2.020617
1491	1.9423920000000003
1492	1.8904553333333334
1493	1.8630493333333338
1494	1.8524136666666668
1495	1.8493333333333335
1496	1.8459083333333335
1497	1.8381230000000002
1498	1.8238193333333335
1499	1.801507
1500	1.7714926666666668
1501	1.7379253333333335
1502	1.707099
1503	1.6858913333333336
1504	1.6764643333333333
1505	1.670057
1506	1.6581363333333334
1507	1.6437486666666667
1508	1.635917
1509	1.6445226666666668
1510	1.6711269999999998
1511	1.6983966666666668
1512	1.7084233333333336
1513	1.7009883333333333
1514	1.684824
1515	1.6706483333333333
1516	1.6659876666666666
1517	1.6700096666666666
1518	1.6793706666666666
1519	1.6932960000000001
1520	1.7129466666666668
1521	1.7409933333333334
1522	1.7802466666666668
1523	1.8322543333333334
1524	1.8959366666666668
1525	1.9655433333333332
1526	2.0348876666666667
1527	2.101408
1528	2.1645486666666667
1529	2.224563
1530	2.2814346666666667
1531	2.334254333333333
1532	2.384229
1533	2.4382123333333334
1534	2.5032170000000002
1535	2.58066
1536	2.6672723333333335
1537	2.755028666666667
1538	2.8370826666666664
1539	2.913836666666667
1540	2.9889693333333334
1541	3.0663636666666667
1542	3.149226666666667
1543	3.2393966666666665
1544	3.3381076666666663
1545	3.446245
1546	3.5623686666666665
1547	3.6800683333333337
1548	3.792747
1549	3.898726
1550	4.001532666666667
1551	4.111434666666666
1552	4.238412333333333
1553	4.385194666666667
1554	4.55031
1555	4.729993333333334
1556	4.919993666666667
1557	5.116742333333334
1558	5.3168093333333335
1559	5.516636
1560	5.715186000000001
1561	5.917397333333333
1562	6.129463333333335
1563	6.354257
1564	6.590803000000001
1565	6.8327556666666664
1566	7.072324333333333
1567	7.303784
1568	7.524955
1569	7.739512666666665
1570	7.952306
1571	8.164358
1572	8.368435
1573	8.543139
1574	8.670864
1575	8.756850333333334
1576	8.816090333333332
1577	8.862243000000001
1578	8.901966999999999
1579	8.928444
1580	8.932786333333334
1581	8.914194666666667
1582	8.873169666666666
1583	8.804627333333334
1584	8.702331333333332
1585	8.564347333333334
1586	8.397985
1587	8.226432666666668
1588	8.069131333333333
1589	7.921108666666667
1590	7.767363
1591	7.595964333333334
1592	7.408566666666667
1593	7.232528333333334
1594	7.090836666666667
1595	6.9712700000000005
1596	6.850435333333333
1597	6.7162
1598	6.570042
1599	6.431089999999999
1600	6.315746333333333
1601	6.217573
1602	6.123962333333333
1603	6.031747666666666
1604	5.944305666666667
1605	5.868943
1606	5.808335666666666
1607	5.751709999999999
1608	5.68896
1609	5.624949333333333
1610	5.569335
1611	5.526692333333333
1612	5.493759666666667
1613	5.455867
1614	5.402822
1615	5.345369
1616	5.297942
1617	5.261918999999999
1618	5.231103000000001
1619	5.196320666666666
1620	5.153076666666667
1621	5.109415333333334
1622	5.073537000000001
1623	5.041749333333333
1624	5.008358666666667
1625	4.975648666666666
1626	4.950724666666667
1627	4.942626666666667
1628	4.955092333333333
1629	4.978283
1630	4.999919333333333
1631	5.015776666666666
1632	5.026698666666666
1633	5.036515666666667
1634	5.048542333333333
1635	5.062524333333333
1636	5.077706666666666
1637	5.095853333333333
1638	5.119856666666665
1639	5.152235
1640	5.192783666666666
1641	5.235796000000001
1642	5.276380666666666
1643	5.316812666666667
1644	5.360701333333333
1645	5.407136333333333
1646	5.451601666666666
1647	5.486637666666667
1648	5.508743666666666
1649	5.5259203333333335
1650	5.547150333333333
1651	5.572269666666666
1652	5.598502333333332
1653	5.626660333333333
1654	5.659296333333333
1655	5.6985236666666665
1656	5.743099666666668
1657	5.784868666666667
1658	5.815597333333334
1659	5.833682333333334
1660	5.840084
1661	5.834923
1662	5.818564333333333
1663	5.793337333333334
1664	5.763486333333333
1665	5.7353016666666665
1666	5.712268333333333
1667	5.689320333333333
1668	5.657837333333333
1669	5.609953999999999
1670	5.542178333333332
1671	5.459904666666666
1672	5.370592666666667
1673	5.2775333333333325
1674	5.180393333333334
1675	5.075303333333333
1676	4.960086333333333
1677	4.839582666666667
1678	4.719888999999999
1679	4.602741666666667
1680	4.487046333333334
1681	4.370135
1682	4.251772333333333
1683	4.138159333333333
1684	4.033622333333333
1685	3.9321246666666667
1686	3.827728666666667
1687	3.7250060000000005
1688	3.629883
1689	3.5408293333333334
1690	3.45625
1691	3.3818796666666664
1692	3.322189333333333
1693	3.271216
1694	3.220871666666667
1695	3.169089333333333
1696	3.117876
1697	3.0720486666666664
1698	3.0357396666666667
1699	3.009053666666666
1700	2.9905696666666666
1701	2.979514333333333
1702	2.9761949999999997
1703	2.9815039999999993
1704	2.988229666666667
1705	2.971396
1706	2.9133153333333337
1707	2.8305436666666663
1708	2.7483480000000005
1709	2.6769933333333333
1710	2.616611666666667
1711	2.56085
1712	2.5051003333333335
1713	2.453996
1714	2.412934666666667
1715	2.379650666666666
1716	2.3489820000000003
1717	2.317112666666667
1718	2.2809993333333334
1719	2.237785333333334
1720	2.1857320000000002
1721	2.125531666666667
1722	2.0578823333333336
1723	1.9822613333333334
1724	1.9066446666666668
1725	1.8581986666666666
1726	1.8548660000000001
1727	1.8746613333333333
1728	1.8871850000000003
1729	1.8834636666666666
1730	1.8671693333333335
1731	1.8477476666666668
1732	1.8330793333333335
1733	1.8227256666666667
1734	1.8114283333333336
1735	1.7915269999999999
1736	1.7580233333333337
1737	1.7143229999999996
1738	1.6688686666666668
1739	1.633185333333333
1740	1.617530666666667
1741	1.6258176666666666
1742	1.65377
1743	1.6849129999999999
1744	1.7032326666666666
1745	1.7058316666666666
1746	1.6971546666666666
1747	1.6852750000000003
1748	1.6797693333333334
1749	1.6899723333333334
1750	1.7180423333333332
1751	1.7501333333333333
1752	1.770262
1753	1.77377
1754	1.7644266666666666
1755	1.7531616666666667
1756	1.7494090000000002
1757	1.7527603333333333
1758	1.7599706666666668
1759	1.7708956666666666
1760	1.784069
1761	1.7917436666666666
1762	1.7873493333333332
1763	1.773487
1764	1.7560460000000002
1765	1.7391163333333335
1766	1.725493
1767	1.7170193333333335
1768	1.7136773333333333
1769	1.7119853333333335
1770	1.7079743333333333
1771	1.7001466666666665
1772	1.6895956666666667
1773	1.6807343333333333
1774	1.6778986666666666
1775	1.6821290000000002
1776	1.6931833333333333
1777	1.7108683333333334
1778	1.7320153333333335
1779	1.7467886666666665
1780	1.7471043333333334
1781	1.7358
1782	1.7211403333333333
1783	1.7125146666666666
1784	1.7162129999999998
1785	1.7307076666666665
1786	1.7512293333333333
1787	1.773258666666667
1788	1.793139
1789	1.8087296666666668
1790	1.8197180000000002
