610	1.701914
611	1.7023256666666666
612	1.7051943333333335
613	1.7071643333333333
614	1.7077503333333333
615	1.7088873333333336
616	1.7111383333333332
617	1.7099193333333333
618	1.7007096666666668
619	1.6846366666666668
620	1.6670743333333338
621	1.6569936666666667
622	1.6608013333333331
623	1.6756083333333334
624	1.694877
625	1.7131576666666668
626	1.7275180000000003
627	1.7390583333333334
628	1.7481140000000002
629	1.7497756666666668
630	1.7406563333333334
631	1.726327
632	1.7153973333333337
633	1.713936
634	1.7231480000000001
635	1.7361606666666667
636	1.7456873333333331
637	1.7514666666666665
638	1.7571726666666667
639	1.7678813333333332
640	1.7857410000000002
641	1.805275
642	1.8200446666666665
643	1.8294173333333335
644	1.838508
645	1.8589706666666665
646	1.8987760000000002
647	1.9512383333333334
648	2.0053276666666666
649	2.0548313333333335
650	2.096706666666667
651	2.1299383333333335
652	2.155561666666667
653	2.1774033333333334
654	2.197761
655	2.213070666666667
656	2.2206170000000003
657	2.2254103333333335
658	2.2336246666666666
659	2.246013
660	2.259924333333333
661	2.2706076666666664
662	2.2732
663	2.2644523333333333
664	2.2426450000000004
665	2.208199666666667
666	2.164255
667	2.117995
668	2.075693
669	2.0375823333333334
670	2.0016706666666666
671	1.9668700000000001
672	1.9319346666666666
673	1.8944116666666666
674	1.8543586666666665
675	1.818548
676	1.7926306666666667
677	1.7730556666666666
678	1.7538946666666668
679	1.733316
680	1.712516
681	1.6951146666666665
682	1.6847586666666667
683	1.682738
684	1.687312
685	1.6924346666666665
686	1.6931073333333335
687	1.6909246666666666
688	1.689752
689	1.6918483333333334
690	1.697135
691	1.702272666666667
692	1.7045183333333331
693	1.7056490000000002
694	1.7089783333333335
695	1.7166460000000001
696	1.729203666666667
697	1.7449403333333335
698	1.7615883333333335
699	1.7777330000000002
700	1.792149
701	1.803256
702	1.810508
703	1.8162223333333336
704	1.8239459999999998
705	1.8369110000000002
706	1.8556289999999998
707	1.8749350000000002
708	1.889604
709	1.9000266666666668
710	1.9100556666666668
711	1.9254076666666669
712	1.9494733333333336
713	1.9785276666666667
714	2.005206333333333
715	2.0210743333333334
716	2.019997666666667
717	2.002218666666667
718	1.972617
719	1.940313666666667
720	1.9136
721	1.894823666666667
722	1.883015
723	1.875643666666667
724	1.8706830000000003
725	1.8684710000000002
726	1.8700676666666667
727	1.875671
728	1.8840426666666668
729	1.8917340000000002
730	1.8958686666666669
731	1.8971236666666667
732	1.8980576666666666
733	1.9020313333333332
734	1.9129206666666667
735	1.9352433333333332
736	1.9740273333333334
737	2.0342733333333336
738	2.1163543333333337
739	2.2096893333333334
740	2.2986793333333333
741	2.3677703333333335
742	2.4090083333333334
743	2.431539
744	2.4497933333333335
745	2.4729399999999995
746	2.5019160000000005
747	2.525073
748	2.5305956666666667
749	2.518622666666667
750	2.4952713333333336
751	2.4679480000000003
752	2.4424653333333337
753	2.4201930000000003
754	2.399895666666666
755	2.3784133333333335
756	2.3501269999999996
757	2.305911
758	2.240085333333333
759	2.1587959999999997
760	2.075342
761	2.0069063333333337
762	1.9643736666666665
763	1.94052
764	1.9206876666666666
765	1.8918569999999997
766	1.8495566666666665
767	1.806455333333333
768	1.7793130000000001
769	1.776767
770	1.7977496666666666
771	1.8276203333333332
772	1.8491093333333333
773	1.8523669999999999
774	1.8355983333333332
775	1.8077693333333333
776	1.781114
777	1.7648533333333334
778	1.7634216666666664
779	1.7735316666666667
780	1.789003
781	1.8044383333333331
782	1.8159123333333334
783	1.8219163333333332
784	1.8231323333333334
785	1.8229953333333333
786	1.8256046666666668
787	1.833526
788	1.8451176666666667
789	1.850909
790	1.8417803333333334
791	1.8175353333333333
792	1.7847923333333333
793	1.7564123333333335
794	1.7437436666666666
795	1.7487606666666664
796	1.7690063333333332
797	1.8011806666666665
798	1.8416816666666667
799	1.8866016666666665
800	1.9327453333333333
801	1.9790670000000001
802	2.0267503333333337
803	2.079898666666667
804	2.1422636666666666
805	2.2138403333333336
806	2.2919223333333334
807	2.371665666666667
808	2.449987666666667
809	2.530028
810	2.6185250000000004
811	2.723877
812	2.850852
813	2.994047666666667
814	3.1416146666666664
815	3.2772040000000002
816	3.386636666666667
817	3.4651666666666667
818	3.5148150000000005
819	3.5439256666666665
820	3.562864666666667
821	3.580534
822	3.6015003333333335
823	3.6217966666666666
824	3.633516666666667
825	3.628258666666667
826	3.600674
827	3.552592333333333
828	3.488326333333333
829	3.4108286666666667
830	3.3219136666666667
831	3.2224209999999998
832	3.112582333333333
833	2.992465
834	2.865136
835	2.7407250000000003
836	2.631195999999999
837	2.545186333333333
838	2.4852743333333334
839	2.443398
840	2.407055333333333
841	2.3642423333333333
842	2.3078603333333336
843	2.241543
844	2.1749546666666664
845	2.1208613333333335
846	2.0893289999999998
847	2.0812356666666667
848	2.0913806666666663
849	2.1097913333333334
850	2.1270049999999996
851	2.1392496666666667
852	2.147189
853	2.1557203333333335
854	2.1690323333333335
855	2.185579
856	2.2003736666666667
857	2.206604333333334
858	2.1998783333333334
859	2.1829573333333334
860	2.161472333333333
861	2.140350666666667
862	2.1224779999999996
863	2.107028
864	2.092169666666667
865	2.0772496666666664
866	2.0618696666666665
867	2.0450100000000004
868	2.0269526666666664
869	2.0114883333333333
870	2.0021656666666665
871	1.9983193333333336
872	1.997002333333333
873	1.99444
874	1.9881739999999999
875	1.9792596666666666
876	1.9692333333333334
877	1.9574713333333336
878	1.944543
879	1.9360373333333334
880	1.9387793333333334
881	1.956763
882	1.988252
883	2.021491
884	2.0440216666666666
885	2.0518253333333334
886	2.0468193333333335
887	2.0357476666666665
888	2.025431333333333
889	2.0185560000000002
890	2.0160876666666665
891	2.019209666666667
892	2.028633333333333
893	2.043359
894	2.0605926666666665
895	2.0753603333333333
896	2.084163333333333
897	2.0888933333333335
898	2.0921316666666665
899	2.09265
900	2.087660666666667
901	2.075299666666667
902	2.0577026666666667
903	2.0448363333333335
904	2.045918
905	2.0605496666666667
906	2.083189
907	2.106417
908	2.123942
909	2.133446
910	2.134028333333333
911	2.1243793333333336
912	2.104866666666667
913	2.0805273333333334
914	2.0585773333333335
915	2.0463016666666665
916	2.047692
917	2.059289666666667
918	2.0755
919	2.0931946666666668
920	2.1109530000000003
921	2.1284356666666664
922	2.144973
923	2.158289
924	2.1661146666666666
925	2.1679606666666666
926	2.1649113333333334
927	2.1600823333333334
928	2.158704666666667
929	2.1686193333333335
930	2.1951343333333333
931	2.234833333333333
932	2.2789533333333334
933	2.315390333333333
934	2.334525666666667
935	2.3356839999999996
936	2.3238516666666666
937	2.307956
938	2.295718
939	2.288369
940	2.2829466666666667
941	2.2736633333333334
942	2.2570246666666662
943	2.2373433333333335
944	2.2217233333333333
945	2.2153983333333334
946	2.2185976666666667
947	2.2222333333333335
948	2.2150596666666664
949	2.190478333333333
950	2.1483773333333334
951	2.09847
952	2.05161
953	2.01178
954	1.9794960000000001
955	1.954492
956	1.936470666666667
957	1.9250216666666666
958	1.9166040000000002
959	1.9010529999999999
960	1.8706583333333335
961	1.8300813333333332
962	1.788902
963	1.7552156666666667
964	1.7333136666666666
965	1.7208923333333332
966	1.714612
967	1.7147863333333333
968	1.7206573333333335
969	1.7253633333333334
970	1.7228256666666668
971	1.7151516666666669
972	1.7081986666666669
973	1.7075969999999998
974	1.7144483333333334
975	1.7203446666666666
976	1.716886
977	1.705384
978	1.6933436666666666
979	1.6919536666666666
980	1.7083226666666667
981	1.7369616666666667
982	1.7685426666666668
983	1.7976293333333333
984	1.822490666666667
985	1.8455076666666668
986	1.870474666666667
987	1.900957
988	1.942733
989	2.0064646666666666
990	2.09907
991	2.2137759999999997
992	2.3386793333333333
993	2.4643633333333335
994	2.5880579999999997
995	2.718831
996	2.866019
997	3.0279360000000004
998	3.1979886666666673
999	3.3706580000000006
1000	3.548941666666667
1001	3.7523106666666664
1002	3.992234333333333
1003	4.246131
1004	4.486267000000001
1005	4.707570666666667
1006	4.914494666666666
1007	5.109455
1008	5.293505666666667
1009	5.467080666666666
1010	5.624212000000001
1011	5.745554666666667
1012	5.816249666666668
1013	5.84484
1014	5.845581666666668
1015	5.822193
1016	5.773908666666667
1017	5.701493666666666
1018	5.608669000000001
1019	5.503011333333333
1020	5.3864410000000005
1021	5.245016333333333
1022	5.067607
1023	4.865135666666667
1024	4.6531356666666674
1025	4.435453999999999
1026	4.213036000000001
1027	3.992386333333333
1028	3.7785163333333336
1029	3.567551333333333
1030	3.3586913333333333
1031	3.1666933333333334
1032	3.0057083333333336
1033	2.8728176666666663
1034	2.760619333333333
1035	2.6688343333333333
1036	2.5985966666666664
1037	2.546208333333333
1038	2.5050293333333333
1039	2.4669823333333336
1040	2.4251006666666663
1041	2.376537
1042	2.3225783333333334
1043	2.2697976666666664
1044	2.2242076666666666
1045	2.1855373333333334
1046	2.151296666666666
1047	2.1203236666666667
1048	2.092219666666667
1049	2.0667683333333335
1050	2.044336
1051	2.0265216666666666
1052	2.0151703333333333
1053	2.011175
1054	2.0129816666666667
1055	2.014459
1056	2.009425333333333
1057	1.9961873333333335
1058	1.9759729999999998
1059	1.952043
1060	1.9275276666666668
1061	1.9035446666666667
1062	1.881049666666667
1063	1.8629
1064	1.8543626666666668
1065	1.8637046666666666
1066	1.8953980000000001
1067	1.942116
1068	1.9922083333333331
1069	2.0359876666666668
1070	2.066816333333333
1071	2.0827846666666665
1072	2.0849203333333333
1073	2.0767153333333335
1074	2.0631310000000003
1075	2.0503276666666665
1076	2.0441496666666668
1077	2.0483966666666666
1078	2.0641813333333334
1079	2.0884846666666665
1080	2.117452666666667
1081	2.1493023333333334
1082	2.183386666666667
1083	2.21911
1084	2.253217666666666
1085	2.276815
1086	2.2829689999999996
1087	2.2751780000000004
1088	2.2624656666666665
1089	2.255846
1090	2.2641223333333333
1091	2.289294
1092	2.3290216666666668
1093	2.3776453333333336
1094	2.4287829999999997
1095	2.4773433333333332
1096	2.519357
1097	2.5522490000000007
1098	2.5754946666666667
1099	2.5920976666666666
1100	2.6064233333333338
1101	2.622346666666667
1102	2.6413990000000003
1103	2.6603786666666664
1104	2.67498
1105	2.683103333333334
1106	2.684586
1107	2.681262333333333
1108	2.6748270000000005
1109	2.664901333333334
1110	2.6509869999999998
1111	2.6344613333333333
1112	2.6172779999999998
1113	2.600919333333333
1114	2.5877136666666667
1115	2.5823576666666663
1116	2.5888223333333333
1117	2.606628
1118	2.630689
1119	2.650046
1120	2.6546556666666663
1121	2.642498
1122	2.616824333333333
1123	2.5849496666666667
1124	2.555062333333333
1125	2.533341666666667
1126	2.5213969999999994
1127	2.5124406666666665
1128	2.497815333333333
1129	2.472971333333333
1130	2.437272666666667
1131	2.3946826666666663
1132	2.3502553333333336
1133	2.3070193333333338
1134	2.265086666666667
1135	2.2201903333333335
1136	2.168227
1137	2.1101116666666666
1138	2.0518306666666666
1139	2.0055186666666667
1140	1.9812016666666667
1141	1.9778283333333333
1142	1.987855666666667
1143	2.0000833333333334
1144	2.004501
1145	1.997199
1146	1.9790346666666665
1147	1.9556746666666667
1148	1.9333036666666665
1149	1.9148653333333332
1150	1.9021123333333332
1151	1.897235
1152	1.901256
1153	1.911612
1154	1.92311
1155	1.928298
1156	1.921823
1157	1.9052513333333332
1158	1.882627
1159	1.856849666666667
1160	1.8306740000000001
1161	1.807997
1162	1.7931376666666665
1163	1.7898109999999998
1164	1.7987703333333334
1165	1.814571
1166	1.8303256666666667
1167	1.8422633333333334
1168	1.8508506666666669
1169	1.8624490000000002
1170	1.8805993333333333
1171	1.8967773333333335
1172	1.8995816666666665
1173	1.8839713333333332
1174	1.853803
1175	1.825978
1176	1.8152726666666668
1177	1.8187543333333334
1178	1.8254306666666666
1179	1.8242063333333336
1180	1.8085433333333334
1181	1.781656
1182	1.7497513333333332
1183	1.7164993333333336
1184	1.68463
1185	1.6578386666666671
1186	1.6409983333333331
1187	1.6399920000000001
1188	1.656136
1189	1.6795223333333333
1190	1.6994356666666666
1191	1.7148346666666667
1192	1.7313033333333332
1193	1.7589446666666668
1194	1.8029113333333333
1195	1.8532516666666667
1196	1.8977616666666663
1197	1.934366
1198	1.9666000000000001
1199	1.9999393333333333
1200	2.0375720000000004
1201	2.0761286666666665
1202	2.1108053333333334
1203	2.1399713333333334
1204	2.1629716666666665
1205	2.1779436666666667
1206	2.1825596666666667
1207	2.175180666666667
1208	2.1573953333333336
1209	2.137517
1210	2.1254956666666667
1211	2.127823333333333
1212	2.144285
1213	2.1632113333333334
1214	2.172465
1215	2.170332
1216	2.161706666666667
1217	2.1557226666666667
1218	2.1600699999999997
1219	2.175368
1220	2.198753
1221	2.2265379999999997
1222	2.255827
1223	2.286178
1224	2.3193653333333333
1225	2.359577
1226	2.4091666666666667
1227	2.463857
1228	2.516201333333333
1229	2.558367666666667
1230	2.584962
1231	2.5965996666666666
1232	2.5979029999999996
1233	2.5966576666666668
1234	2.5993193333333333
1235	2.606287666666667
1236	2.614713
1237	2.620423666666667
1238	2.620129
1239	2.613574
1240	2.601725
1241	2.585329333333333
1242	2.5649056666666668
1243	2.541179333333333
1244	2.5176549999999995
1245	2.5033816666666664
1246	2.503607333333333
1247	2.5097256666666667
1248	2.5122966666666664
1249	2.513669
1250	2.5185596666666665
1251	2.5250760000000003
1252	2.5310913333333334
1253	2.5406483333333334
1254	2.5562016666666665
1255	2.5703953333333334
1256	2.575579333333333
1257	2.5736149999999998
1258	2.5707573333333333
1259	2.573388
1260	2.586046
1261	2.6092053333333327
1262	2.640479
1263	2.6746393333333334
1264	2.7044539999999997
1265	2.7215593333333334
1266	2.724687
1267	2.7289923333333332
1268	2.746243
1269	2.7645423333333334
1270	2.7678676666666666
1271	2.755025333333333
1272	2.7316393333333333
1273	2.703467
1274	2.6771933333333333
1275	2.661921
1276	2.663422
1277	2.6772903333333335
1278	2.695832666666667
1279	2.714051333333333
1280	2.7294316666666667
1281	2.7421249999999997
1282	2.7535696666666665
1283	2.7656186666666662
1284	2.7789460000000004
1285	2.7913596666666667
1286	2.8007673333333334
1287	2.808301
1288	2.8171416666666667
1289	2.8317579999999998
1290	2.855528666666667
1291	2.888423
1292	2.9308033333333334
1293	2.9869953333333337
1294	3.0596266666666665
1295	3.1432026666666673
1296	3.229120333333333
1297	3.3099683333333334
1298	3.380661333333333
1299	3.4399106666666666
1300	3.4877303333333334
1301	3.5238796666666667
1302	3.550825333333333
1303	3.5776586666666668
1304	3.614514
1305	3.666486
1306	3.7299900000000004
1307	3.7875926666666664
1308	3.8260833333333335
1309	3.8553073333333336
1310	3.8917123333333334
1311	3.9425546666666667
1312	4.003342333333333
1313	4.053529666666666
1314	4.075853
1315	4.076095666666667
1316	4.0689926666666665
1317	4.066162333333333
1318	4.074474333333334
1319	4.0940753333333335
1320	4.123131000000001
1321	4.1612556666666665
1322	4.206531666666667
1323	4.251659666666667
1324	4.2876736666666675
1325	4.307648666666667
1326	4.3096939999999995
1327	4.301011333333333
1328	4.289083
1329	4.2731916666666665
1330	4.249762666666667
1331	4.217479333333333
1332	4.178654333333333
1333	4.141066666666667
1334	4.111821666666667
1335	4.091084
1336	4.075673333333334
1337	4.0617833333333335
1338	4.045915333333333
1339	4.025614
1340	3.999393333333334
1341	3.967103333333333
1342	3.929629333333333
1343	3.88912
1344	3.8486483333333332
1345	3.812267666666667
1346	3.784025666666667
1347	3.7669249999999996
1348	3.76241
1349	3.7693516666666667
1350	3.7855559999999997
1351	3.8088100000000003
1352	3.8366826666666665
1353	3.8662576666666664
1354	3.895275666666667
1355	3.923664
1356	3.9529859999999997
1357	3.9863196666666667
1358	4.025840333333333
1359	4.070212333333333
1360	4.116405333333333
1361	4.1610846666666665
1362	4.201532
1363	4.236858
1364	4.268708999999999
1365	4.302589333333334
1366	4.343029
1367	4.388648333333333
1368	4.436377333333333
1369	4.4857830000000005
1370	4.541358999999999
1371	4.615346333333333
1372	4.715762333333333
1373	4.833157333333333
1374	4.951164666666667
1375	5.055528000000001
1376	5.137632
1377	5.199385
1378	5.249044666666667
1379	5.299271666666667
1380	5.3621506666666665
1381	5.444255333333334
1382	5.547244666666666
1383	5.666702
1384	5.794562666666666
1385	5.920468333333334
1386	6.037679000000001
1387	6.149735000000001
1388	6.262663
1389	6.3772210000000005
1390	6.485937666666666
1391	6.568891333333333
1392	6.610107999999999
1393	6.6149846666666665
1394	6.5976
1395	6.570078666666666
1396	6.539943333333333
1397	6.506752333333334
1398	6.465115
1399	6.406032333333334
1400	6.321891
1401	6.2117786666666674
1402	6.079869333333333
1403	5.934972999999999
1404	5.783962666666667
1405	5.625146666666666
1406	5.455492
1407	5.277673666666667
1408	5.097779
1409	4.923298
1410	4.758695666666666
1411	4.600720333333333
1412	4.446826333333333
1413	4.303808
1414	4.181833999999999
1415	4.088777666666666
1416	4.027405666666667
1417	3.991604333333333
1418	3.9744029999999997
1419	3.9754840000000002
1420	3.997225
1421	4.041157666666667
1422	4.107549333333333
1423	4.1949353333333335
1424	4.301260666666667
1425	4.424658666666667
1426	4.56281
1427	4.7121059999999995
1428	4.868991666666667
1429	5.031480999999999
1430	5.199497666666667
1431	5.375656333333334
1432	5.562510666666666
1433	5.759686333333334
1434	5.964454666666667
1435	6.171368999999999
1436	6.372609
1437	6.5577060000000005
1438	6.718599999999999
1439	6.8554743333333334
1440	6.972463000000001
1441	7.074504333333333
1442	7.1656390000000005
1443	7.247360666666666
1444	7.319716333333333
1445	7.381735
1446	7.431042
1447	7.462850000000001
1448	7.471675666666667
1449	7.453129000000001
1450	7.406193999999999
1451	7.336327666666666
1452	7.249474666666666
1453	7.146438666666667
1454	7.026500333333333
1455	6.891311666666667
1456	6.747232333333333
1457	6.608150666666666
1458	6.483863666666665
1459	6.367293333333333
1460	6.245444666666666
1461	6.109157
1462	5.955376333333333
1463	5.790497666666667
1464	5.622948333333333
1465	5.456645333333333
1466	5.292122666666667
1467	5.126938666666666
1468	4.957556666666666
1469	4.780941
1470	4.597316666666666
1471	4.41375
1472	4.238318666666666
1473	4.074523666666667
1474	3.9224433333333333
1475	3.7789466666666667
1476	3.6392296666666666
1477	3.497837333333333
1478	3.352049666666667
1479	3.2060046666666664
1480	3.0660096666666665
1481	2.9363239999999995
1482	2.8180500000000004
1483	2.707313666666667
1484	2.5988900000000004
1485	2.489510666666667
1486	2.3794806666666664
1487	2.2752839999999996
1488	2.185675
1489	2.118001
1490	2.0734883333333336
1491	2.04106
1492	2.008076
1493	1.9704879999999998
1494	1.928977
1495	1.885977
1496	1.8431899999999999
1497	1.7996586666666665
1498	1.7556653333333334
1499	1.7168779999999997
1500	1.6892646666666666
1501	1.6736943333333332
1502	1.666742666666667
1503	1.6607216666666664
1504	1.6499840000000003
1505	1.637462
1506	1.6281290000000004
1507	1.6228476666666665
1508	1.6195110000000001
1509	1.6137999999999997
1510	1.6023103333333335
1511	1.5859126666666665
1512	1.5686156666666669
1513	1.557186
1514	1.557423
1515	1.5700503333333335
1516	1.5917406666666667
1517	1.6151079999999998
1518	1.633844
1519	1.6478073333333332
1520	1.6586006666666668
1521	1.6656179999999998
1522	1.6675676666666668
1523	1.664524
1524	1.660587
1525	1.6671906666666665
1526	1.6937373333333334
1527	1.7375076666666667
1528	1.7900803333333335
1529	1.8425286666666667
1530	1.8896236666666668
1531	1.9343726666666665
1532	1.9807240000000002
1533	2.026723
1534	2.068282
1535	2.1029523333333335
1536	2.131462
1537	2.159705
1538	2.1927933333333334
1539	2.2293406666666664
1540	2.2681180000000003
1541	2.314969333333333
1542	2.378225333333333
1543	2.4637953333333336
1544	2.569806
1545	2.679652
1546	2.776982333333333
1547	2.860837333333333
1548	2.9386976666666667
1549	3.021544333333333
1550	3.1192703333333336
1551	3.2360636666666664
1552	3.3696546666666665
1553	3.509064333333334
1554	3.6453780000000005
1555	3.783100666666667
1556	3.9337863333333334
1557	4.110685999999999
1558	4.319028333333334
1559	4.544801
1560	4.7708726666666665
1561	4.992084999999999
1562	5.209127666666666
1563	5.423494666666667
1564	5.636522
1565	5.849015333333332
1566	6.060788666666666
1567	6.269661666666668
1568	6.471066333333333
1569	6.656859000000001
1570	6.818132666666665
1571	6.948486000000001
1572	7.048828333333333
1573	7.1336640000000004
1574	7.2152666666666665
1575	7.287298
1576	7.335947666666666
1577	7.350270666666667
1578	7.329944666666667
1579	7.294518
1580	7.261641999999999
1581	7.224968333333333
1582	7.168689333333332
1583	7.080354666666667
1584	6.954611999999999
1585	6.798133999999999
1586	6.622452999999999
1587	6.438865333333333
1588	6.258531333333333
1589	6.092891
1590	5.951346666666666
1591	5.837525333333334
1592	5.747945
1593	5.668663333333332
1594	5.585818333333333
1595	5.496053
1596	5.401887666666666
1597	5.308431333333333
1598	5.219578333333333
1599	5.134554666666666
1600	5.051822
1601	4.972704666666666
1602	4.898942
1603	4.830158666666667
1604	4.765219666666667
1605	4.703616333333334
1606	4.646029333333334
1607	4.594999666666666
1608	4.552016999999999
1609	4.5143086666666665
1610	4.477304666666666
1611	4.436768666666667
1612	4.390143999999999
1613	4.338551
1614	4.286578666666667
1615	4.242815333333334
1616	4.212963666666666
1617	4.192155333333334
1618	4.171195
1619	4.142092
1620	4.102528666666666
1621	4.061292000000001
1622	4.027684333333333
1623	4.001543000000001
1624	3.9807016666666666
1625	3.968264
1626	3.969207666666667
1627	3.98659
1628	4.018484
1629	4.053987333333334
1630	4.082849333333334
1631	4.105194666666667
1632	4.125589000000001
1633	4.147745333333333
1634	4.170981333333334
1635	4.186535333333333
1636	4.189006333333333
1637	4.188598666666667
1638	4.19982
1639	4.230666
1640	4.281192
1641	4.340505666666667
1642	4.396775333333333
1643	4.446751333333333
1644	4.493211666666667
1645	4.543468666666667
1646	4.602283333333333
1647	4.664421666666667
1648	4.721015666666667
1649	4.765302
1650	4.795549666666666
1651	4.818887
1652	4.843330666666667
1653	4.870400333333333
1654	4.899547999999999
1655	4.9323380000000006
1656	4.971628666666667
1657	5.020056
1658	5.074204333333334
1659	5.1173416666666665
1660	5.132176
1661	5.114221333333333
1662	5.071140333333332
1663	5.024565333333333
1664	4.992254666666667
1665	4.969693333333334
1666	4.943551333333334
1667	4.903341666666666
1668	4.845598333333333
1669	4.778664333333333
1670	4.710406666666666
1671	4.636765666666666
1672	4.5541746666666665
1673	4.472357333333334
1674	4.403465000000001
1675	4.350466666666668
1676	4.304833333333334
1677	4.242647
1678	4.147683
1679	4.036072666666667
1680	3.9324449999999995
1681	3.847703666666667
1682	3.7808973333333333
1683	3.7192666666666665
1684	3.6505033333333325
1685	3.574364333333333
1686	3.496334333333333
1687	3.422414666666667
1688	3.3557566666666663
1689	3.2933943333333335
1690	3.2331866666666667
1691	3.1802626666666667
1692	3.1370286666666662
1693	3.0924899999999997
1694	3.0347759999999995
1695	2.9641263333333336
1696	2.8890233333333333
1697	2.8237373333333338
1698	2.7784326666666668
1699	2.748721333333333
1700	2.7259853333333335
1701	2.706660666666667
1702	2.6916483333333336
1703	2.685406
1704	2.6852503333333337
1705	2.6698756666666665
1706	2.621582
1707	2.5497083333333332
1708	2.4731873333333336
1709	2.4049959999999997
1710	2.3505623333333334
1711	2.3052386666666664
1712	2.2625363333333333
1713	2.221112
1714	2.1810769999999997
1715	2.1403783333333335
1716	2.0966753333333337
1717	2.0494236666666663
1718	1.9990800000000002
1719	1.946579
1720	1.8935223333333333
1721	1.8423366666666667
1722	1.7931819999999998
1723	1.7409293333333333
1724	1.6852913333333333
1725	1.6414546666666667
1726	1.6216679999999997
1727	1.6161640000000002
1728	1.6113236666666668
1729	1.6070236666666666
1730	1.6076439999999999
1731	1.6133416666666667
1732	1.6215733333333333
1733	1.6284253333333332
1734	1.6296193333333333
1735	1.621538666666667
1736	1.6043500000000002
1737	1.5860406666666667
1738	1.5747606666666665
1739	1.5711713333333333
1740	1.5717806666666665
1741	1.571467666666667
1742	1.5665499999999999
1743	1.557889
1744	1.5477136666666669
1745	1.537075
1746	1.527669
1747	1.5239926666666666
1748	1.5303606666666667
1749	1.547324333333333
1750	1.57023
1751	1.586859666666667
1752	1.5880866666666669
1753	1.5794030000000001
1754	1.5720560000000001
1755	1.575169
1756	1.590932
1757	1.6088053333333334
1758	1.618339
1759	1.6218086666666667
1760	1.6266983333333331
1761	1.6390466666666668
1762	1.661201666666667
1763	1.6889759999999998
1764	1.7153673333333335
1765	1.733681
1766	1.741485333333333
1767	1.745321
1768	1.7518066666666665
1769	1.7591326666666667
1770	1.7639373333333332
1771	1.767925
1772	1.7735986666666668
1773	1.7799026666666666
1774	1.7849443333333332
1775	1.7888183333333334
1776	1.793218
1777	1.8010263333333336
1778	1.812452
1779	1.820778
1780	1.8198366666666665
1781	1.811712
1782	1.8018506666666667
1783	1.7950516666666667
1784	1.7958986666666668
1785	1.8088923333333333
1786	1.8333300000000001
1787	1.856855333333333
1788	1.8672
1789	1.8639713333333332
1790	1.8522380000000003
