610	1.6356539999999997
611	1.6416326666666667
612	1.6495893333333336
613	1.6489933333333333
614	1.6346506666666667
615	1.6145956666666668
616	1.601434
617	1.6043876666666668
618	1.6238376666666667
619	1.6441743333333334
620	1.6494016666666667
621	1.6385750000000003
622	1.6191206666666667
623	1.6018523333333334
624	1.5949600000000002
625	1.5980143333333334
626	1.6077720000000002
627	1.6228503333333333
628	1.641305
629	1.6575806666666666
630	1.6653203333333335
631	1.660441
632	1.6434633333333335
633	1.6231566666666666
634	1.6107503333333333
635	1.6146540000000003
636	1.6381633333333334
637	1.6757723333333334
638	1.7189106666666665
639	1.7604033333333335
640	1.7943580000000001
641	1.8165413333333333
642	1.8273233333333332
643	1.8361326666666669
644	1.8541166666666666
645	1.8868406666666668
646	1.9321913333333331
647	1.9768123333333336
648	2.009225
649	2.0333436666666667
650	2.060125333333333
651	2.1002146666666666
652	2.1562253333333334
653	2.2135819999999997
654	2.2551783333333333
655	2.275590666666667
656	2.278775
657	2.2777183333333335
658	2.284569
659	2.3011996666666663
660	2.325026
661	2.3534446666666664
662	2.3824773333333336
663	2.404521
664	2.4120486666666667
665	2.401800666666667
666	2.3758143333333335
667	2.3435293333333336
668	2.312541
669	2.2792019999999997
670	2.2372256666666663
671	2.186119333333333
672	2.1312726666666664
673	2.0846316666666667
674	2.0537573333333334
675	2.0300529999999997
676	2.0013360000000002
677	1.9638849999999999
678	1.9215646666666666
679	1.8859996666666667
680	1.8657903333333332
681	1.8554276666666667
682	1.8455923333333333
683	1.8328546666666665
684	1.8197316666666665
685	1.815499
686	1.827417
687	1.8516043333333332
688	1.8794686666666667
689	1.902893
690	1.9152580000000001
691	1.912805
692	1.8962973333333335
693	1.8744736666666666
694	1.8599423333333334
695	1.8655236666666668
696	1.8953863333333332
697	1.9339263333333334
698	1.9609233333333334
699	1.965774
700	1.9484153333333334
701	1.9224193333333333
702	1.9022693333333331
703	1.891273
704	1.8855436666666667
705	1.8766083333333332
706	1.8585790000000002
707	1.8357189999999999
708	1.8175563333333333
709	1.8152480000000002
710	1.836965
711	1.8822556666666668
712	1.9433493333333334
713	2.0041023333333334
714	2.047382333333333
715	2.062475
716	2.0484263333333335
717	2.020389666666667
718	1.99928
719	2.0028590000000004
720	2.039217333333333
721	2.097662
722	2.1604716666666666
723	2.212505666666667
724	2.2452623333333337
725	2.2623406666666668
726	2.2723623333333336
727	2.2836066666666666
728	2.3013566666666665
729	2.324694666666667
730	2.349198333333333
731	2.3688116666666668
732	2.3806976666666664
733	2.391331666666667
734	2.4139190000000004
735	2.466832
736	2.559598333333333
737	2.676523333333334
738	2.7936766666666664
739	2.893952666666667
740	2.9699756666666666
741	3.028847
742	3.081021333333333
743	3.1308363333333333
744	3.179342333333333
745	3.2262836666666663
746	3.267800333333333
747	3.2930446666666664
748	3.2929673333333334
749	3.270026333333333
750	3.234153
751	3.2002243333333333
752	3.1786343333333336
753	3.1646516666666664
754	3.145620666666667
755	3.106645333333333
756	3.041402666666667
757	2.9641736666666665
758	2.8901443333333336
759	2.81619
760	2.7331043333333334
761	2.6373019999999996
762	2.5327509999999998
763	2.4335523333333335
764	2.3504596666666666
765	2.2772193333333335
766	2.2057276666666663
767	2.140911
768	2.0930686666666665
769	2.0702943333333335
770	2.0729306666666663
771	2.086475
772	2.0946359999999995
773	2.091902
774	2.0805213333333334
775	2.0688773333333335
776	2.06306
777	2.0584420000000003
778	2.047583
779	2.0276273333333332
780	1.9998776666666664
781	1.969976
782	1.9430653333333332
783	1.9193913333333334
784	1.8995829999999998
785	1.8899160000000002
786	1.89634
787	1.9176346666666668
788	1.9458806666666664
789	1.9656463333333334
790	1.9649536666666667
791	1.9469696666666667
792	1.9204446666666666
793	1.8914780000000002
794	1.8622443333333334
795	1.8298979999999998
796	1.7953766666666668
797	1.772722
798	1.7765036666666665
799	1.8088106666666666
800	1.863487
801	1.9286863333333333
802	1.9952706666666666
803	2.065166
804	2.143023666666667
805	2.228554
806	2.3189066666666664
807	2.4108393333333336
808	2.5020843333333334
809	2.5927566666666664
810	2.684117333333333
811	2.7778400000000003
812	2.876555666666666
813	2.984642
814	3.105601
815	3.2385639999999998
816	3.3766823333333327
817	3.5040430000000002
818	3.6059109999999994
819	3.6795766666666667
820	3.730902
821	3.772765666666667
822	3.814924
823	3.8535393333333334
824	3.8798449999999995
825	3.887755333333333
826	3.8758409999999994
827	3.8499930000000004
828	3.81728
829	3.7802066666666665
830	3.7375829999999994
831	3.6845086666666664
832	3.615372333333333
833	3.526537666666667
834	3.4169943333333332
835	3.2904123333333333
836	3.157082333333333
837	3.0375313333333334
838	2.949802
839	2.895441
840	2.863971666666666
841	2.834373666666667
842	2.788139
843	2.7226190000000003
844	2.644423333333333
845	2.565316666666667
846	2.495947333333333
847	2.439989
848	2.397452666666667
849	2.3669373333333334
850	2.347080666666667
851	2.337567
852	2.3381306666666664
853	2.347763333333333
854	2.367024333333333
855	2.400073666666666
856	2.445765666666667
857	2.4873186666666665
858	2.505751
859	2.493371333333333
860	2.4528183333333335
861	2.398570666666666
862	2.3466846666666665
863	2.3057306666666664
864	2.2805863333333334
865	2.2749376666666667
866	2.288097666666667
867	2.3099683333333334
868	2.328062
869	2.3339523333333334
870	2.323735
871	2.2998009999999995
872	2.268336333333333
873	2.237865333333333
874	2.213048
875	2.187716
876	2.153424333333333
877	2.107916
878	2.0564500000000003
879	2.014688
880	1.997801
881	2.0093923333333334
882	2.0448053333333336
883	2.0921216666666664
884	2.1376556666666664
885	2.1707523333333336
886	2.1866113333333335
887	2.190741666666667
888	2.1914533333333335
889	2.1935313333333335
890	2.1994956666666665
891	2.2104756666666665
892	2.2260013333333335
893	2.243064
894	2.2580350000000005
895	2.2686013333333332
896	2.2752833333333338
897	2.2835676666666664
898	2.298746
899	2.3204540000000002
900	2.3433543333333335
901	2.356973666666667
902	2.3541403333333335
903	2.3403920000000005
904	2.3274243333333335
905	2.327556
906	2.3457433333333335
907	2.370113
908	2.385657666666667
909	2.3870620000000002
910	2.3758850000000002
911	2.3590633333333337
912	2.3437080000000003
913	2.3325403333333337
914	2.326518666666667
915	2.3269773333333337
916	2.335088666666667
917	2.350616
918	2.370175
919	2.3849543333333334
920	2.388802666666667
921	2.387125333333333
922	2.3901966666666667
923	2.4070033333333334
924	2.4389286666666665
925	2.472119333333333
926	2.4930689999999998
927	2.5040046666666664
928	2.513061
929	2.525507333333333
930	2.5434056666666667
931	2.56507
932	2.5882023333333337
933	2.612286333333333
934	2.635733666666667
935	2.652546333333333
936	2.655957666666666
937	2.6423476666666668
938	2.613231333333333
939	2.5786456666666666
940	2.5505809999999998
941	2.5365243333333334
942	2.536052
943	2.535537333333333
944	2.5204223333333333
945	2.4871513333333333
946	2.439435
947	2.3862319999999997
948	2.336803666666667
949	2.296257
950	2.2658803333333335
951	2.2423933333333332
952	2.221262
953	2.199453666666667
954	2.1758110000000004
955	2.151758
956	2.1289396666666667
957	2.1072396666666666
958	2.0872486666666665
959	2.0727713333333333
960	2.0662856666666665
961	2.0639260000000004
962	2.059911666666667
963	2.050611
964	2.034568
965	2.0129556666666666
966	1.9878973333333332
967	1.9614136666666666
968	1.9364356666666667
969	1.9181176666666668
970	1.9113226666666665
971	1.917779
972	1.9364973333333333
973	1.963325
974	1.9932343333333333
975	2.0222286666666665
976	2.047981666666667
977	2.0707576666666667
978	2.090813333333333
979	2.1061579999999998
980	2.1161983333333336
981	2.125863
982	2.1413613333333332
983	2.166185
984	2.202023666666667
985	2.2492156666666667
986	2.3069593333333334
987	2.3730576666666665
988	2.445838
989	2.526120333333333
990	2.615317666666667
991	2.7135303333333334
992	2.819084
993	2.927873
994	3.0371073333333336
995	3.149386333333333
996	3.2689579999999996
997	3.3983853333333336
998	3.5387396666666664
999	3.689524666666667
1000	3.8492406666666663
1001	4.016105666666666
1002	4.192909666666667
1003	4.392216666666667
1004	4.6209869999999995
1005	4.8639980000000005
1006	5.1027993333333335
1007	5.3338703333333335
1008	5.559195333333333
1009	5.776788333333333
1010	5.976234333333334
1011	6.133499
1012	6.229818999999999
1013	6.271938999999999
1014	6.275054666666667
1015	6.248207333333333
1016	6.197646333333333
1017	6.130371
1018	6.051754666666667
1019	5.962111999999999
1020	5.859255999999999
1021	5.739961666666667
1022	5.5987203333333335
1023	5.4263156666666665
1024	5.2190959999999995
1025	4.989509333333333
1026	4.751178333333333
1027	4.504625333333333
1028	4.247473666666667
1029	3.9849669999999993
1030	3.729361
1031	3.5000709999999993
1032	3.311292666666666
1033	3.1587549999999993
1034	3.0345223333333333
1035	2.940019
1036	2.874883
1037	2.8244630000000006
1038	2.7703616666666666
1039	2.7008393333333327
1040	2.6121463333333335
1041	2.511621666666666
1042	2.408332666666667
1043	2.3051013333333334
1044	2.2042333333333333
1045	2.1136463333333335
1046	2.043585333333333
1047	2.0027303333333335
1048	1.9905773333333334
1049	1.9876326666666666
1050	1.9727513333333335
1051	1.9404463333333335
1052	1.897364666666667
1053	1.8610863333333334
1054	1.8451250000000003
1055	1.84384
1056	1.8468409999999997
1057	1.8521419999999997
1058	1.8613246666666665
1059	1.874806
1060	1.8914560000000002
1061	1.908505
1062	1.9250376666666666
1063	1.9457396666666666
1064	1.9750813333333335
1065	2.011293333333333
1066	2.0493406666666667
1067	2.0835233333333334
1068	2.11176
1069	2.1403603333333336
1070	2.175484
1071	2.214424
1072	2.2496
1073	2.271895333333333
1074	2.276586
1075	2.2701973333333334
1076	2.262601333333333
1077	2.2602583333333337
1078	2.267541333333333
1079	2.287536666666667
1080	2.319766
1081	2.3565113333333336
1082	2.387890333333333
1083	2.4068176666666665
1084	2.413050666666667
1085	2.418844
1086	2.4377123333333333
1087	2.4731733333333334
1088	2.5191166666666667
1089	2.5585566666666666
1090	2.579396666666667
1091	2.590852
1092	2.607016333333333
1093	2.6312496666666667
1094	2.6586023333333335
1095	2.6773089999999997
1096	2.679684333333334
1097	2.6737009999999994
1098	2.6727486666666667
1099	2.6865593333333333
1100	2.719110333333333
1101	2.7653266666666667
1102	2.8164656666666663
1103	2.8639006666666664
1104	2.899066
1105	2.913723333333333
1106	2.9055919999999995
1107	2.8861643333333333
1108	2.872368
1109	2.8792836666666664
1110	2.913631333333333
1111	2.9652386666666666
1112	3.019184
1113	3.0665449999999996
1114	3.105239
1115	3.142000333333333
1116	3.183792
1117	3.229789666666667
1118	3.2765210000000002
1119	3.3223883333333335
1120	3.3660253333333334
1121	3.404408
1122	3.4348360000000002
1123	3.457249333333333
1124	3.473510333333333
1125	3.4865489999999997
1126	3.4941329999999997
1127	3.481797
1128	3.4368443333333327
1129	3.3631713333333333
1130	3.2729709999999996
1131	3.180304666666667
1132	3.095873333333333
1133	3.021405333333333
1134	2.9539813333333336
1135	2.8886833333333333
1136	2.8198703333333333
1137	2.741891
1138	2.650722333333333
1139	2.5465500000000003
1140	2.434573666666666
1141	2.3272916666666665
1142	2.2373393333333333
1143	2.170352333333333
1144	2.1268013333333333
1145	2.102382
1146	2.0913266666666663
1147	2.0885830000000003
1148	2.0879866666666667
1149	2.0802226666666668
1150	2.0578396666666663
1151	2.021237666666667
1152	1.9759256666666667
1153	1.931403
1154	1.8981223333333332
1155	1.8848713333333333
1156	1.8967913333333333
1157	1.9320286666666666
1158	1.9840686666666665
1159	2.0423773333333335
1160	2.0958439999999996
1161	2.1358036666666664
1162	2.1561126666666666
1163	2.1541053333333333
1164	2.1298786666666665
1165	2.0870596666666668
1166	2.033313666666667
1167	1.9821339999999998
1168	1.946712
1169	1.9334293333333332
1170	1.9424146666666666
1171	1.966126
1172	1.9941253333333333
1173	2.0165783333333334
1174	2.0254926666666666
1175	2.016367333333333
1176	1.9871376666666665
1177	1.9381979999999999
1178	1.8718376666666667
1179	1.7928936666666666
1180	1.709623
1181	1.6354896666666667
1182	1.582429
1183	1.5533976666666667
1184	1.545125
1185	1.5492416666666664
1186	1.5581630000000002
1187	1.5706219999999997
1188	1.5869386666666665
1189	1.6046196666666668
1190	1.619597
1191	1.6276556666666668
1192	1.6273790000000001
1193	1.6238103333333331
1194	1.6234616666666666
1195	1.6300116666666669
1196	1.6467733333333332
1197	1.6792316666666665
1198	1.7325323333333333
1199	1.8080916666666669
1200	1.901256
1201	1.9974353333333332
1202	2.0822606666666665
1203	2.1518086666666667
1204	2.208264333333333
1205	2.256687
1206	2.298441
1207	2.3247793333333333
1208	2.3293423333333334
1209	2.321689666666667
1210	2.318556333333333
1211	2.335783666666667
1212	2.3780176666666666
1213	2.4261166666666667
1214	2.4580326666666665
1215	2.4690363333333334
1216	2.4663790000000003
1217	2.465654
1218	2.4751990000000004
1219	2.4800043333333335
1220	2.463761
1221	2.4311093333333336
1222	2.3982156666666667
1223	2.3852116666666663
1224	2.405466666666667
1225	2.4536873333333333
1226	2.5172926666666666
1227	2.5852406666666665
1228	2.647505333333333
1229	2.6944693333333336
1230	2.721066
1231	2.7329293333333333
1232	2.741490333333333
1233	2.760342333333333
1234	2.796893
1235	2.8425206666666667
1236	2.883037333333333
1237	2.9080340000000002
1238	2.915361
1239	2.916884666666667
1240	2.9236956666666667
1241	2.9312846666666665
1242	2.928141
1243	2.9034423333333335
1244	2.853787
1245	2.7915633333333334
1246	2.7343616666666666
1247	2.695782333333333
1248	2.682717333333333
1249	2.6908863333333333
1250	2.7101496666666662
1251	2.728046
1252	2.7361886666666666
1253	2.737461666666667
1254	2.7386340000000002
1255	2.7441893333333334
1256	2.7561646666666673
1257	2.773924666666667
1258	2.7970210000000004
1259	2.82766
1260	2.866722666666667
1261	2.909432333333333
1262	2.9504983333333334
1263	2.9890076666666667
1264	3.024312666666667
1265	3.051817333333333
1266	3.066113666666667
1267	3.064184666666667
1268	3.0450203333333334
1269	3.010037333333333
1270	2.9640550000000006
1271	2.917593666666667
1272	2.88313
1273	2.8710256666666663
1274	2.8819500000000002
1275	2.8967053333333332
1276	2.893024666666667
1277	2.8617893333333333
1278	2.80533
1279	2.738647333333333
1280	2.680480666666666
1281	2.6456566666666665
1282	2.6404473333333334
1283	2.655678
1284	2.6775423333333332
1285	2.696895333333333
1286	2.710128666666667
1287	2.721438666666667
1288	2.7395763333333334
1289	2.775745
1290	2.835613666666667
1291	2.9098623333333333
1292	2.984021
1293	3.0476313333333334
1294	3.1008283333333333
1295	3.163232666666667
1296	3.2570619999999995
1297	3.391151666666667
1298	3.565886333333333
1299	3.774888333333333
1300	4.000203
1301	4.2043946666666665
1302	4.356954333333333
1303	4.463279999999999
1304	4.547191
1305	4.637162666666667
1306	4.747790333333334
1307	4.859467333333333
1308	4.947799666666667
1309	5.011500666666667
1310	5.060749
1311	5.107108333333333
1312	5.156641333333333
1313	5.202662333333333
1314	5.235180333333333
1315	5.248939666666666
1316	5.239687
1317	5.200424
1318	5.125538666666667
1319	5.017220666666666
1320	4.892387666666667
1321	4.792576333333333
1322	4.752426666666667
1323	4.765358333333333
1324	4.801554333333334
1325	4.821504333333333
1326	4.8037296666666665
1327	4.775036666666666
1328	4.769827333333334
1329	4.791277333333333
1330	4.824490666666667
1331	4.846803333333333
1332	4.84151
1333	4.811947
1334	4.7707
1335	4.731591666666667
1336	4.706436666666667
1337	4.701710333333333
1338	4.718121666666667
1339	4.747639333333333
1340	4.775533333333333
1341	4.780598666666666
1342	4.7464059999999995
1343	4.675069333333334
1344	4.586217666666667
1345	4.519449666666667
1346	4.502674333333333
1347	4.518075333333334
1348	4.534967333333333
1349	4.5400436666666675
1350	4.536840333333332
1351	4.5471710000000005
1352	4.588088666666666
1353	4.648637666666666
1354	4.709163
1355	4.758881333333333
1356	4.795520333333334
1357	4.8260749999999994
1358	4.858454
1359	4.8944806666666665
1360	4.936809333333334
1361	4.9959663333333335
1362	5.081270666666666
1363	5.189682
1364	5.303474333333333
1365	5.385383999999999
1366	5.408783
1367	5.39063
1368	5.3637
1369	5.3522006666666675
1370	5.365249666666666
1371	5.3884669999999995
1372	5.406842
1373	5.426223
1374	5.457904
1375	5.503601999999999
1376	5.558027333333333
1377	5.611018999999999
1378	5.6575880000000005
1379	5.708592666666665
1380	5.776592666666667
1381	5.861824
1382	5.956815333333334
1383	6.0501570000000005
1384	6.137255
1385	6.231860666666667
1386	6.347845666666666
1387	6.480830666666667
1388	6.618078
1389	6.747135
1390	6.862045
1391	6.970010666666667
1392	7.076993333333333
1393	7.173241333333333
1394	7.244110000000001
1395	7.280615666666667
1396	7.282376333333334
1397	7.261447
1398	7.224517333333335
1399	7.154517333333334
1400	7.03164
1401	6.854839666666667
1402	6.637694
1403	6.407237333333333
1404	6.187869333333333
1405	5.985315333333333
1406	5.7965963333333335
1407	5.617410000000001
1408	5.442983999999999
1409	5.267621666666667
1410	5.084941
1411	4.888851
1412	4.681121666666667
1413	4.481328333333333
1414	4.313204
1415	4.191366333333333
1416	4.117479333333333
1417	4.073765333333333
1418	4.043175333333334
1419	4.028860333333333
1420	4.040064
1421	4.078713
1422	4.139536666666666
1423	4.209886333333333
1424	4.283112666666667
1425	4.372819333333333
1426	4.494823666666667
1427	4.649111
1428	4.825146666666667
1429	5.005621333333333
1430	5.179518
1431	5.355892333333333
1432	5.547495666666667
1433	5.755152
1434	5.972007
1435	6.186213666666666
1436	6.384957666666666
1437	6.5583219999999995
1438	6.70458
1439	6.837918
1440	6.976404666666667
1441	7.130747333333332
1442	7.301875000000001
1443	7.475580333333333
1444	7.629630333333333
1445	7.7387543333333335
1446	7.7864216666666675
1447	7.779488
1448	7.738263666666667
1449	7.689631333333333
1450	7.649133666666667
1451	7.601109666666667
1452	7.523466
1453	7.410854333333334
1454	7.269348333333333
1455	7.113481333333334
1456	6.9602933333333326
1457	6.824150333333332
1458	6.709130666666665
1459	6.598544333333334
1460	6.4707273333333335
1461	6.3138179999999995
1462	6.127958333333333
1463	5.930147666666667
1464	5.739500333333332
1465	5.563583666666666
1466	5.402235333333332
1467	5.2493989999999995
1468	5.096403333333333
1469	4.9340269999999995
1470	4.756193999999999
1471	4.5646379999999995
1472	4.364985666666666
1473	4.164144666666666
1474	3.9683773333333328
1475	3.78137
1476	3.603974
1477	3.433218333333333
1478	3.266464
1479	3.10551
1480	2.953837
1481	2.8141629999999997
1482	2.6878253333333335
1483	2.5740079999999996
1484	2.4714936666666665
1485	2.380036
1486	2.2983966666666666
1487	2.2219543333333336
1488	2.1449223333333336
1489	2.0625973333333336
1490	1.9737166666666666
1491	1.8839236666666668
1492	1.8019083333333332
1493	1.7363853333333337
1494	1.693121
1495	1.6708693333333335
1496	1.662399
1497	1.6540063333333332
1498	1.634683
1499	1.605861666666667
1500	1.574075
1501	1.5449786666666667
1502	1.5221
1503	1.5052446666666668
1504	1.490486
1505	1.469507
1506	1.4382023333333334
1507	1.4066439999999998
1508	1.3908456666666664
1509	1.4053779999999998
1510	1.4552973333333332
1511	1.5259369999999999
1512	1.5984193333333334
1513	1.6636156666666668
1514	1.7177913333333332
1515	1.759323
1516	1.788573
1517	1.8090553333333332
1518	1.8252336666666664
1519	1.8406526666666667
1520	1.857599
1521	1.8765403333333335
1522	1.8977216666666668
1523	1.92282
1524	1.95577
1525	2.0037616666666667
1526	2.0711416666666667
1527	2.152283
1528	2.2368353333333335
1529	2.3140693333333333
1530	2.378466
1531	2.4361186666666668
1532	2.49416
1533	2.550629666666667
1534	2.6000006666666664
1535	2.638511666666667
1536	2.667147
1537	2.695736
1538	2.737411666666667
1539	2.803760666666667
1540	2.900805666666667
1541	3.023329
1542	3.1609413333333327
1543	3.302465333333333
1544	3.4394196666666663
1545	3.569398333333333
1546	3.6891973333333334
1547	3.788519
1548	3.8607873333333327
1549	3.9164193333333333
1550	3.978976
1551	4.083574333333333
1552	4.253474
1553	4.473855333333334
1554	4.7179850000000005
1555	4.970067
1556	5.223362999999999
1557	5.478730333333334
1558	5.733978
1559	5.973825333333334
1560	6.184693333333334
1561	6.370593333333334
1562	6.543869
1563	6.717574
1564	6.899333333333333
1565	7.0852536666666674
1566	7.274151333333334
1567	7.481618000000001
1568	7.721789333333334
1569	7.987084666666667
1570	8.253798333333334
1571	8.484504000000001
1572	8.649952333333333
1573	8.753259666666667
1574	8.815635666666665
1575	8.867037333333334
1576	8.932404666666665
1577	9.016756333333333
1578	9.107818
1579	9.174304666666668
1580	9.189564666666667
1581	9.155779333333333
1582	9.087392333333334
1583	8.997835666666665
1584	8.897548333333333
1585	8.791936666666667
1586	8.679519
1587	8.548309999999999
1588	8.388891333333333
1589	8.208235333333333
1590	8.020875666666665
1591	7.841631666666666
1592	7.6798139999999995
1593	7.532010999999999
1594	7.386737999999999
1595	7.2269603333333325
1596	7.040268666666667
1597	6.8311399999999995
1598	6.619670999999999
1599	6.4434379999999996
1600	6.329421666666667
1601	6.263284666666667
1602	6.215318333333333
1603	6.162360999999999
1604	6.090625
1605	6.000011666666667
1606	5.8992613333333335
1607	5.803776666666666
1608	5.723661333333333
1609	5.650857333333334
1610	5.572248
1611	5.481897666666667
1612	5.3827300000000005
1613	5.289654333333333
1614	5.216851666666667
1615	5.164885666666667
1616	5.125809333333333
1617	5.086160333333333
1618	5.033573666666666
1619	4.963905666666666
1620	4.883621333333333
1621	4.814308666666666
1622	4.772510666666666
1623	4.748763666666666
1624	4.726962666666666
1625	4.702365333333333
1626	4.677772666666666
1627	4.660412666666667
1628	4.654758333333333
1629	4.655315333333333
1630	4.654410666666667
1631	4.649410333333332
1632	4.640394000000001
1633	4.628389666666666
1634	4.615766666666667
1635	4.607730666666667
1636	4.612934333333333
1637	4.644337333333333
1638	4.708676
1639	4.793344666666666
1640	4.873958
1641	4.920497
1642	4.921238333333333
1643	4.910471
1644	4.927847333333333
1645	4.978815333333333
1646	5.048351333333333
1647	5.111219
1648	5.149844999999999
1649	5.172549999999999
1650	5.195430999999999
1651	5.226381999999999
1652	5.266890666666667
1653	5.312973
1654	5.358476666666665
1655	5.397114999999999
1656	5.422874666666667
1657	5.430495666666666
1658	5.416575333333332
1659	5.381808666666666
1660	5.331722999999999
1661	5.2784276666666665
1662	5.230403333333333
1663	5.181770333333333
1664	5.124701333333333
1665	5.061400000000001
1666	4.99801
1667	4.938860666666666
1668	4.884961
1669	4.832139333333333
1670	4.776065
1671	4.716989000000001
1672	4.656542333333333
1673	4.594725666666667
1674	4.530445666666667
1675	4.461725666666666
1676	4.384865666666667
1677	4.293380333333333
1678	4.1836953333333335
1679	4.061942
1680	3.9390126666666667
1681	3.8266930000000006
1682	3.7329996666666663
1683	3.6566833333333335
1684	3.592677333333333
1685	3.5358673333333335
1686	3.4791290000000004
1687	3.4108153333333338
1688	3.3226353333333334
1689	3.2186636666666666
1690	3.1072350000000006
1691	2.9940063333333335
1692	2.8820893333333335
1693	2.7720656666666668
1694	2.664435666666667
1695	2.561821
1696	2.467535666666667
1697	2.3843496666666666
1698	2.3151433333333338
1699	2.2632779999999997
1700	2.2288976666666667
1701	2.2042323333333336
1702	2.179771
1703	2.1495373333333334
1704	2.1069356666666668
1705	2.0413646666666665
1706	1.9512543333333334
1707	1.8595493333333335
1708	1.7913013333333336
1709	1.7515566666666667
1710	1.7344810000000002
1711	1.7300713333333333
1712	1.728615
1713	1.7240506666666668
1714	1.7117996666666664
1715	1.6874653333333334
1716	1.650407
1717	1.608657
1718	1.5721149999999997
1719	1.5459253333333334
1720	1.5292856666666665
1721	1.5132203333333332
1722	1.4906586666666666
1723	1.4669706666666666
1724	1.4535379999999998
1725	1.46189
1726	1.494358
1727	1.533074
1728	1.559542
1729	1.5735696666666665
1730	1.58054
1731	1.5798916666666667
1732	1.5704770000000001
1733	1.5569243333333334
1734	1.5477436666666669
1735	1.553547666666667
1736	1.57896
1737	1.613057
1738	1.641597
1739	1.6586606666666668
1740	1.666578
1741	1.6769933333333336
1742	1.6977146666666667
1743	1.7189820000000002
1744	1.7259509999999998
1745	1.710534
1746	1.6736529999999996
1747	1.6292566666666668
1748	1.5926483333333334
1749	1.569573
1750	1.5602523333333336
1751	1.5621936666666667
1752	1.5729236666666666
1753	1.5918963333333334
1754	1.6176063333333333
1755	1.6445206666666667
1756	1.6676056666666665
1757	1.6867699999999997
1758	1.701199
1759	1.7038066666666667
1760	1.6893663333333333
1761	1.663499
1762	1.6357186666666665
1763	1.613088
1764	1.5979473333333334
1765	1.5852906666666664
1766	1.5728393333333335
1767	1.5709763333333333
1768	1.5881436666666668
1769	1.6154453333333334
1770	1.6386853333333333
1771	1.649730666666667
1772	1.647481
1773	1.6398703333333335
1774	1.6341466666666666
1775	1.627531
1776	1.6145023333333335
1777	1.5939696666666665
1778	1.5699870000000002
1779	1.5530893333333333
1780	1.5511286666666666
1781	1.5595743333333334
1782	1.5696703333333333
1783	1.5761403333333333
1784	1.5810836666666668
1785	1.598636666666667
1786	1.6383416666666668
1787	1.6875513333333334
1788	1.7275056666666668
1789	1.7483916666666666
1790	1.7489656666666666
