610	1.7563696666666668
611	1.7653963333333336
612	1.7950943333333336
613	1.8307653333333334
614	1.8589256666666667
615	1.875056
616	1.8789226666666667
617	1.87115
618	1.8526136666666668
619	1.8248336666666667
620	1.7926633333333333
621	1.767696
622	1.7605066666666667
623	1.772248666666667
624	1.7978466666666668
625	1.8276473333333334
626	1.8533116666666667
627	1.8733833333333334
628	1.8876446666666666
629	1.8920533333333336
630	1.8836673333333334
631	1.866414666666667
632	1.8477023333333336
633	1.8357370000000002
634	1.836593
635	1.8507233333333333
636	1.8752613333333334
637	1.9051946666666668
638	1.9355823333333335
639	1.9632353333333337
640	1.9840833333333334
641	1.9906360000000003
642	1.9779910000000003
643	1.9511313333333333
644	1.9211666666666665
645	1.902819
646	1.9060753333333333
647	1.926877
648	1.9568853333333334
649	1.9919323333333332
650	2.030650666666667
651	2.073082
652	2.1178306666666664
653	2.159129666666667
654	2.1906546666666666
655	2.209470666666667
656	2.216254
657	2.21663
658	2.2184456666666668
659	2.2295883333333335
660	2.254153
661	2.287340666666667
662	2.319475333333333
663	2.3388546666666667
664	2.337854333333333
665	2.3200013333333334
666	2.293187
667	2.263914333333333
668	2.2341426666666666
669	2.1974506666666667
670	2.1466523333333334
671	2.0812886666666666
672	2.005904666666667
673	1.9295156666666666
674	1.8613226666666667
675	1.8067206666666666
676	1.7680576666666665
677	1.744251
678	1.7309636666666668
679	1.7197143333333333
680	1.7031586666666667
681	1.6808213333333333
682	1.656993
683	1.639670666666667
684	1.634789
685	1.6401663333333334
686	1.6508666666666667
687	1.6638943333333334
688	1.6786010000000002
689	1.6971693333333333
690	1.7206400000000002
691	1.744820666666667
692	1.7647463333333335
693	1.779023666666667
694	1.788267
695	1.7937923333333334
696	1.7960003333333336
697	1.7928746666666664
698	1.7833783333333333
699	1.771198
700	1.7619493333333334
701	1.7605886666666666
702	1.768968
703	1.7825963333333332
704	1.7949056666666665
705	1.800876333333333
706	1.7976833333333333
707	1.7860063333333334
708	1.7696193333333334
709	1.7560153333333333
710	1.7527053333333333
711	1.7632703333333333
712	1.786262
713	1.8127976666666668
714	1.8335546666666667
715	1.8456870000000003
716	1.8515346666666668
717	1.8586326666666668
718	1.8749003333333334
719	1.9039326666666667
720	1.9440173333333333
721	1.9857993333333335
722	2.0191496666666664
723	2.0398796666666668
724	2.0492393333333334
725	2.054658
726	2.063191
727	2.074997
728	2.0855806666666665
729	2.087307666666667
730	2.076085
731	2.0588810000000004
732	2.0466320000000002
733	2.047952
734	2.0660763333333336
735	2.094765
736	2.1259853333333334
737	2.156626
738	2.1846376666666667
739	2.2052680000000002
740	2.214151
741	2.2111886666666667
742	2.2008236666666665
743	2.1932473333333333
744	2.1967783333333335
745	2.209697
746	2.225208
747	2.235334
748	2.235573666666667
749	2.229960666666667
750	2.2239106666666664
751	2.2175843333333334
752	2.2090853333333333
753	2.1974796666666663
754	2.1832146666666667
755	2.1683483333333333
756	2.152779333333333
757	2.130320666666667
758	2.0965293333333332
759	2.0571716666666666
760	2.0218016666666667
761	1.9977253333333334
762	1.9860376666666666
763	1.9763803333333336
764	1.9567893333333333
765	1.9232806666666669
766	1.8792959999999999
767	1.8368583333333333
768	1.8086353333333332
769	1.8002333333333334
770	1.8106213333333332
771	1.8307636666666667
772	1.8501803333333335
773	1.862829
774	1.8670473333333333
775	1.8666256666666667
776	1.8673253333333333
777	1.8739373333333333
778	1.8874023333333332
779	1.9011300000000002
780	1.9080076666666668
781	1.907253
782	1.901916
783	1.8970163333333334
784	1.895772
785	1.895786
786	1.894342
787	1.8932983333333333
788	1.8939506666666668
789	1.8914793333333333
790	1.8794416666666667
791	1.8544179999999997
792	1.8183360000000002
793	1.7819439999999998
794	1.7564576666666667
795	1.7451796666666666
796	1.7452566666666667
797	1.7481246666666665
798	1.7469416666666666
799	1.7440696666666664
800	1.7453436666666666
801	1.7551603333333334
802	1.7760836666666668
803	1.8084496666666667
804	1.8529430000000002
805	1.9128316666666665
806	1.989882333333333
807	2.079905
808	2.1784973333333335
809	2.286793
810	2.4079383333333335
811	2.543423
812	2.689726333333333
813	2.833966333333333
814	2.9632506666666667
815	3.0742059999999993
816	3.1699143333333337
817	3.258172333333333
818	3.344473666666667
819	3.4249183333333333
820	3.493116333333333
821	3.546657333333333
822	3.587005333333333
823	3.6200089999999996
824	3.651258
825	3.681185333333333
826	3.704838
827	3.7102373333333336
828	3.6851080000000005
829	3.6239616666666663
830	3.5300986666666665
831	3.4197759999999997
832	3.3093506666666666
833	3.2028173333333334
834	3.098321666666667
835	2.993943333333333
836	2.8934306666666667
837	2.812271
838	2.7630236666666663
839	2.7394600000000002
840	2.725906
841	2.7046623333333333
842	2.6643033333333332
843	2.6089426666666666
844	2.5471356666666667
845	2.482631333333333
846	2.4187453333333333
847	2.3634446666666666
848	2.3267046666666666
849	2.3173423333333334
850	2.336237666666667
851	2.367558
852	2.393142333333333
853	2.406462
854	2.4099996666666668
855	2.4139566666666665
856	2.4233616666666666
857	2.4247396666666665
858	2.402426666666667
859	2.354947666666667
860	2.290945
861	2.2270653333333335
862	2.1777033333333335
863	2.1450733333333334
864	2.1286473333333333
865	2.133218666666667
866	2.1605873333333334
867	2.1993616666666664
868	2.2321526666666665
869	2.2419606666666665
870	2.2206376666666663
871	2.179616333333333
872	2.136999
873	2.1063696666666667
874	2.0930933333333335
875	2.089123
876	2.0843756666666664
877	2.077315666666667
878	2.072399
879	2.078493
880	2.1023553333333336
881	2.1416983333333333
882	2.1891866666666666
883	2.234792666666667
884	2.267513
885	2.2770863333333335
886	2.2602236666666666
887	2.229202666666667
888	2.202188
889	2.194729
890	2.2130236666666665
891	2.244920333333334
892	2.273042666666667
893	2.286530666666667
894	2.2833583333333336
895	2.2743943333333334
896	2.272148666666667
897	2.2802743333333333
898	2.2964653333333334
899	2.3140953333333334
900	2.3267516666666666
901	2.3325043333333335
902	2.3328596666666668
903	2.3328230000000003
904	2.3392653333333335
905	2.3595489999999995
906	2.3960163333333337
907	2.438924666666667
908	2.47436
909	2.4914443333333334
910	2.487052333333333
911	2.472388333333333
912	2.4621953333333333
913	2.4647876666666666
914	2.4802109999999997
915	2.496665333333333
916	2.5013403333333333
917	2.4906813333333333
918	2.466801333333333
919	2.435272666666666
920	2.402341
921	2.372945666666667
922	2.3513806666666666
923	2.3410776666666666
924	2.3389686666666663
925	2.328357333333333
926	2.294106
927	2.2388933333333334
928	2.1772289999999996
929	2.131755
930	2.1181633333333334
931	2.128837
932	2.1481196666666666
933	2.1654666666666667
934	2.1766303333333337
935	2.1854226666666667
936	2.1960393333333332
937	2.2060310000000003
938	2.21132
939	2.211369
940	2.2099773333333332
941	2.2162483333333336
942	2.233789
943	2.248857333333333
944	2.246111
945	2.224623
946	2.1944660000000002
947	2.1749666666666667
948	2.1785426666666665
949	2.1934956666666667
950	2.2027193333333335
951	2.201086
952	2.1907176666666666
953	2.1770483333333335
954	2.162828666666667
955	2.142323333333333
956	2.109488
957	2.0665153333333333
958	2.021942
959	1.989616
960	1.9780556666666667
961	1.9788046666666668
962	1.9798436666666668
963	1.9780173333333333
964	1.9748143333333334
965	1.97253
966	1.9708133333333335
967	1.9635150000000001
968	1.947485666666667
969	1.931653
970	1.9237613333333334
971	1.9168573333333332
972	1.901186
973	1.8763203333333336
974	1.8502783333333332
975	1.8399733333333335
976	1.8587086666666668
977	1.9026470000000004
978	1.9583543333333335
979	2.0080223333333334
980	2.037931
981	2.0477723333333335
982	2.0455086666666666
983	2.04476
984	2.0588373333333334
985	2.0946603333333336
986	2.1507303333333336
987	2.212975666666667
988	2.2676456666666667
989	2.3146603333333333
990	2.365465333333333
991	2.443157
992	2.5658136666666667
993	2.728308666666667
994	2.912069
995	3.091661666666667
996	3.248292666666666
997	3.3846446666666665
998	3.514325
999	3.6543563333333324
1000	3.8175556666666663
1001	4.004557999999999
1002	4.210517666666666
1003	4.430257333333333
1004	4.661161
1005	4.9060809999999995
1006	5.168122333333332
1007	5.4446406666666665
1008	5.723511999999999
1009	5.976857000000001
1010	6.175148333333333
1011	6.301367333333332
1012	6.351633666666667
1013	6.339782333333333
1014	6.286535
1015	6.211445333333334
1016	6.129299
1017	6.0453030000000005
1018	5.957598666666667
1019	5.857398333333332
1020	5.735758000000001
1021	5.589717666666666
1022	5.418588
1023	5.220895333333333
1024	4.996067333333334
1025	4.747124999999999
1026	4.481103666666667
1027	4.210582666666666
1028	3.948073
1029	3.7008179999999995
1030	3.4753703333333332
1031	3.281744333333333
1032	3.1279036666666666
1033	3.0126759999999995
1034	2.9271053333333334
1035	2.853925666666666
1036	2.7784613333333334
1037	2.6999256666666667
1038	2.6232423333333337
1039	2.552171
1040	2.4867853333333336
1041	2.4209246666666666
1042	2.3497620000000006
1043	2.2775819999999998
1044	2.211202666666667
1045	2.153922666666667
1046	2.1066553333333333
1047	2.068734
1048	2.0388506666666664
1049	2.0152603333333334
1050	1.993841
1051	1.965856
1052	1.925403
1053	1.8779653333333335
1054	1.8343623333333334
1055	1.8057813333333335
1056	1.7983959999999999
1057	1.8071066666666666
1058	1.8243523333333334
1059	1.8480256666666666
1060	1.8787550000000002
1061	1.9172093333333333
1062	1.9612053333333335
1063	2.002466
1064	2.032855
1065	2.0506363333333333
1066	2.0567586666666666
1067	2.052062666666667
1068	2.0391406666666665
1069	2.0251563333333333
1070	2.0186426666666666
1071	2.026011
1072	2.0467256666666667
1073	2.0668756666666668
1074	2.0720899999999998
1075	2.0607683333333333
1076	2.0415826666666668
1077	2.0326546666666667
1078	2.045433666666667
1079	2.067426666666667
1080	2.079997666666667
1081	2.0751853333333337
1082	2.056119
1083	2.0392763333333335
1084	2.0398633333333334
1085	2.0574229999999996
1086	2.0848376666666666
1087	2.1155763333333333
1088	2.143788333333333
1089	2.164132
1090	2.1745346666666667
1091	2.180387666666667
1092	2.1914446666666665
1093	2.2196053333333334
1094	2.271956666666667
1095	2.3420159999999997
1096	2.4142979999999996
1097	2.4669806666666667
1098	2.4859726666666666
1099	2.4811433333333333
1100	2.47343
1101	2.4841166666666665
1102	2.5222996666666666
1103	2.569931
1104	2.6032193333333336
1105	2.6126333333333336
1106	2.601544333333333
1107	2.587507
1108	2.5895813333333333
1109	2.6163313333333336
1110	2.666351
1111	2.725938
1112	2.777576
1113	2.807138666666667
1114	2.8084569999999998
1115	2.789975666666667
1116	2.765333333333334
1117	2.745697666666667
1118	2.7384136666666667
1119	2.744424666666667
1120	2.757743333333333
1121	2.7631056666666667
1122	2.7487156666666666
1123	2.719988
1124	2.690518666666667
1125	2.6745183333333333
1126	2.678229
1127	2.6897830000000003
1128	2.692708666666667
1129	2.677886
1130	2.641052
1131	2.5816116666666664
1132	2.5043553333333333
1133	2.423081
1134	2.3512543333333333
1135	2.292413
1136	2.2432743333333334
1137	2.1951076666666665
1138	2.1392610000000003
1139	2.0726343333333332
1140	1.9983743333333335
1141	1.9283503333333332
1142	1.8762293333333333
1143	1.8507076666666666
1144	1.8520196666666666
1145	1.866236
1146	1.876971666666667
1147	1.8761860000000001
1148	1.862073
1149	1.8385900000000004
1150	1.8129163333333334
1151	1.794022
1152	1.787201
1153	1.7877383333333332
1154	1.788188
1155	1.7852653333333335
1156	1.7819079999999998
1157	1.7903833333333337
1158	1.8218053333333335
1159	1.8750990000000003
1160	1.94093
1161	2.003469
1162	2.047235333333333
1163	2.0639366666666668
1164	2.0528483333333334
1165	2.023525
1166	1.988798
1167	1.9588530000000002
1168	1.93854
1169	1.9235623333333334
1170	1.9081439999999998
1171	1.8921459999999999
1172	1.8793333333333333
1173	1.8763476666666665
1174	1.8891776666666666
1175	1.9190503333333333
1176	1.9600216666666666
1177	1.99463
1178	2.0050036666666666
1179	1.9843026666666668
1180	1.9365676666666667
1181	1.8794069999999998
1182	1.8320993333333333
1183	1.8045543333333334
1184	1.799673
1185	1.8135553333333332
1186	1.8376880000000002
1187	1.859714
1188	1.8723863333333337
1189	1.8836330000000001
1190	1.9049083333333334
1191	1.9402263333333332
1192	1.9872406666666669
1193	2.03708
1194	2.080473333333334
1195	2.1135253333333335
1196	2.136981666666667
1197	2.1566496666666666
1198	2.178945333333333
1199	2.2066336666666664
1200	2.2383230000000003
1201	2.267044333333333
1202	2.2862333333333336
1203	2.2959776666666665
1204	2.301768
1205	2.314583
1206	2.344859333333334
1207	2.396152333333333
1208	2.4652693333333335
1209	2.540386
1210	2.6075963333333334
1211	2.6568490000000002
1212	2.6840776666666666
1213	2.6949766666666664
1214	2.6985373333333333
1215	2.7019846666666667
1216	2.711193333333333
1217	2.7309666666666663
1218	2.7643576666666663
1219	2.811204
1220	2.8698543333333335
1221	2.9381530000000002
1222	3.0126823333333337
1223	3.087033666666667
1224	3.1510496666666667
1225	3.189596
1226	3.1925929999999996
1227	3.1667953333333334
1228	3.1266299999999996
1229	3.0871466666666665
1230	3.059922666666667
1231	3.0483626666666668
1232	3.0503086666666666
1233	3.0586986666666665
1234	3.065391
1235	3.0644186666666666
1236	3.0528676666666668
1237	3.032627
1238	3.0075119999999997
1239	2.9810776666666663
1240	2.955448666666667
1241	2.9300189999999997
1242	2.904023
1243	2.8791920000000006
1244	2.859624666666667
1245	2.851957
1246	2.8605613333333335
1247	2.881874666666667
1248	2.907391
1249	2.9255896666666668
1250	2.9284786666666665
1251	2.9189953333333336
1252	2.904752333333333
1253	2.893208
1254	2.890262
1255	2.8987676666666666
1256	2.919315
1257	2.950144666666667
1258	2.988486
1259	3.0312673333333335
1260	3.074558333333333
1261	3.1131050000000005
1262	3.1450616666666664
1263	3.177463666666667
1264	3.2172866666666664
1265	3.262327
1266	3.3055426666666667
1267	3.3387566666666664
1268	3.3582453333333335
1269	3.371092
1270	3.3862119999999996
1271	3.4059006666666667
1272	3.4282253333333332
1273	3.4483000000000006
1274	3.458648333333333
1275	3.4488050000000006
1276	3.4114029999999995
1277	3.3496116666666667
1278	3.2737119999999997
1279	3.1998573333333336
1280	3.144334333333333
1281	3.1177019999999995
1282	3.1221983333333334
1283	3.1467516666666664
1284	3.1777086666666667
1285	3.2083713333333335
1286	3.236164
1287	3.260835333333333
1288	3.2849829999999995
1289	3.3155886666666667
1290	3.3581419999999995
1291	3.4100483333333336
1292	3.463354333333333
1293	3.5072153333333334
1294	3.5412039999999996
1295	3.590695333333333
1296	3.6824786666666665
1297	3.8200326666666666
1298	3.9910743333333336
1299	4.171213
1300	4.335088333333333
1301	4.4661669999999996
1302	4.5549013333333335
1303	4.599352333333334
1304	4.604309666666666
1305	4.583660666666667
1306	4.556798333333333
1307	4.546246
1308	4.566469333333333
1309	4.610437666666666
1310	4.663643666666666
1311	4.715956333333333
1312	4.762892333333332
1313	4.807175999999999
1314	4.8498996666666665
1315	4.881841
1316	4.892418999999999
1317	4.878626
1318	4.841371333333333
1319	4.783317333333333
1320	4.712337999999999
1321	4.6468913333333335
1322	4.606137666666666
1323	4.599824666666667
1324	4.628917333333333
1325	4.683193
1326	4.744669999999999
1327	4.788785666666667
1328	4.796971
1329	4.7713123333333325
1330	4.726121666666666
1331	4.682622
1332	4.656298
1333	4.643495000000001
1334	4.633628
1335	4.619615666666666
1336	4.599714333333333
1337	4.580183666666667
1338	4.570141
1339	4.576850666666667
1340	4.599954666666665
1341	4.623791
1342	4.629697333333333
1343	4.607969333333333
1344	4.5596983333333325
1345	4.501328666666667
1346	4.452496
1347	4.425008
1348	4.422672333333333
1349	4.4390176666666665
1350	4.463592666666667
1351	4.486958
1352	4.505227333333334
1353	4.525454
1354	4.554347333333333
1355	4.586963
1356	4.613307
1357	4.624399666666667
1358	4.617529
1359	4.602885333333333
1360	4.594534
1361	4.602398666666666
1362	4.630927999999999
1363	4.6760833333333345
1364	4.72789
1365	4.771237666666667
1366	4.794739666666667
1367	4.800504
1368	4.796764666666666
1369	4.792357666666666
1370	4.795145666666666
1371	4.810654666666666
1372	4.842114
1373	4.889535333333333
1374	4.951019999999999
1375	5.023299
1376	5.1031613333333325
1377	5.188739
1378	5.278721666666666
1379	5.371808666666667
1380	5.467192333333333
1381	5.565266666666667
1382	5.666362333333333
1383	5.769359333333333
1384	5.871465666666666
1385	5.9678233333333335
1386	6.055244333333334
1387	6.136439333333334
1388	6.216065
1389	6.297012666666666
1390	6.378225333333333
1391	6.451501666666667
1392	6.506254666666666
1393	6.533680666666665
1394	6.528774666666665
1395	6.493898666666667
1396	6.438443666666666
1397	6.379675333333333
1398	6.326413
1399	6.260900666666667
1400	6.160828333333333
1401	6.021012333333331
1402	5.851217666666666
1403	5.676832666666667
1404	5.520885666666667
1405	5.386154333333333
1406	5.2661913333333334
1407	5.1538406666666665
1408	5.042949666666668
1409	4.929198666666666
1410	4.808715666666667
1411	4.6776383333333325
1412	4.5379786666666675
1413	4.405355333333333
1414	4.298257333333334
1415	4.227419333333334
1416	4.193005666666666
1417	4.179761
1418	4.1745573333333335
1419	4.183878333333333
1420	4.220125
1421	4.2888193333333335
1422	4.388804333333333
1423	4.51146
1424	4.647789333333333
1425	4.794664666666667
1426	4.949652666666666
1427	5.105870666666666
1428	5.255590999999999
1429	5.3948616666666664
1430	5.528817666666666
1431	5.67884
1432	5.863803666666667
1433	6.080319333333333
1434	6.313023666666666
1435	6.541959666666666
1436	6.750610999999999
1437	6.934327666666665
1438	7.097031333333333
1439	7.250219999999999
1440	7.403583666666666
1441	7.554936333333333
1442	7.691951999999999
1443	7.79212
1444	7.841009
1445	7.852474666666666
1446	7.850137999999999
1447	7.851253666666665
1448	7.864778666666666
1449	7.887347999999999
1450	7.905826333333333
1451	7.896953333333333
1452	7.842217333333334
1453	7.743983999999999
1454	7.615044
1455	7.470629000000001
1456	7.320071333333333
1457	7.158193666666666
1458	6.9788723333333325
1459	6.788276999999999
1460	6.597606666666667
1461	6.4165280000000005
1462	6.251152333333334
1463	6.101318000000001
1464	5.9633970000000005
1465	5.831648333333334
1466	5.699255
1467	5.558808333333333
1468	5.404177666666666
1469	5.233322333333334
1470	5.050349666666667
1471	4.869083000000001
1472	4.701927666666667
1473	4.548356666666667
1474	4.401610666666667
1475	4.254195666666667
1476	4.103020333333333
1477	3.954759
1478	3.815387666666666
1479	3.6797096666666667
1480	3.5393709999999996
1481	3.390738333333333
1482	3.2358953333333336
1483	3.084502
1484	2.944591
1485	2.8133619999999997
1486	2.685248
1487	2.559543
1488	2.4389923333333328
1489	2.328564
1490	2.230311333333333
1491	2.1381486666666665
1492	2.0473513333333333
1493	1.9646006666666664
1494	1.9007266666666665
1495	1.8639126666666668
1496	1.8559926666666666
1497	1.8673256666666669
1498	1.8852133333333334
1499	1.901135
1500	1.9095043333333332
1501	1.9070556666666667
1502	1.8926763333333334
1503	1.868368
1504	1.8378183333333333
1505	1.805738
1506	1.7772603333333332
1507	1.757516
1508	1.7503526666666664
1509	1.7562603333333333
1510	1.7714949999999998
1511	1.7860446666666667
1512	1.7904143333333336
1513	1.782448
1514	1.763518
1515	1.735693666666667
1516	1.7014036666666668
1517	1.6637493333333335
1518	1.6268656666666668
1519	1.5966513333333334
1520	1.5795633333333332
1521	1.5814656666666669
1522	1.6066513333333334
1523	1.6557666666666668
1524	1.7235289999999999
1525	1.7948293333333334
1526	1.8553446666666666
1527	1.9024026666666667
1528	1.9398696666666666
1529	1.9747583333333334
1530	2.0140986666666665
1531	2.0618586666666667
1532	2.1159766666666666
1533	2.1638476666666664
1534	2.192674
1535	2.2002099999999998
1536	2.193884333333333
1537	2.1920836666666665
1538	2.2113583333333335
1539	2.253515333333333
1540	2.3135136666666662
1541	2.385473666666667
1542	2.4639906666666667
1543	2.544954
1544	2.6262160000000003
1545	2.708889333333333
1546	2.794801333333333
1547	2.8842973333333335
1548	2.9773216666666666
1549	3.0747186666666666
1550	3.179387
1551	3.2978943333333333
1552	3.4369616666666665
1553	3.5998143333333337
1554	3.7864286666666667
1555	3.992615333333333
1556	4.211359666666667
1557	4.433191333333333
1558	4.649924666666666
1559	4.858653666666667
1560	5.058831666666666
1561	5.250205333333334
1562	5.433425
1563	5.611426666666667
1564	5.789218333333333
1565	5.973678666666667
1566	6.166839333333334
1567	6.357944666666667
1568	6.534134000000001
1569	6.690707333333334
1570	6.828665666666668
1571	6.953125
1572	7.066827666666667
1573	7.163650666666667
1574	7.236463666666667
1575	7.28486
1576	7.311826333333334
1577	7.321047666666666
1578	7.315625000000001
1579	7.296899
1580	7.265031999999999
1581	7.219073666666666
1582	7.157074333333333
1583	7.0758313333333325
1584	6.972540666666666
1585	6.84724
1586	6.7065426666666665
1587	6.568917333333333
1588	6.451648666666666
1589	6.357227666666666
1590	6.279368666666667
1591	6.207133333333332
1592	6.133251333333333
1593	6.062173333333333
1594	5.997768333333333
1595	5.9312103333333335
1596	5.852755333333333
1597	5.764182666666667
1598	5.674982
1599	5.599456333333334
1600	5.544590333333333
1601	5.496846333333333
1602	5.440820333333334
1603	5.3775363333333335
1604	5.3159073333333335
1605	5.2652149999999995
1606	5.228777666666666
1607	5.196712333333332
1608	5.155743999999999
1609	5.098203666666667
1610	5.022482666666667
1611	4.935047333333333
1612	4.845973666666666
1613	4.765695
1614	4.70092
1615	4.649806666666667
1616	4.608266
1617	4.575180666666667
1618	4.548825333333333
1619	4.523249
1620	4.495601
1621	4.4741946666666665
1622	4.467598333333333
1623	4.473463333333333
1624	4.483703666666667
1625	4.488588666666667
1626	4.480958333333334
1627	4.460908000000001
1628	4.433014333333333
1629	4.404790666666667
1630	4.382237333333332
1631	4.365275333333333
1632	4.351545
1633	4.340282
1634	4.337449333333333
1635	4.361801666666667
1636	4.4284126666666666
1637	4.530551666666667
1638	4.6490290000000005
1639	4.758439666666667
1640	4.837298333333334
1641	4.879115666666667
1642	4.889689
1643	4.8881179999999995
1644	4.894895999999999
1645	4.921158666666667
1646	4.9721676666666665
1647	5.049173
1648	5.1507026666666675
1649	5.271695333333334
1650	5.401011333333333
1651	5.517312333333334
1652	5.600969
1653	5.646844000000001
1654	5.6594093333333335
1655	5.65079
1656	5.635515333333334
1657	5.6260993333333325
1658	5.627157666666667
1659	5.627693333333332
1660	5.615243666666666
1661	5.589571666666666
1662	5.557486000000001
1663	5.528914666666665
1664	5.511087333333334
1665	5.502311333333333
1666	5.4959679999999995
1667	5.4829039999999996
1668	5.453580666666667
1669	5.400615
1670	5.325409333333333
1671	5.247071666666667
1672	5.185806333333334
1673	5.146178333333333
1674	5.120655999999999
1675	5.089934333333334
1676	5.032003333333334
1677	4.931193666666667
1678	4.7890396666666675
1679	4.6394573333333335
1680	4.519079666666666
1681	4.437899666666667
1682	4.385539
1683	4.333271666666667
1684	4.256253666666667
1685	4.155710666666667
1686	4.044955000000001
1687	3.9380270000000004
1688	3.84173
1689	3.7474746666666667
1690	3.6473646666666664
1691	3.5497853333333333
1692	3.4649029999999996
1693	3.390308666666667
1694	3.3205029999999995
1695	3.2561936666666664
1696	3.2010123333333333
1697	3.1580403333333336
1698	3.126152666666666
1699	3.095778
1700	3.0582700000000003
1701	3.015767333333333
1702	2.976807
1703	2.952284333333333
1704	2.9422936666666666
1705	2.9211310000000004
1706	2.8637633333333334
1707	2.773059
1708	2.667639
1709	2.5726719999999994
1710	2.5049206666666666
1711	2.456713333333333
1712	2.413006666666667
1713	2.366124666666667
1714	2.313095
1715	2.253375333333333
1716	2.187575333333333
1717	2.117151333333333
1718	2.044332333333333
1719	1.9725816666666665
1720	1.9068900000000002
1721	1.8538806666666665
1722	1.8147903333333335
1723	1.7777709999999998
1724	1.734761
1725	1.6986916666666665
1726	1.6829636666666667
1727	1.680735
1728	1.678934
1729	1.6713966666666664
1730	1.6569450000000003
1731	1.6382940000000001
1732	1.6210890000000002
1733	1.6139956666666668
1734	1.6232806666666668
1735	1.6466390000000002
1736	1.6777553333333333
1737	1.7095006666666666
1738	1.7345043333333334
1739	1.7452889999999999
1740	1.7356873333333334
1741	1.703425
1742	1.6534973333333334
1743	1.6034490000000001
1744	1.5704459999999998
1745	1.5582533333333335
1746	1.5636253333333332
1747	1.5808983333333335
1748	1.604687
1749	1.6316703333333333
1750	1.6579076666666666
1751	1.6761476666666668
1752	1.6802473333333334
1753	1.6701853333333334
1754	1.6493066666666665
1755	1.622541
1756	1.594913
1757	1.5705456666666666
1758	1.5540499999999997
1759	1.5518006666666668
1760	1.5683479999999999
1761	1.6017216666666667
1762	1.6444716666666666
1763	1.6832090000000002
1764	1.7056496666666665
1765	1.7079726666666668
1766	1.6924476666666668
1767	1.6667576666666668
1768	1.6391473333333335
1769	1.6142473333333336
1770	1.5951583333333335
1771	1.5851273333333333
1772	1.5867846666666667
1773	1.600564
1774	1.623223
1775	1.6455233333333334
1776	1.659616
1777	1.666893
1778	1.6735356666666668
1779	1.6868319999999999
1780	1.7094120000000002
1781	1.7328416666666668
1782	1.7482736666666665
1783	1.7569726666666665
1784	1.764811666666667
1785	1.7772316666666665
1786	1.7946643333333332
1787	1.8075590000000001
1788	1.8087243333333334
1789	1.8059063333333334
1790	1.8091279999999998
