400.00000000	690.18876451
402.00000000	680.94806482
404.00000000	695.86389985
406.00000000	697.79766941
408.00000000	651.64207109
410.00000000	627.29546247
412.00000000	644.57765022
414.00000000	661.72398872
416.00000000	678.72129931
418.00000000	697.35152106
420.00000000	694.13714383
422.00000000	683.67338687
424.00000000	693.15588140
426.00000000	683.86036325
428.00000000	651.86963054
430.00000000	654.36233401
432.00000000	675.74820644
434.00000000	678.24627110
436.00000000	668.26093394
438.00000000	659.18203071
440.00000000	660.93913270
442.00000000	666.34520429
444.00000000	668.81992275
446.00000000	672.00013283
448.00000000	666.86681604
450.00000000	646.69742559
452.00000000	642.81699229
454.00000000	652.04448946
456.00000000	631.80534799
458.00000000	625.84419971
460.00000000	666.69977161
462.00000000	679.37928819
464.00000000	656.28171978
466.00000000	644.70281837
468.00000000	640.55056260
470.00000000	633.68550824
472.00000000	627.48674966
474.00000000	632.52320848
476.00000000	653.68036681
478.00000000	672.53725098
480.00000000	693.51352625
482.00000000	738.42996727
484.00000000	784.28746044
486.00000000	798.36380146
488.00000000	761.45161113
490.00000000	698.00191394
492.00000000	655.36626866
494.00000000	667.66923643
496.00000000	701.40466355
498.00000000	675.66024231
500.00000000	656.15042679
502.00000000	687.82718754
504.00000000	672.83373157
506.00000000	626.26961742
508.00000000	627.05890934
510.00000000	660.75802171
512.00000000	690.09416929
514.00000000	683.57055060
516.00000000	660.72502963
518.00000000	655.82182128
520.00000000	685.39821997
522.00000000	713.96478940
524.00000000	691.54815505
526.00000000	654.34870027
528.00000000	640.86639919
530.00000000	660.73544539
532.00000000	686.23804098
534.00000000	689.37565675
536.00000000	676.98959844
538.00000000	672.48847825
540.00000000	690.14756852
542.00000000	674.19919204
544.00000000	628.19334049
546.00000000	637.95488170
548.00000000	673.27166437
550.00000000	682.27083373
552.00000000	682.40137373
554.00000000	675.38263559
556.00000000	655.32361113
558.00000000	658.41170997
560.00000000	687.54166735
562.00000000	697.62537592
564.00000000	687.58544661
566.00000000	675.18998234
568.00000000	674.26413628
570.00000000	681.86200524
572.00000000	688.44631654
574.00000000	701.88232631
576.00000000	707.19484148
578.00000000	671.56218381
580.00000000	647.02207644
582.00000000	670.16783441
584.00000000	686.76215223
586.00000000	678.02558751
588.00000000	660.07921762
590.00000000	663.77410598
592.00000000	686.36222946
594.00000000	694.79707061
596.00000000	699.73055369
598.00000000	709.57627427
600.00000000	705.29093758
602.00000000	693.14776251
604.00000000	691.55931998
606.00000000	706.48493640
608.00000000	706.50960522
610.00000000	652.35809877
612.00000000	615.06705694
614.00000000	638.31474047
616.00000000	681.26201622
618.00000000	704.79788291
620.00000000	695.35101979
622.00000000	686.61983367
624.00000000	691.61237966
626.00000000	701.17565311
628.00000000	700.44385553
630.00000000	686.14843775
632.00000000	669.80820133
634.00000000	662.38907561
636.00000000	672.81939263
638.00000000	704.58086068
640.00000000	732.42232706
642.00000000	729.65059723
644.00000000	713.02852335
646.00000000	695.66682153
648.00000000	680.88182182
650.00000000	674.75923473
652.00000000	682.32594549
654.00000000	703.05086471
656.00000000	715.26641108
658.00000000	707.85701560
660.00000000	709.29929348
662.00000000	717.65290180
664.00000000	717.10210183
666.00000000	725.79397835
668.00000000	740.71137754
670.00000000	737.32945689
672.00000000	730.12993582
674.00000000	733.39021988
676.00000000	740.07129087
678.00000000	733.70825873
680.00000000	712.71970020
682.00000000	714.87751120
684.00000000	734.09161192
686.00000000	737.71031415
688.00000000	727.60582822
690.00000000	713.74432104
692.00000000	706.37495398
694.00000000	715.06080981
696.00000000	742.17168594
698.00000000	776.17082541
700.00000000	779.62132734
702.00000000	739.64285647
704.00000000	722.69431882
706.00000000	731.63308212
708.00000000	731.52773746
710.00000000	742.68129181
712.00000000	762.02575814
714.00000000	758.47039250
716.00000000	745.08544473
718.00000000	741.39265189
720.00000000	753.08375178
722.00000000	771.51734012
724.00000000	779.44799318
726.00000000	759.31603342
728.00000000	750.26048097
730.00000000	789.12356521
732.00000000	795.35084657
734.00000000	763.45609302
736.00000000	761.55440492
738.00000000	782.15271392
740.00000000	802.08639533
742.00000000	809.13331920
744.00000000	809.63433518
746.00000000	815.28687718
748.00000000	833.84786709
750.00000000	866.47879911
752.00000000	899.05152693
754.00000000	891.07797844
756.00000000	846.64966853
758.00000000	803.91997346
760.00000000	787.25365512
762.00000000	789.87782024
764.00000000	784.20950346
766.00000000	784.18909517
768.00000000	789.44490902
770.00000000	769.94351787
772.00000000	763.22821567
774.00000000	796.86689445
776.00000000	823.10493706
778.00000000	815.13317736
780.00000000	786.27496491
782.00000000	803.35737653
784.00000000	855.60006094
786.00000000	876.36608737
788.00000000	845.35117674
790.00000000	797.80486294
792.00000000	795.35785606
794.00000000	800.69847888
796.00000000	789.52816148
798.00000000	792.18541628
800.00000000	801.24614807
802.00000000	801.03209743
804.00000000	793.56507923
806.00000000	792.64707711
808.00000000	804.70715320
810.00000000	807.56995995
812.00000000	801.09996621
814.00000000	796.80305831
816.00000000	785.13314121
818.00000000	780.05940515
820.00000000	804.84885606
822.00000000	816.51399625
824.00000000	798.71737737
826.00000000	783.76783468
828.00000000	786.52940413
830.00000000	803.77567633
832.00000000	815.88780159
834.00000000	803.96237269
836.00000000	779.38085279
838.00000000	799.27723078
840.00000000	826.71001367
842.00000000	810.92993542
844.00000000	800.75938477
846.00000000	803.72630193
848.00000000	798.01775749
850.00000000	794.89213332
852.00000000	801.83682025
854.00000000	816.02408119
856.00000000	829.99127879
858.00000000	832.72914824
860.00000000	815.17182530
862.00000000	791.57096252
864.00000000	780.13663004
866.00000000	790.73805843
868.00000000	809.11429241
870.00000000	815.76819130
872.00000000	803.16615605
874.00000000	805.97891103
876.00000000	833.21781177
878.00000000	812.56836289
880.00000000	779.43499750
882.00000000	790.00500621
884.00000000	785.26224350
886.00000000	776.81844749
888.00000000	808.73254456
890.00000000	834.09426545
892.00000000	830.12951095
894.00000000	811.67134795
896.00000000	800.27081720
898.00000000	799.19668514
900.00000000	797.48077799
902.00000000	808.61812144
904.00000000	828.27707848
906.00000000	829.59607066
908.00000000	824.78878552
910.00000000	816.48296916
912.00000000	786.31592909
914.00000000	791.83488190
916.00000000	846.10850086
918.00000000	851.63256078
920.00000000	820.07001113
922.00000000	803.54542628
924.00000000	819.43593516
926.00000000	854.89643729
928.00000000	878.70772920
930.00000000	856.80554601
932.00000000	819.37246324
934.00000000	811.73567697
936.00000000	812.72017013
938.00000000	813.06840810
940.00000000	817.96005332
942.00000000	826.02144433
944.00000000	833.74770088
946.00000000	837.93079666
948.00000000	838.46555400
950.00000000	829.39262982
952.00000000	807.43061396
954.00000000	802.46142050
956.00000000	810.57051801
958.00000000	802.10255327
960.00000000	827.69129450
962.00000000	874.38940851
964.00000000	856.34648575
966.00000000	832.30770369
968.00000000	847.70326512
970.00000000	867.55907349
972.00000000	851.87472811
974.00000000	821.44787556
976.00000000	856.97736183
978.00000000	868.66395948
980.00000000	815.84287335
982.00000000	822.81749955
984.00000000	858.03306507
986.00000000	872.37863322
988.00000000	905.05150583
990.00000000	916.47742947
992.00000000	883.12382222
994.00000000	879.15553037
996.00000000	888.85545526
998.00000000	888.92738319
1000.00000000	934.87979309
1002.00000000	974.36944803
1004.00000000	957.43526691
1006.00000000	969.58273682
1008.00000000	973.24072744
1010.00000000	913.77239311
1012.00000000	883.31755417
1014.00000000	873.32063482
1016.00000000	841.60437797
1018.00000000	847.95432502
1020.00000000	882.51745675
1022.00000000	898.89114908
1024.00000000	904.04173706
1026.00000000	896.73400498
1028.00000000	876.96237438
1030.00000000	878.25741208
1032.00000000	900.28461431
1034.00000000	919.73230825
1036.00000000	931.31391782
1038.00000000	936.84442626
1040.00000000	949.81816239
1042.00000000	1004.00835305
1044.00000000	1046.07394431
1046.00000000	1006.53683426
1048.00000000	979.31531620
1050.00000000	987.06460948
1052.00000000	986.41016763
1054.00000000	984.24220432
1056.00000000	953.76604238
1058.00000000	882.98326488
1060.00000000	909.56964705
1062.00000000	979.87355987
1064.00000000	940.95752597
1066.00000000	906.40307336
1068.00000000	920.10443834
1070.00000000	932.47783298
1072.00000000	929.09557011
1074.00000000	907.36365194
1076.00000000	882.23005637
1078.00000000	908.28157216
1080.00000000	942.89683209
1082.00000000	907.31439923
1084.00000000	883.45140996
1086.00000000	905.35294255
1088.00000000	934.31712576
1090.00000000	917.15666955
1092.00000000	885.18865118
1094.00000000	901.61297884
1096.00000000	914.21510428
1098.00000000	914.47269849
1100.00000000	931.10347225
1102.00000000	946.44043271
1104.00000000	934.02133576
1106.00000000	893.82958318
1108.00000000	894.98251397
1110.00000000	914.31364770
1112.00000000	894.50756215
1114.00000000	895.99165609
1116.00000000	930.89034301
1118.00000000	956.15064122
1120.00000000	922.95916850
1122.00000000	898.63373749
1124.00000000	952.05268855
1126.00000000	968.17267809
1128.00000000	973.12565343
1130.00000000	1021.72161359
1132.00000000	990.94810357
1134.00000000	920.76539998
1136.00000000	905.40783325
1138.00000000	904.70613489
1140.00000000	901.52079839
1142.00000000	902.11541639
1144.00000000	908.28823277
1146.00000000	890.78932038
1148.00000000	849.90615090
1150.00000000	860.47271756
1152.00000000	888.52001360
1154.00000000	885.98955266
1156.00000000	879.86233265
1158.00000000	874.13568290
1160.00000000	874.72317275
1162.00000000	904.50341202
1164.00000000	926.62150253
1166.00000000	912.41711793
1168.00000000	885.34168634
1170.00000000	879.94022397
1172.00000000	896.21643278
1174.00000000	895.42982704
1176.00000000	899.08371997
1178.00000000	910.56731967
1180.00000000	897.39108772
1182.00000000	885.14054405
1184.00000000	884.97324666
1186.00000000	876.28427727
1188.00000000	857.09268344
1190.00000000	851.74188018
1192.00000000	883.41488170
1194.00000000	898.34912475
1196.00000000	892.06023443
1198.00000000	901.60755710
1200.00000000	908.47747106
1202.00000000	902.42970761
1204.00000000	892.21473584
1206.00000000	894.75183068
1208.00000000	907.81508807
1210.00000000	925.46646518
1212.00000000	960.86644764
1214.00000000	968.61523667
1216.00000000	933.05905210
1218.00000000	959.07844618
1220.00000000	1003.95843839
1222.00000000	997.61328586
1224.00000000	973.02954150
1226.00000000	971.48387009
1228.00000000	996.36405682
1230.00000000	1004.52466542
1232.00000000	1011.37619196
1234.00000000	1029.88299261
1236.00000000	1042.20638360
1238.00000000	1048.05201507
1240.00000000	1051.13060988
1242.00000000	1049.85929323
1244.00000000	1032.07381915
1246.00000000	1003.85893943
1248.00000000	991.29684549
1250.00000000	1016.50324903
1252.00000000	1038.46672477
1254.00000000	1008.56070234
1256.00000000	992.26377611
1258.00000000	1003.72903626
1260.00000000	1011.10274309
1262.00000000	993.89100842
1264.00000000	987.53509026
1266.00000000	1009.00254673
1268.00000000	994.91870407
1270.00000000	972.13001016
1272.00000000	980.80572334
1274.00000000	1005.01333961
1276.00000000	997.53832967
1278.00000000	962.71563137
1280.00000000	968.60728483
1282.00000000	1011.88823887
1284.00000000	1029.61543385
1286.00000000	976.17343451
1288.00000000	1001.32201363
1290.00000000	1052.41470486
1292.00000000	986.33524979
1294.00000000	995.17499890
1296.00000000	1032.98967750
1298.00000000	979.67133944
1300.00000000	1001.01303806
1302.00000000	1063.66705405
1304.00000000	1079.65857903
1306.00000000	1097.57504809
1308.00000000	1121.45195697
1310.00000000	1132.54501955
1312.00000000	1122.81377619
1314.00000000	1115.89356604
1316.00000000	1116.52904829
1318.00000000	1107.19099853
1320.00000000	1114.15515140
1322.00000000	1108.56243384
1324.00000000	1052.76832202
1326.00000000	1058.17069192
1328.00000000	1089.79898558
1330.00000000	1060.59707801
1332.00000000	1049.18415468
1334.00000000	1069.76735570
1336.00000000	1098.47003511
1338.00000000	1127.00038188
1340.00000000	1115.71673854
1342.00000000	1067.82699386
1344.00000000	1048.61767069
1346.00000000	1039.33244228
1348.00000000	1022.53765492
1350.00000000	1007.34712061
1352.00000000	985.69055564
1354.00000000	976.28994473
1356.00000000	992.13917652
1358.00000000	972.69346257
1360.00000000	975.89622252
1362.00000000	1046.54360140
1364.00000000	1057.91552810
1366.00000000	1026.52397116
1368.00000000	1006.93356530
1370.00000000	1000.24956345
1372.00000000	1031.13259559
1374.00000000	1068.96554539
1376.00000000	1040.81166091
1378.00000000	992.53223302
1380.00000000	978.53607991
1382.00000000	1000.64556006
1384.00000000	977.30125572
1386.00000000	952.84570520
1388.00000000	980.35898642
1390.00000000	971.53688166
1392.00000000	953.78745778
1394.00000000	970.03652126
1396.00000000	998.72996538
1398.00000000	1024.07811130
1400.00000000	1026.59643112
1402.00000000	995.92098913
1404.00000000	977.99695505
1406.00000000	970.81883537
1408.00000000	943.88575942
1410.00000000	915.27185289
1412.00000000	925.74081428
1414.00000000	962.86955502
1416.00000000	931.76437482
1418.00000000	897.29120484
1420.00000000	921.18678988
1422.00000000	969.02169545
1424.00000000	974.35698466
1426.00000000	937.51407885
1428.00000000	919.08976804
1430.00000000	953.99066429
1432.00000000	988.73848181
1434.00000000	976.60931238
1436.00000000	980.64759677
1438.00000000	996.25048842
1440.00000000	1011.84232173
1442.00000000	1041.55237082
1444.00000000	1032.72052691
1446.00000000	997.62436764
1448.00000000	1002.42484220
1450.00000000	1021.25192107
1452.00000000	1039.80706476
1454.00000000	1050.76409903
1456.00000000	1029.30086211
1458.00000000	1036.35297336
1460.00000000	1086.56656051
1462.00000000	1090.66796041
1464.00000000	1064.99348039
1466.00000000	1035.75924899
1468.00000000	1014.15608995
1470.00000000	1036.65779759
1472.00000000	1053.24106632
1474.00000000	1019.67368084
1476.00000000	1017.46227728
1478.00000000	1017.27909479
1480.00000000	988.42247439
1482.00000000	974.14296558
1484.00000000	993.16768537
1486.00000000	1006.33487875
1488.00000000	975.98999328
1490.00000000	991.23236970
1492.00000000	999.30135370
1494.00000000	937.59216989
1496.00000000	909.29899502
1498.00000000	917.22923059
1500.00000000	915.47681169
1502.00000000	882.78943657
1504.00000000	888.68390427
1506.00000000	921.99707571
1508.00000000	920.25528899
1510.00000000	910.67792168
1512.00000000	900.80080125
1514.00000000	891.83418093
1516.00000000	897.49551364
1518.00000000	887.98102681
1520.00000000	875.34640233
1522.00000000	899.27278133
1524.00000000	893.22387562
1526.00000000	884.25898586
1528.00000000	922.36199499
1530.00000000	942.48416910
1532.00000000	928.38539234
1534.00000000	898.69656454
1536.00000000	882.80236409
1538.00000000	914.76392173
1540.00000000	949.37248898
1542.00000000	930.97101385
1544.00000000	939.89552737
1546.00000000	942.37711143
1548.00000000	915.08938725
1550.00000000	943.43969045
1552.00000000	980.10916865
1554.00000000	977.50766117
1556.00000000	951.19389270
1558.00000000	956.73258112
1560.00000000	969.85950921
1562.00000000	966.17865684
1564.00000000	1004.22685239
1566.00000000	1024.93851028
1568.00000000	1013.35636807
1570.00000000	1038.03870682
1572.00000000	1078.78104598
1574.00000000	1072.86955659
1576.00000000	1026.36409420
1578.00000000	1083.36095425
1580.00000000	1130.99721641
1582.00000000	1112.29803147
1584.00000000	1142.87530472
1586.00000000	1138.58359350
1588.00000000	1082.01332717
1590.00000000	1033.80529131
1592.00000000	1012.84560158
1594.00000000	1006.65134380
1596.00000000	1010.06073752
1598.00000000	1030.85388904
1600.00000000	1023.69984871
1602.00000000	996.53305176
1604.00000000	989.88842233
1606.00000000	986.93936273
1608.00000000	969.25970363
1610.00000000	955.56681025
1612.00000000	985.55565999
1614.00000000	987.63610421
1616.00000000	960.62980656
1618.00000000	959.69738262
1620.00000000	966.17671819
1622.00000000	963.76357531
1624.00000000	943.23866232
1626.00000000	909.26960188
1628.00000000	921.38834365
1630.00000000	951.80515138
1632.00000000	942.14061579
1634.00000000	955.66235790
1636.00000000	970.43713120
1638.00000000	956.26005579
1640.00000000	943.97497831
1642.00000000	970.88222911
1644.00000000	994.13773746
1646.00000000	964.10851748
1648.00000000	953.54389650
1650.00000000	967.09365096
1652.00000000	975.30140439
1654.00000000	967.12368637
1656.00000000	974.04826775
1658.00000000	1000.55582351
1660.00000000	1014.15496925
1662.00000000	981.08467319
1664.00000000	983.05722845
1666.00000000	1041.64513949
1668.00000000	1072.73289362
1670.00000000	1067.47362404
1672.00000000	1030.18260592
1674.00000000	994.77821609
1676.00000000	1029.62444080
1678.00000000	1055.54273566
1680.00000000	1015.61982245
1682.00000000	952.63772126
1684.00000000	952.84966345
1686.00000000	975.83063469
1688.00000000	970.99962131
1690.00000000	977.10514237
1692.00000000	952.18065697
1694.00000000	923.60021196
1696.00000000	943.53782118
1698.00000000	929.38435105
1700.00000000	903.62790536
1702.00000000	903.62790536
1704.00000000	903.62790536
1706.00000000	903.62790536
1708.00000000	903.62790536
1710.00000000	903.62790536
1712.00000000	903.62790536
1714.00000000	903.62790536
1716.00000000	864.70360183
1718.00000000	863.83171690
1720.00000000	864.25694471
1722.00000000	861.79209040
1724.00000000	849.75666589
1726.00000000	833.31426678
1728.00000000	840.26617863
1730.00000000	863.51596401
1732.00000000	873.88939189
1734.00000000	871.81113499
1736.00000000	861.96347244
1738.00000000	848.36662569
1740.00000000	833.36759468
1742.00000000	816.89909292
1744.00000000	806.48071305
1746.00000000	812.13242967
1748.00000000	830.66309401
1750.00000000	819.17182745
1752.00000000	806.33675004
1754.00000000	837.19891765
1756.00000000	829.27504715
1758.00000000	806.15613195
1760.00000000	812.03708217
1762.00000000	833.19775122
1764.00000000	823.59437695
1766.00000000	806.12820914
1768.00000000	809.60754730
1770.00000000	804.77911584
1772.00000000	830.73276456
1774.00000000	855.89175641
1776.00000000	832.51226112
1778.00000000	847.91418636
1780.00000000	845.40019007
1782.00000000	815.95445944
1784.00000000	842.01817510
1786.00000000	850.30690066
1788.00000000	842.54839805
1790.00000000	846.05953342
1792.00000000	833.53646366
1794.00000000	813.02320789
1796.00000000	816.50570003
1798.00000000	838.36608490
1800.00000000	804.26744216
1802.00000000	814.80471060
1804.00000000	863.49162692
1806.00000000	841.60826631
1808.00000000	850.28797122
1810.00000000	848.71162828
1812.00000000	803.21135102
1814.00000000	795.06604008
1816.00000000	834.88474214
1818.00000000	857.05925089
1820.00000000	836.72329544
1822.00000000	854.65966430
1824.00000000	858.21414513
1826.00000000	822.89097420
1828.00000000	795.25677742
1830.00000000	826.71223266
1832.00000000	866.16306998
1834.00000000	866.59381655
1836.00000000	838.98201927
1838.00000000	819.78300438
1840.00000000	818.88209187
1842.00000000	825.42753497
1844.00000000	826.75362500
1846.00000000	827.59162075
1848.00000000	836.29600866
1850.00000000	853.09129610
1852.00000000	859.46505900
1854.00000000	817.51342429
1856.00000000	802.16153342
1858.00000000	856.23931883
1860.00000000	834.85623871
1862.00000000	832.05177202
1864.00000000	853.72375712
1866.00000000	825.87465621
1868.00000000	845.08288189
1870.00000000	862.27730525
1872.00000000	845.89597853
1874.00000000	842.70678744
1876.00000000	849.19068013
1878.00000000	871.14457143
1880.00000000	877.12079284
1882.00000000	821.82815519
1884.00000000	802.05379603
1886.00000000	839.96681226
1888.00000000	881.27156726
1890.00000000	871.72542289
1892.00000000	840.36371925
1894.00000000	839.17893325
1896.00000000	866.07012121
1898.00000000	854.53251762
1900.00000000	862.97998250
1902.00000000	880.29133422
1904.00000000	861.92457997
1906.00000000	854.38653822
1908.00000000	870.10385857
1910.00000000	866.26651644
1912.00000000	821.25810838
1914.00000000	817.02394117
1916.00000000	831.78051390
1918.00000000	835.23043890
1920.00000000	832.04023864
1922.00000000	825.34680120
1924.00000000	822.57587152
1926.00000000	839.64311134
1928.00000000	868.16326698
1930.00000000	836.94247758
1932.00000000	827.11497836
1934.00000000	860.00583900
1936.00000000	849.01629437
1938.00000000	848.19769716
1940.00000000	844.57842030
1942.00000000	830.12237698
1944.00000000	848.38734427
1946.00000000	888.13752453
1948.00000000	883.54459944
1950.00000000	840.08540902
1952.00000000	847.50284194
1954.00000000	857.34530588
1956.00000000	846.84905087
1958.00000000	835.20184807
1960.00000000	844.79473357
1962.00000000	864.73871811
1964.00000000	855.01600893
1966.00000000	828.73009298
1968.00000000	856.39865259
1970.00000000	869.65830921
1972.00000000	871.22467332
1974.00000000	874.86339028
1976.00000000	834.18775574
1978.00000000	796.57497046
1980.00000000	824.98048736
1982.00000000	894.51845065
1984.00000000	892.70757837
1986.00000000	857.84222228
1988.00000000	868.65081879
1990.00000000	901.56804627
1992.00000000	840.44988607
1994.00000000	816.62692973
1996.00000000	859.44714251
1998.00000000	887.98610003
2000.00000000	858.63959650
2002.00000000	865.58042671
2004.00000000	888.84766416
2006.00000000	881.61293120
2008.00000000	882.26389221
2010.00000000	858.18501420
2012.00000000	839.95356716
2014.00000000	854.18553101
2016.00000000	858.24923822
2018.00000000	861.69656761
2020.00000000	864.73122618
2022.00000000	863.68388859
2024.00000000	862.90573213
2026.00000000	846.62703101
2028.00000000	842.89264943
2030.00000000	860.05815469
2032.00000000	861.18864908
2034.00000000	873.22907991
2036.00000000	882.43839587
2038.00000000	866.94315151
2040.00000000	847.27779110
2042.00000000	872.80061092
2044.00000000	888.15182931
2046.00000000	865.15320018
2048.00000000	855.90062865
2050.00000000	853.48177548
2052.00000000	864.28118146
2054.00000000	868.31816528
2056.00000000	841.36663747
2058.00000000	849.61352682
2060.00000000	885.84129670
2062.00000000	901.50557054
2064.00000000	877.71145633
2066.00000000	862.34620902
2068.00000000	849.36511020
2070.00000000	852.27779598
2072.00000000	882.93100791
2074.00000000	880.84827348
2076.00000000	881.41587993
2078.00000000	876.06018911
2080.00000000	843.95543080
2082.00000000	842.58750284
2084.00000000	824.72997724
2086.00000000	834.14071622
2088.00000000	890.74082321
2090.00000000	875.35639132
2092.00000000	869.19032773
2094.00000000	877.87186847
2096.00000000	873.45305616
2098.00000000	888.09610309
2100.00000000	908.10611697
2102.00000000	901.74605812
2104.00000000	879.42435948
2106.00000000	877.71866083
2108.00000000	858.27435139
2110.00000000	877.60464152
2112.00000000	907.35388093
2114.00000000	864.41803483
2116.00000000	863.42118031
2118.00000000	904.95762701
2120.00000000	913.29552084
2122.00000000	874.81638877
2124.00000000	894.86514758
2126.00000000	886.63948897
2128.00000000	855.14156586
2130.00000000	862.26625641
2132.00000000	873.79950406
2134.00000000	884.67068130
2136.00000000	886.18731103
2138.00000000	880.00430583
2140.00000000	884.03766891
2142.00000000	887.85841187
2144.00000000	894.18239075
2146.00000000	891.89002846
2148.00000000	866.88275731
2150.00000000	858.59688916
2152.00000000	874.53873643
2154.00000000	903.80118976
2156.00000000	918.69049744
2158.00000000	883.90009629
2160.00000000	866.21987735
2162.00000000	878.83349608
2164.00000000	883.62329078
2166.00000000	874.98168222
2168.00000000	895.31409537
2170.00000000	908.59254686
2172.00000000	902.95126416
2174.00000000	923.94796851
2176.00000000	923.10276409
2178.00000000	881.51497200
2180.00000000	860.61387780
2182.00000000	903.54052021
2184.00000000	913.24679317
2186.00000000	894.34804935
2188.00000000	894.99456227
2190.00000000	912.36240876
2192.00000000	891.49731076
2194.00000000	894.86107758
2196.00000000	904.78310940
2198.00000000	902.54458790
2200.00000000	922.16351364
2202.00000000	939.60120222
2204.00000000	941.00276055
2206.00000000	922.68851752
2208.00000000	904.62236173
2210.00000000	925.05821464
2212.00000000	908.13474724
2214.00000000	861.12819283
2216.00000000	863.94085819
2218.00000000	935.24009015
2220.00000000	951.26878924
2222.00000000	914.20856727
2224.00000000	895.13440382
2226.00000000	918.70523595
2228.00000000	927.24115455
2230.00000000	880.61543151
2232.00000000	854.75247712
2234.00000000	897.49290232
2236.00000000	906.95845875
2238.00000000	902.25346488
2240.00000000	909.47365392
2242.00000000	936.27937749
2244.00000000	957.48118799
2246.00000000	906.91997604
2248.00000000	899.66292228
2250.00000000	925.08229866
2252.00000000	911.70652520
2254.00000000	931.96289165
2256.00000000	901.65067174
2258.00000000	886.68924292
2260.00000000	916.57654368
2262.00000000	901.26130580
2264.00000000	907.96258942
2266.00000000	899.61297976
2268.00000000	898.82928326
2270.00000000	943.34158528
2272.00000000	946.30179742
2274.00000000	905.08539543
2276.00000000	882.20127447
2278.00000000	903.24693733
2280.00000000	921.84269779
2282.00000000	909.81016514
2284.00000000	932.49819395
2286.00000000	942.07767612
2288.00000000	898.38262588
2290.00000000	924.90948477
2292.00000000	946.67291310
2294.00000000	923.07242168
2296.00000000	904.54495762
2298.00000000	926.54876294
2300.00000000	902.19942253
2302.00000000	887.04153627
2304.00000000	901.34478954
2306.00000000	924.64204125
2308.00000000	955.52679675
2310.00000000	933.08242772
2312.00000000	919.29439403
2314.00000000	936.88661647
2316.00000000	928.68536985
2318.00000000	904.20730258
2320.00000000	936.37591702
2322.00000000	930.46260244
2324.00000000	886.76037673
2326.00000000	943.84855297
2328.00000000	918.88880933
2330.00000000	924.10866192
2332.00000000	951.89622097
2334.00000000	919.27689024
2336.00000000	935.04181443
2338.00000000	953.19924869
2340.00000000	914.69327831
2342.00000000	882.76377431
2344.00000000	936.43256257
2346.00000000	967.38876782
2348.00000000	954.88870773
2350.00000000	924.80776509
2352.00000000	918.57863351
2354.00000000	954.05036779
2356.00000000	963.06273468
2358.00000000	910.53182138
2360.00000000	876.33058410
2362.00000000	902.42658230
2364.00000000	891.24495987
2366.00000000	886.71547704
2368.00000000	914.84624691
2370.00000000	942.74330376
2372.00000000	946.78444450
2374.00000000	966.20131420
2376.00000000	969.09950831
2378.00000000	930.43637906
2380.00000000	903.60165191
2382.00000000	941.15634953
2384.00000000	948.46472920
2386.00000000	916.77372156
2388.00000000	916.33418236
2390.00000000	934.96274139
2392.00000000	892.70909611
2394.00000000	899.43376203
2396.00000000	917.57625026
2398.00000000	937.01223014
2400.00000000	957.78038629
2402.00000000	928.05402761
2404.00000000	924.79808042
2406.00000000	914.45585763
2408.00000000	911.26698329
2410.00000000	946.98318022
2412.00000000	947.26465678
2414.00000000	929.27652332
2416.00000000	926.67687623
2418.00000000	946.18631048
2420.00000000	949.93297724
2422.00000000	898.69861592
2424.00000000	898.29680764
2426.00000000	940.97898390
2428.00000000	978.40738981
2430.00000000	995.06269010
2432.00000000	975.08938247
2434.00000000	983.41887929
2436.00000000	967.91666777
2438.00000000	935.62408514
2440.00000000	967.80746539
2442.00000000	984.68242266
2444.00000000	1003.46306702
2446.00000000	1008.62746484
2448.00000000	978.15741874
2450.00000000	959.94235660
2452.00000000	1015.38340327
2454.00000000	988.36452593
2456.00000000	930.96002787
2458.00000000	940.21763501
2460.00000000	953.97058936
2462.00000000	938.55168533
2464.00000000	966.63446173
2466.00000000	958.54206463
2468.00000000	911.76670315
2470.00000000	957.96387572
2472.00000000	978.84548390
2474.00000000	918.14122493
2476.00000000	909.68852170
2478.00000000	959.28589808
2480.00000000	940.34086670
2482.00000000	1005.47502624
2484.00000000	978.47369605
2486.00000000	962.27796030
2488.00000000	1011.48001299
2490.00000000	962.52068644
2492.00000000	949.63127663
2494.00000000	934.11513990
2496.00000000	928.79031009
2498.00000000	957.90245153
2500.00000000	972.58533529
2502.00000000	944.56498874
2504.00000000	936.55779070
2506.00000000	926.67295880
2508.00000000	932.13341846
2510.00000000	973.49091193
2512.00000000	919.60392473
2514.00000000	923.70282891
2516.00000000	974.71057016
2518.00000000	974.61333102
2520.00000000	929.86429934
2522.00000000	923.05908738
2524.00000000	930.10900857
2526.00000000	935.28331535
2528.00000000	947.52006883
2530.00000000	968.82103924
2532.00000000	975.29015452
2534.00000000	943.57128817
2536.00000000	946.69271991
2538.00000000	993.58013763
2540.00000000	1010.38797748
2542.00000000	967.06139723
2544.00000000	930.80370151
2546.00000000	943.02736341
2548.00000000	961.08826045
2550.00000000	944.92122597
2552.00000000	935.62366831
2554.00000000	978.53681551
2556.00000000	992.75336588
2558.00000000	947.16659072
2560.00000000	926.47778920
2562.00000000	975.90107141
2564.00000000	966.76573217
2566.00000000	969.38696782
2568.00000000	961.27864158
2570.00000000	933.19171806
2572.00000000	943.41795723
2574.00000000	978.46883372
2576.00000000	965.65851366
2578.00000000	973.28276976
2580.00000000	983.71137268
2582.00000000	947.99137085
2584.00000000	933.21814754
2586.00000000	940.88390370
2588.00000000	962.10498859
2590.00000000	975.94014522
2592.00000000	977.37738305
2594.00000000	971.26875229
2596.00000000	943.01968398
2598.00000000	963.53406862
2600.00000000	969.19985069
2602.00000000	948.11912005
2604.00000000	965.96780184
2606.00000000	990.63122412
2608.00000000	988.06115617
2610.00000000	971.16359553
2612.00000000	965.61259832
2614.00000000	967.01875776
2616.00000000	956.46488758
2618.00000000	952.38784453
2620.00000000	930.44742421
2622.00000000	945.78400221
2624.00000000	975.58422968
2626.00000000	948.19850360
2628.00000000	940.38228384
2630.00000000	957.95945403
2632.00000000	995.52953227
2634.00000000	1024.92565518
2636.00000000	1016.56231061
2638.00000000	983.56806762
2640.00000000	967.53496452
2642.00000000	966.08209137
2644.00000000	979.38935496
2646.00000000	991.01308419
2648.00000000	980.63858923
2650.00000000	970.38147809
2652.00000000	971.59849879
2654.00000000	970.31787948
2656.00000000	958.70203480
2658.00000000	966.66924404
2660.00000000	1005.87468445
2662.00000000	989.42066057
2664.00000000	947.20332189
2666.00000000	982.14259832
2668.00000000	1001.94640827
2670.00000000	945.22351630
2672.00000000	998.63277610
2674.00000000	996.55930525
2676.00000000	1014.84926068
2678.00000000	994.64337291
2680.00000000	957.61522399
2682.00000000	1010.84152717
2684.00000000	964.54834791
2686.00000000	976.31849055
2688.00000000	975.78907374
2690.00000000	950.69514545
2692.00000000	972.48482793
2694.00000000	1003.16547494
2696.00000000	1007.92868800
2698.00000000	987.91436657
2700.00000000	974.38022357
2702.00000000	997.46588153
2704.00000000	1016.96989365
2706.00000000	970.41431985
2708.00000000	971.90173456
2710.00000000	1025.77899823
2712.00000000	1034.26332827
2714.00000000	997.24431730
2716.00000000	993.27694583
2718.00000000	1005.33609935
2720.00000000	1020.94830750
2722.00000000	998.73960072
2724.00000000	1009.09339327
2726.00000000	1055.76858679
2728.00000000	1035.48861832
2730.00000000	987.20848687
2732.00000000	995.69102318
2734.00000000	1052.48468602
2736.00000000	1033.78421973
2738.00000000	971.20687079
2740.00000000	1015.99015313
2742.00000000	1052.78795534
2744.00000000	1028.73175507
2746.00000000	981.07200743
2748.00000000	963.69597535
2750.00000000	998.10846154
2752.00000000	1043.04453544
2754.00000000	1023.65826907
2756.00000000	1010.52797203
2758.00000000	1006.79765054
2760.00000000	1011.74478414
2762.00000000	1015.29416312
2764.00000000	987.58472482
2766.00000000	978.53485458
2768.00000000	1004.72067485
2770.00000000	980.96202526
2772.00000000	966.70422289
2774.00000000	1013.96792434
2776.00000000	1021.77720864
2778.00000000	1002.87390876
2780.00000000	1019.26299036
2782.00000000	996.64848991
2784.00000000	981.89331880
2786.00000000	997.97436654
2788.00000000	959.37772867
2790.00000000	953.98229493
2792.00000000	970.45752938
2794.00000000	1030.85022831
2796.00000000	1025.08751390
2798.00000000	967.60387118
2800.00000000	990.60982340
2802.00000000	973.72972446
2804.00000000	988.80209362
2806.00000000	1008.38338443
2808.00000000	1013.23182431
2810.00000000	1024.67850767
2812.00000000	1052.77854155
2814.00000000	1067.35055439
2816.00000000	994.91929549
2818.00000000	973.03235808
2820.00000000	1003.92195715
2822.00000000	1046.01368716
2824.00000000	1063.11131156
2826.00000000	1014.85781112
2828.00000000	1074.31045999
2830.00000000	1063.93748699
2832.00000000	1056.12478887
2834.00000000	1064.05232324
2836.00000000	1051.22510928
2838.00000000	1112.30261666
2840.00000000	1149.44373711
2842.00000000	1120.26802626
2844.00000000	1104.40509369
2846.00000000	1151.58440587
2848.00000000	1203.04767771
2850.00000000	1205.96390670
2852.00000000	1220.38109617
2854.00000000	1256.38086987
2856.00000000	1300.48936468
2858.00000000	1296.72305889
2860.00000000	1330.28229753
2862.00000000	1385.40178050
2864.00000000	1304.57314373
2866.00000000	1404.61230814
2868.00000000	1451.10614440
2870.00000000	1489.66251701
2872.00000000	1521.96137053
2874.00000000	1527.38910341
2876.00000000	1569.42581868
2878.00000000	1548.97770068
2880.00000000	1627.39097006
2882.00000000	1629.20775632
2884.00000000	1600.28185778
2886.00000000	1610.31587995
2888.00000000	1617.69555614
2890.00000000	1636.75014454
2892.00000000	1593.68868552
2894.00000000	1618.24536483
2896.00000000	1628.38797544
2898.00000000	1609.94047293
2900.00000000	1613.97647951
2902.00000000	1631.69256287
2904.00000000	1682.80130411
2906.00000000	1736.82548177
2908.00000000	1748.81159378
2910.00000000	1785.49380348
2912.00000000	1815.24957205
2914.00000000	1828.42238709
2916.00000000	1885.76293587
2918.00000000	1864.53468613
2920.00000000	1907.11502019
2922.00000000	1930.71230462
2924.00000000	1943.34675537
2926.00000000	1918.35991296
2928.00000000	1904.77746026
2930.00000000	2042.36241364
2932.00000000	2057.85438615
2934.00000000	2105.18786625
2936.00000000	2115.03681041
2938.00000000	2061.18670143
2940.00000000	2001.66421083
2942.00000000	1966.93689402
2944.00000000	1973.29008768
2946.00000000	1954.88811213
2948.00000000	1883.42393113
2950.00000000	1809.29576124
2952.00000000	1789.41546205
2954.00000000	1743.65250629
2956.00000000	1672.34281337
2958.00000000	1749.83709368
2960.00000000	1772.87700384
2962.00000000	1717.15761571
2964.00000000	1736.18112334
2966.00000000	1755.28221319
2968.00000000	1697.78842239
2970.00000000	1639.38200385
2972.00000000	1604.12163466
2974.00000000	1647.92146628
2976.00000000	1637.76749402
2978.00000000	1579.43835588
2980.00000000	1514.57954451
2982.00000000	1487.85917988
2984.00000000	1522.36536021
2986.00000000	1540.11222075
2988.00000000	1482.45107308
2990.00000000	1427.36115861
2992.00000000	1378.01207592
2994.00000000	1340.28693106
2996.00000000	1306.59701647
2998.00000000	1276.37747926
3000.00000000	1274.26713030
3002.00000000	1243.97165691
3004.00000000	1213.97836539
3006.00000000	1212.96838583
3008.00000000	1235.45092645
3010.00000000	1202.21177452
3012.00000000	1140.20866789
3014.00000000	1155.72813944
3016.00000000	1154.27907751
3018.00000000	1160.94653546
3020.00000000	1124.34676377
3022.00000000	1065.45878658
3024.00000000	1054.78988615
3026.00000000	1081.95890024
3028.00000000	1105.84129049
3030.00000000	1126.82209276
3032.00000000	1073.15204067
3034.00000000	1085.36477345
3036.00000000	1074.89362939
3038.00000000	1053.86141404
3040.00000000	1071.61947903
3042.00000000	1100.75325980
3044.00000000	1120.99359348
3046.00000000	1093.55025840
3048.00000000	1094.86958232
3050.00000000	1098.44787051
3052.00000000	1111.07105541
3054.00000000	1094.95020358
3056.00000000	1065.41792380
3058.00000000	1105.29241736
3060.00000000	1139.78198251
3062.00000000	1072.58223154
3064.00000000	1119.45411654
3066.00000000	1112.77238843
3068.00000000	1093.39248786
3070.00000000	1089.99705388
3072.00000000	1072.14392614
3074.00000000	1090.52694657
3076.00000000	1054.07554009
3078.00000000	1073.72943565
3080.00000000	1078.72325085
3082.00000000	1063.49240478
3084.00000000	1050.46666088
3086.00000000	1058.64046270
3088.00000000	1057.81501474
3090.00000000	1021.94396726
3092.00000000	1051.59031361
3094.00000000	1066.38034086
3096.00000000	1016.55010878
3098.00000000	1027.81142722
3100.00000000	1039.81959793
3102.00000000	1012.83535602
3104.00000000	1040.11681074
3106.00000000	1073.76150558
3108.00000000	1037.99919985
3110.00000000	1050.49406961
3112.00000000	1044.08671882
3114.00000000	1016.96046446
3116.00000000	1022.08175840
3118.00000000	1037.94975484
3120.00000000	1050.84940647
3122.00000000	1080.13387919
3124.00000000	1058.25944533
3126.00000000	1048.05085705
3128.00000000	1034.52253798
3130.00000000	1082.33422584
3132.00000000	1064.98909303
3134.00000000	1009.36060367
3136.00000000	1042.36077464
3138.00000000	1056.06885488
3140.00000000	1013.38867424
3142.00000000	998.36583480
3144.00000000	1013.40288940
3146.00000000	1030.81544112
3148.00000000	1103.31603319
3150.00000000	1095.12577711
3152.00000000	1029.05133743
3154.00000000	1051.35929016
3156.00000000	989.41205389
3158.00000000	997.61222838
3160.00000000	1030.12378106
3162.00000000	1000.65650150
3164.00000000	1011.98535003
3166.00000000	1058.38940299
3168.00000000	1052.28855407
3170.00000000	1020.24254834
3172.00000000	1016.58663807
3174.00000000	1017.96839109
3176.00000000	1021.52513906
3178.00000000	1028.20034395
3180.00000000	1014.02188882
3182.00000000	1043.40397138
3184.00000000	1026.62833568
3186.00000000	1002.03024977
3188.00000000	1068.21436642
3190.00000000	1050.62261504
3192.00000000	1078.30047369
3194.00000000	1072.35395611
3196.00000000	1031.16538937
3198.00000000	1027.69292061
3200.00000000	1024.85229528
3202.00000000	1026.28800266
3204.00000000	1024.86581853
3206.00000000	998.24714411
3208.00000000	1040.81867742
3210.00000000	1059.58946918
3212.00000000	1059.63321124
3214.00000000	1038.90618124
3216.00000000	1011.08063497
3218.00000000	1018.10041743
3220.00000000	1031.61162019
3222.00000000	1023.02510282
3224.00000000	1030.48556306
3226.00000000	1040.36065352
3228.00000000	1020.37670738
3230.00000000	1014.29856336
3232.00000000	1036.62519581
3234.00000000	1043.41659017
3236.00000000	1046.21628313
3238.00000000	1015.48849388
3240.00000000	978.49377419
3242.00000000	1010.22808207
3244.00000000	1036.83722773
3246.00000000	1039.84435291
3248.00000000	1052.75164243
3250.00000000	1020.20786790
3252.00000000	1040.66643125
3254.00000000	1045.98905035
3256.00000000	1040.42899122
3258.00000000	1039.51401563
3260.00000000	1024.01975415
3262.00000000	1027.29524382
3264.00000000	996.05064521
3266.00000000	1085.75606760
3268.00000000	1113.21588832
3270.00000000	1078.19555921
3272.00000000	1013.33415044
3274.00000000	1035.21591958
3276.00000000	1087.10880263
3278.00000000	1072.91926960
3280.00000000	1060.25192515
3282.00000000	1064.06664205
3284.00000000	1098.16358970
3286.00000000	1115.44110148
3288.00000000	1058.61974887
3290.00000000	1072.90420519
3292.00000000	1073.14110885
3294.00000000	1096.84213566
3296.00000000	1105.13458508
3298.00000000	1030.70700387
3300.00000000	1029.27307896
3302.00000000	1080.45187827
3304.00000000	1046.19928263
3306.00000000	1073.92030085
3308.00000000	1063.54391809
3310.00000000	1036.03890065
3312.00000000	1045.01261971
3314.00000000	1077.67162309
3316.00000000	1090.38114672
3318.00000000	1070.57259514
3320.00000000	1026.78152146
3322.00000000	1016.15167180
3324.00000000	1096.69677587
3326.00000000	1040.80076262
3328.00000000	1029.07558191
3330.00000000	1096.79718260
3332.00000000	1032.08224690
3334.00000000	1006.53194229
3336.00000000	1082.94459043
3338.00000000	1101.69400287
3340.00000000	1064.15296873
3342.00000000	1056.24942817
3344.00000000	1084.52991729
3346.00000000	1051.94778747
3348.00000000	1088.29081211
3350.00000000	1099.30504285
3352.00000000	1100.39418229
3354.00000000	1044.38256116
3356.00000000	1020.11845175
3358.00000000	1044.16091475
3360.00000000	1044.25823673
3362.00000000	1064.76170369
3364.00000000	1105.78508303
3366.00000000	1099.71985579
3368.00000000	1049.65981136
3370.00000000	1005.15856108
3372.00000000	1039.83702259
3374.00000000	1092.64801688
3376.00000000	1063.94389673
3378.00000000	1040.78413932
3380.00000000	1043.64535384
3382.00000000	1045.40566055
3384.00000000	1052.15315212
3386.00000000	1008.00143529
3388.00000000	1009.55285025
3390.00000000	1073.49503702
3392.00000000	997.11206812
3394.00000000	1067.55956330
3396.00000000	1046.82013708
3398.00000000	1057.25002300
3400.00000000	1027.32489845
3402.00000000	999.65797463
3404.00000000	1051.15416215
3406.00000000	1056.66707933
3408.00000000	1023.30317237
3410.00000000	990.84159611
3412.00000000	1010.30392533
3414.00000000	1010.10108871
3416.00000000	1012.27907822
3418.00000000	1041.09406718
3420.00000000	1007.54485892
3422.00000000	1034.47629475
3424.00000000	984.45834410
3426.00000000	975.65937549
3428.00000000	1029.55367889
3430.00000000	988.36734415
3432.00000000	1007.30406691
3434.00000000	1022.81008278
3436.00000000	1037.55858209
3438.00000000	1009.29702604
3440.00000000	981.59295271
3442.00000000	1027.42361803
3444.00000000	997.56543353
3446.00000000	1012.30104455
3448.00000000	1024.35249872
3450.00000000	973.02518453
3452.00000000	988.21158504
3454.00000000	1008.04684120
3456.00000000	943.54960781
3458.00000000	972.33917910
3460.00000000	1021.26117193
3462.00000000	958.54855406
3464.00000000	1009.16056556
3466.00000000	969.22229570
3468.00000000	932.66310505
3470.00000000	956.69153258
3472.00000000	976.37550515
3474.00000000	1018.86560307
3476.00000000	1054.95610513
3478.00000000	995.98179006
3480.00000000	937.31835499
3482.00000000	982.19654667
3484.00000000	1004.76611732
3486.00000000	983.03508989
3488.00000000	1013.28213811
3490.00000000	975.35223729
3492.00000000	973.98283799
3494.00000000	981.54979726
3496.00000000	994.87824388
3498.00000000	1013.16005238
3500.00000000	998.89798397
3502.00000000	956.19511173
3504.00000000	933.50036992
3506.00000000	969.43238923
3508.00000000	998.28450811
3510.00000000	936.40502596
3512.00000000	919.31526708
3514.00000000	992.82226788
3516.00000000	922.50434938
3518.00000000	982.05014952
3520.00000000	990.44850789
3522.00000000	960.23998158
3524.00000000	999.69859012
3526.00000000	990.80998395
3528.00000000	950.78688171
3530.00000000	929.75817738
3532.00000000	925.03702778
3534.00000000	934.64145135
3536.00000000	963.45587260
3538.00000000	980.00026090
3540.00000000	957.13513185
3542.00000000	980.59090991
3544.00000000	988.04018520
3546.00000000	993.64683976
3548.00000000	976.18436334
3550.00000000	952.07255720
3552.00000000	915.77133926
3554.00000000	926.15051311
3556.00000000	960.09668946
3558.00000000	932.74151730
3560.00000000	940.11950408
3562.00000000	975.42237027
3564.00000000	955.06042123
3566.00000000	908.57976173
3568.00000000	926.36647999
3570.00000000	1009.38497481
3572.00000000	985.45067353
3574.00000000	951.18907857
3576.00000000	953.88431784
3578.00000000	921.09202642
3580.00000000	918.02905878
3582.00000000	949.53188623
3584.00000000	936.06133063
3586.00000000	964.22267137
3588.00000000	976.08848324
3590.00000000	987.68857786
3592.00000000	986.42924288
3594.00000000	955.80797630
3596.00000000	909.63656270
3598.00000000	915.77834476
3600.00000000	947.98137550
3602.00000000	943.76312122
3604.00000000	976.57916493
3606.00000000	921.25496166
3608.00000000	940.27730022
3610.00000000	951.09964375
3612.00000000	959.95424576
3614.00000000	905.35881151
3616.00000000	934.55386082
3618.00000000	927.20226965
3620.00000000	909.38513668
3622.00000000	944.90320332
3624.00000000	931.52158067
3626.00000000	949.02918104
3628.00000000	958.07539048
3630.00000000	938.53098783
3632.00000000	950.55138283
3634.00000000	938.95922804
3636.00000000	915.71972846
3638.00000000	916.81546340
3640.00000000	919.52740246
3642.00000000	917.15524515
3644.00000000	927.59386263
3646.00000000	938.97524022
3648.00000000	940.37647935
3650.00000000	914.13081037
3652.00000000	966.44387487
3654.00000000	944.09584659
3656.00000000	965.28010327
3658.00000000	928.77661662
3660.00000000	908.63267562
3662.00000000	924.91647641
3664.00000000	916.74396786
3666.00000000	916.19887938
3668.00000000	894.05018692
3670.00000000	887.27862051
3672.00000000	920.81346931
3674.00000000	923.06908470
3676.00000000	930.82052082
3678.00000000	926.06933021
3680.00000000	903.24152988
3682.00000000	947.90939731
3684.00000000	940.62706764
3686.00000000	910.57850409
3688.00000000	935.53594669
3690.00000000	895.53516746
3692.00000000	910.82769720
3694.00000000	907.20990305
3696.00000000	971.52609185
3698.00000000	926.89294921
3700.00000000	955.10238273
3702.00000000	896.70557174
3704.00000000	889.32396978
3706.00000000	910.70783033
3708.00000000	928.79182341
3710.00000000	918.69056852
3712.00000000	928.01354172
3714.00000000	910.70021824
3716.00000000	890.39783254
3718.00000000	932.02605121
3720.00000000	940.77477408
3722.00000000	943.20411878
3724.00000000	881.46188092
3726.00000000	906.79248256
3728.00000000	963.90383066
3730.00000000	923.41017868
3732.00000000	940.56632100
3734.00000000	963.84186586
3736.00000000	920.73086532
3738.00000000	895.69784917
3740.00000000	890.66434630
3742.00000000	905.25865268
3744.00000000	917.00301555
3746.00000000	855.93441931
3748.00000000	910.58437669
3750.00000000	967.59448384
3752.00000000	938.30099513
3754.00000000	913.32784516
3756.00000000	907.99375089
3758.00000000	914.73677701
3760.00000000	910.91913736
3762.00000000	908.36015101
3764.00000000	893.34495542
3766.00000000	929.24307199
3768.00000000	955.48261100
3770.00000000	936.62817777
3772.00000000	929.33472717
3774.00000000	892.58973376
3776.00000000	928.46474121
3778.00000000	930.75852180
3780.00000000	894.86956939
3782.00000000	892.16779617
3784.00000000	919.82424284
3786.00000000	982.76795778
3788.00000000	934.01413286
3790.00000000	887.19647729
3792.00000000	874.71317718
3794.00000000	886.24495740
3796.00000000	885.48097429
3798.00000000	918.59273614
3800.00000000	897.10094607
