400.00000000	742.85125454
402.00000000	700.90545633
404.00000000	713.90119827
406.00000000	743.65433213
408.00000000	721.78343089
410.00000000	712.98985351
412.00000000	732.38538573
414.00000000	733.06541632
416.00000000	733.34687955
418.00000000	746.43887637
420.00000000	731.74685229
422.00000000	706.85136173
424.00000000	717.79108467
426.00000000	739.74679718
428.00000000	740.38426526
430.00000000	707.91377070
432.00000000	685.79116072
434.00000000	709.01522270
436.00000000	721.10727582
438.00000000	708.31995375
440.00000000	704.73120211
442.00000000	706.12124687
444.00000000	702.02552582
446.00000000	695.39800039
448.00000000	693.00686295
450.00000000	700.71919148
452.00000000	715.43289014
454.00000000	722.87932066
456.00000000	703.94488490
458.00000000	683.75348353
460.00000000	687.65465301
462.00000000	697.74555035
464.00000000	691.87504029
466.00000000	664.13442488
468.00000000	672.87617819
470.00000000	716.18331514
472.00000000	694.80911252
474.00000000	662.88891226
476.00000000	697.66538829
478.00000000	708.44938242
480.00000000	672.92900802
482.00000000	654.56122894
484.00000000	675.66231763
486.00000000	716.56784030
488.00000000	718.29268406
490.00000000	700.15981943
492.00000000	710.35953081
494.00000000	726.44782992
496.00000000	730.00955432
498.00000000	723.93948938
500.00000000	718.42861059
502.00000000	721.47422568
504.00000000	731.82879881
506.00000000	743.75406580
508.00000000	750.74852863
510.00000000	752.19747219
512.00000000	751.80555895
514.00000000	754.35977946
516.00000000	747.59509097
518.00000000	728.98041984
520.00000000	728.78151113
522.00000000	737.01955579
524.00000000	726.52611000
526.00000000	729.87928585
528.00000000	751.12928756
530.00000000	747.19824264
532.00000000	729.06381403
534.00000000	717.58480015
536.00000000	701.91158394
538.00000000	699.68368786
540.00000000	734.17409425
542.00000000	753.63871365
544.00000000	742.29973556
546.00000000	746.70450447
548.00000000	757.38303923
550.00000000	748.09102316
552.00000000	716.64155074
554.00000000	695.09970430
556.00000000	718.51396492
558.00000000	743.88587721
560.00000000	742.76909740
562.00000000	729.53707740
564.00000000	725.49993686
566.00000000	738.66337547
568.00000000	746.94013822
570.00000000	745.69664060
572.00000000	745.74611773
574.00000000	757.81589777
576.00000000	763.66637160
578.00000000	725.60052496
580.00000000	695.73253629
582.00000000	712.60311170
584.00000000	724.08273390
586.00000000	718.04856252
588.00000000	711.95534603
590.00000000	712.96049770
592.00000000	731.48547060
594.00000000	771.59213710
596.00000000	771.28363358
598.00000000	713.48929472
600.00000000	687.57665330
602.00000000	712.78216391
604.00000000	753.62881494
606.00000000	754.19562644
608.00000000	727.26711477
610.00000000	731.59962038
612.00000000	736.67607010
614.00000000	719.00371519
616.00000000	702.62038224
618.00000000	710.29333231
620.00000000	741.31160670
622.00000000	750.75102286
624.00000000	742.68875597
626.00000000	746.34322668
628.00000000	731.62596127
630.00000000	698.50182731
632.00000000	692.47471516
634.00000000	724.39851577
636.00000000	768.28996343
638.00000000	765.68426617
640.00000000	742.77266863
642.00000000	749.75055259
644.00000000	756.77927845
646.00000000	761.42150354
648.00000000	784.89668778
650.00000000	783.33582506
652.00000000	751.24651985
654.00000000	750.12076012
656.00000000	749.99027013
658.00000000	724.79710733
660.00000000	741.80442828
662.00000000	778.31660632
664.00000000	774.32776691
666.00000000	776.69940131
668.00000000	795.48804712
670.00000000	789.73091022
672.00000000	769.14691508
674.00000000	762.94558418
676.00000000	793.67105409
678.00000000	801.11432716
680.00000000	749.35374577
682.00000000	743.08233147
684.00000000	777.72722891
686.00000000	782.85300977
688.00000000	788.51240761
690.00000000	795.93216369
692.00000000	768.37289924
694.00000000	759.76830012
696.00000000	792.15951283
698.00000000	799.01995975
700.00000000	794.08923423
702.00000000	807.08371548
704.00000000	805.39718744
706.00000000	783.62400092
708.00000000	764.97957619
710.00000000	779.12240711
712.00000000	811.92241393
714.00000000	815.29100552
716.00000000	805.79727335
718.00000000	797.57926551
720.00000000	777.27977124
722.00000000	787.80558033
724.00000000	845.77094387
726.00000000	862.91356305
728.00000000	840.95352649
730.00000000	830.05420445
732.00000000	818.89811910
734.00000000	799.90423832
736.00000000	784.43105617
738.00000000	802.20862665
740.00000000	843.27226052
742.00000000	851.62163091
744.00000000	845.04544903
746.00000000	852.91154997
748.00000000	870.13585939
750.00000000	892.19885647
752.00000000	911.77844911
754.00000000	909.64608912
756.00000000	879.91332272
758.00000000	837.59711265
760.00000000	828.17588471
762.00000000	853.77852785
764.00000000	867.17224076
766.00000000	837.51533555
768.00000000	791.28066102
770.00000000	809.10218600
772.00000000	840.88833017
774.00000000	832.50415978
776.00000000	831.05072019
778.00000000	845.01100106
780.00000000	857.96706622
782.00000000	867.03842424
784.00000000	882.84059255
786.00000000	910.11561309
788.00000000	903.33726298
790.00000000	872.98407622
792.00000000	878.91552753
794.00000000	879.65699779
796.00000000	857.01789283
798.00000000	857.27899970
800.00000000	850.94834024
802.00000000	818.23570554
804.00000000	811.29784376
806.00000000	829.47675820
808.00000000	844.57011904
810.00000000	844.38546436
812.00000000	849.28791081
814.00000000	877.44571176
816.00000000	875.49667385
818.00000000	844.28709925
820.00000000	836.21438956
822.00000000	856.00348726
824.00000000	879.03280290
826.00000000	874.35325806
828.00000000	880.51649157
830.00000000	910.03648925
832.00000000	907.93121696
834.00000000	872.39233276
836.00000000	840.77698943
838.00000000	865.06355582
840.00000000	903.81716522
842.00000000	895.29109718
844.00000000	861.15802801
846.00000000	850.29478771
848.00000000	886.36145876
850.00000000	887.86431866
852.00000000	852.97925483
854.00000000	853.87564106
856.00000000	902.15467525
858.00000000	944.84312248
860.00000000	907.03607429
862.00000000	870.45390497
864.00000000	881.39481309
866.00000000	881.57398052
868.00000000	876.03293436
870.00000000	873.61115766
872.00000000	850.17613085
874.00000000	836.25546725
876.00000000	858.74400638
878.00000000	882.17397429
880.00000000	887.02538962
882.00000000	875.99943735
884.00000000	871.71667889
886.00000000	893.30043580
888.00000000	932.23683686
890.00000000	916.31234656
892.00000000	862.70542181
894.00000000	850.69575996
896.00000000	868.28050123
898.00000000	879.65955172
900.00000000	863.03716001
902.00000000	866.96022745
904.00000000	895.56901707
906.00000000	891.35346146
908.00000000	877.93216882
910.00000000	875.09974973
912.00000000	862.41765536
914.00000000	856.32124689
916.00000000	876.01718660
918.00000000	913.87727072
920.00000000	924.56398315
922.00000000	888.64213618
924.00000000	864.63846472
926.00000000	877.02439187
928.00000000	908.59241534
930.00000000	908.24817768
932.00000000	890.53422930
934.00000000	892.10264239
936.00000000	891.54356166
938.00000000	875.73037133
940.00000000	857.75390656
942.00000000	884.65329071
944.00000000	911.77442155
946.00000000	870.76916290
948.00000000	884.13300529
950.00000000	938.72515016
952.00000000	904.16913135
954.00000000	842.58588881
956.00000000	830.45323562
958.00000000	879.78755979
960.00000000	881.88951217
962.00000000	840.27153854
964.00000000	886.42056523
966.00000000	937.35696966
968.00000000	934.43959055
970.00000000	931.87789514
972.00000000	920.25542403
974.00000000	901.35280258
976.00000000	915.83308033
978.00000000	916.88989865
980.00000000	890.19051046
982.00000000	911.93007624
984.00000000	936.42690011
986.00000000	913.07487641
988.00000000	882.03673832
990.00000000	893.99106050
992.00000000	952.90981098
994.00000000	981.51235814
996.00000000	962.92979665
998.00000000	943.68301425
1000.00000000	1007.61708956
1002.00000000	1072.49766458
1004.00000000	1053.67698687
1006.00000000	1055.62752403
1008.00000000	1056.58986787
1010.00000000	999.74091847
1012.00000000	952.30295538
1014.00000000	932.55203314
1016.00000000	923.49736600
1018.00000000	925.95144266
1020.00000000	940.69123624
1022.00000000	957.86491270
1024.00000000	948.54210349
1026.00000000	929.32696105
1028.00000000	933.72618447
1030.00000000	948.88119197
1032.00000000	975.28519952
1034.00000000	1006.06508509
1036.00000000	976.64354514
1038.00000000	938.01149772
1040.00000000	979.96987389
1042.00000000	1026.55579874
1044.00000000	1045.54997035
1046.00000000	1060.94225286
1048.00000000	1086.23477656
1050.00000000	1097.46167633
1052.00000000	1070.25585186
1054.00000000	1063.30467632
1056.00000000	1073.77508697
1058.00000000	1060.01756126
1060.00000000	1057.31378277
1062.00000000	1057.66783400
1064.00000000	1025.21936848
1066.00000000	991.94963523
1068.00000000	992.83934476
1070.00000000	1026.04667381
1072.00000000	1007.64568304
1074.00000000	967.46599098
1076.00000000	991.39434020
1078.00000000	999.99028636
1080.00000000	991.86295984
1082.00000000	1018.00216189
1084.00000000	1004.37460340
1086.00000000	967.10253696
1088.00000000	974.61879000
1090.00000000	964.59669256
1092.00000000	941.81130665
1094.00000000	954.69791382
1096.00000000	956.49657923
1098.00000000	949.66388827
1100.00000000	965.35098016
1102.00000000	963.64653590
1104.00000000	965.13761866
1106.00000000	1007.70739759
1108.00000000	1018.94743052
1110.00000000	986.80474533
1112.00000000	947.10512990
1114.00000000	905.63604155
1116.00000000	916.16233637
1118.00000000	998.90551518
1120.00000000	999.79460999
1122.00000000	950.91963259
1124.00000000	968.91454604
1126.00000000	1012.76435707
1128.00000000	1029.21928206
1130.00000000	1003.31809178
1132.00000000	985.49423854
1134.00000000	969.18466663
1136.00000000	929.40278612
1138.00000000	892.10967709
1140.00000000	897.02660686
1142.00000000	939.38699998
1144.00000000	928.91322948
1146.00000000	903.96887431
1148.00000000	918.10701652
1150.00000000	916.39791806
1152.00000000	890.05752503
1154.00000000	869.18707266
1156.00000000	891.27567122
1158.00000000	920.77914135
1160.00000000	922.14085643
1162.00000000	915.41961319
1164.00000000	926.13747746
1166.00000000	948.80915899
1168.00000000	942.25073228
1170.00000000	928.45921104
1172.00000000	939.95157482
1174.00000000	977.68209308
1176.00000000	979.90370421
1178.00000000	937.72289280
1180.00000000	917.11710761
1182.00000000	913.95960695
1184.00000000	927.02188816
1186.00000000	963.77005767
1188.00000000	954.98493557
1190.00000000	916.86472706
1192.00000000	931.05923166
1194.00000000	938.95623092
1196.00000000	934.57516658
1198.00000000	960.92940728
1200.00000000	977.36203320
1202.00000000	963.97402707
1204.00000000	944.09444608
1206.00000000	971.28993673
1208.00000000	1010.22407336
1210.00000000	1004.61577425
1212.00000000	998.70678546
1214.00000000	998.44701455
1216.00000000	994.53459635
1218.00000000	1010.14155319
1220.00000000	1049.55680023
1222.00000000	1084.72544947
1224.00000000	1065.27480406
1226.00000000	1041.75992048
1228.00000000	1066.63924041
1230.00000000	1113.32351973
1232.00000000	1089.88421447
1234.00000000	1033.62347650
1236.00000000	1115.65041032
1238.00000000	1185.57279271
1240.00000000	1156.33806039
1242.00000000	1114.23961428
1244.00000000	1081.24862699
1246.00000000	1078.81817526
1248.00000000	1124.29215254
1250.00000000	1161.86711770
1252.00000000	1165.20683868
1254.00000000	1139.12243815
1256.00000000	1078.60230401
1258.00000000	1041.96448149
1260.00000000	1069.37494601
1262.00000000	1068.86506914
1264.00000000	1049.74676135
1266.00000000	1055.05996321
1268.00000000	1065.50122350
1270.00000000	1072.30846961
1272.00000000	1070.20460606
1274.00000000	1054.09542886
1276.00000000	1061.23974080
1278.00000000	1067.47146888
1280.00000000	998.33613070
1282.00000000	1000.18430583
1284.00000000	1066.76808359
1286.00000000	1041.03517179
1288.00000000	1051.90054798
1290.00000000	1103.26889618
1292.00000000	1093.42066554
1294.00000000	1091.16402693
1296.00000000	1099.60254987
1298.00000000	1090.03956387
1300.00000000	1109.50278521
1302.00000000	1141.60813875
1304.00000000	1151.53508345
1306.00000000	1147.61237674
1308.00000000	1150.16592792
1310.00000000	1162.47912004
1312.00000000	1165.17990391
1314.00000000	1173.56379003
1316.00000000	1179.23858958
1318.00000000	1155.76393657
1320.00000000	1167.79975702
1322.00000000	1202.72958927
1324.00000000	1188.76029253
1326.00000000	1156.23717990
1328.00000000	1146.81492490
1330.00000000	1169.67546543
1332.00000000	1178.69739051
1334.00000000	1178.50340149
1336.00000000	1182.20086122
1338.00000000	1168.33200510
1340.00000000	1175.26324103
1342.00000000	1202.63003215
1344.00000000	1180.06881595
1346.00000000	1143.13220185
1348.00000000	1132.38103249
1350.00000000	1143.66247473
1352.00000000	1131.20570339
1354.00000000	1095.03104968
1356.00000000	1075.65138035
1358.00000000	1096.71494004
1360.00000000	1136.88699120
1362.00000000	1154.00702742
1364.00000000	1125.26588661
1366.00000000	1093.27831422
1368.00000000	1093.58881172
1370.00000000	1104.32116347
1372.00000000	1091.58875898
1374.00000000	1069.73935313
1376.00000000	1084.79414978
1378.00000000	1087.41917912
1380.00000000	1070.02076173
1382.00000000	1067.00738007
1384.00000000	1074.74825259
1386.00000000	1077.37327653
1388.00000000	1067.82660405
1390.00000000	1062.17904454
1392.00000000	1068.44298496
1394.00000000	1073.66780419
1396.00000000	1056.17727504
1398.00000000	1065.48889289
1400.00000000	1085.42728785
1402.00000000	1050.62655025
1404.00000000	1049.48955160
1406.00000000	1055.25254350
1408.00000000	1000.58567959
1410.00000000	994.48910390
1412.00000000	1023.31837825
1414.00000000	1027.37597872
1416.00000000	1015.27688744
1418.00000000	1002.54703259
1420.00000000	1007.73533136
1422.00000000	1034.93521267
1424.00000000	1015.97983002
1426.00000000	987.57151443
1428.00000000	1034.54884866
1430.00000000	1064.12142178
1432.00000000	1051.95908270
1434.00000000	1047.61317863
1436.00000000	1099.62908109
1438.00000000	1124.18727905
1440.00000000	1088.70887915
1442.00000000	1088.45733450
1444.00000000	1100.57250550
1446.00000000	1117.00673987
1448.00000000	1155.06883619
1450.00000000	1154.45884658
1452.00000000	1130.43171271
1454.00000000	1132.68495919
1456.00000000	1150.10322320
1458.00000000	1153.88778932
1460.00000000	1141.81573016
1462.00000000	1140.88860170
1464.00000000	1105.67430407
1466.00000000	1049.43015202
1468.00000000	1036.27589368
1470.00000000	1037.04827294
1472.00000000	1045.89228246
1474.00000000	1067.81556985
1476.00000000	1072.87752107
1478.00000000	1049.55224106
1480.00000000	1033.41853005
1482.00000000	1076.52527501
1484.00000000	1076.51039845
1486.00000000	1025.12251835
1488.00000000	1007.94104984
1490.00000000	1000.15689298
1492.00000000	1000.14847973
1494.00000000	1006.98107432
1496.00000000	981.11773971
1498.00000000	972.89431027
1500.00000000	987.18629778
1502.00000000	954.35554368
1504.00000000	933.11869556
1506.00000000	935.83601442
1508.00000000	925.46839036
1510.00000000	914.16813782
1512.00000000	924.71456286
1514.00000000	955.92405984
1516.00000000	969.16768586
1518.00000000	948.98827467
1520.00000000	915.29313159
1522.00000000	906.33623323
1524.00000000	926.74570312
1526.00000000	956.34193736
1528.00000000	967.60511182
1530.00000000	949.32724219
1532.00000000	934.93589668
1534.00000000	937.99004103
1536.00000000	934.83363502
1538.00000000	958.38717726
1540.00000000	972.46285844
1542.00000000	932.55983463
1544.00000000	942.90362143
1546.00000000	961.82975340
1548.00000000	947.30332616
1550.00000000	973.29131290
1552.00000000	960.27122618
1554.00000000	927.32605739
1556.00000000	973.11755239
1558.00000000	980.18400799
1560.00000000	975.00884378
1562.00000000	1017.83018823
1564.00000000	1027.17604262
1566.00000000	1020.87413038
1568.00000000	1029.59380803
1570.00000000	1046.80727573
1572.00000000	1065.67792924
1574.00000000	1088.52171325
1576.00000000	1115.47747112
1578.00000000	1130.37985459
1580.00000000	1126.50981189
1582.00000000	1100.50609651
1584.00000000	1058.08188025
1586.00000000	1045.90519722
1588.00000000	1059.85289415
1590.00000000	1057.90098782
1592.00000000	1029.77569398
1594.00000000	1032.07616970
1596.00000000	1062.63823479
1598.00000000	1036.06527153
1600.00000000	1020.24996564
1602.00000000	1023.87093509
1604.00000000	1018.65273859
1606.00000000	1071.72363489
1608.00000000	1087.75089099
1610.00000000	1024.32986378
1612.00000000	1002.30728242
1614.00000000	989.18805052
1616.00000000	986.44698916
1618.00000000	1016.46480047
1620.00000000	1000.25019445
1622.00000000	978.28043183
1624.00000000	992.28406652
1626.00000000	999.42642705
1628.00000000	998.98468009
1630.00000000	997.16154519
1632.00000000	989.71075680
1634.00000000	965.91975626
1636.00000000	953.83541793
1638.00000000	956.94283206
1640.00000000	940.80544495
1642.00000000	959.70442844
1644.00000000	990.73658663
1646.00000000	983.21359974
1648.00000000	999.12303973
1650.00000000	1027.06503027
1652.00000000	1042.91719596
1654.00000000	1049.94599738
1656.00000000	1021.12054538
1658.00000000	1012.64238281
1660.00000000	1056.87664913
1662.00000000	1028.82925553
1664.00000000	1021.29171456
1666.00000000	1063.28468001
1668.00000000	1049.14401872
1670.00000000	1060.17228184
1672.00000000	1076.62135910
1674.00000000	1049.88999136
1676.00000000	1044.51806985
1678.00000000	1060.09968994
1680.00000000	1080.50553621
1682.00000000	1086.13924207
1684.00000000	1021.47382390
1686.00000000	958.15805914
1688.00000000	959.50272079
1690.00000000	965.43642022
1692.00000000	975.80631383
1694.00000000	969.82213758
1696.00000000	930.63022835
1698.00000000	929.47624061
1700.00000000	932.90651052
1702.00000000	932.90651052
1704.00000000	932.90651052
1706.00000000	932.90651052
1708.00000000	932.90651052
1710.00000000	932.90651052
1712.00000000	932.90651052
1714.00000000	932.90651052
1716.00000000	832.09572433
1718.00000000	868.17808812
1720.00000000	868.83444141
1722.00000000	861.09070162
1724.00000000	879.75288465
1726.00000000	857.53379123
1728.00000000	837.21867842
1730.00000000	843.74025621
1732.00000000	853.36036447
1734.00000000	842.81680989
1736.00000000	850.54057380
1738.00000000	870.32022494
1740.00000000	844.16341726
1742.00000000	825.46517618
1744.00000000	815.68011845
1746.00000000	812.21379800
1748.00000000	858.96676920
1750.00000000	855.84443498
1752.00000000	822.84285468
1754.00000000	848.42913761
1756.00000000	837.36496610
1758.00000000	800.87871424
1760.00000000	797.57431739
1762.00000000	835.36854010
1764.00000000	823.56835804
1766.00000000	792.81863425
1768.00000000	799.64540882
1770.00000000	799.94266168
1772.00000000	807.87835666
1774.00000000	817.39536652
1776.00000000	813.07059599
1778.00000000	832.92613783
1780.00000000	838.05654412
1782.00000000	814.91742631
1784.00000000	811.68736392
1786.00000000	831.28815021
1788.00000000	828.70647677
1790.00000000	800.00111030
1792.00000000	815.00411217
1794.00000000	829.52693948
1796.00000000	816.38067168
1798.00000000	807.25561528
1800.00000000	850.14068494
1802.00000000	871.13147546
1804.00000000	838.17538216
1806.00000000	810.48024419
1808.00000000	828.63394429
1810.00000000	824.33295430
1812.00000000	789.50944463
1814.00000000	814.93556480
1816.00000000	809.00839909
1818.00000000	802.90778394
1820.00000000	833.64562760
1822.00000000	801.61644752
1824.00000000	802.80987376
1826.00000000	830.77179309
1828.00000000	813.39968912
1830.00000000	824.25779948
1832.00000000	836.87196833
1834.00000000	832.60985176
1836.00000000	829.76111957
1838.00000000	799.20930845
1840.00000000	808.84445010
1842.00000000	858.70575181
1844.00000000	844.68639796
1846.00000000	837.87961906
1848.00000000	846.01794378
1850.00000000	827.89040432
1852.00000000	783.14293876
1854.00000000	772.23812471
1856.00000000	787.41886661
1858.00000000	798.63080973
1860.00000000	839.55264994
1862.00000000	857.59823732
1864.00000000	837.07793921
1866.00000000	811.17852039
1868.00000000	786.46917674
1870.00000000	813.18319854
1872.00000000	858.36908898
1874.00000000	837.77495588
1876.00000000	823.58656914
1878.00000000	805.55008722
1880.00000000	787.88882449
1882.00000000	826.11208146
1884.00000000	855.87587337
1886.00000000	854.26225177
1888.00000000	844.44298896
1890.00000000	844.51601745
1892.00000000	823.57118826
1894.00000000	810.34639922
1896.00000000	818.50730304
1898.00000000	788.58940614
1900.00000000	810.43963646
1902.00000000	851.74538650
1904.00000000	828.06706983
1906.00000000	801.60398432
1908.00000000	811.65770072
1910.00000000	832.97604597
1912.00000000	827.71991261
1914.00000000	823.09135341
1916.00000000	825.02600669
1918.00000000	820.07189563
1920.00000000	807.77311353
1922.00000000	824.67846475
1924.00000000	825.01355910
1926.00000000	815.69665265
1928.00000000	846.22958867
1930.00000000	837.88209446
1932.00000000	830.11835012
1934.00000000	840.18498315
1936.00000000	818.13105505
1938.00000000	812.92436782
1940.00000000	825.84817254
1942.00000000	836.41414173
1944.00000000	844.12917231
1946.00000000	858.65283271
1948.00000000	865.10250727
1950.00000000	849.69556696
1952.00000000	824.34703467
1954.00000000	813.87499445
1956.00000000	805.97442621
1958.00000000	803.52601346
1960.00000000	839.03904092
1962.00000000	863.14126878
1964.00000000	865.19235782
1966.00000000	855.60426286
1968.00000000	834.77145562
1970.00000000	837.67847944
1972.00000000	816.06462400
1974.00000000	766.63766331
1976.00000000	793.09436336
1978.00000000	819.28122136
1980.00000000	814.08346468
1982.00000000	804.68326758
1984.00000000	807.69854026
1986.00000000	808.87854844
1988.00000000	804.96872123
1990.00000000	809.81808212
1992.00000000	833.25405407
1994.00000000	843.45502735
1996.00000000	853.25196468
1998.00000000	857.48707517
2000.00000000	812.83142417
2002.00000000	836.13500124
2004.00000000	857.94224903
2006.00000000	812.64921255
2008.00000000	816.27824690
2010.00000000	806.97711913
2012.00000000	807.39621638
2014.00000000	841.11276555
2016.00000000	836.40669897
2018.00000000	825.50281059
2020.00000000	838.67343985
2022.00000000	852.94640744
2024.00000000	827.89748444
2026.00000000	830.04429852
2028.00000000	827.97608497
2030.00000000	809.19250690
2032.00000000	838.45372843
2034.00000000	833.73039505
2036.00000000	806.56868369
2038.00000000	803.41362269
2040.00000000	816.89110222
2042.00000000	819.32905096
2044.00000000	819.28193963
2046.00000000	830.87607857
2048.00000000	844.74482181
2050.00000000	840.43230753
2052.00000000	831.31273509
2054.00000000	828.33355459
2056.00000000	820.15741884
2058.00000000	801.20126175
2060.00000000	813.13681422
2062.00000000	845.54343467
2064.00000000	841.57559261
2066.00000000	814.87235468
2068.00000000	815.60158150
2070.00000000	839.73040011
2072.00000000	846.01515539
2074.00000000	843.90956242
2076.00000000	861.44136002
2078.00000000	865.61223209
2080.00000000	833.50076475
2082.00000000	834.68249077
2084.00000000	817.54149204
2086.00000000	801.88163730
2088.00000000	822.76094932
2090.00000000	827.11520083
2092.00000000	844.12064002
2094.00000000	865.95245077
2096.00000000	846.58860153
2098.00000000	791.81305052
2100.00000000	851.07480470
2102.00000000	903.67584624
2104.00000000	861.07606908
2106.00000000	838.41473185
2108.00000000	830.27822806
2110.00000000	839.97373972
2112.00000000	837.02613721
2114.00000000	806.55930461
2116.00000000	856.67785429
2118.00000000	851.43722744
2120.00000000	803.69928567
2122.00000000	833.55682346
2124.00000000	842.45359273
2126.00000000	834.05247558
2128.00000000	835.16099051
2130.00000000	841.51191113
2132.00000000	834.59593212
2134.00000000	845.49761215
2136.00000000	850.08759432
2138.00000000	841.39496247
2140.00000000	859.82580823
2142.00000000	847.98893648
2144.00000000	832.66837932
2146.00000000	839.30818089
2148.00000000	846.33932549
2150.00000000	859.30061152
2152.00000000	840.28689576
2154.00000000	820.46499374
2156.00000000	845.77714721
2158.00000000	847.62886953
2160.00000000	831.86412798
2162.00000000	840.54627370
2164.00000000	873.72608043
2166.00000000	870.03076096
2168.00000000	825.45031397
2170.00000000	795.89894516
2172.00000000	805.41238634
2174.00000000	816.61411567
2176.00000000	821.54123143
2178.00000000	832.10259936
2180.00000000	837.25156806
2182.00000000	836.63802505
2184.00000000	879.98271712
2186.00000000	865.92711851
2188.00000000	817.12604538
2190.00000000	819.17182155
2192.00000000	845.01725989
2194.00000000	861.07906401
2196.00000000	856.51038730
2198.00000000	844.63451088
2200.00000000	845.85506134
2202.00000000	859.25351624
2204.00000000	872.92898841
2206.00000000	875.98328479
2208.00000000	861.59804708
2210.00000000	833.43283541
2212.00000000	835.66305495
2214.00000000	851.94592817
2216.00000000	845.75368627
2218.00000000	838.08825601
2220.00000000	878.26080185
2222.00000000	868.08384420
2224.00000000	818.34505756
2226.00000000	841.16719094
2228.00000000	844.19397047
2230.00000000	845.24574416
2232.00000000	838.52123005
2234.00000000	820.92979905
2236.00000000	852.03331680
2238.00000000	862.04064023
2240.00000000	858.98591711
2242.00000000	862.52893077
2244.00000000	845.36256468
2246.00000000	819.40989425
2248.00000000	832.51477902
2250.00000000	841.00243961
2252.00000000	821.67160238
2254.00000000	873.26548459
2256.00000000	853.67487625
2258.00000000	834.40318777
2260.00000000	874.41497341
2262.00000000	870.79379475
2264.00000000	862.25429632
2266.00000000	849.95435705
2268.00000000	845.25044333
2270.00000000	860.62873862
2272.00000000	861.06000378
2274.00000000	835.31600418
2276.00000000	828.85080026
2278.00000000	852.03678958
2280.00000000	854.37538123
2282.00000000	834.19389568
2284.00000000	830.89495272
2286.00000000	837.88029025
2288.00000000	838.28472869
2290.00000000	855.52076286
2292.00000000	836.76148236
2294.00000000	829.89681424
2296.00000000	850.20600788
2298.00000000	841.51341513
2300.00000000	837.71429161
2302.00000000	855.31393981
2304.00000000	856.96908842
2306.00000000	846.87511330
2308.00000000	886.73869531
2310.00000000	879.64897273
2312.00000000	863.87592630
2314.00000000	848.29457296
2316.00000000	812.56598305
2318.00000000	860.08919653
2320.00000000	905.63534932
2322.00000000	878.97473470
2324.00000000	828.70342594
2326.00000000	841.71166313
2328.00000000	868.54096594
2330.00000000	888.86560113
2332.00000000	870.95696883
2334.00000000	831.37096608
2336.00000000	857.06631168
2338.00000000	851.99231667
2340.00000000	841.14998898
2342.00000000	857.87364706
2344.00000000	868.27967209
2346.00000000	870.11983999
2348.00000000	868.82177455
2350.00000000	853.31487132
2352.00000000	844.31139379
2354.00000000	871.50716057
2356.00000000	858.55879125
2358.00000000	845.67261257
2360.00000000	844.60252643
2362.00000000	833.77987304
2364.00000000	835.06931693
2366.00000000	845.86305630
2368.00000000	857.77714065
2370.00000000	881.31471844
2372.00000000	898.12364987
2374.00000000	848.21600302
2376.00000000	851.82709792
2378.00000000	862.11227389
2380.00000000	841.01543574
2382.00000000	853.97676967
2384.00000000	863.85040378
2386.00000000	879.67438222
2388.00000000	873.00423173
2390.00000000	841.03429181
2392.00000000	836.22944158
2394.00000000	832.64759471
2396.00000000	823.07385509
2398.00000000	839.40594656
2400.00000000	873.97880285
2402.00000000	864.63578143
2404.00000000	854.86280558
2406.00000000	845.26243045
2408.00000000	851.33155700
2410.00000000	875.89941949
2412.00000000	865.35651872
2414.00000000	864.03320893
2416.00000000	855.13008928
2418.00000000	835.94918714
2420.00000000	839.07043700
2422.00000000	857.80403929
2424.00000000	873.91989966
2426.00000000	884.66559842
2428.00000000	886.47975612
2430.00000000	867.44232152
2432.00000000	830.93711699
2434.00000000	822.62774200
2436.00000000	855.78474186
2438.00000000	873.65215367
2440.00000000	827.42201995
2442.00000000	797.98056125
2444.00000000	864.05333349
2446.00000000	902.66407859
2448.00000000	868.87563134
2450.00000000	882.26439104
2452.00000000	900.38539199
2454.00000000	871.54836189
2456.00000000	847.46490636
2458.00000000	853.91043840
2460.00000000	850.56317882
2462.00000000	873.36284124
2464.00000000	856.83362329
2466.00000000	804.92008666
2468.00000000	806.82472839
2470.00000000	876.99543431
2472.00000000	859.48206845
2474.00000000	856.92353413
2476.00000000	875.77333867
2478.00000000	859.08419042
2480.00000000	836.20474233
2482.00000000	848.41650071
2484.00000000	854.17998773
2486.00000000	871.71926464
2488.00000000	904.36975461
2490.00000000	892.85337372
2492.00000000	847.88008527
2494.00000000	858.01900920
2496.00000000	847.11460024
2498.00000000	816.33009231
2500.00000000	868.20106145
2502.00000000	879.89907869
2504.00000000	887.86921286
2506.00000000	880.19889096
2508.00000000	865.54299766
2510.00000000	874.62414787
2512.00000000	840.89423535
2514.00000000	851.62115878
2516.00000000	864.71997214
2518.00000000	855.00753396
2520.00000000	851.07329502
2522.00000000	815.71471319
2524.00000000	860.85790975
2526.00000000	876.01149122
2528.00000000	852.77251347
2530.00000000	881.61732418
2532.00000000	886.90321304
2534.00000000	895.03881619
2536.00000000	893.20455208
2538.00000000	890.80033521
2540.00000000	899.88326221
2542.00000000	882.77048589
2544.00000000	844.34724730
2546.00000000	840.75977761
2548.00000000	852.17923764
2550.00000000	841.81477808
2552.00000000	829.55245235
2554.00000000	814.74027137
2556.00000000	830.41517839
2558.00000000	854.45289947
2560.00000000	860.78289228
2562.00000000	858.55790996
2564.00000000	844.72746879
2566.00000000	850.36397677
2568.00000000	881.91397189
2570.00000000	885.54026918
2572.00000000	858.99095050
2574.00000000	888.70446938
2576.00000000	844.92501517
2578.00000000	865.55467945
2580.00000000	895.80273023
2582.00000000	850.93977711
2584.00000000	894.25807358
2586.00000000	907.02479788
2588.00000000	894.52241289
2590.00000000	882.34877571
2592.00000000	859.67608866
2594.00000000	832.25411437
2596.00000000	846.34799360
2598.00000000	885.36291284
2600.00000000	882.48608396
2602.00000000	850.80116481
2604.00000000	851.44681771
2606.00000000	867.62287492
2608.00000000	883.40275706
2610.00000000	894.15509034
2612.00000000	885.64153125
2614.00000000	867.24579102
2616.00000000	874.80154506
2618.00000000	891.94350091
2620.00000000	886.03842598
2622.00000000	892.50152128
2624.00000000	878.22924910
2626.00000000	829.38601970
2628.00000000	888.72359499
2630.00000000	905.16397574
2632.00000000	897.20435294
2634.00000000	913.46606327
2636.00000000	905.42306774
2638.00000000	844.25109979
2640.00000000	847.89910363
2642.00000000	896.34918907
2644.00000000	916.85223180
2646.00000000	886.11055317
2648.00000000	844.27731031
2650.00000000	835.29390152
2652.00000000	845.39330132
2654.00000000	869.70228993
2656.00000000	878.14213995
2658.00000000	876.86730013
2660.00000000	903.49239445
2662.00000000	894.48337181
2664.00000000	871.12474164
2666.00000000	894.32316464
2668.00000000	914.82360088
2670.00000000	884.62471139
2672.00000000	890.72040140
2674.00000000	889.17380090
2676.00000000	874.94893742
2678.00000000	897.19043550
2680.00000000	900.80077292
2682.00000000	844.32765938
2684.00000000	899.38252759
2686.00000000	905.02140306
2688.00000000	868.61396641
2690.00000000	879.00442469
2692.00000000	935.35720009
2694.00000000	955.06793069
2696.00000000	899.69074101
2698.00000000	889.44436884
2700.00000000	875.98493162
2702.00000000	874.21078957
2704.00000000	931.75840803
2706.00000000	935.64224083
2708.00000000	906.54003598
2710.00000000	918.61504713
2712.00000000	938.83227227
2714.00000000	921.59232287
2716.00000000	880.81790380
2718.00000000	862.52514594
2720.00000000	960.21931193
2722.00000000	943.00697330
2724.00000000	906.03915298
2726.00000000	928.49884230
2728.00000000	885.16201878
2730.00000000	910.17241237
2732.00000000	932.09280152
2734.00000000	922.00206756
2736.00000000	926.35290765
2738.00000000	940.26708225
2740.00000000	922.91701613
2742.00000000	925.84464083
2744.00000000	915.88759868
2746.00000000	922.24611860
2748.00000000	920.87705073
2750.00000000	897.31555303
2752.00000000	917.67233612
2754.00000000	962.94299231
2756.00000000	905.26283606
2758.00000000	890.83002484
2760.00000000	933.85974914
2762.00000000	924.92309379
2764.00000000	897.55594966
2766.00000000	915.68469304
2768.00000000	926.11443262
2770.00000000	901.58481348
2772.00000000	916.48753633
2774.00000000	955.43164061
2776.00000000	921.40043894
2778.00000000	910.33329846
2780.00000000	876.79313845
2782.00000000	916.97597144
2784.00000000	943.25215196
2786.00000000	907.30455290
2788.00000000	921.67712593
2790.00000000	873.02493454
2792.00000000	871.10728557
2794.00000000	902.52757443
2796.00000000	940.19883214
2798.00000000	952.30772460
2800.00000000	922.54058528
2802.00000000	936.45987416
2804.00000000	937.96834397
2806.00000000	950.76878018
2808.00000000	945.78171882
2810.00000000	912.07087725
2812.00000000	903.19063163
2814.00000000	908.94701760
2816.00000000	883.87052432
2818.00000000	888.78188823
2820.00000000	930.77770787
2822.00000000	927.38557355
2824.00000000	889.04920987
2826.00000000	924.04412249
2828.00000000	925.19912345
2830.00000000	960.51735363
2832.00000000	983.72067123
2834.00000000	966.98120599
2836.00000000	967.58040405
2838.00000000	987.43520769
2840.00000000	977.87486321
2842.00000000	1028.86029200
2844.00000000	1087.47718668
2846.00000000	1070.43518215
2848.00000000	1069.70018744
2850.00000000	1171.01534731
2852.00000000	1214.62016768
2854.00000000	1228.16438780
2856.00000000	1202.34007316
2858.00000000	1281.34764426
2860.00000000	1328.23153792
2862.00000000	1231.75593767
2864.00000000	1285.13776825
2866.00000000	1328.91373361
2868.00000000	1361.60645324
2870.00000000	1365.11251597
2872.00000000	1420.22956719
2874.00000000	1528.30799839
2876.00000000	1552.57447585
2878.00000000	1530.26787420
2880.00000000	1506.38063143
2882.00000000	1514.48849398
2884.00000000	1511.42847592
2886.00000000	1534.04631075
2888.00000000	1566.08444983
2890.00000000	1507.59381442
2892.00000000	1565.29049865
2894.00000000	1545.84399991
2896.00000000	1535.53986194
2898.00000000	1562.26053793
2900.00000000	1572.38763875
2902.00000000	1592.82783531
2904.00000000	1611.71747891
2906.00000000	1637.02481021
2908.00000000	1644.10795667
2910.00000000	1683.51961587
2912.00000000	1800.72270535
2914.00000000	1864.08710680
2916.00000000	1783.85620678
2918.00000000	1807.42882269
2920.00000000	1850.65873181
2922.00000000	1951.07140875
2924.00000000	1993.50004117
2926.00000000	1953.56467696
2928.00000000	1947.74771307
2930.00000000	1993.38182743
2932.00000000	2078.25874465
2934.00000000	2028.75524236
2936.00000000	2045.47231911
2938.00000000	2021.61215664
2940.00000000	1958.47201014
2942.00000000	1972.26769444
2944.00000000	1856.61803904
2946.00000000	1800.10008009
2948.00000000	1831.63772676
2950.00000000	1776.35411366
2952.00000000	1715.72389424
2954.00000000	1678.36320874
2956.00000000	1599.25901780
2958.00000000	1613.19149611
2960.00000000	1604.63298883
2962.00000000	1636.21326734
2964.00000000	1658.56533008
2966.00000000	1630.05288746
2968.00000000	1571.51068066
2970.00000000	1530.23152251
2972.00000000	1531.83916077
2974.00000000	1496.67928602
2976.00000000	1517.62574933
2978.00000000	1482.26384824
2980.00000000	1478.43542532
2982.00000000	1493.82679113
2984.00000000	1430.25041999
2986.00000000	1407.41368332
2988.00000000	1291.82879022
2990.00000000	1330.82668935
2992.00000000	1300.99241866
2994.00000000	1230.97730707
2996.00000000	1216.52945479
2998.00000000	1170.33274955
3000.00000000	1134.06573466
3002.00000000	1166.42012301
3004.00000000	1115.94841846
3006.00000000	1057.77378640
3008.00000000	1063.31827001
3010.00000000	1065.42132645
3012.00000000	1026.13814182
3014.00000000	1026.10430623
3016.00000000	1065.11611914
3018.00000000	999.59530775
3020.00000000	1011.56336642
3022.00000000	1005.86951837
3024.00000000	998.36046026
3026.00000000	1011.91799858
3028.00000000	948.49408359
3030.00000000	923.35981405
3032.00000000	956.15777094
3034.00000000	955.19441522
3036.00000000	971.20890772
3038.00000000	978.42138017
3040.00000000	953.43994551
3042.00000000	966.18662785
3044.00000000	1011.75633105
3046.00000000	979.26900355
3048.00000000	935.72811598
3050.00000000	1007.76037982
3052.00000000	1018.84601457
3054.00000000	948.91111501
3056.00000000	951.12805440
3058.00000000	1013.42825377
3060.00000000	1029.78549845
3062.00000000	1020.81442862
3064.00000000	1050.73330501
3066.00000000	1040.01551440
3068.00000000	1009.78181638
3070.00000000	984.79131452
3072.00000000	975.11319437
3074.00000000	996.25251095
3076.00000000	972.72367633
3078.00000000	969.47582006
3080.00000000	964.21927908
3082.00000000	958.00887747
3084.00000000	963.67188085
3086.00000000	972.81986865
3088.00000000	954.52881403
3090.00000000	919.10176768
3092.00000000	937.55856945
3094.00000000	936.11373219
3096.00000000	905.52785245
3098.00000000	901.55930660
3100.00000000	896.38418186
3102.00000000	886.50550567
3104.00000000	921.18302029
3106.00000000	949.96537651
3108.00000000	905.63878778
3110.00000000	908.62524648
3112.00000000	914.36888153
3114.00000000	895.50265669
3116.00000000	935.55980281
3118.00000000	930.89310679
3120.00000000	856.82868677
3122.00000000	899.15794662
3124.00000000	897.23031323
3126.00000000	928.79370259
3128.00000000	915.57495425
3130.00000000	868.90314163
3132.00000000	867.19795411
3134.00000000	900.11218935
3136.00000000	898.48882479
3138.00000000	874.12225137
3140.00000000	892.48270577
3142.00000000	904.79017267
3144.00000000	897.24707365
3146.00000000	910.70824382
3148.00000000	890.68211796
3150.00000000	872.81843228
3152.00000000	927.86214802
3154.00000000	950.12595038
3156.00000000	869.97082267
3158.00000000	868.64015757
3160.00000000	860.25911087
3162.00000000	892.37539228
3164.00000000	908.26455452
3166.00000000	888.37717624
3168.00000000	917.82852799
3170.00000000	924.00761023
3172.00000000	839.12806658
3174.00000000	892.61444682
3176.00000000	889.93145474
3178.00000000	928.83730021
3180.00000000	917.59010851
3182.00000000	908.59632080
3184.00000000	916.70390340
3186.00000000	897.92508698
3188.00000000	891.84164993
3190.00000000	882.42260694
3192.00000000	872.58850159
3194.00000000	913.99883377
3196.00000000	875.91647043
3198.00000000	863.93631813
3200.00000000	890.98137160
3202.00000000	873.50842171
3204.00000000	857.69335525
3206.00000000	890.11767317
3208.00000000	912.01051904
3210.00000000	952.89236541
3212.00000000	892.51052266
3214.00000000	876.00016706
3216.00000000	884.68958395
3218.00000000	863.31954744
3220.00000000	895.27917492
3222.00000000	929.84539704
3224.00000000	861.79182913
3226.00000000	842.75749079
3228.00000000	860.04524902
3230.00000000	882.51009382
3232.00000000	916.79382136
3234.00000000	905.58611154
3236.00000000	865.60823851
3238.00000000	872.89990740
3240.00000000	911.38086395
3242.00000000	901.37003834
3244.00000000	859.69850793
3246.00000000	873.97363820
3248.00000000	930.09935556
3250.00000000	911.53240988
3252.00000000	887.59905590
3254.00000000	888.43658752
3256.00000000	908.42994214
3258.00000000	904.22708576
3260.00000000	885.70432280
3262.00000000	924.61872760
3264.00000000	948.71120093
3266.00000000	976.10735824
3268.00000000	928.26593963
3270.00000000	877.88060348
3272.00000000	877.01493035
3274.00000000	908.91589545
3276.00000000	949.35340768
3278.00000000	955.50526163
3280.00000000	921.39232601
3282.00000000	915.95356590
3284.00000000	938.64723514
3286.00000000	962.59201042
3288.00000000	930.19002926
3290.00000000	933.26303191
3292.00000000	915.96310506
3294.00000000	909.49860803
3296.00000000	930.93751637
3298.00000000	938.81569352
3300.00000000	940.29815174
3302.00000000	923.14757938
3304.00000000	943.99728759
3306.00000000	957.85717280
3308.00000000	949.67506604
3310.00000000	926.44337175
3312.00000000	911.65775824
3314.00000000	922.85956100
3316.00000000	938.61764577
3318.00000000	946.27121476
3320.00000000	934.55821766
3322.00000000	903.67110354
3324.00000000	936.81254907
3326.00000000	958.79535114
3328.00000000	949.05417356
3330.00000000	933.77538325
3332.00000000	955.76698037
3334.00000000	966.88741311
3336.00000000	951.31356352
3338.00000000	961.34382552
3340.00000000	944.00392172
3342.00000000	883.27236009
3344.00000000	921.86270710
3346.00000000	930.69575341
3348.00000000	956.86303322
3350.00000000	919.01170071
3352.00000000	941.16772165
3354.00000000	939.58636629
3356.00000000	932.44917222
3358.00000000	912.62989852
3360.00000000	874.34464885
3362.00000000	905.19355348
3364.00000000	930.54235428
3366.00000000	923.38033886
3368.00000000	925.10290797
3370.00000000	880.02677315
3372.00000000	868.97267404
3374.00000000	863.61087023
3376.00000000	875.65268355
3378.00000000	855.15000682
3380.00000000	839.90647877
3382.00000000	872.93829754
3384.00000000	892.15946985
3386.00000000	894.85579599
3388.00000000	877.57254481
3390.00000000	885.42282073
3392.00000000	901.98353718
3394.00000000	880.77478558
3396.00000000	859.73803112
3398.00000000	885.52412263
3400.00000000	875.75484063
3402.00000000	872.76284111
3404.00000000	883.54950212
3406.00000000	861.73654708
3408.00000000	855.35942385
3410.00000000	834.29592323
3412.00000000	855.95102780
3414.00000000	889.50530857
3416.00000000	869.25894602
3418.00000000	849.03437757
3420.00000000	858.52656053
3422.00000000	851.68798001
3424.00000000	872.06716723
3426.00000000	865.39487496
3428.00000000	870.04859558
3430.00000000	891.13118130
3432.00000000	834.89979980
3434.00000000	855.22896281
3436.00000000	837.45889964
3438.00000000	874.16643809
3440.00000000	881.12719597
3442.00000000	850.08330573
3444.00000000	878.02512058
3446.00000000	858.01500189
3448.00000000	819.07113154
3450.00000000	817.58298993
3452.00000000	846.45473228
3454.00000000	858.78777608
3456.00000000	825.65729944
3458.00000000	823.46508337
3460.00000000	835.13344186
3462.00000000	849.03712051
3464.00000000	832.18375602
3466.00000000	823.51300449
3468.00000000	809.28901840
3470.00000000	837.84630801
3472.00000000	805.12423204
3474.00000000	798.54864966
3476.00000000	883.52276050
3478.00000000	874.15596269
3480.00000000	811.99672620
3482.00000000	852.86816723
3484.00000000	851.77063789
3486.00000000	835.68029303
3488.00000000	861.81331732
3490.00000000	862.21357162
3492.00000000	834.56327906
3494.00000000	836.09152359
3496.00000000	826.48578869
3498.00000000	804.90451274
3500.00000000	767.99562040
3502.00000000	807.90412167
3504.00000000	838.24087298
3506.00000000	805.84971779
3508.00000000	854.31595962
3510.00000000	871.07275060
3512.00000000	803.44355931
3514.00000000	855.44744835
3516.00000000	819.60170962
3518.00000000	866.70988393
3520.00000000	793.48455210
3522.00000000	796.79724803
3524.00000000	811.00924668
3526.00000000	810.88056705
3528.00000000	822.79085386
3530.00000000	827.44377949
3532.00000000	793.27894794
3534.00000000	782.38067985
3536.00000000	818.71125249
3538.00000000	836.51785092
3540.00000000	846.56823912
3542.00000000	822.05372485
3544.00000000	802.49929487
3546.00000000	819.53439999
3548.00000000	841.10611015
3550.00000000	875.00491763
3552.00000000	796.37240676
3554.00000000	780.92128385
3556.00000000	772.71845105
3558.00000000	797.52110955
3560.00000000	794.39486342
3562.00000000	748.82339063
3564.00000000	775.39423357
3566.00000000	824.13624819
3568.00000000	827.62389222
3570.00000000	818.78853670
3572.00000000	791.21375444
3574.00000000	795.36736968
3576.00000000	814.11803916
3578.00000000	797.12423503
3580.00000000	791.45756031
3582.00000000	800.68087769
3584.00000000	799.77947022
3586.00000000	820.88194898
3588.00000000	822.65847537
3590.00000000	764.28829781
3592.00000000	783.78706707
3594.00000000	820.01584098
3596.00000000	800.88281210
3598.00000000	810.15403025
3600.00000000	832.02440019
3602.00000000	820.52936245
3604.00000000	791.88695668
3606.00000000	798.23693131
3608.00000000	783.43056278
3610.00000000	824.06589780
3612.00000000	782.22000954
3614.00000000	783.10788388
3616.00000000	771.05211003
3618.00000000	755.15454941
3620.00000000	758.95144182
3622.00000000	786.31726850
3624.00000000	788.76376987
3626.00000000	772.29697720
3628.00000000	787.84886089
3630.00000000	798.43637260
3632.00000000	778.36727805
3634.00000000	773.09318821
3636.00000000	780.11967034
3638.00000000	793.41584559
3640.00000000	799.35769624
3642.00000000	763.85937353
3644.00000000	790.01686410
3646.00000000	800.81763861
3648.00000000	792.20075102
3650.00000000	787.71595280
3652.00000000	815.88670596
3654.00000000	814.09710741
3656.00000000	784.53740063
3658.00000000	790.37612793
3660.00000000	793.16141046
3662.00000000	786.21795168
3664.00000000	768.20171094
3666.00000000	739.32622743
3668.00000000	740.45180338
3670.00000000	784.14258093
3672.00000000	792.67942327
3674.00000000	778.20237724
3676.00000000	766.26949200
3678.00000000	760.19894034
3680.00000000	815.16316146
3682.00000000	750.71065809
3684.00000000	769.67573031
3686.00000000	806.94954753
3688.00000000	769.83195425
3690.00000000	760.65042007
3692.00000000	791.24619258
3694.00000000	755.74174262
3696.00000000	743.93995878
3698.00000000	769.33709035
3700.00000000	733.15244213
3702.00000000	783.69932590
3704.00000000	754.12450836
3706.00000000	747.52092399
3708.00000000	737.69864637
3710.00000000	736.48523514
3712.00000000	786.83518128
3714.00000000	796.90222257
3716.00000000	766.61760725
3718.00000000	766.74670993
3720.00000000	765.53047370
3722.00000000	733.42801099
3724.00000000	772.61986443
3726.00000000	779.51917479
3728.00000000	781.73346242
3730.00000000	790.44359488
3732.00000000	783.45217541
3734.00000000	784.76626589
3736.00000000	753.66462620
3738.00000000	751.78080820
3740.00000000	814.47341180
3742.00000000	786.04445000
3744.00000000	781.16208370
3746.00000000	768.17557084
3748.00000000	778.35885965
3750.00000000	803.81209423
3752.00000000	785.86805506
3754.00000000	747.71015377
3756.00000000	719.84511343
3758.00000000	751.51695852
3760.00000000	811.75342164
3762.00000000	798.46394730
3764.00000000	735.10426584
3766.00000000	756.81952849
3768.00000000	793.36337685
3770.00000000	741.06330414
3772.00000000	741.71170093
3774.00000000	789.68812374
3776.00000000	775.44936501
3778.00000000	785.08319468
3780.00000000	793.35052635
3782.00000000	749.75419245
3784.00000000	730.57174645
3786.00000000	710.47822671
3788.00000000	756.34431790
3790.00000000	740.45027739
3792.00000000	747.38842553
3794.00000000	734.55382523
3796.00000000	800.47313399
3798.00000000	782.43922286
3800.00000000	780.01470813
