400.00000000	833.03116913
402.00000000	818.56874587
404.00000000	816.31622362
406.00000000	830.03963232
408.00000000	851.26204231
410.00000000	856.38354218
412.00000000	841.45588051
414.00000000	825.38906428
416.00000000	829.58490164
418.00000000	852.17811280
420.00000000	849.76647496
422.00000000	840.60261503
424.00000000	865.11037601
426.00000000	863.60620201
428.00000000	827.75930635
430.00000000	839.55679657
432.00000000	866.80943150
434.00000000	850.35652033
436.00000000	819.95041412
438.00000000	805.04772006
440.00000000	814.54632897
442.00000000	823.24037819
444.00000000	821.31589149
446.00000000	840.92985070
448.00000000	850.91620755
450.00000000	808.65473653
452.00000000	783.95968155
454.00000000	800.39129302
456.00000000	804.52876068
458.00000000	802.71403727
460.00000000	811.82171996
462.00000000	810.65807966
464.00000000	797.41589313
466.00000000	788.24847412
468.00000000	790.44597834
470.00000000	804.28362136
472.00000000	822.24487780
474.00000000	824.86094372
476.00000000	805.82335169
478.00000000	808.89060444
480.00000000	828.94082015
482.00000000	818.85218244
484.00000000	802.00237068
486.00000000	805.06462094
488.00000000	818.36686686
490.00000000	828.15506207
492.00000000	826.58288392
494.00000000	825.28555084
496.00000000	827.34770337
498.00000000	825.75454214
500.00000000	835.36025165
502.00000000	852.79797161
504.00000000	829.85583217
506.00000000	810.63618045
508.00000000	859.55227413
510.00000000	874.27765214
512.00000000	831.81382152
514.00000000	830.87380907
516.00000000	839.27235693
518.00000000	816.78806704
520.00000000	823.72057934
522.00000000	847.19042326
524.00000000	835.98653096
526.00000000	835.71744517
528.00000000	857.05182342
530.00000000	847.09217761
532.00000000	830.32054003
534.00000000	841.66058069
536.00000000	860.07991637
538.00000000	865.27704593
540.00000000	850.97357710
542.00000000	841.07828530
544.00000000	847.63062934
546.00000000	858.48785687
548.00000000	865.38995799
550.00000000	862.05155465
552.00000000	842.46370066
554.00000000	819.07643066
556.00000000	809.30079164
558.00000000	796.81883287
560.00000000	785.85054146
562.00000000	808.54102514
564.00000000	841.90581168
566.00000000	852.59882844
568.00000000	838.28699278
570.00000000	822.65061677
572.00000000	833.10091405
574.00000000	853.58615413
576.00000000	865.89164136
578.00000000	863.93035268
580.00000000	861.36526851
582.00000000	861.46820585
584.00000000	837.90520132
586.00000000	816.94760191
588.00000000	837.06059056
590.00000000	859.06503288
592.00000000	851.15029729
594.00000000	815.48994610
596.00000000	807.63670742
598.00000000	844.83295778
600.00000000	857.03877399
602.00000000	843.60866891
604.00000000	839.00593555
606.00000000	850.39402667
608.00000000	852.60446085
610.00000000	814.83982476
612.00000000	794.93303947
614.00000000	820.54165789
616.00000000	843.69772233
618.00000000	848.75915634
620.00000000	849.21244599
622.00000000	879.08011888
624.00000000	914.97085973
626.00000000	905.68152561
628.00000000	865.52979607
630.00000000	834.51464008
632.00000000	849.02633254
634.00000000	851.07181214
636.00000000	810.41072817
638.00000000	804.80726139
640.00000000	846.76316962
642.00000000	895.43030302
644.00000000	893.15864471
646.00000000	861.78931303
648.00000000	873.65043020
650.00000000	888.02732644
652.00000000	874.56703684
654.00000000	860.78137770
656.00000000	857.43765580
658.00000000	858.33078307
660.00000000	844.73364922
662.00000000	836.61510742
664.00000000	859.88440736
666.00000000	870.65668604
668.00000000	870.18861253
670.00000000	904.28053553
672.00000000	932.33500128
674.00000000	928.50313771
676.00000000	928.15070929
678.00000000	923.94892995
680.00000000	906.49442027
682.00000000	912.10565360
684.00000000	923.42366928
686.00000000	902.27118744
688.00000000	890.73642499
690.00000000	895.91845167
692.00000000	880.42047292
694.00000000	871.49345122
696.00000000	889.97017659
698.00000000	911.05024082
700.00000000	905.30067528
702.00000000	874.76881241
704.00000000	887.52955431
706.00000000	926.64487586
708.00000000	929.72189613
710.00000000	912.93192414
712.00000000	896.20830769
714.00000000	885.56518122
716.00000000	886.28739766
718.00000000	903.54015767
720.00000000	938.56031749
722.00000000	963.40614826
724.00000000	957.96258135
726.00000000	946.09139932
728.00000000	943.17944077
730.00000000	947.37071605
732.00000000	934.78287735
734.00000000	916.47497277
736.00000000	926.60117743
738.00000000	940.88665337
740.00000000	937.24370089
742.00000000	923.13535023
744.00000000	940.35416967
746.00000000	991.67349411
748.00000000	996.88118813
750.00000000	969.72392973
752.00000000	958.74396697
754.00000000	955.91078490
756.00000000	965.71748893
758.00000000	989.06811848
760.00000000	960.11026297
762.00000000	910.74557142
764.00000000	947.24763832
766.00000000	959.70174178
768.00000000	909.44374810
770.00000000	928.98865943
772.00000000	955.65438133
774.00000000	924.85152911
776.00000000	931.30923007
778.00000000	955.85927699
780.00000000	942.96624969
782.00000000	943.48480031
784.00000000	967.48328155
786.00000000	986.44032324
788.00000000	997.88516834
790.00000000	990.55956248
792.00000000	949.50198737
794.00000000	917.27172983
796.00000000	920.30758651
798.00000000	937.27805845
800.00000000	938.47576702
802.00000000	923.00577918
804.00000000	937.62751197
806.00000000	957.67704958
808.00000000	948.92581800
810.00000000	951.27112770
812.00000000	969.17230917
814.00000000	978.12193310
816.00000000	968.05956121
818.00000000	956.66929221
820.00000000	970.39036951
822.00000000	978.39442819
824.00000000	975.28573472
826.00000000	993.29628921
828.00000000	1010.21421568
830.00000000	1009.57400915
832.00000000	1008.32156646
834.00000000	991.97303981
836.00000000	958.08796001
838.00000000	950.85526207
840.00000000	965.50317146
842.00000000	975.10024731
844.00000000	974.88871889
846.00000000	975.18430257
848.00000000	986.83427299
850.00000000	996.85692730
852.00000000	996.90673848
854.00000000	987.87800586
856.00000000	974.93233813
858.00000000	972.21293325
860.00000000	992.17002937
862.00000000	995.76635569
864.00000000	969.06736200
866.00000000	950.81353971
868.00000000	961.10111161
870.00000000	991.02969864
872.00000000	1002.44974046
874.00000000	988.35126341
876.00000000	967.37245220
878.00000000	970.92725663
880.00000000	973.89996691
882.00000000	947.06021960
884.00000000	933.93174808
886.00000000	953.68833335
888.00000000	990.83764756
890.00000000	1004.53019280
892.00000000	993.78605139
894.00000000	981.88258381
896.00000000	943.62637668
898.00000000	907.47467021
900.00000000	936.75414706
902.00000000	957.37755232
904.00000000	942.40996597
906.00000000	954.41057066
908.00000000	980.36203676
910.00000000	991.99506980
912.00000000	984.24661306
914.00000000	990.27814677
916.00000000	1016.93087467
918.00000000	1013.44013625
920.00000000	1005.83772377
922.00000000	1017.51409588
924.00000000	1001.05694418
926.00000000	994.93411828
928.00000000	1030.53127586
930.00000000	1018.64738484
932.00000000	993.74975968
934.00000000	1022.12467735
936.00000000	1026.64541569
938.00000000	1003.91491130
940.00000000	1000.73605652
942.00000000	1002.73198182
944.00000000	1003.08244925
946.00000000	1009.11557406
948.00000000	1020.97385612
950.00000000	1023.59791996
952.00000000	1004.27544902
954.00000000	1007.18929585
956.00000000	1023.91573139
958.00000000	1001.86476390
960.00000000	1002.70839431
962.00000000	1030.91318608
964.00000000	1010.16558021
966.00000000	989.85736203
968.00000000	1004.45031185
970.00000000	1019.36075190
972.00000000	1026.84569071
974.00000000	1031.84385725
976.00000000	1040.25035639
978.00000000	1051.60861381
980.00000000	1055.15977094
982.00000000	1035.02858849
984.00000000	1025.06172004
986.00000000	1044.49416600
988.00000000	1054.76489974
990.00000000	1056.88974028
992.00000000	1065.29765543
994.00000000	1078.13316223
996.00000000	1087.19027559
998.00000000	1093.43014093
1000.00000000	1118.15193513
1002.00000000	1155.61977731
1004.00000000	1183.82280616
1006.00000000	1183.41245977
1008.00000000	1156.69420145
1010.00000000	1116.31420928
1012.00000000	1073.02911564
1014.00000000	1079.37995301
1016.00000000	1148.75085635
1018.00000000	1145.57825853
1020.00000000	1089.40348673
1022.00000000	1074.58624774
1024.00000000	1079.49853807
1026.00000000	1082.67235949
1028.00000000	1086.96438082
1030.00000000	1120.31892101
1032.00000000	1153.76927123
1034.00000000	1147.22834876
1036.00000000	1153.31708711
1038.00000000	1173.96984873
1040.00000000	1181.22373454
1042.00000000	1207.65102068
1044.00000000	1241.94405877
1046.00000000	1252.32741198
1048.00000000	1273.27490870
1050.00000000	1280.39669804
1052.00000000	1234.22605130
1054.00000000	1222.11151879
1056.00000000	1232.33040419
1058.00000000	1198.43757942
1060.00000000	1197.47633911
1062.00000000	1208.34010656
1064.00000000	1161.85948056
1066.00000000	1166.74301166
1068.00000000	1215.23712792
1070.00000000	1212.08502944
1072.00000000	1191.72991981
1074.00000000	1184.92061842
1076.00000000	1190.96977501
1078.00000000	1192.19282938
1080.00000000	1189.87263375
1082.00000000	1196.59931665
1084.00000000	1201.66369085
1086.00000000	1188.35348653
1088.00000000	1152.40420027
1090.00000000	1130.37968883
1092.00000000	1138.40415680
1094.00000000	1156.36341986
1096.00000000	1129.51417242
1098.00000000	1090.09240750
1100.00000000	1103.43629065
1102.00000000	1115.09985293
1104.00000000	1106.68212017
1106.00000000	1099.29745482
1108.00000000	1098.05214100
1110.00000000	1121.28999171
1112.00000000	1164.97305184
1114.00000000	1140.56385116
1116.00000000	1105.27171258
1118.00000000	1144.65571353
1120.00000000	1128.47509233
1122.00000000	1080.43593139
1124.00000000	1095.49027343
1126.00000000	1123.72981161
1128.00000000	1138.74323127
1130.00000000	1144.29681895
1132.00000000	1141.81665337
1134.00000000	1108.13556905
1136.00000000	1047.11093867
1138.00000000	1042.12300327
1140.00000000	1048.22601951
1142.00000000	1015.02213167
1144.00000000	1031.78724366
1146.00000000	1058.73930437
1148.00000000	1044.06655121
1150.00000000	1052.32107452
1152.00000000	1056.02812148
1154.00000000	1034.17838528
1156.00000000	1056.71107277
1158.00000000	1096.58943379
1160.00000000	1100.95109075
1162.00000000	1065.36294230
1164.00000000	1060.50643483
1166.00000000	1097.31049784
1168.00000000	1080.22260424
1170.00000000	1068.14136407
1172.00000000	1093.01274619
1174.00000000	1086.88338996
1176.00000000	1086.11302126
1178.00000000	1101.26930941
1180.00000000	1083.43874802
1182.00000000	1069.30835511
1184.00000000	1074.89028286
1186.00000000	1070.60117202
1188.00000000	1056.66584599
1190.00000000	1059.27745810
1192.00000000	1102.98805893
1194.00000000	1143.63384090
1196.00000000	1136.28315889
1198.00000000	1085.90137219
1200.00000000	1103.63968368
1202.00000000	1153.48027013
1204.00000000	1134.16431357
1206.00000000	1123.22474575
1208.00000000	1151.67407907
1210.00000000	1180.28375840
1212.00000000	1143.47583825
1214.00000000	1114.76036292
1216.00000000	1160.34460547
1218.00000000	1169.99810101
1220.00000000	1168.57517376
1222.00000000	1200.17600227
1224.00000000	1205.71417278
1226.00000000	1185.04548057
1228.00000000	1176.44903033
1230.00000000	1212.40621860
1232.00000000	1224.84466440
1234.00000000	1199.10715451
1236.00000000	1216.49702149
1238.00000000	1239.62505970
1240.00000000	1244.16497290
1242.00000000	1253.61481102
1244.00000000	1245.87256245
1246.00000000	1234.71427349
1248.00000000	1256.96478320
1250.00000000	1271.62864706
1252.00000000	1255.94236744
1254.00000000	1225.94737827
1256.00000000	1222.14398047
1258.00000000	1231.97181397
1260.00000000	1231.01566351
1262.00000000	1249.89260530
1264.00000000	1257.59791844
1266.00000000	1223.78266785
1268.00000000	1191.72271401
1270.00000000	1193.99883830
1272.00000000	1223.17912797
1274.00000000	1233.44485992
1276.00000000	1238.63396756
1278.00000000	1244.34348751
1280.00000000	1226.17585439
1282.00000000	1209.54455203
1284.00000000	1210.64902940
1286.00000000	1221.73465854
1288.00000000	1241.54209681
1290.00000000	1256.07110791
1292.00000000	1250.51803933
1294.00000000	1243.49028321
1296.00000000	1248.62955056
1298.00000000	1266.91501491
1300.00000000	1287.89351027
1302.00000000	1300.60897816
1304.00000000	1305.58306792
1306.00000000	1319.08852407
1308.00000000	1329.09759460
1310.00000000	1334.08536534
1312.00000000	1356.29473920
1314.00000000	1363.03036312
1316.00000000	1343.75222172
1318.00000000	1332.94153930
1320.00000000	1350.91767452
1322.00000000	1353.99529987
1324.00000000	1301.09931886
1326.00000000	1313.75049214
1328.00000000	1348.77491621
1330.00000000	1311.76499095
1332.00000000	1308.11690229
1334.00000000	1351.03885111
1336.00000000	1384.81005594
1338.00000000	1363.62821415
1340.00000000	1325.47167625
1342.00000000	1309.29031717
1344.00000000	1303.54962788
1346.00000000	1283.30964755
1348.00000000	1272.01898734
1350.00000000	1308.05059063
1352.00000000	1291.25724931
1354.00000000	1260.00129911
1356.00000000	1306.35688022
1358.00000000	1302.04520615
1360.00000000	1272.38091458
1362.00000000	1292.75616269
1364.00000000	1306.42171100
1366.00000000	1312.15775308
1368.00000000	1311.23680630
1370.00000000	1273.39046957
1372.00000000	1248.57219819
1374.00000000	1259.11616224
1376.00000000	1264.55173062
1378.00000000	1230.73245687
1380.00000000	1204.65185807
1382.00000000	1243.16669688
1384.00000000	1255.24627117
1386.00000000	1231.75486954
1388.00000000	1211.78074108
1390.00000000	1196.60467250
1392.00000000	1191.63464427
1394.00000000	1194.98230748
1396.00000000	1196.74241368
1398.00000000	1227.12591935
1400.00000000	1249.96571451
1402.00000000	1203.20739900
1404.00000000	1220.58186696
1406.00000000	1249.75224957
1408.00000000	1180.38076943
1410.00000000	1182.15527136
1412.00000000	1232.72163551
1414.00000000	1236.85427737
1416.00000000	1206.97719761
1418.00000000	1175.07750175
1420.00000000	1167.70559384
1422.00000000	1187.75260957
1424.00000000	1188.10569584
1426.00000000	1190.70554245
1428.00000000	1244.24342406
1430.00000000	1268.86086400
1432.00000000	1271.66301815
1434.00000000	1286.69428639
1436.00000000	1272.43994824
1438.00000000	1271.48275115
1440.00000000	1304.64197525
1442.00000000	1313.79814937
1444.00000000	1286.78926359
1446.00000000	1277.76766618
1448.00000000	1336.21673335
1450.00000000	1352.52349707
1452.00000000	1334.22391287
1454.00000000	1348.01089772
1456.00000000	1369.89462364
1458.00000000	1364.45255667
1460.00000000	1329.67451838
1462.00000000	1302.76548774
1464.00000000	1280.43908691
1466.00000000	1271.40983401
1468.00000000	1282.04642189
1470.00000000	1242.19567820
1472.00000000	1208.38805532
1474.00000000	1240.45196265
1476.00000000	1225.91105976
1478.00000000	1202.98352673
1480.00000000	1216.38263877
1482.00000000	1224.68719073
1484.00000000	1250.87059485
1486.00000000	1264.37167242
1488.00000000	1215.57899287
1490.00000000	1195.85030174
1492.00000000	1195.82020844
1494.00000000	1169.41283992
1496.00000000	1151.55637040
1498.00000000	1158.54264626
1500.00000000	1151.09543421
1502.00000000	1077.91673663
1504.00000000	1057.94673696
1506.00000000	1104.37309979
1508.00000000	1130.58718455
1510.00000000	1122.83448531
1512.00000000	1113.34970293
1514.00000000	1127.85792193
1516.00000000	1150.98043428
1518.00000000	1167.39981680
1520.00000000	1159.00935237
1522.00000000	1122.65771718
1524.00000000	1114.89762515
1526.00000000	1127.47922679
1528.00000000	1130.35848685
1530.00000000	1149.84485170
1532.00000000	1136.06083438
1534.00000000	1100.51015352
1536.00000000	1138.49321092
1538.00000000	1151.07058977
1540.00000000	1116.29613645
1542.00000000	1108.11065793
1544.00000000	1148.51113245
1546.00000000	1174.72653434
1548.00000000	1167.20794531
1550.00000000	1210.31359287
1552.00000000	1233.63347569
1554.00000000	1227.11672306
1556.00000000	1252.72917736
1558.00000000	1244.74946671
1560.00000000	1214.10085727
1562.00000000	1204.81955835
1564.00000000	1202.78258991
1566.00000000	1201.61891564
1568.00000000	1220.91810120
1570.00000000	1281.11212549
1572.00000000	1325.04164294
1574.00000000	1326.92580218
1576.00000000	1306.28348824
1578.00000000	1297.68426120
1580.00000000	1295.92007981
1582.00000000	1302.06463276
1584.00000000	1328.56352253
1586.00000000	1314.14099617
1588.00000000	1265.49219228
1590.00000000	1245.60456038
1592.00000000	1277.45692170
1594.00000000	1286.96537892
1596.00000000	1244.84518758
1598.00000000	1222.81121105
1600.00000000	1213.42362585
1602.00000000	1232.06830722
1604.00000000	1278.90578797
1606.00000000	1247.10534631
1608.00000000	1205.05120043
1610.00000000	1223.08617104
1612.00000000	1246.14494238
1614.00000000	1246.80194727
1616.00000000	1227.21818878
1618.00000000	1207.91113446
1620.00000000	1210.33565047
1622.00000000	1219.80024598
1624.00000000	1207.34297400
1626.00000000	1168.49966614
1628.00000000	1176.14740170
1630.00000000	1213.02483819
1632.00000000	1206.62714466
1634.00000000	1178.33881912
1636.00000000	1169.20087814
1638.00000000	1193.14013439
1640.00000000	1225.37665979
1642.00000000	1250.41994475
1644.00000000	1265.34172890
1646.00000000	1267.27384599
1648.00000000	1243.84761315
1650.00000000	1235.39481619
1652.00000000	1233.22902749
1654.00000000	1185.69254387
1656.00000000	1228.16017330
1658.00000000	1293.12696122
1660.00000000	1252.89272402
1662.00000000	1226.36807552
1664.00000000	1228.73820108
1666.00000000	1248.45588401
1668.00000000	1289.06980531
1670.00000000	1291.38944836
1672.00000000	1271.46071081
1674.00000000	1257.62109965
1676.00000000	1213.61981696
1678.00000000	1228.97856889
1680.00000000	1278.31027481
1682.00000000	1240.06109892
1684.00000000	1200.70309833
1686.00000000	1180.57539809
1688.00000000	1170.15266406
1690.00000000	1190.98350521
1692.00000000	1177.55621186
1694.00000000	1159.54508240
1696.00000000	1199.17175216
1698.00000000	1188.87527412
1700.00000000	1146.63078833
1702.00000000	1146.63078833
1704.00000000	1146.63078833
1706.00000000	1146.63078833
1708.00000000	1146.63078833
1710.00000000	1146.63078833
1712.00000000	1146.63078833
1714.00000000	1146.63078833
1716.00000000	1049.44084070
1718.00000000	1055.99588889
1720.00000000	1059.00937899
1722.00000000	1057.56105330
1724.00000000	1065.11271564
1726.00000000	1064.40871581
1728.00000000	1049.76094990
1730.00000000	1048.98252224
1732.00000000	1081.18087045
1734.00000000	1096.79932889
1736.00000000	1097.30362965
1738.00000000	1092.66281877
1740.00000000	1069.47728021
1742.00000000	1018.17574811
1744.00000000	1014.15460046
1746.00000000	1071.36084281
1748.00000000	1054.02846601
1750.00000000	1049.07109620
1752.00000000	1074.29181987
1754.00000000	1062.57151201
1756.00000000	1054.19698883
1758.00000000	1065.90811783
1760.00000000	1072.77087914
1762.00000000	1041.46722335
1764.00000000	1008.70755212
1766.00000000	1026.84113291
1768.00000000	1074.83055441
1770.00000000	1045.00668928
1772.00000000	1014.18157934
1774.00000000	1030.87588595
1776.00000000	1057.16306975
1778.00000000	1050.09377947
1780.00000000	1049.21931916
1782.00000000	1061.19933126
1784.00000000	1044.76559752
1786.00000000	1058.35688949
1788.00000000	1053.62703539
1790.00000000	1004.65088673
1792.00000000	1009.73180514
1794.00000000	1029.91654381
1796.00000000	1060.49868498
1798.00000000	1104.70494365
1800.00000000	1083.48394994
1802.00000000	1086.35318392
1804.00000000	1111.18006155
1806.00000000	1063.81598822
1808.00000000	1045.66708101
1810.00000000	1068.28348790
1812.00000000	1080.55805653
1814.00000000	1056.64948304
1816.00000000	1049.32668911
1818.00000000	1057.82045470
1820.00000000	1057.33440312
1822.00000000	1063.61186810
1824.00000000	1092.20040597
1826.00000000	1104.66358287
1828.00000000	1070.19255287
1830.00000000	1056.31068862
1832.00000000	1047.73184771
1834.00000000	1038.97563857
1836.00000000	1048.26902620
1838.00000000	1031.68516167
1840.00000000	1038.71958694
1842.00000000	1067.27300304
1844.00000000	1039.89868018
1846.00000000	1067.87149192
1848.00000000	1078.02720643
1850.00000000	1028.38104825
1852.00000000	1077.86200422
1854.00000000	1079.18599954
1856.00000000	1053.80946745
1858.00000000	1081.29053251
1860.00000000	1027.04064183
1862.00000000	1038.44594844
1864.00000000	1112.74605330
1866.00000000	1103.82044419
1868.00000000	1074.15714654
1870.00000000	1072.72298175
1872.00000000	1082.56880328
1874.00000000	1065.32941968
1876.00000000	1059.54067029
1878.00000000	1072.01293646
1880.00000000	1088.33052943
1882.00000000	1096.57088092
1884.00000000	1087.85728842
1886.00000000	1077.68308230
1888.00000000	1083.27054929
1890.00000000	1096.79621944
1892.00000000	1085.55155056
1894.00000000	1051.47654222
1896.00000000	1033.52245914
1898.00000000	1064.11619344
1900.00000000	1077.08328034
1902.00000000	1058.96235712
1904.00000000	1050.64515868
1906.00000000	1067.77899848
1908.00000000	1085.39498457
1910.00000000	1093.53102894
1912.00000000	1088.34754559
1914.00000000	1045.82683710
1916.00000000	1051.63237725
1918.00000000	1095.67797202
1920.00000000	1096.94697894
1922.00000000	1114.95314917
1924.00000000	1117.34771871
1926.00000000	1107.56308253
1928.00000000	1136.79235586
1930.00000000	1147.38863888
1932.00000000	1121.35724277
1934.00000000	1098.71655447
1936.00000000	1115.05701515
1938.00000000	1099.15855349
1940.00000000	1049.81353371
1942.00000000	1036.23044251
1944.00000000	1105.60709973
1946.00000000	1147.07898318
1948.00000000	1108.29543770
1950.00000000	1056.87719661
1952.00000000	1085.31853800
1954.00000000	1074.46421274
1956.00000000	1083.20729593
1958.00000000	1134.28429419
1960.00000000	1092.29095761
1962.00000000	1083.92298066
1964.00000000	1123.69789130
1966.00000000	1128.97519704
1968.00000000	1078.80543632
1970.00000000	1106.22795585
1972.00000000	1135.28402141
1974.00000000	1100.82624960
1976.00000000	1127.72987989
1978.00000000	1123.91440002
1980.00000000	1117.88618553
1982.00000000	1145.20631144
1984.00000000	1115.91333059
1986.00000000	1096.43786223
1988.00000000	1099.51695945
1990.00000000	1112.87815801
1992.00000000	1150.73698686
1994.00000000	1114.96662498
1996.00000000	1085.52751236
1998.00000000	1119.54170904
2000.00000000	1091.94973058
2002.00000000	1109.00780093
2004.00000000	1147.24185970
2006.00000000	1144.43372574
2008.00000000	1150.05817821
2010.00000000	1142.85958468
2012.00000000	1133.69966522
2014.00000000	1136.50834891
2016.00000000	1123.26486452
2018.00000000	1084.33861560
2020.00000000	1103.16859728
2022.00000000	1154.96234291
2024.00000000	1080.27203008
2026.00000000	1047.48973095
2028.00000000	1083.85416195
2030.00000000	1122.34646118
2032.00000000	1144.45861941
2034.00000000	1137.82205957
2036.00000000	1114.99580814
2038.00000000	1108.60640517
2040.00000000	1133.40263339
2042.00000000	1131.87858863
2044.00000000	1125.88186693
2046.00000000	1136.95934494
2048.00000000	1133.64066292
2050.00000000	1108.17291445
2052.00000000	1101.51923508
2054.00000000	1129.44190735
2056.00000000	1151.89026981
2058.00000000	1131.02370250
2060.00000000	1122.68456146
2062.00000000	1135.63479543
2064.00000000	1129.82916981
2066.00000000	1146.85318467
2068.00000000	1145.02295729
2070.00000000	1147.41768467
2072.00000000	1180.16494117
2074.00000000	1124.25254778
2076.00000000	1112.31193547
2078.00000000	1144.50873262
2080.00000000	1129.06177745
2082.00000000	1132.03651184
2084.00000000	1122.24989134
2086.00000000	1113.96504317
2088.00000000	1124.55243006
2090.00000000	1107.37114696
2092.00000000	1121.08114535
2094.00000000	1136.03987701
2096.00000000	1135.26700991
2098.00000000	1178.14092116
2100.00000000	1167.92185742
2102.00000000	1137.29348457
2104.00000000	1158.00772821
2106.00000000	1189.98231925
2108.00000000	1101.51994207
2110.00000000	1078.51500847
2112.00000000	1162.44564751
2114.00000000	1165.55385684
2116.00000000	1124.42520525
2118.00000000	1118.70226079
2120.00000000	1141.03838431
2122.00000000	1141.33012197
2124.00000000	1140.99206645
2126.00000000	1140.56344811
2128.00000000	1130.41113647
2130.00000000	1146.20554025
2132.00000000	1233.12625977
2134.00000000	1197.99318407
2136.00000000	1116.39341511
2138.00000000	1107.44733937
2140.00000000	1102.79089860
2142.00000000	1135.04997052
2144.00000000	1179.65894962
2146.00000000	1188.37238460
2148.00000000	1162.79011441
2150.00000000	1166.12486215
2152.00000000	1167.37051693
2154.00000000	1139.90984012
2156.00000000	1123.29478200
2158.00000000	1171.64936642
2160.00000000	1183.43300441
2162.00000000	1149.16482248
2164.00000000	1144.22885747
2166.00000000	1178.97697758
2168.00000000	1146.08717935
2170.00000000	1126.97561111
2172.00000000	1188.25790916
2174.00000000	1229.67147789
2176.00000000	1183.85094241
2178.00000000	1147.56352980
2180.00000000	1159.80495380
2182.00000000	1159.91523013
2184.00000000	1145.64869937
2186.00000000	1162.09953195
2188.00000000	1154.45959134
2190.00000000	1115.83829856
2192.00000000	1178.85940058
2194.00000000	1217.78831768
2196.00000000	1200.50797743
2198.00000000	1179.59432961
2200.00000000	1176.16455312
2202.00000000	1160.60498812
2204.00000000	1190.48037998
2206.00000000	1210.07091936
2208.00000000	1157.37426347
2210.00000000	1186.76842427
2212.00000000	1218.56539290
2214.00000000	1197.42959027
2216.00000000	1162.70934005
2218.00000000	1162.03311984
2220.00000000	1162.48195435
2222.00000000	1156.31490597
2224.00000000	1169.07953061
2226.00000000	1208.00351946
2228.00000000	1217.04494237
2230.00000000	1188.96507853
2232.00000000	1167.78808519
2234.00000000	1171.29168414
2236.00000000	1169.25001099
2238.00000000	1238.15319494
2240.00000000	1255.61064666
2242.00000000	1182.94891305
2244.00000000	1168.37176438
2246.00000000	1198.42325208
2248.00000000	1224.68024177
2250.00000000	1209.04036700
2252.00000000	1187.20635048
2254.00000000	1239.81389073
2256.00000000	1209.76128396
2258.00000000	1173.16057957
2260.00000000	1204.88052155
2262.00000000	1211.89735910
2264.00000000	1221.75990904
2266.00000000	1221.30662392
2268.00000000	1198.50996358
2270.00000000	1189.04567475
2272.00000000	1233.39462182
2274.00000000	1227.76112567
2276.00000000	1200.17972943
2278.00000000	1198.37651947
2280.00000000	1189.47839064
2282.00000000	1184.66021436
2284.00000000	1214.49405718
2286.00000000	1227.13425340
2288.00000000	1193.92664141
2290.00000000	1209.29150334
2292.00000000	1231.09362732
2294.00000000	1205.26307848
2296.00000000	1168.83888706
2298.00000000	1185.55349296
2300.00000000	1187.03215573
2302.00000000	1164.51169410
2304.00000000	1184.75673815
2306.00000000	1233.49342826
2308.00000000	1197.01711257
2310.00000000	1198.07955115
2312.00000000	1231.68456528
2314.00000000	1231.45388803
2316.00000000	1205.82850724
2318.00000000	1230.84648924
2320.00000000	1243.62741196
2322.00000000	1251.10262853
2324.00000000	1250.07779351
2326.00000000	1208.41095506
2328.00000000	1261.55432510
2330.00000000	1277.28594931
2332.00000000	1228.37169013
2334.00000000	1215.11504715
2336.00000000	1231.46036077
2338.00000000	1240.17478058
2340.00000000	1240.64766652
2342.00000000	1233.33166327
2344.00000000	1211.10126371
2346.00000000	1200.17225562
2348.00000000	1235.91339404
2350.00000000	1237.94919161
2352.00000000	1221.29469374
2354.00000000	1291.06177090
2356.00000000	1247.60766255
2358.00000000	1192.91400945
2360.00000000	1192.92841809
2362.00000000	1214.71153977
2364.00000000	1247.43018967
2366.00000000	1178.06089255
2368.00000000	1217.36469120
2370.00000000	1289.69447918
2372.00000000	1189.62187958
2374.00000000	1206.10883796
2376.00000000	1245.18591844
2378.00000000	1235.80902225
2380.00000000	1222.75400099
2382.00000000	1243.01679832
2384.00000000	1242.32301819
2386.00000000	1230.85991951
2388.00000000	1253.66341261
2390.00000000	1282.85076547
2392.00000000	1243.40417988
2394.00000000	1205.97092900
2396.00000000	1189.94944541
2398.00000000	1205.24586194
2400.00000000	1258.23333296
2402.00000000	1299.47338405
2404.00000000	1232.94730456
2406.00000000	1206.12817432
2408.00000000	1262.04235936
2410.00000000	1278.11044308
2412.00000000	1219.19592220
2414.00000000	1208.16530534
2416.00000000	1259.81798070
2418.00000000	1289.94354906
2420.00000000	1261.24838599
2422.00000000	1250.82391219
2424.00000000	1236.97975666
2426.00000000	1207.80281018
2428.00000000	1217.89369840
2430.00000000	1279.53307340
2432.00000000	1266.80467222
2434.00000000	1244.97691216
2436.00000000	1233.22227690
2438.00000000	1204.64392459
2440.00000000	1174.87015316
2442.00000000	1196.13528788
2444.00000000	1238.16591265
2446.00000000	1283.19258321
2448.00000000	1280.33389933
2450.00000000	1205.51774476
2452.00000000	1214.24123125
2454.00000000	1279.83288036
2456.00000000	1265.81321660
2458.00000000	1211.32601317
2460.00000000	1248.11007275
2462.00000000	1212.03694519
2464.00000000	1250.21217543
2466.00000000	1286.42366427
2468.00000000	1244.45585214
2470.00000000	1252.11701879
2472.00000000	1277.99547020
2474.00000000	1303.29622083
2476.00000000	1293.96886671
2478.00000000	1250.14861462
2480.00000000	1236.49338627
2482.00000000	1283.51698114
2484.00000000	1269.66462390
2486.00000000	1273.21001797
2488.00000000	1300.33884777
2490.00000000	1238.00193118
2492.00000000	1268.51758917
2494.00000000	1281.86541350
2496.00000000	1252.77859945
2498.00000000	1245.88793244
2500.00000000	1261.04286648
2502.00000000	1246.69979165
2504.00000000	1239.89343549
2506.00000000	1250.27666185
2508.00000000	1264.91852090
2510.00000000	1273.47258770
2512.00000000	1267.31279313
2514.00000000	1299.24700857
2516.00000000	1286.41420760
2518.00000000	1261.41633860
2520.00000000	1314.83490230
2522.00000000	1302.52582946
2524.00000000	1229.80778157
2526.00000000	1228.87178964
2528.00000000	1266.90508777
2530.00000000	1267.22130601
2532.00000000	1325.59501620
2534.00000000	1303.73529462
2536.00000000	1261.26849720
2538.00000000	1320.44898881
2540.00000000	1379.81730350
2542.00000000	1255.77606708
2544.00000000	1261.41498423
2546.00000000	1303.17170160
2548.00000000	1302.04600958
2550.00000000	1307.30255045
2552.00000000	1310.69677981
2554.00000000	1263.91868653
2556.00000000	1199.35117083
2558.00000000	1211.92727769
2560.00000000	1277.43996280
2562.00000000	1276.02575377
2564.00000000	1248.42501332
2566.00000000	1293.97063790
2568.00000000	1301.78688474
2570.00000000	1259.47129639
2572.00000000	1278.10547519
2574.00000000	1314.26309076
2576.00000000	1337.87544766
2578.00000000	1312.68790002
2580.00000000	1263.84296525
2582.00000000	1262.83782291
2584.00000000	1323.49035990
2586.00000000	1346.98497704
2588.00000000	1301.85187674
2590.00000000	1297.79458553
2592.00000000	1339.37455665
2594.00000000	1308.63354494
2596.00000000	1278.27125133
2598.00000000	1276.82546080
2600.00000000	1309.95566949
2602.00000000	1305.31542909
2604.00000000	1252.08922489
2606.00000000	1281.57825029
2608.00000000	1266.26634640
2610.00000000	1299.38039499
2612.00000000	1330.09965915
2614.00000000	1300.65964708
2616.00000000	1332.55230898
2618.00000000	1354.65169603
2620.00000000	1325.12600299
2622.00000000	1283.99985273
2624.00000000	1273.89159725
2626.00000000	1302.60637423
2628.00000000	1355.45814766
2630.00000000	1350.07907615
2632.00000000	1312.46141766
2634.00000000	1301.36911173
2636.00000000	1316.14605840
2638.00000000	1324.82113332
2640.00000000	1349.76399176
2642.00000000	1354.53228941
2644.00000000	1353.11449809
2646.00000000	1361.24343146
2648.00000000	1349.29058104
2650.00000000	1309.07826830
2652.00000000	1307.45411649
2654.00000000	1318.85496533
2656.00000000	1298.36047490
2658.00000000	1277.92101465
2660.00000000	1305.96969407
2662.00000000	1318.28366400
2664.00000000	1342.33624468
2666.00000000	1351.02211611
2668.00000000	1326.30536348
2670.00000000	1322.81545346
2672.00000000	1369.14287861
2674.00000000	1350.53091532
2676.00000000	1311.69223836
2678.00000000	1339.14129107
2680.00000000	1378.13474072
2682.00000000	1356.86680547
2684.00000000	1381.82722150
2686.00000000	1339.27517421
2688.00000000	1308.13995373
2690.00000000	1304.40029308
2692.00000000	1312.26444045
2694.00000000	1382.23379660
2696.00000000	1398.54819064
2698.00000000	1376.85022499
2700.00000000	1330.17905158
2702.00000000	1327.72380895
2704.00000000	1352.54916484
2706.00000000	1286.02943880
2708.00000000	1344.07067827
2710.00000000	1326.51339073
2712.00000000	1343.82933416
2714.00000000	1422.61272652
2716.00000000	1391.83808883
2718.00000000	1377.34237383
2720.00000000	1371.42868207
2722.00000000	1331.45464935
2724.00000000	1374.34362790
2726.00000000	1440.06006496
2728.00000000	1380.81167634
2730.00000000	1411.20196981
2732.00000000	1424.04310241
2734.00000000	1399.21108538
2736.00000000	1367.94943785
2738.00000000	1353.36544907
2740.00000000	1375.09994099
2742.00000000	1406.96782427
2744.00000000	1373.78206097
2746.00000000	1350.29560456
2748.00000000	1364.64819480
2750.00000000	1378.81257445
2752.00000000	1394.85728746
2754.00000000	1417.81090854
2756.00000000	1404.21002971
2758.00000000	1376.02940956
2760.00000000	1378.24333352
2762.00000000	1397.74753339
2764.00000000	1385.50250896
2766.00000000	1359.09574312
2768.00000000	1362.07396093
2770.00000000	1350.87707935
2772.00000000	1347.45658186
2774.00000000	1378.88335744
2776.00000000	1395.44678881
2778.00000000	1389.49509576
2780.00000000	1332.66098505
2782.00000000	1371.91941003
2784.00000000	1422.12516262
2786.00000000	1380.38251031
2788.00000000	1360.80688687
2790.00000000	1364.85092459
2792.00000000	1413.11422559
2794.00000000	1438.71371276
2796.00000000	1402.59468050
2798.00000000	1387.29452308
2800.00000000	1430.03748908
2802.00000000	1386.25694573
2804.00000000	1339.23244740
2806.00000000	1359.06591467
2808.00000000	1390.11472193
2810.00000000	1398.11555677
2812.00000000	1401.45554812
2814.00000000	1389.49968662
2816.00000000	1433.05846257
2818.00000000	1379.79601514
2820.00000000	1365.54665265
2822.00000000	1444.72419519
2824.00000000	1470.71772841
2826.00000000	1458.41503284
2828.00000000	1452.17140272
2830.00000000	1456.24625121
2832.00000000	1464.97185934
2834.00000000	1473.35060757
2836.00000000	1475.05133103
2838.00000000	1490.51841744
2840.00000000	1555.63100433
2842.00000000	1562.29665044
2844.00000000	1599.98809934
2846.00000000	1665.28245355
2848.00000000	1698.44362278
2850.00000000	1721.52279208
2852.00000000	1732.25099698
2854.00000000	1753.26044425
2856.00000000	1813.92117942
2858.00000000	1897.43693624
2860.00000000	1955.43593867
2862.00000000	1960.15144288
2864.00000000	1942.28281890
2866.00000000	1972.99658782
2868.00000000	2053.37355714
2870.00000000	2094.25651296
2872.00000000	2091.18474007
2874.00000000	2137.08905141
2876.00000000	2212.21358012
2878.00000000	2179.17082623
2880.00000000	2221.01627357
2882.00000000	2231.38202399
2884.00000000	2180.15523798
2886.00000000	2165.14321625
2888.00000000	2219.84165490
2890.00000000	2264.37160059
2892.00000000	2231.03769969
2894.00000000	2240.43784187
2896.00000000	2280.17942609
2898.00000000	2285.29336784
2900.00000000	2304.68542946
2902.00000000	2381.28402490
2904.00000000	2402.77271645
2906.00000000	2385.52897465
2908.00000000	2413.98036285
2910.00000000	2525.69248360
2912.00000000	2601.62206662
2914.00000000	2556.24499010
2916.00000000	2512.44059657
2918.00000000	2593.04946120
2920.00000000	2707.18945407
2922.00000000	2680.05575135
2924.00000000	2721.75920465
2926.00000000	2799.62005189
2928.00000000	2724.39679664
2930.00000000	2705.83432739
2932.00000000	2800.95734540
2934.00000000	2833.61866141
2936.00000000	2771.90168512
2938.00000000	2794.24552011
2940.00000000	2840.65708737
2942.00000000	2746.85177217
2944.00000000	2696.24642356
2946.00000000	2756.86919950
2948.00000000	2630.80611176
2950.00000000	2595.21148670
2952.00000000	2558.30301979
2954.00000000	2397.50905748
2956.00000000	2311.27780765
2958.00000000	2307.86590355
2960.00000000	2401.14310985
2962.00000000	2380.12592115
2964.00000000	2340.94299799
2966.00000000	2352.92352551
2968.00000000	2298.22964487
2970.00000000	2200.20315370
2972.00000000	2215.30690348
2974.00000000	2140.50086244
2976.00000000	2132.49104080
2978.00000000	2146.70732672
2980.00000000	2070.07261817
2982.00000000	2000.94472216
2984.00000000	2046.71383297
2986.00000000	2074.61722479
2988.00000000	2022.01597806
2990.00000000	2017.95621809
2992.00000000	1983.91508422
2994.00000000	1878.94419920
2996.00000000	1814.65504682
2998.00000000	1787.43190455
3000.00000000	1720.55727094
3002.00000000	1800.87356182
3004.00000000	1803.25112996
3006.00000000	1698.78559756
3008.00000000	1595.59007809
3010.00000000	1615.60383558
3012.00000000	1673.59032573
3014.00000000	1615.48317114
3016.00000000	1602.48928428
3018.00000000	1577.05072146
3020.00000000	1575.34888834
3022.00000000	1535.14697058
3024.00000000	1505.66389816
3026.00000000	1529.75918503
3028.00000000	1538.37247140
3030.00000000	1531.59722119
3032.00000000	1482.85429860
3034.00000000	1506.46647207
3036.00000000	1562.26051141
3038.00000000	1553.18549845
3040.00000000	1512.51420766
3042.00000000	1528.55464782
3044.00000000	1554.52382494
3046.00000000	1508.25271398
3048.00000000	1546.08914018
3050.00000000	1543.94994981
3052.00000000	1544.22909272
3054.00000000	1535.74273129
3056.00000000	1533.47041350
3058.00000000	1610.05146057
3060.00000000	1628.10792113
3062.00000000	1576.85118465
3064.00000000	1601.03109585
3066.00000000	1573.40893939
3068.00000000	1567.42174651
3070.00000000	1568.46497247
3072.00000000	1532.32701147
3074.00000000	1539.66515729
3076.00000000	1493.22100358
3078.00000000	1526.27318901
3080.00000000	1501.50732200
3082.00000000	1519.20353959
3084.00000000	1538.77647184
3086.00000000	1517.41736818
3088.00000000	1496.93460595
3090.00000000	1448.42197418
3092.00000000	1445.02225152
3094.00000000	1479.45305228
3096.00000000	1463.24064628
3098.00000000	1504.33857348
3100.00000000	1514.76394863
3102.00000000	1467.51402394
3104.00000000	1490.33760879
3106.00000000	1519.69701599
3108.00000000	1495.66593411
3110.00000000	1543.65263848
3112.00000000	1527.20681782
3114.00000000	1466.23866189
3116.00000000	1469.74385245
3118.00000000	1506.10992050
3120.00000000	1501.13347164
3122.00000000	1483.95672755
3124.00000000	1459.35550761
3126.00000000	1406.88292349
3128.00000000	1466.35050973
3130.00000000	1443.57137600
3132.00000000	1444.53158023
3134.00000000	1501.07596590
3136.00000000	1485.39577124
3138.00000000	1493.81984709
3140.00000000	1507.30348171
3142.00000000	1425.12919270
3144.00000000	1420.37218355
3146.00000000	1481.38328407
3148.00000000	1503.53606678
3150.00000000	1506.90036527
3152.00000000	1490.48290891
3154.00000000	1436.00649450
3156.00000000	1449.98056717
3158.00000000	1481.96090111
3160.00000000	1523.13151419
3162.00000000	1538.77892760
3164.00000000	1529.10821178
3166.00000000	1458.06703902
3168.00000000	1453.02431479
3170.00000000	1549.72750601
3172.00000000	1512.85001907
3174.00000000	1447.10885031
3176.00000000	1505.77168291
3178.00000000	1481.37725465
3180.00000000	1498.27589821
3182.00000000	1511.95247542
3184.00000000	1537.63335624
3186.00000000	1536.98300049
3188.00000000	1457.70395870
3190.00000000	1509.76016335
3192.00000000	1511.29255030
3194.00000000	1461.38333275
3196.00000000	1468.62653226
3198.00000000	1505.84267406
3200.00000000	1508.07887177
3202.00000000	1490.29990251
3204.00000000	1530.12640063
3206.00000000	1578.18644670
3208.00000000	1512.49019543
3210.00000000	1519.97295037
3212.00000000	1552.22911030
3214.00000000	1480.84788796
3216.00000000	1485.74684531
3218.00000000	1552.72916195
3220.00000000	1548.70210564
3222.00000000	1492.12849289
3224.00000000	1443.60643671
3226.00000000	1445.83077996
3228.00000000	1508.57462442
3230.00000000	1444.70813009
3232.00000000	1555.30146104
3234.00000000	1544.82691068
3236.00000000	1546.33692291
3238.00000000	1546.50956680
3240.00000000	1490.29102671
3242.00000000	1537.51498126
3244.00000000	1494.66662703
3246.00000000	1515.36078234
3248.00000000	1500.01240804
3250.00000000	1523.94790301
3252.00000000	1550.99492348
3254.00000000	1514.39731153
3256.00000000	1477.43788739
3258.00000000	1501.07028771
3260.00000000	1537.67283379
3262.00000000	1531.08486874
3264.00000000	1504.50541177
3266.00000000	1534.61719003
3268.00000000	1559.87125240
3270.00000000	1527.72618366
3272.00000000	1516.02433948
3274.00000000	1508.82465938
3276.00000000	1518.26306288
3278.00000000	1586.37772527
3280.00000000	1595.25379956
3282.00000000	1528.01535851
3284.00000000	1586.96462537
3286.00000000	1520.77608395
3288.00000000	1553.66602325
3290.00000000	1537.07309011
3292.00000000	1534.04747758
3294.00000000	1589.10008553
3296.00000000	1612.57084257
3298.00000000	1585.65271119
3300.00000000	1541.90640922
3302.00000000	1519.68093674
3304.00000000	1547.65269020
3306.00000000	1566.05867297
3308.00000000	1562.86786806
3310.00000000	1566.70132476
3312.00000000	1570.97228163
3314.00000000	1611.71621939
3316.00000000	1585.46890301
3318.00000000	1504.28159961
3320.00000000	1545.34461367
3322.00000000	1616.52802353
3324.00000000	1596.39399995
3326.00000000	1494.07749098
3328.00000000	1525.66289107
3330.00000000	1627.57314841
3332.00000000	1606.96621542
3334.00000000	1564.13865738
3336.00000000	1595.69000122
3338.00000000	1574.17412774
3340.00000000	1492.95396943
3342.00000000	1518.72962160
3344.00000000	1589.50228022
3346.00000000	1570.53706751
3348.00000000	1568.95914962
3350.00000000	1554.65599163
3352.00000000	1564.26811076
3354.00000000	1556.19050920
3356.00000000	1544.51803351
3358.00000000	1539.16272552
3360.00000000	1533.45367755
3362.00000000	1557.40207296
3364.00000000	1577.07481176
3366.00000000	1546.66426042
3368.00000000	1507.74773780
3370.00000000	1546.76522930
3372.00000000	1499.90490058
3374.00000000	1555.09940033
3376.00000000	1582.46309357
3378.00000000	1542.64161085
3380.00000000	1545.41705249
3382.00000000	1544.18312066
3384.00000000	1529.68482101
3386.00000000	1576.25705791
3388.00000000	1583.84508164
3390.00000000	1503.21671384
3392.00000000	1494.73837746
3394.00000000	1490.03977076
3396.00000000	1539.32815622
3398.00000000	1563.74160304
3400.00000000	1550.06911366
3402.00000000	1515.40054377
3404.00000000	1533.37655961
3406.00000000	1543.82393833
3408.00000000	1459.80234587
3410.00000000	1456.94748079
3412.00000000	1441.60673277
3414.00000000	1543.48725762
3416.00000000	1499.45570512
3418.00000000	1479.68733685
3420.00000000	1491.59433731
3422.00000000	1475.05928277
3424.00000000	1423.93395561
3426.00000000	1455.69199932
3428.00000000	1499.87541347
3430.00000000	1483.74673868
3432.00000000	1523.15131020
3434.00000000	1535.04357160
3436.00000000	1570.96277955
3438.00000000	1530.40566056
3440.00000000	1487.10722767
3442.00000000	1561.90274919
3444.00000000	1529.97732873
3446.00000000	1532.35776071
3448.00000000	1517.75921224
3450.00000000	1459.21160154
3452.00000000	1490.41488229
3454.00000000	1553.00198319
3456.00000000	1500.23698494
3458.00000000	1443.82316735
3460.00000000	1538.15648275
3462.00000000	1488.91936546
3464.00000000	1507.74368845
3466.00000000	1448.12215293
3468.00000000	1444.98759268
3470.00000000	1460.56566063
3472.00000000	1490.31626401
3474.00000000	1493.82473784
3476.00000000	1481.13128005
3478.00000000	1440.71520249
3480.00000000	1425.45847162
3482.00000000	1517.93254878
3484.00000000	1527.33225769
3486.00000000	1442.65771772
3488.00000000	1451.87403101
3490.00000000	1459.76084344
3492.00000000	1461.27935892
3494.00000000	1462.49923520
3496.00000000	1434.65340095
3498.00000000	1458.16114110
3500.00000000	1477.40468146
3502.00000000	1464.29058763
3504.00000000	1433.02457849
3506.00000000	1464.13625056
3508.00000000	1492.65647707
3510.00000000	1421.86091000
3512.00000000	1450.49413484
3514.00000000	1434.50183354
3516.00000000	1457.14084699
3518.00000000	1458.29444209
3520.00000000	1463.28618461
3522.00000000	1435.76387359
3524.00000000	1486.04039747
3526.00000000	1448.22412963
3528.00000000	1442.64742385
3530.00000000	1392.80446481
3532.00000000	1429.77281784
3534.00000000	1500.89978173
3536.00000000	1406.63607049
3538.00000000	1408.80895141
3540.00000000	1445.40781446
3542.00000000	1459.46941055
3544.00000000	1491.82289998
3546.00000000	1393.92272802
3548.00000000	1454.80471639
3550.00000000	1463.42993061
3552.00000000	1444.73385924
3554.00000000	1447.25424260
3556.00000000	1501.28748422
3558.00000000	1466.79288875
3560.00000000	1460.73426227
3562.00000000	1453.95241916
3564.00000000	1435.39162712
3566.00000000	1452.52111704
3568.00000000	1440.84150239
3570.00000000	1489.44538774
3572.00000000	1457.15069241
3574.00000000	1417.64639927
3576.00000000	1464.30222992
3578.00000000	1460.99248006
3580.00000000	1443.31552467
3582.00000000	1396.46824623
3584.00000000	1399.30607174
3586.00000000	1384.13414067
3588.00000000	1385.64808242
3590.00000000	1395.28166905
3592.00000000	1439.05590561
3594.00000000	1437.44546835
3596.00000000	1413.88761784
3598.00000000	1440.06453326
3600.00000000	1468.74176647
3602.00000000	1479.32542480
3604.00000000	1428.94357564
3606.00000000	1440.49399483
3608.00000000	1466.76559833
3610.00000000	1478.26560276
3612.00000000	1445.04805130
3614.00000000	1511.00654961
3616.00000000	1421.92594759
3618.00000000	1431.05999645
3620.00000000	1381.65435741
3622.00000000	1386.05541895
3624.00000000	1438.59593279
3626.00000000	1420.21918363
3628.00000000	1427.64136381
3630.00000000	1478.14388011
3632.00000000	1446.68028549
3634.00000000	1397.52633617
3636.00000000	1441.23337135
3638.00000000	1446.61739969
3640.00000000	1379.85328530
3642.00000000	1412.46558157
3644.00000000	1468.01340866
3646.00000000	1428.18896268
3648.00000000	1319.71517530
3650.00000000	1382.32625008
3652.00000000	1448.79683612
3654.00000000	1450.16770001
3656.00000000	1458.23265315
3658.00000000	1434.85935296
3660.00000000	1443.52172297
3662.00000000	1411.89636631
3664.00000000	1408.28890173
3666.00000000	1406.03949381
3668.00000000	1399.47676021
3670.00000000	1418.96571779
3672.00000000	1425.25175790
3674.00000000	1419.00309733
3676.00000000	1431.45301287
3678.00000000	1452.60149530
3680.00000000	1419.19135922
3682.00000000	1471.87829038
3684.00000000	1487.32342418
3686.00000000	1420.44341302
3688.00000000	1413.64147587
3690.00000000	1380.72764098
3692.00000000	1381.34816377
3694.00000000	1379.82177668
3696.00000000	1383.90276401
3698.00000000	1388.79860526
3700.00000000	1418.66720430
3702.00000000	1389.16072362
3704.00000000	1419.40003863
3706.00000000	1420.82805758
3708.00000000	1387.23023050
3710.00000000	1365.14719665
3712.00000000	1350.33946551
3714.00000000	1402.61087443
3716.00000000	1428.89070597
3718.00000000	1432.47635927
3720.00000000	1450.71617580
3722.00000000	1399.01566002
3724.00000000	1427.33201052
3726.00000000	1479.66738871
3728.00000000	1507.09459230
3730.00000000	1437.46149539
3732.00000000	1311.28174074
3734.00000000	1390.37191919
3736.00000000	1408.02404263
3738.00000000	1414.95722031
3740.00000000	1411.43743536
3742.00000000	1398.89139139
3744.00000000	1390.27186453
3746.00000000	1391.71279695
3748.00000000	1423.25376583
3750.00000000	1404.27831551
3752.00000000	1426.98127304
3754.00000000	1421.85846283
3756.00000000	1400.40265157
3758.00000000	1391.15437544
3760.00000000	1386.44050880
3762.00000000	1463.55175614
3764.00000000	1450.75548360
3766.00000000	1426.28028571
3768.00000000	1428.84566954
3770.00000000	1380.00753578
3772.00000000	1389.05441030
3774.00000000	1427.33393531
3776.00000000	1446.78197496
3778.00000000	1377.39294448
3780.00000000	1439.82463169
3782.00000000	1365.91516508
3784.00000000	1385.32185841
3786.00000000	1431.69549361
3788.00000000	1428.48940262
3790.00000000	1420.19427305
3792.00000000	1378.51097629
3794.00000000	1379.07184396
3796.00000000	1415.53329717
3798.00000000	1444.66363939
3800.00000000	1421.58840763
