400.00000000	1004.22663735
402.00000000	993.47209866
404.00000000	976.18926156
406.00000000	969.82832798
408.00000000	977.40288470
410.00000000	997.20192800
412.00000000	1006.67239096
414.00000000	976.36840949
416.00000000	954.49357630
418.00000000	966.00311722
420.00000000	942.78787422
422.00000000	914.86153325
424.00000000	951.87549966
426.00000000	971.73332121
428.00000000	942.12515768
430.00000000	940.35142197
432.00000000	961.61045420
434.00000000	973.12775742
436.00000000	986.62183874
438.00000000	990.00826686
440.00000000	956.23101692
442.00000000	936.91466886
444.00000000	959.36454625
446.00000000	964.36287883
448.00000000	943.71329700
450.00000000	928.12726165
452.00000000	945.72390270
454.00000000	975.98220384
456.00000000	955.48779718
458.00000000	925.87140709
460.00000000	942.57314063
462.00000000	984.91232766
464.00000000	1000.90016289
466.00000000	951.02316389
468.00000000	923.90452145
470.00000000	953.95085883
472.00000000	955.09571924
474.00000000	941.17402525
476.00000000	953.42280922
478.00000000	950.51883184
480.00000000	930.80488120
482.00000000	933.42098352
484.00000000	939.13898444
486.00000000	931.57439024
488.00000000	933.09631387
490.00000000	957.82306897
492.00000000	997.52727816
494.00000000	998.67291273
496.00000000	963.77189006
498.00000000	955.69120793
500.00000000	968.91358059
502.00000000	986.53380966
504.00000000	1019.78760319
506.00000000	1039.38236879
508.00000000	1008.54812080
510.00000000	971.91183562
512.00000000	959.15610659
514.00000000	960.29555304
516.00000000	968.73836977
518.00000000	980.48644446
520.00000000	991.91581858
522.00000000	999.79759533
524.00000000	1002.84968564
526.00000000	1006.10372247
528.00000000	1008.53087681
530.00000000	1002.84721550
532.00000000	1005.84256586
534.00000000	1021.51290951
536.00000000	1006.74946746
538.00000000	984.81689490
540.00000000	1005.04585077
542.00000000	1002.69420493
544.00000000	963.27644009
546.00000000	962.29930060
548.00000000	995.55172029
550.00000000	1020.95102450
552.00000000	1001.38999428
554.00000000	964.50463803
556.00000000	965.58236143
558.00000000	980.61463435
560.00000000	987.82578905
562.00000000	992.88289478
564.00000000	1004.35530869
566.00000000	1018.08896600
568.00000000	1005.73700980
570.00000000	982.75987260
572.00000000	985.17553314
574.00000000	1002.00416984
576.00000000	1009.55424626
578.00000000	991.00213352
580.00000000	987.14128746
582.00000000	1008.46483449
584.00000000	975.62248865
586.00000000	935.81715809
588.00000000	975.88568816
590.00000000	1024.59559453
592.00000000	1032.83365386
594.00000000	1011.96789970
596.00000000	993.33855872
598.00000000	995.80929279
600.00000000	1007.23791327
602.00000000	1014.11961518
604.00000000	1007.50270934
606.00000000	988.85874599
608.00000000	969.17965266
610.00000000	962.57398455
612.00000000	965.18701127
614.00000000	973.57934389
616.00000000	989.59537257
618.00000000	993.02789741
620.00000000	976.96458788
622.00000000	985.56764429
624.00000000	1018.06684040
626.00000000	1038.89159154
628.00000000	1029.39962805
630.00000000	995.98540355
632.00000000	969.60816515
634.00000000	982.61466273
636.00000000	1027.77207998
638.00000000	1034.69211157
640.00000000	1014.74044839
642.00000000	1009.78409737
644.00000000	999.94667242
646.00000000	1002.30323363
648.00000000	1050.44361118
650.00000000	1054.72236267
652.00000000	996.03780112
654.00000000	984.59340416
656.00000000	1000.53065628
658.00000000	999.79548794
660.00000000	1017.72251494
662.00000000	1047.98653508
664.00000000	1062.18492319
666.00000000	1076.48453399
668.00000000	1097.07438217
670.00000000	1108.81920949
672.00000000	1089.41730104
674.00000000	1044.00954161
676.00000000	1016.97219497
678.00000000	1006.19678962
680.00000000	996.73653935
682.00000000	1000.50876794
684.00000000	1023.64019039
686.00000000	1055.86551284
688.00000000	1056.16021416
690.00000000	1026.16967765
692.00000000	1011.39335985
694.00000000	1008.72666686
696.00000000	1018.07879562
698.00000000	1063.84962158
700.00000000	1112.98447908
702.00000000	1121.06374868
704.00000000	1088.82749828
706.00000000	1055.91217468
708.00000000	1067.95688725
710.00000000	1109.60552302
712.00000000	1139.26139003
714.00000000	1118.38102599
716.00000000	1092.81721214
718.00000000	1089.72435690
720.00000000	1077.05918039
722.00000000	1084.38607535
724.00000000	1133.37291298
726.00000000	1167.28508718
728.00000000	1168.27773100
730.00000000	1152.21424401
732.00000000	1137.12214398
734.00000000	1115.33866116
736.00000000	1070.48077047
738.00000000	1053.59368458
740.00000000	1087.78554842
742.00000000	1132.53499402
744.00000000	1126.86360774
746.00000000	1079.61312333
748.00000000	1115.71430102
750.00000000	1167.93521913
752.00000000	1136.64996585
754.00000000	1122.26989975
756.00000000	1136.62819030
758.00000000	1124.17960230
760.00000000	1116.92721642
762.00000000	1123.57243491
764.00000000	1113.41549929
766.00000000	1085.61054412
768.00000000	1063.48118021
770.00000000	1080.95410816
772.00000000	1105.40232856
774.00000000	1102.64921638
776.00000000	1091.70784515
778.00000000	1090.11512430
780.00000000	1111.59032994
782.00000000	1168.08721837
784.00000000	1218.01053362
786.00000000	1203.02993797
788.00000000	1155.71361913
790.00000000	1120.00410514
792.00000000	1121.97351615
794.00000000	1147.11421213
796.00000000	1164.12603609
798.00000000	1144.94056527
800.00000000	1124.31015317
802.00000000	1128.37978340
804.00000000	1125.35794081
806.00000000	1123.89316686
808.00000000	1142.86997922
810.00000000	1166.02360767
812.00000000	1193.06934402
814.00000000	1222.17268428
816.00000000	1203.53190938
818.00000000	1167.68150028
820.00000000	1192.80438311
822.00000000	1213.18743624
824.00000000	1189.09769585
826.00000000	1158.39422075
828.00000000	1170.16847656
830.00000000	1222.07130656
832.00000000	1239.84213181
834.00000000	1208.40275151
836.00000000	1162.89114210
838.00000000	1169.20427247
840.00000000	1206.62914352
842.00000000	1224.18832093
844.00000000	1222.99071385
846.00000000	1222.81519994
848.00000000	1238.49360962
850.00000000	1246.51008671
852.00000000	1234.03287296
854.00000000	1212.74953430
856.00000000	1225.10109968
858.00000000	1253.82063604
860.00000000	1230.75457455
862.00000000	1200.48277186
864.00000000	1195.95290544
866.00000000	1193.51847495
868.00000000	1219.68772979
870.00000000	1262.20913019
872.00000000	1226.74669476
874.00000000	1154.83663177
876.00000000	1132.46502217
878.00000000	1184.07777360
880.00000000	1230.95651327
882.00000000	1206.89436649
884.00000000	1208.01531416
886.00000000	1225.57565467
888.00000000	1198.70258469
890.00000000	1186.23921506
892.00000000	1202.70566725
894.00000000	1214.72050821
896.00000000	1223.97309275
898.00000000	1224.74879312
900.00000000	1204.57456288
902.00000000	1192.38840317
904.00000000	1203.68970618
906.00000000	1227.39449232
908.00000000	1270.97573409
910.00000000	1298.09640303
912.00000000	1229.97887204
914.00000000	1173.63760430
916.00000000	1206.91588088
918.00000000	1242.49280166
920.00000000	1258.60185656
922.00000000	1270.71170120
924.00000000	1289.65782506
926.00000000	1307.57590363
928.00000000	1305.81116353
930.00000000	1269.65079096
932.00000000	1247.53334032
934.00000000	1279.28135782
936.00000000	1284.66317575
938.00000000	1254.12347383
940.00000000	1233.80563311
942.00000000	1237.46808797
944.00000000	1242.55876020
946.00000000	1227.55082896
948.00000000	1255.20822843
950.00000000	1297.59216353
952.00000000	1267.99511097
954.00000000	1247.68310571
956.00000000	1260.57542254
958.00000000	1247.85370764
960.00000000	1248.86221785
962.00000000	1275.39276068
964.00000000	1279.54884052
966.00000000	1247.70952436
968.00000000	1208.44852119
970.00000000	1216.48764898
972.00000000	1252.78184828
974.00000000	1270.19522212
976.00000000	1236.77410251
978.00000000	1224.97472336
980.00000000	1264.98494657
982.00000000	1272.63015810
984.00000000	1281.96435535
986.00000000	1315.13099711
988.00000000	1296.30204021
990.00000000	1299.76422132
992.00000000	1366.42321154
994.00000000	1354.19155820
996.00000000	1311.41044156
998.00000000	1344.15692681
1000.00000000	1446.38170417
1002.00000000	1538.60002803
1004.00000000	1560.50691569
1006.00000000	1558.44898859
1008.00000000	1505.19784511
1010.00000000	1395.09522214
1012.00000000	1375.97423996
1014.00000000	1397.72479294
1016.00000000	1355.00791778
1018.00000000	1341.74859743
1020.00000000	1345.66321133
1022.00000000	1312.75642540
1024.00000000	1313.36423159
1026.00000000	1338.84495046
1028.00000000	1343.52645049
1030.00000000	1366.89926051
1032.00000000	1381.79876260
1034.00000000	1358.85362900
1036.00000000	1418.90896050
1038.00000000	1482.80266615
1040.00000000	1414.23362007
1042.00000000	1407.34285553
1044.00000000	1481.18704344
1046.00000000	1514.50947829
1048.00000000	1526.25979165
1050.00000000	1539.64958090
1052.00000000	1553.88043402
1054.00000000	1553.30899823
1056.00000000	1536.86842088
1058.00000000	1514.60330721
1060.00000000	1487.87833860
1062.00000000	1479.20698152
1064.00000000	1503.64097123
1066.00000000	1495.37847862
1068.00000000	1457.41353731
1070.00000000	1440.62548641
1072.00000000	1422.02848525
1074.00000000	1399.64209932
1076.00000000	1398.19156531
1078.00000000	1428.23406514
1080.00000000	1466.06580418
1082.00000000	1473.91910034
1084.00000000	1452.79754173
1086.00000000	1418.71594193
1088.00000000	1399.00380335
1090.00000000	1432.25104275
1092.00000000	1461.47287995
1094.00000000	1407.71333736
1096.00000000	1363.11561276
1098.00000000	1353.45897066
1100.00000000	1349.95660452
1102.00000000	1391.01945536
1104.00000000	1425.31521449
1106.00000000	1384.56567773
1108.00000000	1372.07817127
1110.00000000	1385.13183095
1112.00000000	1361.99166564
1114.00000000	1357.21703745
1116.00000000	1377.10385074
1118.00000000	1383.94081074
1120.00000000	1358.96118585
1122.00000000	1345.07304146
1124.00000000	1378.38258540
1126.00000000	1385.24954895
1128.00000000	1374.63141179
1130.00000000	1395.50870685
1132.00000000	1431.85012733
1134.00000000	1399.25494741
1136.00000000	1288.80948932
1138.00000000	1307.13537975
1140.00000000	1355.05739008
1142.00000000	1295.28421724
1144.00000000	1289.55822976
1146.00000000	1316.34748936
1148.00000000	1304.32148452
1150.00000000	1302.51491035
1152.00000000	1268.04542697
1154.00000000	1207.82046363
1156.00000000	1276.20546112
1158.00000000	1379.50552739
1160.00000000	1400.29978438
1162.00000000	1378.48053175
1164.00000000	1356.80955447
1166.00000000	1357.48210035
1168.00000000	1372.60330136
1170.00000000	1355.06277498
1172.00000000	1320.57200697
1174.00000000	1353.54864463
1176.00000000	1354.51607393
1178.00000000	1295.27969966
1180.00000000	1288.76300915
1182.00000000	1331.06619507
1184.00000000	1372.80669456
1186.00000000	1376.06755531
1188.00000000	1383.25430016
1190.00000000	1383.06013256
1192.00000000	1329.72099017
1194.00000000	1316.79186224
1196.00000000	1344.55499423
1198.00000000	1347.60424909
1200.00000000	1397.26100983
1202.00000000	1450.80397996
1204.00000000	1421.79299441
1206.00000000	1404.32935528
1208.00000000	1428.41290711
1210.00000000	1461.41545084
1212.00000000	1479.08520637
1214.00000000	1464.81095138
1216.00000000	1442.99425032
1218.00000000	1495.58559481
1220.00000000	1536.04588369
1222.00000000	1495.28620979
1224.00000000	1483.57174975
1226.00000000	1507.44699353
1228.00000000	1526.27721005
1230.00000000	1520.11596516
1232.00000000	1524.40700801
1234.00000000	1559.08998270
1236.00000000	1595.68910622
1238.00000000	1600.24634272
1240.00000000	1580.05458986
1242.00000000	1572.93471056
1244.00000000	1550.84317245
1246.00000000	1532.29789820
1248.00000000	1564.58474810
1250.00000000	1585.57315941
1252.00000000	1552.42449832
1254.00000000	1484.40757537
1256.00000000	1471.29230518
1258.00000000	1537.25432407
1260.00000000	1619.84566967
1262.00000000	1597.96187918
1264.00000000	1535.55047567
1266.00000000	1527.48817999
1268.00000000	1524.78519660
1270.00000000	1499.71529539
1272.00000000	1482.39776025
1274.00000000	1537.51750769
1276.00000000	1563.49566625
1278.00000000	1513.66257476
1280.00000000	1482.65323181
1282.00000000	1515.08147418
1284.00000000	1564.44533874
1286.00000000	1547.58147713
1288.00000000	1527.47595394
1290.00000000	1532.79221552
1292.00000000	1545.82437356
1294.00000000	1580.52156800
1296.00000000	1578.40084212
1298.00000000	1519.93982657
1300.00000000	1573.18235907
1302.00000000	1655.45364459
1304.00000000	1641.26232965
1306.00000000	1605.54875282
1308.00000000	1611.80523583
1310.00000000	1650.54654988
1312.00000000	1647.60766468
1314.00000000	1634.79608620
1316.00000000	1631.66473808
1318.00000000	1614.21322788
1320.00000000	1613.37339123
1322.00000000	1624.50067737
1324.00000000	1611.90821820
1326.00000000	1588.07094074
1328.00000000	1596.36303246
1330.00000000	1654.43805703
1332.00000000	1690.86565642
1334.00000000	1698.01047544
1336.00000000	1695.95821261
1338.00000000	1684.35988300
1340.00000000	1705.22047828
1342.00000000	1728.88473778
1344.00000000	1648.44345644
1346.00000000	1595.64047598
1348.00000000	1627.89684807
1350.00000000	1652.15779027
1352.00000000	1626.70917909
1354.00000000	1601.98425507
1356.00000000	1641.46746968
1358.00000000	1673.59403519
1360.00000000	1661.94797834
1362.00000000	1629.61496796
1364.00000000	1631.37856270
1366.00000000	1612.95624955
1368.00000000	1557.19056457
1370.00000000	1552.93810567
1372.00000000	1535.41637439
1374.00000000	1494.25274808
1376.00000000	1505.56661435
1378.00000000	1504.85356011
1380.00000000	1499.92222514
1382.00000000	1537.50326901
1384.00000000	1531.44947381
1386.00000000	1514.56547182
1388.00000000	1533.13118295
1390.00000000	1502.79195130
1392.00000000	1484.29987194
1394.00000000	1517.25849790
1396.00000000	1522.98271624
1398.00000000	1520.38176245
1400.00000000	1527.41915815
1402.00000000	1530.80244240
1404.00000000	1540.05327495
1406.00000000	1540.82828405
1408.00000000	1521.67119957
1410.00000000	1526.20768890
1412.00000000	1517.61649516
1414.00000000	1485.17443194
1416.00000000	1521.17568333
1418.00000000	1529.73157647
1420.00000000	1490.94895779
1422.00000000	1521.59157677
1424.00000000	1501.92025961
1426.00000000	1479.50913938
1428.00000000	1586.84418365
1430.00000000	1611.93120642
1432.00000000	1548.06383275
1434.00000000	1524.57004025
1436.00000000	1578.18372347
1438.00000000	1601.78628996
1440.00000000	1564.37091600
1442.00000000	1591.68542846
1444.00000000	1661.59876620
1446.00000000	1713.11042259
1448.00000000	1717.88493037
1450.00000000	1717.69576515
1452.00000000	1718.39920444
1454.00000000	1707.22839169
1456.00000000	1698.49541758
1458.00000000	1669.73882340
1460.00000000	1638.34412292
1462.00000000	1666.79125555
1464.00000000	1633.66105476
1466.00000000	1555.16933717
1468.00000000	1567.19251917
1470.00000000	1576.47745234
1472.00000000	1547.84151876
1474.00000000	1515.01331928
1476.00000000	1498.94859445
1478.00000000	1468.35740819
1480.00000000	1442.64261332
1482.00000000	1501.15247122
1484.00000000	1530.50213310
1486.00000000	1494.40785020
1488.00000000	1458.92760271
1490.00000000	1418.43401258
1492.00000000	1400.91939810
1494.00000000	1418.30350987
1496.00000000	1410.65095349
1498.00000000	1423.97297912
1500.00000000	1447.21806927
1502.00000000	1387.81729749
1504.00000000	1352.61601175
1506.00000000	1362.56460642
1508.00000000	1362.74086717
1510.00000000	1392.83318138
1512.00000000	1394.57921502
1514.00000000	1348.30046075
1516.00000000	1363.00820216
1518.00000000	1348.03415458
1520.00000000	1308.50393513
1522.00000000	1361.92200569
1524.00000000	1398.78646805
1526.00000000	1388.99195363
1528.00000000	1378.17836437
1530.00000000	1375.95777693
1532.00000000	1354.66523008
1534.00000000	1331.06738614
1536.00000000	1367.17219019
1538.00000000	1388.62811780
1540.00000000	1370.14936435
1542.00000000	1360.61297111
1544.00000000	1398.39008162
1546.00000000	1435.11478961
1548.00000000	1422.66890165
1550.00000000	1394.61704364
1552.00000000	1422.20804288
1554.00000000	1472.00654204
1556.00000000	1459.28284370
1558.00000000	1482.57743431
1560.00000000	1490.24417098
1562.00000000	1431.12632724
1564.00000000	1442.64289422
1566.00000000	1466.77665119
1568.00000000	1468.18701031
1570.00000000	1502.63478950
1572.00000000	1516.46902215
1574.00000000	1513.51126524
1576.00000000	1529.72121889
1578.00000000	1546.18003294
1580.00000000	1567.52647152
1582.00000000	1581.73604862
1584.00000000	1558.78590647
1586.00000000	1545.93936031
1588.00000000	1547.33168795
1590.00000000	1534.00002778
1592.00000000	1517.07801540
1594.00000000	1527.09662909
1596.00000000	1535.89281572
1598.00000000	1473.80024078
1600.00000000	1463.62552993
1602.00000000	1506.99193560
1604.00000000	1518.24202808
1606.00000000	1540.31962408
1608.00000000	1541.77355994
1610.00000000	1511.12310457
1612.00000000	1508.60733473
1614.00000000	1498.54797636
1616.00000000	1486.43641270
1618.00000000	1499.06930856
1620.00000000	1481.92825055
1622.00000000	1469.92800787
1624.00000000	1482.19972570
1626.00000000	1467.36117479
1628.00000000	1475.71762069
1630.00000000	1494.15414798
1632.00000000	1470.19554508
1634.00000000	1441.63589645
1636.00000000	1420.02123672
1638.00000000	1411.60772158
1640.00000000	1430.70212495
1642.00000000	1446.13360563
1644.00000000	1471.00455937
1646.00000000	1519.37312589
1648.00000000	1518.19503500
1650.00000000	1497.93692955
1652.00000000	1501.74317386
1654.00000000	1512.26037091
1656.00000000	1489.32639338
1658.00000000	1501.35188176
1660.00000000	1570.91767919
1662.00000000	1507.89374292
1664.00000000	1499.18989695
1666.00000000	1610.31020213
1668.00000000	1639.67753532
1670.00000000	1635.94570693
1672.00000000	1607.75470140
1674.00000000	1552.04419775
1676.00000000	1547.59924850
1678.00000000	1568.46993202
1680.00000000	1577.83839196
1682.00000000	1565.43705198
1684.00000000	1509.66610050
1686.00000000	1435.17724377
1688.00000000	1398.16826492
1690.00000000	1431.55184753
1692.00000000	1436.44013004
1694.00000000	1396.63107460
1696.00000000	1384.71597857
1698.00000000	1414.17100251
1700.00000000	1412.02712737
1702.00000000	1412.02712737
1704.00000000	1412.02712737
1706.00000000	1412.02712737
1708.00000000	1412.02712737
1710.00000000	1412.02712737
1712.00000000	1412.02712737
1714.00000000	1412.02712737
1716.00000000	1306.40623418
1718.00000000	1252.64799201
1720.00000000	1204.34108896
1722.00000000	1247.36753458
1724.00000000	1331.99265733
1726.00000000	1247.85834557
1728.00000000	1191.96932459
1730.00000000	1237.02057086
1732.00000000	1269.38191458
1734.00000000	1248.81131677
1736.00000000	1260.45849430
1738.00000000	1293.99980702
1740.00000000	1239.00040746
1742.00000000	1226.03496588
1744.00000000	1251.30299892
1746.00000000	1256.08656035
1748.00000000	1273.50615861
1750.00000000	1245.38232201
1752.00000000	1204.57872338
1754.00000000	1229.55967055
1756.00000000	1249.84555995
1758.00000000	1252.62486442
1760.00000000	1241.40923275
1762.00000000	1208.29539498
1764.00000000	1194.15840002
1766.00000000	1213.67367634
1768.00000000	1239.43477841
1770.00000000	1230.25768952
1772.00000000	1225.76147692
1774.00000000	1234.99327192
1776.00000000	1234.93123267
1778.00000000	1243.64618124
1780.00000000	1272.63805477
1782.00000000	1272.03928752
1784.00000000	1200.60181393
1786.00000000	1229.75819721
1788.00000000	1264.87669836
1790.00000000	1203.08998550
1792.00000000	1186.21114534
1794.00000000	1201.41261366
1796.00000000	1211.30823404
1798.00000000	1222.36144682
1800.00000000	1268.83022759
1802.00000000	1269.71112212
1804.00000000	1230.47681926
1806.00000000	1239.99540517
1808.00000000	1244.78587375
1810.00000000	1238.93162055
1812.00000000	1236.17261418
1814.00000000	1230.83499507
1816.00000000	1232.20766321
1818.00000000	1223.92238740
1820.00000000	1206.45540473
1822.00000000	1222.82293011
1824.00000000	1226.71205812
1826.00000000	1222.51039403
1828.00000000	1242.35068900
1830.00000000	1242.02491295
1832.00000000	1229.98059096
1834.00000000	1236.76400496
1836.00000000	1262.77000459
1838.00000000	1246.51136034
1840.00000000	1219.51352606
1842.00000000	1226.65247019
1844.00000000	1251.79743162
1846.00000000	1247.68804628
1848.00000000	1224.42161617
1850.00000000	1212.53039418
1852.00000000	1209.51744179
1854.00000000	1202.53470286
1856.00000000	1196.92518761
1858.00000000	1197.20145948
1860.00000000	1186.56526795
1862.00000000	1198.40129229
1864.00000000	1215.43189123
1866.00000000	1207.22221395
1868.00000000	1238.77272117
1870.00000000	1247.58532726
1872.00000000	1225.60343833
1874.00000000	1241.08452730
1876.00000000	1238.05451830
1878.00000000	1209.29654016
1880.00000000	1189.94380582
1882.00000000	1210.66936176
1884.00000000	1256.47912331
1886.00000000	1261.25898687
1888.00000000	1212.55078112
1890.00000000	1193.40011031
1892.00000000	1211.80322308
1894.00000000	1244.38184363
1896.00000000	1262.36219375
1898.00000000	1251.01906513
1900.00000000	1244.73626148
1902.00000000	1239.24517702
1904.00000000	1223.46834089
1906.00000000	1233.85293097
1908.00000000	1217.37780257
1910.00000000	1195.82455778
1912.00000000	1217.39227287
1914.00000000	1203.53421424
1916.00000000	1184.11428818
1918.00000000	1198.72404605
1920.00000000	1232.19370559
1922.00000000	1239.89799690
1924.00000000	1255.30899904
1926.00000000	1269.44639566
1928.00000000	1243.53242600
1930.00000000	1260.75350795
1932.00000000	1254.03068228
1934.00000000	1210.72995512
1936.00000000	1224.21391478
1938.00000000	1241.89633091
1940.00000000	1244.82050711
1942.00000000	1252.76882414
1944.00000000	1271.01611403
1946.00000000	1243.52404847
1948.00000000	1212.03927980
1950.00000000	1213.42019055
1952.00000000	1215.52879019
1954.00000000	1242.18512184
1956.00000000	1262.43465577
1958.00000000	1262.65233076
1960.00000000	1277.05040073
1962.00000000	1237.26245417
1964.00000000	1202.39324620
1966.00000000	1234.16480277
1968.00000000	1265.52081070
1970.00000000	1248.76350135
1972.00000000	1226.88751242
1974.00000000	1233.59204492
1976.00000000	1229.70845843
1978.00000000	1248.96403988
1980.00000000	1265.03951282
1982.00000000	1236.04177176
1984.00000000	1194.04223967
1986.00000000	1231.09949138
1988.00000000	1286.76368067
1990.00000000	1276.72909965
1992.00000000	1246.25615174
1994.00000000	1231.18796958
1996.00000000	1227.46880863
1998.00000000	1221.49788429
2000.00000000	1222.34207605
2002.00000000	1245.76783773
2004.00000000	1270.94451404
2006.00000000	1265.63680095
2008.00000000	1240.12402904
2010.00000000	1274.21337227
2012.00000000	1259.71827743
2014.00000000	1172.71785286
2016.00000000	1210.77558202
2018.00000000	1232.39410243
2020.00000000	1231.98934062
2022.00000000	1258.60089564
2024.00000000	1259.95102823
2026.00000000	1243.79582491
2028.00000000	1257.96714463
2030.00000000	1275.07454294
2032.00000000	1221.59242743
2034.00000000	1251.87318794
2036.00000000	1289.29311982
2038.00000000	1258.53076773
2040.00000000	1260.40139418
2042.00000000	1299.77625086
2044.00000000	1283.26469227
2046.00000000	1230.75470220
2048.00000000	1261.43942673
2050.00000000	1269.78169015
2052.00000000	1287.01907453
2054.00000000	1304.61012110
2056.00000000	1244.94486509
2058.00000000	1211.85110197
2060.00000000	1268.20762944
2062.00000000	1324.93540250
2064.00000000	1281.80471090
2066.00000000	1273.58412078
2068.00000000	1267.77333116
2070.00000000	1267.09642537
2072.00000000	1301.76095265
2074.00000000	1268.34369602
2076.00000000	1237.61303044
2078.00000000	1242.08844387
2080.00000000	1250.81212978
2082.00000000	1266.38322300
2084.00000000	1247.52443714
2086.00000000	1240.98896115
2088.00000000	1279.32481299
2090.00000000	1283.31851237
2092.00000000	1305.82893095
2094.00000000	1295.35657681
2096.00000000	1232.81691682
2098.00000000	1231.53140581
2100.00000000	1253.10850973
2102.00000000	1259.20674483
2104.00000000	1285.90843718
2106.00000000	1351.82846723
2108.00000000	1277.80499403
2110.00000000	1226.41044337
2112.00000000	1262.00457131
2114.00000000	1245.26843437
2116.00000000	1240.85010339
2118.00000000	1248.55475651
2120.00000000	1249.84091524
2122.00000000	1257.87015752
2124.00000000	1289.79154012
2126.00000000	1259.18874625
2128.00000000	1242.97865859
2130.00000000	1298.09320811
2132.00000000	1272.07532352
2134.00000000	1277.64297202
2136.00000000	1310.30168089
2138.00000000	1302.05832088
2140.00000000	1265.53774199
2142.00000000	1230.64188604
2144.00000000	1245.96406002
2146.00000000	1289.00340855
2148.00000000	1279.40705133
2150.00000000	1232.42424051
2152.00000000	1269.65526404
2154.00000000	1308.45301929
2156.00000000	1233.01451542
2158.00000000	1239.78351439
2160.00000000	1269.50335735
2162.00000000	1294.24215553
2164.00000000	1312.85708719
2166.00000000	1274.10022123
2168.00000000	1287.72968477
2170.00000000	1305.53924566
2172.00000000	1294.26469248
2174.00000000	1320.90111009
2176.00000000	1310.16482706
2178.00000000	1303.39605797
2180.00000000	1317.52007628
2182.00000000	1303.98809940
2184.00000000	1262.68529432
2186.00000000	1233.05052064
2188.00000000	1227.65255874
2190.00000000	1247.76497826
2192.00000000	1296.27882087
2194.00000000	1294.84176200
2196.00000000	1288.71717855
2198.00000000	1304.60830762
2200.00000000	1286.94341237
2202.00000000	1278.63061581
2204.00000000	1267.59232752
2206.00000000	1262.99151788
2208.00000000	1265.33280947
2210.00000000	1211.02082269
2212.00000000	1241.31039450
2214.00000000	1282.00707297
2216.00000000	1250.50065609
2218.00000000	1271.12177407
2220.00000000	1278.75349685
2222.00000000	1291.57644600
2224.00000000	1315.26194039
2226.00000000	1305.80844267
2228.00000000	1291.18902109
2230.00000000	1282.56255108
2232.00000000	1266.53587236
2234.00000000	1246.45705675
2236.00000000	1257.53706787
2238.00000000	1282.17690325
2240.00000000	1313.73217600
2242.00000000	1349.71725401
2244.00000000	1362.02619651
2246.00000000	1309.49935896
2248.00000000	1284.42635226
2250.00000000	1281.99075329
2252.00000000	1262.55214601
2254.00000000	1296.42644826
2256.00000000	1272.41141589
2258.00000000	1267.62049085
2260.00000000	1299.30572610
2262.00000000	1253.19024552
2264.00000000	1276.20049481
2266.00000000	1268.70842529
2268.00000000	1256.46724280
2270.00000000	1306.13950764
2272.00000000	1262.70003723
2274.00000000	1250.64506489
2276.00000000	1268.83963370
2278.00000000	1297.48831678
2280.00000000	1367.49428813
2282.00000000	1353.81066273
2284.00000000	1299.32512869
2286.00000000	1267.49997079
2288.00000000	1285.68669032
2290.00000000	1353.88438508
2292.00000000	1335.97345213
2294.00000000	1291.70916033
2296.00000000	1285.15028744
2298.00000000	1284.80449144
2300.00000000	1329.04208892
2302.00000000	1327.52764428
2304.00000000	1291.25549689
2306.00000000	1281.04013926
2308.00000000	1286.68174454
2310.00000000	1351.92461521
2312.00000000	1338.77858507
2314.00000000	1273.02449593
2316.00000000	1301.06302178
2318.00000000	1317.19321755
2320.00000000	1317.37830210
2322.00000000	1315.39073414
2324.00000000	1320.49694607
2326.00000000	1337.37942917
2328.00000000	1327.49702660
2330.00000000	1278.62648907
2332.00000000	1274.05373941
2334.00000000	1332.59199490
2336.00000000	1310.28214778
2338.00000000	1269.11004982
2340.00000000	1275.55858491
2342.00000000	1310.14946358
2344.00000000	1308.84289634
2346.00000000	1269.62711003
2348.00000000	1276.43537530
2350.00000000	1268.85720331
2352.00000000	1254.62591850
2354.00000000	1338.79896913
2356.00000000	1322.27235567
2358.00000000	1316.10600731
2360.00000000	1317.00151595
2362.00000000	1260.92065879
2364.00000000	1270.21088320
2366.00000000	1313.11891330
2368.00000000	1304.01457650
2370.00000000	1279.92324096
2372.00000000	1304.94482173
2374.00000000	1292.13318261
2376.00000000	1300.27554086
2378.00000000	1301.24499589
2380.00000000	1278.53223889
2382.00000000	1292.37125358
2384.00000000	1322.76905837
2386.00000000	1235.70655043
2388.00000000	1206.08525215
2390.00000000	1301.21723084
2392.00000000	1280.95879688
2394.00000000	1266.76064690
2396.00000000	1287.21120037
2398.00000000	1315.24366046
2400.00000000	1319.44131660
2402.00000000	1283.23622324
2404.00000000	1269.45726492
2406.00000000	1281.00494177
2408.00000000	1299.85540774
2410.00000000	1317.27725988
2412.00000000	1321.59902782
2414.00000000	1305.95405489
2416.00000000	1301.43961173
2418.00000000	1299.58448875
2420.00000000	1279.96457120
2422.00000000	1284.50208852
2424.00000000	1282.74957627
2426.00000000	1299.12253314
2428.00000000	1334.16665725
2430.00000000	1323.46410349
2432.00000000	1255.94634524
2434.00000000	1292.37285203
2436.00000000	1308.34176096
2438.00000000	1255.39710520
2440.00000000	1284.61696047
2442.00000000	1328.97012746
2444.00000000	1355.73676493
2446.00000000	1384.64864027
2448.00000000	1369.73874400
2450.00000000	1281.21570250
2452.00000000	1299.77360950
2454.00000000	1333.68239779
2456.00000000	1315.46332291
2458.00000000	1279.18253077
2460.00000000	1270.96573198
2462.00000000	1290.38203098
2464.00000000	1307.07233013
2466.00000000	1274.68455303
2468.00000000	1251.72917875
2470.00000000	1319.91213776
2472.00000000	1328.73799306
2474.00000000	1305.53498999
2476.00000000	1299.16567414
2478.00000000	1305.86373248
2480.00000000	1299.77715349
2482.00000000	1281.61374874
2484.00000000	1327.62765589
2486.00000000	1354.41116369
2488.00000000	1324.77645598
2490.00000000	1331.83168034
2492.00000000	1329.84362353
2494.00000000	1321.94938121
2496.00000000	1299.82106885
2498.00000000	1287.99631545
2500.00000000	1309.63675781
2502.00000000	1290.97321766
2504.00000000	1324.48125934
2506.00000000	1341.74141117
2508.00000000	1301.07306088
2510.00000000	1285.79909653
2512.00000000	1295.87990004
2514.00000000	1328.14418173
2516.00000000	1338.89661198
2518.00000000	1324.34259235
2520.00000000	1313.19619466
2522.00000000	1290.12855361
2524.00000000	1288.60766406
2526.00000000	1271.12526970
2528.00000000	1265.78954795
2530.00000000	1330.02126701
2532.00000000	1390.08153814
2534.00000000	1363.72982490
2536.00000000	1357.95962654
2538.00000000	1390.45380567
2540.00000000	1353.76308140
2542.00000000	1254.93677300
2544.00000000	1292.68886875
2546.00000000	1328.98136236
2548.00000000	1307.60841260
2550.00000000	1295.62607263
2552.00000000	1297.01030275
2554.00000000	1307.76756458
2556.00000000	1343.41930883
2558.00000000	1344.03955479
2560.00000000	1303.22716132
2562.00000000	1302.20854882
2564.00000000	1342.54281649
2566.00000000	1390.19778529
2568.00000000	1360.78965140
2570.00000000	1288.47216464
2572.00000000	1301.74258440
2574.00000000	1390.93450973
2576.00000000	1379.21939026
2578.00000000	1315.77765869
2580.00000000	1301.00836392
2582.00000000	1324.87868794
2584.00000000	1328.14550068
2586.00000000	1337.67135125
2588.00000000	1337.27898272
2590.00000000	1345.83947727
2592.00000000	1332.91635373
2594.00000000	1268.10228302
2596.00000000	1292.89624644
2598.00000000	1321.27910372
2600.00000000	1350.85333507
2602.00000000	1337.78298108
2604.00000000	1274.66906077
2606.00000000	1323.27572216
2608.00000000	1341.92638357
2610.00000000	1335.35283954
2612.00000000	1328.52760692
2614.00000000	1313.64123016
2616.00000000	1311.80232338
2618.00000000	1334.51330950
2620.00000000	1342.32737857
2622.00000000	1334.56758471
2624.00000000	1304.15702225
2626.00000000	1283.60191789
2628.00000000	1361.36013526
2630.00000000	1346.36356744
2632.00000000	1312.36606190
2634.00000000	1344.93048447
2636.00000000	1377.46332107
2638.00000000	1338.22430137
2640.00000000	1305.29446741
2642.00000000	1369.14214209
2644.00000000	1414.07683375
2646.00000000	1340.72238572
2648.00000000	1255.83799634
2650.00000000	1304.36545152
2652.00000000	1360.87043440
2654.00000000	1309.54134429
2656.00000000	1274.22567466
2658.00000000	1323.69386313
2660.00000000	1321.28163792
2662.00000000	1309.45331620
2664.00000000	1321.55109754
2666.00000000	1343.40200368
2668.00000000	1366.11973590
2670.00000000	1377.46970422
2672.00000000	1354.03380940
2674.00000000	1356.51197121
2676.00000000	1366.16191989
2678.00000000	1335.65194096
2680.00000000	1315.97648805
2682.00000000	1378.60283731
2684.00000000	1427.10034218
2686.00000000	1401.43180183
2688.00000000	1371.37892547
2690.00000000	1367.45767448
2692.00000000	1383.77961475
2694.00000000	1391.82525489
2696.00000000	1285.94108170
2698.00000000	1334.76219085
2700.00000000	1405.91312315
2702.00000000	1380.37830688
2704.00000000	1354.15587883
2706.00000000	1337.60010728
2708.00000000	1331.21882684
2710.00000000	1356.84366263
2712.00000000	1430.92658534
2714.00000000	1431.02140096
2716.00000000	1341.12865449
2718.00000000	1405.10512800
2720.00000000	1391.50205752
2722.00000000	1366.22060663
2724.00000000	1383.43459292
2726.00000000	1397.75398556
2728.00000000	1412.20202154
2730.00000000	1448.53119709
2732.00000000	1411.44141048
2734.00000000	1410.38113301
2736.00000000	1420.56139969
2738.00000000	1404.46882157
2740.00000000	1428.80418929
2742.00000000	1402.19929200
2744.00000000	1341.39883265
2746.00000000	1385.51248526
2748.00000000	1441.98047386
2750.00000000	1418.54945182
2752.00000000	1421.20345329
2754.00000000	1421.78341864
2756.00000000	1432.02990415
2758.00000000	1408.98133772
2760.00000000	1423.51173200
2762.00000000	1478.11062224
2764.00000000	1425.95548524
2766.00000000	1344.71306774
2768.00000000	1386.16141787
2770.00000000	1373.79989631
2772.00000000	1365.97022938
2774.00000000	1427.54760930
2776.00000000	1396.40272463
2778.00000000	1402.68295245
2780.00000000	1390.18509262
2782.00000000	1389.95520076
2784.00000000	1409.42014563
2786.00000000	1399.37984939
2788.00000000	1355.92974559
2790.00000000	1344.68726067
2792.00000000	1417.19578159
2794.00000000	1407.02381517
2796.00000000	1381.65386248
2798.00000000	1424.96185735
2800.00000000	1421.97442294
2802.00000000	1380.17643875
2804.00000000	1353.52007509
2806.00000000	1410.69203122
2808.00000000	1426.50783695
2810.00000000	1379.79597604
2812.00000000	1379.90014122
2814.00000000	1369.12111713
2816.00000000	1408.31577410
2818.00000000	1412.40454482
2820.00000000	1435.12648819
2822.00000000	1458.88298501
2824.00000000	1421.67593761
2826.00000000	1424.39453949
2828.00000000	1437.84161394
2830.00000000	1499.19951212
2832.00000000	1499.71490164
2834.00000000	1493.05164973
2836.00000000	1524.25882742
2838.00000000	1489.32282364
2840.00000000	1548.68069993
2842.00000000	1587.38693087
2844.00000000	1626.84172393
2846.00000000	1685.23210571
2848.00000000	1721.24660928
2850.00000000	1746.19191641
2852.00000000	1801.37609732
2854.00000000	1828.49805704
2856.00000000	1906.55482818
2858.00000000	1945.05209063
2860.00000000	1900.71471871
2862.00000000	1903.01924331
2864.00000000	1996.69935541
2866.00000000	2053.89646996
2868.00000000	2078.36391355
2870.00000000	2115.38468312
2872.00000000	2208.25125536
2874.00000000	2301.27418905
2876.00000000	2301.79669006
2878.00000000	2289.03645169
2880.00000000	2337.82120218
2882.00000000	2321.36585629
2884.00000000	2382.58223841
2886.00000000	2378.89702206
2888.00000000	2257.09080643
2890.00000000	2397.23930092
2892.00000000	2375.94929036
2894.00000000	2391.51850330
2896.00000000	2468.67309060
2898.00000000	2487.65552955
2900.00000000	2490.60274459
2902.00000000	2528.07268792
2904.00000000	2498.08093196
2906.00000000	2570.11068500
2908.00000000	2607.64859422
2910.00000000	2631.68458513
2912.00000000	2727.40687582
2914.00000000	2769.84551333
2916.00000000	2693.77241352
2918.00000000	2786.04480270
2920.00000000	2870.26145959
2922.00000000	2873.91756624
2924.00000000	2909.13319060
2926.00000000	3019.78992611
2928.00000000	3131.88199240
2930.00000000	3172.08567681
2932.00000000	3100.90945786
2934.00000000	3050.10601992
2936.00000000	3098.81560742
2938.00000000	3073.03089415
2940.00000000	2985.12610255
2942.00000000	2965.55102971
2944.00000000	2888.72007666
2946.00000000	2806.79007141
2948.00000000	2715.91588224
2950.00000000	2636.75755885
2952.00000000	2618.13338247
2954.00000000	2548.01041852
2956.00000000	2424.71247739
2958.00000000	2472.65913722
2960.00000000	2429.87259615
2962.00000000	2448.81520064
2964.00000000	2469.71871944
2966.00000000	2446.98739349
2968.00000000	2402.42113975
2970.00000000	2342.97618896
2972.00000000	2324.65428957
2974.00000000	2333.67224669
2976.00000000	2293.79857253
2978.00000000	2204.32276752
2980.00000000	2159.53748613
2982.00000000	2171.33010175
2984.00000000	2167.88527107
2986.00000000	2124.63052664
2988.00000000	2017.36889481
2990.00000000	1957.59267332
2992.00000000	1977.39042430
2994.00000000	1907.69101244
2996.00000000	1794.24431373
2998.00000000	1791.08724992
3000.00000000	1793.00710375
3002.00000000	1757.73159557
3004.00000000	1702.79309367
3006.00000000	1708.26314537
3008.00000000	1645.83669440
3010.00000000	1595.56260745
3012.00000000	1632.05345725
3014.00000000	1601.47069453
3016.00000000	1600.71189454
3018.00000000	1541.44401926
3020.00000000	1554.53607325
3022.00000000	1510.89059603
3024.00000000	1492.47073004
3026.00000000	1543.72641567
3028.00000000	1493.86037178
3030.00000000	1438.50833470
3032.00000000	1436.93344973
3034.00000000	1475.84015077
3036.00000000	1471.22823317
3038.00000000	1488.08988845
3040.00000000	1525.89736978
3042.00000000	1510.10454592
3044.00000000	1492.25345541
3046.00000000	1479.78930175
3048.00000000	1427.15761468
3050.00000000	1517.98989092
3052.00000000	1531.83446105
3054.00000000	1509.15865667
3056.00000000	1565.56392838
3058.00000000	1578.67897234
3060.00000000	1604.57919023
3062.00000000	1620.75927596
3064.00000000	1582.73788141
3066.00000000	1584.37521555
3068.00000000	1573.95669940
3070.00000000	1546.90788308
3072.00000000	1544.88643708
3074.00000000	1532.31598384
3076.00000000	1515.01396558
3078.00000000	1417.72282666
3080.00000000	1436.92875678
3082.00000000	1402.75190883
3084.00000000	1413.27838591
3086.00000000	1481.66959236
3088.00000000	1441.74411594
3090.00000000	1394.04256227
3092.00000000	1399.37388063
3094.00000000	1419.64671604
3096.00000000	1395.92487512
3098.00000000	1395.43456247
3100.00000000	1370.91975993
3102.00000000	1350.18150963
3104.00000000	1369.60960918
3106.00000000	1339.91811021
3108.00000000	1382.34736251
3110.00000000	1411.91173210
3112.00000000	1354.52839267
3114.00000000	1338.75532590
3116.00000000	1377.89326309
3118.00000000	1383.79000402
3120.00000000	1371.58028578
3122.00000000	1365.09145402
3124.00000000	1317.30556853
3126.00000000	1391.25095666
3128.00000000	1437.89546204
3130.00000000	1382.95886625
3132.00000000	1380.62532214
3134.00000000	1378.40893324
3136.00000000	1335.84227261
3138.00000000	1384.39622959
3140.00000000	1356.88114969
3142.00000000	1311.46329714
3144.00000000	1294.46221152
3146.00000000	1388.12398576
3148.00000000	1419.04770272
3150.00000000	1375.87913175
3152.00000000	1390.60822988
3154.00000000	1406.09079959
3156.00000000	1366.79536179
3158.00000000	1337.49744974
3160.00000000	1302.17962754
3162.00000000	1348.47789745
3164.00000000	1360.91434812
3166.00000000	1347.21467068
3168.00000000	1349.02978347
3170.00000000	1355.65753410
3172.00000000	1405.33743408
3174.00000000	1409.80693266
3176.00000000	1398.31492404
3178.00000000	1449.12406330
3180.00000000	1419.76903345
3182.00000000	1341.51289724
3184.00000000	1349.41015606
3186.00000000	1360.83091419
3188.00000000	1332.82053284
3190.00000000	1410.33110194
3192.00000000	1388.85480391
3194.00000000	1283.85379584
3196.00000000	1348.90032379
3198.00000000	1395.26866979
3200.00000000	1403.84736120
3202.00000000	1403.70054989
3204.00000000	1364.92783634
3206.00000000	1365.16551026
3208.00000000	1411.27559751
3210.00000000	1460.44626875
3212.00000000	1371.22274895
3214.00000000	1295.59120022
3216.00000000	1303.76758773
3218.00000000	1317.14485749
3220.00000000	1346.66276552
3222.00000000	1388.90484017
3224.00000000	1380.61363125
3226.00000000	1378.94237280
3228.00000000	1363.78598947
3230.00000000	1373.75181326
3232.00000000	1417.97720036
3234.00000000	1399.49667159
3236.00000000	1364.19859221
3238.00000000	1382.04909535
3240.00000000	1419.83921130
3242.00000000	1416.70066143
3244.00000000	1375.84306011
3246.00000000	1372.16613458
3248.00000000	1330.51366251
3250.00000000	1324.50091245
3252.00000000	1358.94904300
3254.00000000	1411.09983912
3256.00000000	1415.07592104
3258.00000000	1388.12538438
3260.00000000	1358.98249916
3262.00000000	1346.02546682
3264.00000000	1470.74640978
3266.00000000	1470.97819490
3268.00000000	1401.59415638
3270.00000000	1435.06209891
3272.00000000	1434.13260426
3274.00000000	1432.10827311
3276.00000000	1473.98633683
3278.00000000	1462.23621348
3280.00000000	1407.21063841
3282.00000000	1392.26406442
3284.00000000	1405.81605692
3286.00000000	1413.84308137
3288.00000000	1449.94275556
3290.00000000	1461.40352533
3292.00000000	1373.02444457
3294.00000000	1395.56535556
3296.00000000	1472.30014797
3298.00000000	1431.23476278
3300.00000000	1404.51888909
3302.00000000	1405.28972905
3304.00000000	1412.03340249
3306.00000000	1428.66989652
3308.00000000	1414.74090156
3310.00000000	1430.20683018
3312.00000000	1421.20678125
3314.00000000	1420.10962323
3316.00000000	1449.27768233
3318.00000000	1454.57559543
3320.00000000	1424.23682693
3322.00000000	1410.84470848
3324.00000000	1456.16157838
3326.00000000	1380.19338374
3328.00000000	1417.17334498
3330.00000000	1431.11329425
3332.00000000	1422.93705104
3334.00000000	1419.01103633
3336.00000000	1430.32983555
3338.00000000	1441.12997474
3340.00000000	1434.47836060
3342.00000000	1446.96690613
3344.00000000	1463.81943233
3346.00000000	1498.61124225
3348.00000000	1429.38819038
3350.00000000	1373.89030375
3352.00000000	1373.77673636
3354.00000000	1390.66707124
3356.00000000	1402.98383646
3358.00000000	1415.29363384
3360.00000000	1452.33470832
3362.00000000	1453.72705544
3364.00000000	1388.39857931
3366.00000000	1393.20909515
3368.00000000	1336.88555664
3370.00000000	1409.66231583
3372.00000000	1426.97809810
3374.00000000	1346.71402492
3376.00000000	1390.64141029
3378.00000000	1364.27038766
3380.00000000	1357.66273863
3382.00000000	1403.11632577
3384.00000000	1345.00289593
3386.00000000	1419.49592721
3388.00000000	1413.22948235
3390.00000000	1357.83958543
3392.00000000	1371.70530759
3394.00000000	1372.58722807
3396.00000000	1380.09067852
3398.00000000	1394.33779245
3400.00000000	1347.60557075
3402.00000000	1346.61282932
3404.00000000	1386.23935476
3406.00000000	1357.58239008
3408.00000000	1330.32349744
3410.00000000	1317.06047136
3412.00000000	1311.56860065
3414.00000000	1323.91027403
3416.00000000	1341.38327881
3418.00000000	1356.04072896
3420.00000000	1334.20209799
3422.00000000	1337.15056027
3424.00000000	1337.54010117
3426.00000000	1317.87652322
3428.00000000	1319.20238936
3430.00000000	1307.64465209
3432.00000000	1304.69894686
3434.00000000	1377.41317738
3436.00000000	1366.82162979
3438.00000000	1305.66226632
3440.00000000	1317.65329080
3442.00000000	1271.65742438
3444.00000000	1288.44622875
3446.00000000	1349.27781029
3448.00000000	1301.09861119
3450.00000000	1245.30500545
3452.00000000	1319.54027974
3454.00000000	1354.14547537
3456.00000000	1271.62563266
3458.00000000	1267.91605509
3460.00000000	1308.10735857
3462.00000000	1335.07255670
3464.00000000	1269.24672355
3466.00000000	1262.21774448
3468.00000000	1268.25695115
3470.00000000	1298.43361364
3472.00000000	1295.69039850
3474.00000000	1312.82892940
3476.00000000	1352.86411838
3478.00000000	1305.20933501
3480.00000000	1241.45099866
3482.00000000	1255.51098582
3484.00000000	1250.27962783
3486.00000000	1271.77778180
3488.00000000	1330.87740707
3490.00000000	1257.81682413
3492.00000000	1213.24478403
3494.00000000	1276.00298221
3496.00000000	1239.07582371
3498.00000000	1268.34522943
3500.00000000	1291.33089249
3502.00000000	1263.34127628
3504.00000000	1234.27646942
3506.00000000	1230.55334551
3508.00000000	1283.34692332
3510.00000000	1307.93595969
3512.00000000	1283.63072700
3514.00000000	1246.05501232
3516.00000000	1223.55136311
3518.00000000	1272.77524141
3520.00000000	1280.51229846
3522.00000000	1261.40028717
3524.00000000	1273.28145253
3526.00000000	1264.84191699
3528.00000000	1254.69296331
3530.00000000	1265.64840355
3532.00000000	1265.12217039
3534.00000000	1238.05635361
3536.00000000	1218.80693010
3538.00000000	1195.02609633
3540.00000000	1187.07603864
3542.00000000	1269.68870866
3544.00000000	1236.98447803
3546.00000000	1249.76627104
3548.00000000	1285.72293295
3550.00000000	1235.30000385
3552.00000000	1283.22754827
3554.00000000	1246.34382247
3556.00000000	1243.23233535
3558.00000000	1237.54070226
3560.00000000	1218.36673960
3562.00000000	1227.79650241
3564.00000000	1244.98722384
3566.00000000	1243.84777996
3568.00000000	1239.55058143
3570.00000000	1246.23746947
3572.00000000	1199.64581440
3574.00000000	1229.89920384
3576.00000000	1205.91694540
3578.00000000	1225.21406307
3580.00000000	1233.93568026
3582.00000000	1240.01212180
3584.00000000	1255.03550940
3586.00000000	1216.74216941
3588.00000000	1183.14414704
3590.00000000	1212.41378417
3592.00000000	1217.22568362
3594.00000000	1205.35889596
3596.00000000	1270.14933301
3598.00000000	1244.72124299
3600.00000000	1173.57058955
3602.00000000	1213.35934614
3604.00000000	1170.15606754
3606.00000000	1231.56138489
3608.00000000	1197.10820965
3610.00000000	1259.95130431
3612.00000000	1308.81603620
3614.00000000	1178.41817848
3616.00000000	1220.93118998
3618.00000000	1242.73821916
3620.00000000	1212.23133386
3622.00000000	1185.01934074
3624.00000000	1167.85260527
3626.00000000	1123.14503285
3628.00000000	1162.21927027
3630.00000000	1254.23507461
3632.00000000	1225.24849802
3634.00000000	1232.94291374
3636.00000000	1281.68965416
3638.00000000	1212.66176341
3640.00000000	1261.91552763
3642.00000000	1259.16234572
3644.00000000	1174.90053129
3646.00000000	1224.43843835
3648.00000000	1245.83814201
3650.00000000	1147.01259515
3652.00000000	1134.28005252
3654.00000000	1263.95156815
3656.00000000	1274.36172631
3658.00000000	1249.20818386
3660.00000000	1231.92272566
3662.00000000	1222.28617090
3664.00000000	1209.77053403
3666.00000000	1146.02418910
3668.00000000	1151.12909317
3670.00000000	1234.52562557
3672.00000000	1233.96481973
3674.00000000	1180.52854426
3676.00000000	1178.42071775
3678.00000000	1206.91434292
3680.00000000	1219.43885845
3682.00000000	1202.94058413
3684.00000000	1178.84722921
3686.00000000	1203.67174867
3688.00000000	1175.56057503
3690.00000000	1206.21383901
3692.00000000	1182.12059652
3694.00000000	1185.25519292
3696.00000000	1234.35849362
3698.00000000	1240.48688936
3700.00000000	1196.80779585
3702.00000000	1180.60532461
3704.00000000	1200.67404365
3706.00000000	1166.97338832
3708.00000000	1151.65362054
3710.00000000	1150.83395178
3712.00000000	1159.09202991
3714.00000000	1223.24442607
3716.00000000	1269.08179787
3718.00000000	1236.97881119
3720.00000000	1225.60239383
3722.00000000	1227.53291946
3724.00000000	1189.59236503
3726.00000000	1248.29241101
3728.00000000	1194.82581587
3730.00000000	1156.91787367
3732.00000000	1190.94398230
3734.00000000	1172.43276473
3736.00000000	1116.70711752
3738.00000000	1173.48313949
3740.00000000	1226.08059503
3742.00000000	1197.12435741
3744.00000000	1230.83404557
3746.00000000	1153.48867241
3748.00000000	1194.38643316
3750.00000000	1248.60974367
3752.00000000	1187.99938553
3754.00000000	1147.00142604
3756.00000000	1174.19865621
3758.00000000	1187.56198496
3760.00000000	1182.07339281
3762.00000000	1189.84181703
3764.00000000	1182.77159331
3766.00000000	1159.48656182
3768.00000000	1137.66851903
3770.00000000	1132.99784200
3772.00000000	1136.83668805
3774.00000000	1142.97932648
3776.00000000	1154.65072315
3778.00000000	1150.33334626
3780.00000000	1158.18969939
3782.00000000	1118.79593018
3784.00000000	1153.67961147
3786.00000000	1171.82737990
3788.00000000	1199.36026543
3790.00000000	1174.35532412
3792.00000000	1141.29888456
3794.00000000	1177.47417239
3796.00000000	1145.66490021
3798.00000000	1167.51275420
3800.00000000	1141.16320685
