400.00000000	815.42423927
402.00000000	853.00758103
404.00000000	856.51261827
406.00000000	842.49607509
408.00000000	851.48937616
410.00000000	855.71242852
412.00000000	848.63349531
414.00000000	849.95686795
416.00000000	837.98008080
418.00000000	809.37062288
420.00000000	821.53285583
422.00000000	863.90402579
424.00000000	882.37975933
426.00000000	864.89921779
428.00000000	829.11893038
430.00000000	813.37594140
432.00000000	812.38056561
434.00000000	809.51657816
436.00000000	817.62904548
438.00000000	838.73616674
440.00000000	860.03372764
442.00000000	869.24690227
444.00000000	858.40992599
446.00000000	829.18818702
448.00000000	814.53038692
450.00000000	842.96818110
452.00000000	859.87418892
454.00000000	840.63032225
456.00000000	818.02502849
458.00000000	820.17859653
460.00000000	844.48873502
462.00000000	831.88768022
464.00000000	794.92656447
466.00000000	796.21365630
468.00000000	834.94727220
470.00000000	868.87595668
472.00000000	835.08763741
474.00000000	793.86235403
476.00000000	817.12225656
478.00000000	829.83959122
480.00000000	814.09263267
482.00000000	818.01593017
484.00000000	820.44272087
486.00000000	811.01153105
488.00000000	833.34824301
490.00000000	864.11201869
492.00000000	857.24092648
494.00000000	837.53641829
496.00000000	831.06108716
498.00000000	845.61677658
500.00000000	864.87347284
502.00000000	871.57018230
504.00000000	864.72199670
506.00000000	852.88987146
508.00000000	848.08734334
510.00000000	855.05081611
512.00000000	857.76840660
514.00000000	827.11393260
516.00000000	801.13721351
518.00000000	819.46952543
520.00000000	863.30723540
522.00000000	893.44914181
524.00000000	877.71969300
526.00000000	847.72046284
528.00000000	832.97890885
530.00000000	839.21156342
532.00000000	860.34794328
534.00000000	879.16295123
536.00000000	867.74865842
538.00000000	853.56123196
540.00000000	878.66795806
542.00000000	873.67499342
544.00000000	821.06332407
546.00000000	797.62978939
548.00000000	823.40326229
550.00000000	866.74784862
552.00000000	852.12592172
554.00000000	812.91786288
556.00000000	831.64306145
558.00000000	848.19191570
560.00000000	835.43801477
562.00000000	842.31772871
564.00000000	857.77817368
566.00000000	857.45800992
568.00000000	847.77569790
570.00000000	846.00903203
572.00000000	862.95342668
574.00000000	868.94686163
576.00000000	856.02594347
578.00000000	849.20978382
580.00000000	854.54476496
582.00000000	862.75627857
584.00000000	854.06449762
586.00000000	843.92660305
588.00000000	857.41962919
590.00000000	874.21216627
592.00000000	872.60632565
594.00000000	846.48467906
596.00000000	830.12967711
598.00000000	842.31136789
600.00000000	855.93960991
602.00000000	875.64190346
604.00000000	906.78161224
606.00000000	903.01584901
608.00000000	872.43125111
610.00000000	863.98441489
612.00000000	850.90617835
614.00000000	828.02601761
616.00000000	842.63314685
618.00000000	861.19766651
620.00000000	850.23649356
622.00000000	863.48689352
624.00000000	890.96252130
626.00000000	886.98241858
628.00000000	884.00754548
630.00000000	893.10312896
632.00000000	886.42078128
634.00000000	880.95386363
636.00000000	889.15967533
638.00000000	887.03092157
640.00000000	891.06095690
642.00000000	914.87340986
644.00000000	893.64087265
646.00000000	855.98890423
648.00000000	890.60000158
650.00000000	913.08787674
652.00000000	881.57296774
654.00000000	870.98586510
656.00000000	868.84143979
658.00000000	854.53822735
660.00000000	876.41993094
662.00000000	908.71499669
664.00000000	900.51238800
666.00000000	904.37371199
668.00000000	928.23361330
670.00000000	923.21450782
672.00000000	898.70710839
674.00000000	879.85329921
676.00000000	883.16912332
678.00000000	905.47106019
680.00000000	925.07962140
682.00000000	904.95191302
684.00000000	880.48915081
686.00000000	907.59238616
688.00000000	923.98278316
690.00000000	910.51480995
692.00000000	912.07219783
694.00000000	918.65030432
696.00000000	917.12805198
698.00000000	918.75588245
700.00000000	924.15831004
702.00000000	927.61494550
704.00000000	923.99373511
706.00000000	913.92774914
708.00000000	905.23618379
710.00000000	914.98688113
712.00000000	934.46471583
714.00000000	934.84451324
716.00000000	931.13067091
718.00000000	933.97865206
720.00000000	931.22700640
722.00000000	946.72740944
724.00000000	988.44885963
726.00000000	999.13079036
728.00000000	983.12363232
730.00000000	971.91879333
732.00000000	940.56531685
734.00000000	910.48627399
736.00000000	933.37819938
738.00000000	960.14260063
740.00000000	960.62510889
742.00000000	962.42271265
744.00000000	971.36173185
746.00000000	979.31893923
748.00000000	975.28998022
750.00000000	982.96667405
752.00000000	1014.89785190
754.00000000	1011.76202034
756.00000000	987.86488807
758.00000000	994.89107146
760.00000000	987.00725411
762.00000000	957.04337465
764.00000000	950.00604682
766.00000000	954.15078309
768.00000000	951.82598267
770.00000000	944.97738549
772.00000000	946.22817630
774.00000000	964.95797047
776.00000000	993.23726985
778.00000000	987.47338842
780.00000000	932.57347880
782.00000000	932.55817370
784.00000000	989.80826143
786.00000000	1026.84425135
788.00000000	1024.17371954
790.00000000	1000.89742885
792.00000000	993.25101936
794.00000000	993.63587912
796.00000000	992.63280636
798.00000000	994.38264056
800.00000000	983.88903164
802.00000000	959.85125349
804.00000000	957.49780893
806.00000000	983.36763804
808.00000000	1015.63483844
810.00000000	1012.16374587
812.00000000	987.39019960
814.00000000	983.66874843
816.00000000	996.60743734
818.00000000	1004.11560336
820.00000000	986.85569251
822.00000000	968.66954567
824.00000000	972.96771490
826.00000000	1004.12068771
828.00000000	1037.61014613
830.00000000	1044.07449958
832.00000000	1009.79620424
834.00000000	982.96355318
836.00000000	992.17962644
838.00000000	984.65364226
840.00000000	974.70549063
842.00000000	995.82525488
844.00000000	1023.08843936
846.00000000	1031.07800182
848.00000000	1011.47043914
850.00000000	990.41145196
852.00000000	998.76497019
854.00000000	1044.96677658
856.00000000	1058.75365855
858.00000000	1035.39134963
860.00000000	1040.65956453
862.00000000	1028.98277698
864.00000000	991.03809232
866.00000000	997.96332165
868.00000000	1013.01072085
870.00000000	1009.07856748
872.00000000	1036.42478804
874.00000000	1045.87381941
876.00000000	1010.04632478
878.00000000	1033.59943916
880.00000000	1052.97210825
882.00000000	989.81015971
884.00000000	986.39225847
886.00000000	1028.48146680
888.00000000	1019.21635499
890.00000000	1019.45997822
892.00000000	1031.54001141
894.00000000	1011.27347684
896.00000000	1019.52019173
898.00000000	1049.47614841
900.00000000	1027.27854571
902.00000000	998.29342097
904.00000000	1009.92414525
906.00000000	1059.22615947
908.00000000	1082.72534950
910.00000000	1054.37212681
912.00000000	1024.65573506
914.00000000	1020.88642168
916.00000000	1046.04798126
918.00000000	1080.53717812
920.00000000	1089.90962980
922.00000000	1070.35437409
924.00000000	1078.40969645
926.00000000	1078.36913668
928.00000000	1038.68037485
930.00000000	1049.56445214
932.00000000	1092.80835905
934.00000000	1103.99176988
936.00000000	1103.41948986
938.00000000	1080.74491381
940.00000000	1025.76597502
942.00000000	1019.48507185
944.00000000	1044.31914206
946.00000000	1030.82499112
948.00000000	1056.06469283
950.00000000	1092.08584252
952.00000000	1040.40381514
954.00000000	1026.20071321
956.00000000	1070.08738498
958.00000000	1061.36555227
960.00000000	1057.92185148
962.00000000	1091.81014829
964.00000000	1112.46295599
966.00000000	1099.75891198
968.00000000	1066.77586186
970.00000000	1049.37323904
972.00000000	1051.37132444
974.00000000	1069.80696876
976.00000000	1102.54834683
978.00000000	1105.04243025
980.00000000	1078.21199391
982.00000000	1102.62541533
984.00000000	1128.73274458
986.00000000	1115.76003491
988.00000000	1128.49835395
990.00000000	1131.21523915
992.00000000	1097.50377514
994.00000000	1106.14475155
996.00000000	1137.39809034
998.00000000	1151.10071847
1000.00000000	1177.02049845
1002.00000000	1203.93978583
1004.00000000	1211.97019685
1006.00000000	1219.18057874
1008.00000000	1209.82961990
1010.00000000	1169.94467594
1012.00000000	1141.49004115
1014.00000000	1145.20734978
1016.00000000	1163.82845629
1018.00000000	1140.08664415
1020.00000000	1108.50757283
1022.00000000	1129.07532101
1024.00000000	1158.39944099
1026.00000000	1167.48051324
1028.00000000	1162.84338999
1030.00000000	1183.40655423
1032.00000000	1210.26860501
1034.00000000	1200.25500900
1036.00000000	1173.79776043
1038.00000000	1156.53615489
1040.00000000	1165.71924173
1042.00000000	1205.46956649
1044.00000000	1239.35337782
1046.00000000	1227.57010640
1048.00000000	1210.77418131
1050.00000000	1223.78147354
1052.00000000	1269.86311037
1054.00000000	1308.42819937
1056.00000000	1310.29675167
1058.00000000	1277.27585712
1060.00000000	1255.27892659
1062.00000000	1251.85263443
1064.00000000	1252.22313777
1066.00000000	1290.84188436
1068.00000000	1327.02239007
1070.00000000	1291.37440408
1072.00000000	1250.33750039
1074.00000000	1251.00880403
1076.00000000	1281.50507781
1078.00000000	1273.65180972
1080.00000000	1257.03909349
1082.00000000	1293.72599691
1084.00000000	1268.97035170
1086.00000000	1204.31846015
1088.00000000	1209.87234459
1090.00000000	1228.93046758
1092.00000000	1210.87504536
1094.00000000	1162.58158359
1096.00000000	1162.20853696
1098.00000000	1197.44112564
1100.00000000	1204.63926089
1102.00000000	1210.51087174
1104.00000000	1205.43722999
1106.00000000	1168.07432536
1108.00000000	1158.02667986
1110.00000000	1172.78119715
1112.00000000	1173.22552238
1114.00000000	1176.10165890
1116.00000000	1178.56935093
1118.00000000	1170.97860193
1120.00000000	1179.81111528
1122.00000000	1211.46625510
1124.00000000	1241.51372867
1126.00000000	1221.13969452
1128.00000000	1194.15242949
1130.00000000	1207.27042873
1132.00000000	1177.06415620
1134.00000000	1134.63686661
1136.00000000	1140.64639218
1138.00000000	1143.58594004
1140.00000000	1130.36361077
1142.00000000	1121.64981005
1144.00000000	1137.58700131
1146.00000000	1141.88115794
1148.00000000	1118.29735928
1150.00000000	1133.86624632
1152.00000000	1149.26229266
1154.00000000	1124.42218903
1156.00000000	1113.95512626
1158.00000000	1128.99013367
1160.00000000	1147.73927110
1162.00000000	1144.46801008
1164.00000000	1159.31921443
1166.00000000	1200.75641635
1168.00000000	1202.15819435
1170.00000000	1175.05688397
1172.00000000	1163.66674868
1174.00000000	1193.46583698
1176.00000000	1186.02579775
1178.00000000	1134.16084326
1180.00000000	1135.13946153
1182.00000000	1166.35755536
1184.00000000	1187.26428148
1186.00000000	1181.65609141
1188.00000000	1144.63749108
1190.00000000	1126.01217917
1192.00000000	1179.00918983
1194.00000000	1187.75660601
1196.00000000	1143.66451549
1198.00000000	1138.65576965
1200.00000000	1170.92650091
1202.00000000	1202.96308603
1204.00000000	1209.74018924
1206.00000000	1230.96928981
1208.00000000	1254.15941498
1210.00000000	1249.80392553
1212.00000000	1248.06165780
1214.00000000	1239.21247746
1216.00000000	1215.33572718
1218.00000000	1224.22478484
1220.00000000	1240.02400524
1222.00000000	1240.19397973
1224.00000000	1270.68074490
1226.00000000	1290.99301175
1228.00000000	1284.88544744
1230.00000000	1314.28999234
1232.00000000	1305.84967445
1234.00000000	1260.27486239
1236.00000000	1303.02853084
1238.00000000	1345.95194104
1240.00000000	1328.17478304
1242.00000000	1298.03027393
1244.00000000	1298.94111899
1246.00000000	1325.09308727
1248.00000000	1339.57448727
1250.00000000	1348.70840782
1252.00000000	1336.05096777
1254.00000000	1283.60072947
1256.00000000	1241.86823487
1258.00000000	1261.26629141
1260.00000000	1336.95021315
1262.00000000	1366.70110367
1264.00000000	1347.21575571
1266.00000000	1323.37505224
1268.00000000	1309.09445113
1270.00000000	1300.53326416
1272.00000000	1295.38864479
1274.00000000	1299.89417766
1276.00000000	1296.44199522
1278.00000000	1272.80948118
1280.00000000	1245.23058757
1282.00000000	1272.33399415
1284.00000000	1324.41545553
1286.00000000	1310.21151734
1288.00000000	1298.08322897
1290.00000000	1328.37271765
1292.00000000	1372.74279941
1294.00000000	1374.41890137
1296.00000000	1354.16165391
1298.00000000	1358.43151591
1300.00000000	1363.69686631
1302.00000000	1363.19777837
1304.00000000	1359.07142639
1306.00000000	1349.30715137
1308.00000000	1378.07889750
1310.00000000	1427.95288089
1312.00000000	1398.13410359
1314.00000000	1374.62688949
1316.00000000	1387.13067320
1318.00000000	1358.57776230
1320.00000000	1346.42611397
1322.00000000	1372.28510880
1324.00000000	1397.24571535
1326.00000000	1400.51144489
1328.00000000	1383.53594425
1330.00000000	1375.31120613
1332.00000000	1426.56789264
1334.00000000	1473.12422158
1336.00000000	1454.86634216
1338.00000000	1432.90091407
1340.00000000	1438.95009993
1342.00000000	1445.23463530
1344.00000000	1394.52765770
1346.00000000	1367.69531332
1348.00000000	1388.37196447
1350.00000000	1391.40119320
1352.00000000	1385.62597245
1354.00000000	1372.33331331
1356.00000000	1344.13346898
1358.00000000	1326.00658694
1360.00000000	1323.55142885
1362.00000000	1329.00086510
1364.00000000	1340.24904171
1366.00000000	1363.93929160
1368.00000000	1393.50483287
1370.00000000	1400.83109046
1372.00000000	1379.76215146
1374.00000000	1351.23276341
1376.00000000	1340.96972532
1378.00000000	1315.02180864
1380.00000000	1304.38076023
1382.00000000	1354.18963662
1384.00000000	1371.45373217
1386.00000000	1347.70910163
1388.00000000	1316.79122977
1390.00000000	1269.79417588
1392.00000000	1260.43718110
1394.00000000	1297.84947008
1396.00000000	1306.16782440
1398.00000000	1333.57221143
1400.00000000	1383.36158324
1402.00000000	1390.02344604
1404.00000000	1373.97528570
1406.00000000	1353.08740928
1408.00000000	1330.59286503
1410.00000000	1318.69153725
1412.00000000	1340.87970136
1414.00000000	1367.46560734
1416.00000000	1303.47085235
1418.00000000	1286.77603144
1420.00000000	1345.60168791
1422.00000000	1312.26663659
1424.00000000	1277.74626363
1426.00000000	1318.82066838
1428.00000000	1396.57251654
1430.00000000	1384.99655570
1432.00000000	1352.62868984
1434.00000000	1389.72859590
1436.00000000	1385.31623099
1438.00000000	1387.27636412
1440.00000000	1407.40822372
1442.00000000	1349.42401829
1444.00000000	1372.09467754
1446.00000000	1479.42668451
1448.00000000	1503.71548593
1450.00000000	1460.63137218
1452.00000000	1429.58673806
1454.00000000	1447.75449202
1456.00000000	1441.67877374
1458.00000000	1447.15490099
1460.00000000	1468.63624217
1462.00000000	1413.82192100
1464.00000000	1342.65337664
1466.00000000	1337.34952117
1468.00000000	1399.58123812
1470.00000000	1380.40289448
1472.00000000	1333.70547783
1474.00000000	1359.15412312
1476.00000000	1343.01279070
1478.00000000	1308.91406408
1480.00000000	1294.80233909
1482.00000000	1278.11736818
1484.00000000	1339.56004062
1486.00000000	1386.45401841
1488.00000000	1273.83438121
1490.00000000	1247.83700607
1492.00000000	1303.37205533
1494.00000000	1316.04726177
1496.00000000	1320.34309075
1498.00000000	1311.58092464
1500.00000000	1279.47024169
1502.00000000	1244.16251076
1504.00000000	1251.45436313
1506.00000000	1274.32415718
1508.00000000	1257.97933822
1510.00000000	1242.43748018
1512.00000000	1236.27501922
1514.00000000	1232.06964840
1516.00000000	1238.07223693
1518.00000000	1258.72844932
1520.00000000	1269.36711886
1522.00000000	1245.62949181
1524.00000000	1254.61591100
1526.00000000	1274.21709696
1528.00000000	1256.20867540
1530.00000000	1251.36637475
1532.00000000	1275.16241527
1534.00000000	1287.31063682
1536.00000000	1246.02204477
1538.00000000	1283.80751865
1540.00000000	1325.13290134
1542.00000000	1237.60791705
1544.00000000	1263.93177585
1546.00000000	1305.34469291
1548.00000000	1249.80421263
1550.00000000	1266.35544390
1552.00000000	1287.56714949
1554.00000000	1268.30935901
1556.00000000	1264.74082622
1558.00000000	1298.95454554
1560.00000000	1330.84110552
1562.00000000	1332.42156008
1564.00000000	1348.91926836
1566.00000000	1343.55832549
1568.00000000	1310.57130729
1570.00000000	1306.43702371
1572.00000000	1336.01337679
1574.00000000	1371.50182247
1576.00000000	1389.81904160
1578.00000000	1403.61057264
1580.00000000	1396.61002141
1582.00000000	1373.80661021
1584.00000000	1372.91301431
1586.00000000	1379.13183541
1588.00000000	1359.02907411
1590.00000000	1315.91481619
1592.00000000	1326.99865322
1594.00000000	1332.54808702
1596.00000000	1312.21151149
1598.00000000	1350.71853627
1600.00000000	1352.82051438
1602.00000000	1319.80123124
1604.00000000	1328.24629060
1606.00000000	1342.08231049
1608.00000000	1331.28187185
1610.00000000	1318.44840485
1612.00000000	1357.43134736
1614.00000000	1386.79267372
1616.00000000	1364.51363858
1618.00000000	1320.78725799
1620.00000000	1334.92588353
1622.00000000	1341.03582008
1624.00000000	1307.08702505
1626.00000000	1318.32166764
1628.00000000	1297.34377434
1630.00000000	1271.24403454
1632.00000000	1307.87955143
1634.00000000	1287.29923199
1636.00000000	1257.56909841
1638.00000000	1278.24503960
1640.00000000	1298.99294491
1642.00000000	1298.84846370
1644.00000000	1303.08348044
1646.00000000	1332.82294732
1648.00000000	1342.48993261
1650.00000000	1349.16086132
1652.00000000	1376.00640467
1654.00000000	1401.32791636
1656.00000000	1373.22917259
1658.00000000	1348.46376680
1660.00000000	1392.09692590
1662.00000000	1418.46272495
1664.00000000	1413.29055583
1666.00000000	1410.06690703
1668.00000000	1432.02126443
1670.00000000	1432.53647565
1672.00000000	1415.25836185
1674.00000000	1394.85973536
1676.00000000	1345.41961353
1678.00000000	1350.36060288
1680.00000000	1381.31750357
1682.00000000	1336.70873016
1684.00000000	1348.41467659
1686.00000000	1371.93569139
1688.00000000	1335.03702185
1690.00000000	1311.09643880
1692.00000000	1306.81284349
1694.00000000	1295.20549310
1696.00000000	1264.95085301
1698.00000000	1255.04081336
1700.00000000	1247.26001362
1702.00000000	1247.26001362
1704.00000000	1247.26001362
1706.00000000	1247.26001362
1708.00000000	1247.26001362
1710.00000000	1247.26001362
1712.00000000	1247.26001362
1714.00000000	1247.26001362
1716.00000000	1185.36113978
1718.00000000	1170.53381039
1720.00000000	1151.24918962
1722.00000000	1150.39371646
1724.00000000	1171.65878401
1726.00000000	1186.63424749
1728.00000000	1191.64777542
1730.00000000	1215.98572805
1732.00000000	1264.77897873
1734.00000000	1257.69590028
1736.00000000	1234.05337877
1738.00000000	1228.22174233
1740.00000000	1212.08358411
1742.00000000	1203.07109554
1744.00000000	1211.10919938
1746.00000000	1221.88174345
1748.00000000	1210.53107317
1750.00000000	1204.20672711
1752.00000000	1197.78877232
1754.00000000	1172.24776253
1756.00000000	1174.81185172
1758.00000000	1200.88431747
1760.00000000	1213.70335648
1762.00000000	1188.09240641
1764.00000000	1155.14737795
1766.00000000	1170.82848465
1768.00000000	1214.06144724
1770.00000000	1167.75459051
1772.00000000	1148.83616588
1774.00000000	1191.90899862
1776.00000000	1218.09617625
1778.00000000	1215.95865431
1780.00000000	1199.44600341
1782.00000000	1196.88062898
1784.00000000	1224.97398133
1786.00000000	1235.17110689
1788.00000000	1193.47747296
1790.00000000	1148.72826193
1792.00000000	1197.77558268
1794.00000000	1202.59102761
1796.00000000	1174.37587264
1798.00000000	1204.97350013
1800.00000000	1211.33169566
1802.00000000	1215.98748361
1804.00000000	1213.20104953
1806.00000000	1171.07220014
1808.00000000	1188.64613514
1810.00000000	1199.35186311
1812.00000000	1171.12459750
1814.00000000	1194.29351431
1816.00000000	1178.57702751
1818.00000000	1170.30048921
1820.00000000	1225.87907336
1822.00000000	1240.16758086
1824.00000000	1229.52511312
1826.00000000	1210.64211532
1828.00000000	1181.47384134
1830.00000000	1174.13482984
1832.00000000	1202.69605211
1834.00000000	1221.18502275
1836.00000000	1184.44203397
1838.00000000	1181.73220210
1840.00000000	1192.69716452
1842.00000000	1179.40569467
1844.00000000	1174.96152309
1846.00000000	1223.18288362
1848.00000000	1235.70026801
1850.00000000	1180.53974901
1852.00000000	1196.41643913
1854.00000000	1209.58924019
1856.00000000	1206.44716968
1858.00000000	1221.66378087
1860.00000000	1215.33147989
1862.00000000	1223.02842632
1864.00000000	1249.66576313
1866.00000000	1254.72405933
1868.00000000	1227.32061591
1870.00000000	1209.60906254
1872.00000000	1210.97881118
1874.00000000	1208.13711651
1876.00000000	1237.35091966
1878.00000000	1261.03524682
1880.00000000	1238.49534687
1882.00000000	1194.31032148
1884.00000000	1195.70668928
1886.00000000	1230.22461213
1888.00000000	1243.72326268
1890.00000000	1214.85240805
1892.00000000	1190.35826296
1894.00000000	1199.24390845
1896.00000000	1217.61313683
1898.00000000	1199.05067507
1900.00000000	1213.41584855
1902.00000000	1231.85802784
1904.00000000	1201.64763941
1906.00000000	1203.83861891
1908.00000000	1218.71684526
1910.00000000	1213.92147766
1912.00000000	1201.74015529
1914.00000000	1224.23119069
1916.00000000	1232.45572819
1918.00000000	1223.00062534
1920.00000000	1230.84127449
1922.00000000	1205.22841196
1924.00000000	1188.23090288
1926.00000000	1206.07758021
1928.00000000	1225.41617550
1930.00000000	1230.53493500
1932.00000000	1216.74931153
1934.00000000	1203.05413295
1936.00000000	1211.93205196
1938.00000000	1212.81575645
1940.00000000	1215.80291288
1942.00000000	1235.57618195
1944.00000000	1254.17831180
1946.00000000	1240.66481712
1948.00000000	1213.20741641
1950.00000000	1201.61960353
1952.00000000	1209.66166615
1954.00000000	1225.68410961
1956.00000000	1217.22345379
1958.00000000	1213.70348647
1960.00000000	1282.39539050
1962.00000000	1280.77515041
1964.00000000	1238.61793673
1966.00000000	1243.17821596
1968.00000000	1261.18367907
1970.00000000	1243.61456163
1972.00000000	1239.82479837
1974.00000000	1274.15504528
1976.00000000	1267.87554264
1978.00000000	1253.94717922
1980.00000000	1254.69095825
1982.00000000	1249.27061454
1984.00000000	1212.43681678
1986.00000000	1199.08911650
1988.00000000	1233.98995714
1990.00000000	1270.11326538
1992.00000000	1244.88701005
1994.00000000	1258.04171146
1996.00000000	1286.94459003
1998.00000000	1269.13550892
2000.00000000	1242.94106871
2002.00000000	1231.97671638
2004.00000000	1256.09336444
2006.00000000	1286.83811216
2008.00000000	1256.37141723
2010.00000000	1231.33431023
2012.00000000	1239.54710089
2014.00000000	1262.22222465
2016.00000000	1277.97523168
2018.00000000	1262.13258229
2020.00000000	1253.87275602
2022.00000000	1267.47717390
2024.00000000	1249.55055473
2026.00000000	1231.29846945
2028.00000000	1224.53089576
2030.00000000	1244.25364235
2032.00000000	1299.26657051
2034.00000000	1275.96945456
2036.00000000	1248.26799780
2038.00000000	1272.93142764
2040.00000000	1269.16503316
2042.00000000	1268.98845606
2044.00000000	1265.09147292
2046.00000000	1255.87461699
2048.00000000	1260.81125276
2050.00000000	1237.37745273
2052.00000000	1236.31939314
2054.00000000	1262.69951006
2056.00000000	1249.21376793
2058.00000000	1226.34245367
2060.00000000	1269.27819567
2062.00000000	1311.29097841
2064.00000000	1254.44103900
2066.00000000	1257.67289345
2068.00000000	1243.20772521
2070.00000000	1234.31435010
2072.00000000	1306.16939743
2074.00000000	1284.12689521
2076.00000000	1254.48173958
2078.00000000	1243.43065356
2080.00000000	1214.91537850
2082.00000000	1239.74803574
2084.00000000	1256.63633312
2086.00000000	1247.34481360
2088.00000000	1247.30427503
2090.00000000	1269.70104651
2092.00000000	1302.54362559
2094.00000000	1299.25236657
2096.00000000	1278.28558408
2098.00000000	1315.35500700
2100.00000000	1292.54035586
2102.00000000	1264.62963172
2104.00000000	1301.39528020
2106.00000000	1334.39465530
2108.00000000	1292.35001237
2110.00000000	1258.81277560
2112.00000000	1270.56413566
2114.00000000	1267.02592772
2116.00000000	1260.35225980
2118.00000000	1280.56500539
2120.00000000	1304.78092037
2122.00000000	1298.58457693
2124.00000000	1292.72620575
2126.00000000	1266.76169365
2128.00000000	1251.77849395
2130.00000000	1283.74288695
2132.00000000	1322.03173767
2134.00000000	1339.37597233
2136.00000000	1302.68383428
2138.00000000	1251.11637573
2140.00000000	1270.65001537
2142.00000000	1268.49572262
2144.00000000	1276.91726022
2146.00000000	1310.03636669
2148.00000000	1299.45161087
2150.00000000	1262.49845886
2152.00000000	1283.59417622
2154.00000000	1331.56696214
2156.00000000	1314.54023302
2158.00000000	1274.49618861
2160.00000000	1286.87661924
2162.00000000	1295.01008899
2164.00000000	1252.61753338
2166.00000000	1262.28364305
2168.00000000	1329.21579868
2170.00000000	1346.44247980
2172.00000000	1301.69254564
2174.00000000	1301.03477065
2176.00000000	1294.57759985
2178.00000000	1284.33481632
2180.00000000	1308.47695935
2182.00000000	1351.70095830
2184.00000000	1320.34551201
2186.00000000	1293.16501360
2188.00000000	1287.56423118
2190.00000000	1287.19402724
2192.00000000	1330.08575571
2194.00000000	1328.37093848
2196.00000000	1315.07328848
2198.00000000	1345.82761046
2200.00000000	1377.53741422
2202.00000000	1336.87430861
2204.00000000	1311.20531508
2206.00000000	1324.10950836
2208.00000000	1310.74848796
2210.00000000	1286.19722627
2212.00000000	1309.51019836
2214.00000000	1311.75734070
2216.00000000	1276.74248557
2218.00000000	1331.72401863
2220.00000000	1376.19783825
2222.00000000	1361.53592098
2224.00000000	1337.14679747
2226.00000000	1359.34747523
2228.00000000	1385.78940351
2230.00000000	1371.98568305
2232.00000000	1300.30672814
2234.00000000	1249.89050660
2236.00000000	1328.95092329
2238.00000000	1306.15584381
2240.00000000	1296.45962060
2242.00000000	1355.14916811
2244.00000000	1306.24073947
2246.00000000	1277.07561616
2248.00000000	1323.07445280
2250.00000000	1336.88013493
2252.00000000	1271.64039704
2254.00000000	1287.75836681
2256.00000000	1289.41900630
2258.00000000	1317.38122185
2260.00000000	1372.78946706
2262.00000000	1344.93747428
2264.00000000	1337.53850969
2266.00000000	1344.24381895
2268.00000000	1365.62159958
2270.00000000	1394.93248887
2272.00000000	1359.87356668
2274.00000000	1364.54953370
2276.00000000	1379.20463061
2278.00000000	1351.50559195
2280.00000000	1322.55455681
2282.00000000	1316.99022610
2284.00000000	1373.25517224
2286.00000000	1391.45876528
2288.00000000	1326.39129769
2290.00000000	1349.65755050
2292.00000000	1358.43521455
2294.00000000	1340.63596254
2296.00000000	1322.86003618
2298.00000000	1308.10544723
2300.00000000	1347.30294105
2302.00000000	1335.36377950
2304.00000000	1311.01325733
2306.00000000	1330.63958466
2308.00000000	1313.15326395
2310.00000000	1357.44386052
2312.00000000	1348.34985356
2314.00000000	1299.72105741
2316.00000000	1340.98041163
2318.00000000	1356.62110153
2320.00000000	1357.18050529
2322.00000000	1316.22662697
2324.00000000	1287.66324419
2326.00000000	1371.01495602
2328.00000000	1368.28137511
2330.00000000	1373.65633624
2332.00000000	1399.39231089
2334.00000000	1372.77492146
2336.00000000	1363.67406092
2338.00000000	1368.74390760
2340.00000000	1348.18550829
2342.00000000	1324.18062839
2344.00000000	1343.73722358
2346.00000000	1363.60023094
2348.00000000	1394.14594627
2350.00000000	1390.95702355
2352.00000000	1342.39258605
2354.00000000	1332.84962537
2356.00000000	1389.65178898
2358.00000000	1370.27873060
2360.00000000	1318.01931152
2362.00000000	1336.02664442
2364.00000000	1334.98380919
2366.00000000	1324.84476423
2368.00000000	1364.28179488
2370.00000000	1412.28273553
2372.00000000	1399.99865252
2374.00000000	1390.92353783
2376.00000000	1374.12101218
2378.00000000	1357.35966024
2380.00000000	1376.01638650
2382.00000000	1413.03540577
2384.00000000	1365.00530895
2386.00000000	1325.47001263
2388.00000000	1357.08419737
2390.00000000	1380.97203292
2392.00000000	1315.86106130
2394.00000000	1309.11151744
2396.00000000	1343.26490619
2398.00000000	1383.68243798
2400.00000000	1402.03121448
2402.00000000	1356.15533049
2404.00000000	1341.41703734
2406.00000000	1353.23550199
2408.00000000	1357.24545428
2410.00000000	1358.94284473
2412.00000000	1376.54754305
2414.00000000	1379.87630553
2416.00000000	1377.80217646
2418.00000000	1382.39100011
2420.00000000	1374.91235200
2422.00000000	1342.62536950
2424.00000000	1356.47238893
2426.00000000	1386.41204374
2428.00000000	1405.86031678
2430.00000000	1420.76158586
2432.00000000	1378.05264985
2434.00000000	1332.17272679
2436.00000000	1353.42378866
2438.00000000	1392.10120276
2440.00000000	1372.82371291
2442.00000000	1394.89167589
2444.00000000	1391.13205479
2446.00000000	1404.35821318
2448.00000000	1413.30524061
2450.00000000	1356.85929191
2452.00000000	1439.33166312
2454.00000000	1432.79893391
2456.00000000	1376.73058109
2458.00000000	1384.83214695
2460.00000000	1380.13248514
2462.00000000	1384.74064963
2464.00000000	1402.27912020
2466.00000000	1379.14723481
2468.00000000	1363.64953495
2470.00000000	1423.92215038
2472.00000000	1366.74504646
2474.00000000	1361.15056120
2476.00000000	1386.38071891
2478.00000000	1377.91956527
2480.00000000	1401.24017084
2482.00000000	1383.30757718
2484.00000000	1409.89372800
2486.00000000	1463.79655843
2488.00000000	1457.29998743
2490.00000000	1413.80852960
2492.00000000	1450.52175125
2494.00000000	1384.84221387
2496.00000000	1359.43845328
2498.00000000	1420.82067434
2500.00000000	1381.11689445
2502.00000000	1395.20088829
2504.00000000	1413.93930911
2506.00000000	1393.11674134
2508.00000000	1346.33878757
2510.00000000	1323.44595167
2512.00000000	1385.92529890
2514.00000000	1442.53772608
2516.00000000	1447.10775724
2518.00000000	1424.16756392
2520.00000000	1415.29391436
2522.00000000	1428.46824410
2524.00000000	1403.42653487
2526.00000000	1380.50056119
2528.00000000	1396.54379149
2530.00000000	1424.33962426
2532.00000000	1433.06361179
2534.00000000	1422.82231867
2536.00000000	1413.80182203
2538.00000000	1433.55191860
2540.00000000	1449.72831220
2542.00000000	1401.78450920
2544.00000000	1399.66657094
2546.00000000	1440.27252510
2548.00000000	1429.41463396
2550.00000000	1393.44882350
2552.00000000	1442.13381715
2554.00000000	1440.17021291
2556.00000000	1414.51104164
2558.00000000	1406.09444443
2560.00000000	1402.81980377
2562.00000000	1397.36232334
2564.00000000	1415.64213227
2566.00000000	1400.70900516
2568.00000000	1404.45441493
2570.00000000	1404.36471905
2572.00000000	1382.96805945
2574.00000000	1464.93301101
2576.00000000	1419.96226344
2578.00000000	1412.36919519
2580.00000000	1457.76262288
2582.00000000	1428.10386133
2584.00000000	1402.17002733
2586.00000000	1408.64068703
2588.00000000	1466.90141859
2590.00000000	1468.76578959
2592.00000000	1429.85745875
2594.00000000	1457.82107749
2596.00000000	1387.55986025
2598.00000000	1364.88042806
2600.00000000	1431.81489118
2602.00000000	1456.93017245
2604.00000000	1400.30930382
2606.00000000	1408.16109719
2608.00000000	1396.76315278
2610.00000000	1426.32062186
2612.00000000	1442.96820772
2614.00000000	1430.48903079
2616.00000000	1488.20847187
2618.00000000	1440.47565246
2620.00000000	1407.60477760
2622.00000000	1463.07364933
2624.00000000	1472.56066796
2626.00000000	1388.80667802
2628.00000000	1436.03916663
2630.00000000	1464.37803162
2632.00000000	1470.97024001
2634.00000000	1462.31367181
2636.00000000	1447.66852442
2638.00000000	1481.96469772
2640.00000000	1476.37599492
2642.00000000	1454.40093943
2644.00000000	1489.11958659
2646.00000000	1516.52963710
2648.00000000	1454.45588645
2650.00000000	1422.58287080
2652.00000000	1433.89955051
2654.00000000	1459.88167270
2656.00000000	1454.76767399
2658.00000000	1442.84827734
2660.00000000	1486.47010410
2662.00000000	1506.76495961
2664.00000000	1488.60925598
2666.00000000	1449.10222579
2668.00000000	1449.05080385
2670.00000000	1493.93699820
2672.00000000	1484.61195835
2674.00000000	1464.22789482
2676.00000000	1474.29819885
2678.00000000	1504.70049486
2680.00000000	1519.42144337
2682.00000000	1512.90718601
2684.00000000	1516.26174502
2686.00000000	1486.49500600
2688.00000000	1442.28078736
2690.00000000	1445.77933969
2692.00000000	1482.75870031
2694.00000000	1478.18021135
2696.00000000	1469.49973180
2698.00000000	1467.66088172
2700.00000000	1483.60104248
2702.00000000	1483.67167764
2704.00000000	1445.52845555
2706.00000000	1427.96226593
2708.00000000	1448.32455369
2710.00000000	1473.14662180
2712.00000000	1537.43168510
2714.00000000	1591.77482050
2716.00000000	1542.67778657
2718.00000000	1495.58351041
2720.00000000	1581.80305802
2722.00000000	1561.22674187
2724.00000000	1511.64409867
2726.00000000	1545.32899376
2728.00000000	1546.80571378
2730.00000000	1551.63223223
2732.00000000	1528.91346871
2734.00000000	1530.98323488
2736.00000000	1574.37854618
2738.00000000	1568.80905253
2740.00000000	1489.66440253
2742.00000000	1501.36051212
2744.00000000	1515.53740527
2746.00000000	1505.00488608
2748.00000000	1482.28495642
2750.00000000	1471.93406493
2752.00000000	1505.44411301
2754.00000000	1543.36984037
2756.00000000	1515.40386263
2758.00000000	1488.44462338
2760.00000000	1545.48448348
2762.00000000	1594.25255819
2764.00000000	1501.16956822
2766.00000000	1433.26821619
2768.00000000	1523.99560752
2770.00000000	1534.61799343
2772.00000000	1504.37555238
2774.00000000	1555.23104321
2776.00000000	1556.55605096
2778.00000000	1549.04421960
2780.00000000	1527.79450514
2782.00000000	1523.00528410
2784.00000000	1521.41122244
2786.00000000	1527.30286442
2788.00000000	1560.62172641
2790.00000000	1536.19184590
2792.00000000	1514.56155683
2794.00000000	1544.36997276
2796.00000000	1561.75239046
2798.00000000	1543.40340542
2800.00000000	1536.58650274
2802.00000000	1515.84059362
2804.00000000	1543.69395447
2806.00000000	1588.26613733
2808.00000000	1592.54375350
2810.00000000	1553.01747063
2812.00000000	1536.14373746
2814.00000000	1585.35921077
2816.00000000	1572.68638586
2818.00000000	1577.43596473
2820.00000000	1576.45143682
2822.00000000	1548.36897611
2824.00000000	1525.22433737
2826.00000000	1496.35798035
2828.00000000	1545.16473380
2830.00000000	1621.85743928
2832.00000000	1626.42184332
2834.00000000	1602.20705570
2836.00000000	1616.77983189
2838.00000000	1627.86116578
2840.00000000	1653.75560367
2842.00000000	1712.93052484
2844.00000000	1691.75849964
2846.00000000	1706.97781113
2848.00000000	1788.34733845
2850.00000000	1791.34131235
2852.00000000	1827.78082609
2854.00000000	1860.02138106
2856.00000000	1878.24894900
2858.00000000	1946.84241539
2860.00000000	1974.03517115
2862.00000000	1920.55878154
2864.00000000	1980.43709184
2866.00000000	2056.86408702
2868.00000000	2052.29612190
2870.00000000	2057.46516359
2872.00000000	2181.31903378
2874.00000000	2310.46525985
2876.00000000	2280.77544578
2878.00000000	2228.20096293
2880.00000000	2238.20390825
2882.00000000	2228.32518701
2884.00000000	2248.20925834
2886.00000000	2241.47937857
2888.00000000	2194.18410503
2890.00000000	2274.50066364
2892.00000000	2268.78717349
2894.00000000	2280.04532879
2896.00000000	2298.18725812
2898.00000000	2330.80429748
2900.00000000	2375.82003946
2902.00000000	2378.14859253
2904.00000000	2394.01617980
2906.00000000	2475.24429346
2908.00000000	2482.52609312
2910.00000000	2566.20684383
2912.00000000	2678.13764131
2914.00000000	2655.14593703
2916.00000000	2615.24222930
2918.00000000	2646.67866474
2920.00000000	2709.58695615
2922.00000000	2776.34240636
2924.00000000	2847.10260080
2926.00000000	2865.40813339
2928.00000000	2821.71562002
2930.00000000	2852.00990438
2932.00000000	2966.58238714
2934.00000000	2871.85889030
2936.00000000	2771.32553814
2938.00000000	2786.80000415
2940.00000000	2834.27235315
2942.00000000	2795.20692093
2944.00000000	2655.64657359
2946.00000000	2679.11605465
2948.00000000	2625.04574559
2950.00000000	2559.23837161
2952.00000000	2553.97877013
2954.00000000	2518.48941781
2956.00000000	2403.53152339
2958.00000000	2332.53104565
2960.00000000	2444.07132694
2962.00000000	2397.10863663
2964.00000000	2417.83148943
2966.00000000	2433.49060354
2968.00000000	2378.82257856
2970.00000000	2410.64226890
2972.00000000	2353.11340024
2974.00000000	2249.14130714
2976.00000000	2307.84223704
2978.00000000	2289.92748665
2980.00000000	2248.25489045
2982.00000000	2240.61036616
2984.00000000	2177.20438534
2986.00000000	2160.90873837
2988.00000000	2077.44474248
2990.00000000	2097.17232815
2992.00000000	2090.93152344
2994.00000000	2073.64626183
2996.00000000	1965.99686393
2998.00000000	1796.71913454
3000.00000000	1874.25945361
3002.00000000	1912.47457350
3004.00000000	1799.49326414
3006.00000000	1768.24852907
3008.00000000	1783.32636888
3010.00000000	1763.63617594
3012.00000000	1758.33311230
3014.00000000	1756.79662534
3016.00000000	1738.72069196
3018.00000000	1785.26366997
3020.00000000	1756.77163835
3022.00000000	1724.07341696
3024.00000000	1710.87256368
3026.00000000	1667.75511209
3028.00000000	1673.02825089
3030.00000000	1738.53991215
3032.00000000	1655.92358653
3034.00000000	1667.06564198
3036.00000000	1679.53665809
3038.00000000	1677.10945099
3040.00000000	1681.49869559
3042.00000000	1679.93398739
3044.00000000	1697.43912379
3046.00000000	1655.60722466
3048.00000000	1731.10994405
3050.00000000	1712.27804661
3052.00000000	1679.30238630
3054.00000000	1680.64910042
3056.00000000	1679.08291729
3058.00000000	1741.69197299
3060.00000000	1817.85762985
3062.00000000	1769.30610957
3064.00000000	1760.30844560
3066.00000000	1786.86421269
3068.00000000	1729.93927593
3070.00000000	1643.12716143
3072.00000000	1651.65931491
3074.00000000	1698.82496511
3076.00000000	1662.93745024
3078.00000000	1623.73205505
3080.00000000	1691.35626646
3082.00000000	1722.89476943
3084.00000000	1644.73690652
3086.00000000	1595.70873054
3088.00000000	1616.41188770
3090.00000000	1593.05974465
3092.00000000	1605.70154988
3094.00000000	1664.91073740
3096.00000000	1611.46408238
3098.00000000	1570.71417688
3100.00000000	1615.01720797
3102.00000000	1654.38209958
3104.00000000	1618.12094750
3106.00000000	1551.75681892
3108.00000000	1558.69827607
3110.00000000	1555.71239936
3112.00000000	1627.27886229
3114.00000000	1634.21796492
3116.00000000	1587.16353380
3118.00000000	1605.61285810
3120.00000000	1644.88603625
3122.00000000	1623.43525037
3124.00000000	1606.16020926
3126.00000000	1640.23253299
3128.00000000	1635.75656400
3130.00000000	1655.44679419
3132.00000000	1621.38794150
3134.00000000	1595.89664727
3136.00000000	1639.58550120
3138.00000000	1621.62556269
3140.00000000	1643.00087890
3142.00000000	1635.35215962
3144.00000000	1583.78472744
3146.00000000	1709.42144429
3148.00000000	1739.37599712
3150.00000000	1605.14466174
3152.00000000	1578.22663715
3154.00000000	1646.97084320
3156.00000000	1648.54535488
3158.00000000	1610.01038182
3160.00000000	1548.92941144
3162.00000000	1631.09501302
3164.00000000	1607.34352780
3166.00000000	1551.00473167
3168.00000000	1617.75817191
3170.00000000	1656.38720558
3172.00000000	1613.72429008
3174.00000000	1578.57558307
3176.00000000	1592.72872575
3178.00000000	1576.14701927
3180.00000000	1611.88761380
3182.00000000	1640.85319556
3184.00000000	1617.20575669
3186.00000000	1647.69979662
3188.00000000	1703.63036437
3190.00000000	1664.16005124
3192.00000000	1682.26339681
3194.00000000	1607.41925695
3196.00000000	1627.45250900
3198.00000000	1621.70258715
3200.00000000	1643.59575085
3202.00000000	1643.69928852
3204.00000000	1586.64746420
3206.00000000	1617.93307579
3208.00000000	1659.98689750
3210.00000000	1759.98562084
3212.00000000	1639.19263684
3214.00000000	1631.55997380
3216.00000000	1650.87406609
3218.00000000	1628.03065634
3220.00000000	1654.31297730
3222.00000000	1650.74181851
3224.00000000	1601.80377905
3226.00000000	1647.85996227
3228.00000000	1595.97031857
3230.00000000	1624.06163207
3232.00000000	1729.98383801
3234.00000000	1731.04421819
3236.00000000	1656.44970536
3238.00000000	1652.91810296
3240.00000000	1664.39986040
3242.00000000	1636.03364203
3244.00000000	1659.33491495
3246.00000000	1621.61126724
3248.00000000	1682.69638683
3250.00000000	1637.81300385
3252.00000000	1607.43219551
3254.00000000	1633.78912546
3256.00000000	1681.40088635
3258.00000000	1706.07826005
3260.00000000	1696.36490573
3262.00000000	1699.93253110
3264.00000000	1691.02589736
3266.00000000	1745.19121011
3268.00000000	1705.53406305
3270.00000000	1660.39037883
3272.00000000	1617.52387457
3274.00000000	1644.20598336
3276.00000000	1739.04390187
3278.00000000	1764.79655458
3280.00000000	1699.41834613
3282.00000000	1684.95788594
3284.00000000	1756.95865090
3286.00000000	1707.79200895
3288.00000000	1641.96054652
3290.00000000	1696.29873648
3292.00000000	1674.08550320
3294.00000000	1720.37122336
3296.00000000	1800.24592792
3298.00000000	1752.93287118
3300.00000000	1694.49515671
3302.00000000	1629.19297475
3304.00000000	1666.71460112
3306.00000000	1601.56919559
3308.00000000	1709.60776373
3310.00000000	1695.37602597
3312.00000000	1684.32479942
3314.00000000	1792.59132227
3316.00000000	1827.34735868
3318.00000000	1767.71128638
3320.00000000	1735.68975521
3322.00000000	1724.54256805
3324.00000000	1748.58684031
3326.00000000	1680.69021215
3328.00000000	1678.92792997
3330.00000000	1685.81420478
3332.00000000	1637.52719885
3334.00000000	1687.69688962
3336.00000000	1797.38791039
3338.00000000	1749.60500760
3340.00000000	1635.32454193
3342.00000000	1665.60022335
3344.00000000	1717.31160691
3346.00000000	1729.41707669
3348.00000000	1668.18980916
3350.00000000	1719.02938349
3352.00000000	1750.05557712
3354.00000000	1704.97257067
3356.00000000	1712.89477859
3358.00000000	1747.87896027
3360.00000000	1711.41413914
3362.00000000	1677.59757791
3364.00000000	1712.76463788
3366.00000000	1712.11997447
3368.00000000	1663.11153478
3370.00000000	1753.89556339
3372.00000000	1661.38288529
3374.00000000	1736.05314187
3376.00000000	1759.07333815
3378.00000000	1710.77132640
3380.00000000	1691.80198414
3382.00000000	1696.40853947
3384.00000000	1710.77925089
3386.00000000	1658.74982640
3388.00000000	1740.94308276
3390.00000000	1735.78128657
3392.00000000	1647.17083990
3394.00000000	1676.56039006
3396.00000000	1682.95554851
3398.00000000	1679.49037101
3400.00000000	1730.85088641
3402.00000000	1734.46706329
3404.00000000	1687.23352193
3406.00000000	1662.40387994
3408.00000000	1686.73008147
3410.00000000	1737.65766400
3412.00000000	1623.10348604
3414.00000000	1640.84085901
3416.00000000	1666.37395927
3418.00000000	1649.48629008
3420.00000000	1667.70236815
3422.00000000	1661.88306421
3424.00000000	1655.18793363
3426.00000000	1660.88782208
3428.00000000	1676.03450064
3430.00000000	1673.85610472
3432.00000000	1666.49797424
3434.00000000	1758.08514606
3436.00000000	1743.99878366
3438.00000000	1708.15334500
3440.00000000	1681.93714388
3442.00000000	1608.87748435
3444.00000000	1684.30855079
3446.00000000	1700.20253660
3448.00000000	1612.73463217
3450.00000000	1621.72733318
3452.00000000	1693.77746994
3454.00000000	1688.20779750
3456.00000000	1612.39718842
3458.00000000	1585.90975519
3460.00000000	1677.40007979
3462.00000000	1657.51721273
3464.00000000	1652.18945488
3466.00000000	1636.35420588
3468.00000000	1633.50434636
3470.00000000	1576.55846800
3472.00000000	1605.65935416
3474.00000000	1637.10148528
3476.00000000	1668.23213514
3478.00000000	1679.95796003
3480.00000000	1630.75710864
3482.00000000	1620.53203658
3484.00000000	1612.53454028
3486.00000000	1663.87950531
3488.00000000	1674.87834621
3490.00000000	1662.66090200
3492.00000000	1629.48183392
3494.00000000	1615.21004074
3496.00000000	1649.43958806
3498.00000000	1672.99188183
3500.00000000	1592.12164924
3502.00000000	1623.56048729
3504.00000000	1637.51533041
3506.00000000	1566.70707819
3508.00000000	1636.62823405
3510.00000000	1666.95630885
3512.00000000	1624.47139376
3514.00000000	1628.04578661
3516.00000000	1669.79155606
3518.00000000	1675.76337022
3520.00000000	1619.03176066
3522.00000000	1580.21756289
3524.00000000	1611.25327328
3526.00000000	1595.10746030
3528.00000000	1643.75936312
3530.00000000	1638.93816691
3532.00000000	1593.96960015
3534.00000000	1582.86760439
3536.00000000	1588.91793599
3538.00000000	1613.43500318
3540.00000000	1577.62159580
3542.00000000	1699.71059860
3544.00000000	1720.79212339
3546.00000000	1591.53853056
3548.00000000	1706.71215766
3550.00000000	1623.79219553
3552.00000000	1584.72490330
3554.00000000	1590.95891489
3556.00000000	1586.99081112
3558.00000000	1620.18186333
3560.00000000	1650.16155822
3562.00000000	1636.99454889
3564.00000000	1632.53418496
3566.00000000	1636.04277807
3568.00000000	1615.98355349
3570.00000000	1623.76756121
3572.00000000	1632.63379929
3574.00000000	1607.44431468
3576.00000000	1646.96525361
3578.00000000	1634.23495129
3580.00000000	1625.61230377
3582.00000000	1574.88204921
3584.00000000	1611.82378287
3586.00000000	1604.48710080
3588.00000000	1561.43547573
3590.00000000	1569.08752980
3592.00000000	1592.05258587
3594.00000000	1626.65974540
3596.00000000	1659.63908539
3598.00000000	1631.04330320
3600.00000000	1557.32035525
3602.00000000	1556.47860597
3604.00000000	1605.84644069
3606.00000000	1576.67373444
3608.00000000	1657.01616809
3610.00000000	1587.29376608
3612.00000000	1654.98683420
3614.00000000	1656.17679366
3616.00000000	1527.46251263
3618.00000000	1622.14572922
3620.00000000	1614.16270687
3622.00000000	1649.39762757
3624.00000000	1621.04684650
3626.00000000	1610.33271550
3628.00000000	1704.83659226
3630.00000000	1637.67973386
3632.00000000	1547.80417577
3634.00000000	1613.64919388
3636.00000000	1607.47289099
3638.00000000	1600.09823027
3640.00000000	1642.47660872
3642.00000000	1558.37672832
3644.00000000	1569.44644446
3646.00000000	1632.80435146
3648.00000000	1591.30755454
3650.00000000	1574.93638463
3652.00000000	1592.65833259
3654.00000000	1655.16516065
3656.00000000	1640.76356055
3658.00000000	1668.31126862
3660.00000000	1579.51430557
3662.00000000	1562.72911542
3664.00000000	1572.92679823
3666.00000000	1543.52837962
3668.00000000	1551.11319199
3670.00000000	1565.88900134
3672.00000000	1580.62338179
3674.00000000	1618.74716712
3676.00000000	1619.35671768
3678.00000000	1615.97112370
3680.00000000	1634.58031849
3682.00000000	1542.43539355
3684.00000000	1659.85216948
3686.00000000	1631.12071700
3688.00000000	1538.45926958
3690.00000000	1572.60658380
3692.00000000	1561.69600301
3694.00000000	1584.60962331
3696.00000000	1592.50710724
3698.00000000	1599.68409889
3700.00000000	1589.18220030
3702.00000000	1607.04424635
3704.00000000	1623.93047822
3706.00000000	1562.39686831
3708.00000000	1571.48188321
3710.00000000	1562.01093816
3712.00000000	1591.02210942
3714.00000000	1605.35761087
3716.00000000	1557.62527430
3718.00000000	1586.49837058
3720.00000000	1568.10754918
3722.00000000	1548.68596986
3724.00000000	1585.75258566
3726.00000000	1642.49952588
3728.00000000	1660.14125139
3730.00000000	1668.92320611
3732.00000000	1566.30604773
3734.00000000	1680.19892254
3736.00000000	1576.75942858
3738.00000000	1566.48885744
3740.00000000	1618.62580102
3742.00000000	1597.41970247
3744.00000000	1595.93991147
3746.00000000	1565.14227663
3748.00000000	1574.17169091
3750.00000000	1626.44516868
3752.00000000	1634.08021783
3754.00000000	1625.46591137
3756.00000000	1533.39227770
3758.00000000	1544.05902769
3760.00000000	1537.61521307
3762.00000000	1601.24427540
3764.00000000	1641.92894095
3766.00000000	1571.60198377
3768.00000000	1546.25693317
3770.00000000	1542.48257862
3772.00000000	1601.07880709
3774.00000000	1617.04495218
3776.00000000	1627.77527076
3778.00000000	1625.12924145
3780.00000000	1567.45230360
3782.00000000	1634.88520842
3784.00000000	1577.90509920
3786.00000000	1642.62260824
3788.00000000	1557.94491749
3790.00000000	1568.45916514
3792.00000000	1530.16596585
3794.00000000	1550.94832850
3796.00000000	1656.46018270
3798.00000000	1615.77293608
3800.00000000	1549.19660395
