400.00000000	749.86152189
402.00000000	769.42503349
404.00000000	755.66671432
406.00000000	734.43011995
408.00000000	742.78457845
410.00000000	744.33984558
412.00000000	728.44872125
414.00000000	717.71807444
416.00000000	702.79007095
418.00000000	690.35253088
420.00000000	734.66001283
422.00000000	792.38134034
424.00000000	780.41303901
426.00000000	751.31823501
428.00000000	745.19379316
430.00000000	741.21304793
432.00000000	737.43002939
434.00000000	742.33739909
436.00000000	759.70615083
438.00000000	764.48618635
440.00000000	725.77822864
442.00000000	724.23053926
444.00000000	784.14657282
446.00000000	775.49271702
448.00000000	720.38947436
450.00000000	717.39939295
452.00000000	747.97851364
454.00000000	768.55351951
456.00000000	745.92027132
458.00000000	712.54562416
460.00000000	710.25322037
462.00000000	736.11651414
464.00000000	752.36355253
466.00000000	724.18806807
468.00000000	730.73392935
470.00000000	780.30964553
472.00000000	751.14162381
474.00000000	703.17233887
476.00000000	733.03015681
478.00000000	760.58927152
480.00000000	755.17040124
482.00000000	752.79097531
484.00000000	736.62589856
486.00000000	706.72564546
488.00000000	717.92567595
490.00000000	756.30322215
492.00000000	773.44065488
494.00000000	759.02561569
496.00000000	734.75095268
498.00000000	739.11922145
500.00000000	750.37626700
502.00000000	746.78974723
504.00000000	750.47714842
506.00000000	759.78836186
508.00000000	762.16261345
510.00000000	776.68427479
512.00000000	794.85594912
514.00000000	775.43501991
516.00000000	739.38998601
518.00000000	729.33766201
520.00000000	770.88366517
522.00000000	811.08159487
524.00000000	780.49875476
526.00000000	762.50166715
528.00000000	788.51727359
530.00000000	788.51806898
532.00000000	774.84928557
534.00000000	775.57613068
536.00000000	769.12987401
538.00000000	763.92401323
540.00000000	782.50346773
542.00000000	793.73121023
544.00000000	787.69012619
546.00000000	792.95985964
548.00000000	795.23749674
550.00000000	781.27567576
552.00000000	781.19901130
554.00000000	783.65292226
556.00000000	761.03268071
558.00000000	758.88481362
560.00000000	778.25202437
562.00000000	757.58556121
564.00000000	740.63107960
566.00000000	770.99255980
568.00000000	797.78189083
570.00000000	809.45171789
572.00000000	818.11311622
574.00000000	790.81036025
576.00000000	745.27744575
578.00000000	751.84263748
580.00000000	763.45487881
582.00000000	745.12198891
584.00000000	766.83004402
586.00000000	800.77070752
588.00000000	780.98572533
590.00000000	748.53225374
592.00000000	740.50746444
594.00000000	761.05493128
596.00000000	781.51427160
598.00000000	790.43336255
600.00000000	817.44854218
602.00000000	833.80001394
604.00000000	810.92797872
606.00000000	814.17223777
608.00000000	827.34465372
610.00000000	778.46783926
612.00000000	745.71020723
614.00000000	771.07852406
616.00000000	789.54119038
618.00000000	794.79068413
620.00000000	803.96254892
622.00000000	814.67966582
624.00000000	822.57753079
626.00000000	826.07445340
628.00000000	831.18711563
630.00000000	825.21171036
632.00000000	784.93792419
634.00000000	767.97014688
636.00000000	804.89761168
638.00000000	828.04314181
640.00000000	831.52426449
642.00000000	847.50486222
644.00000000	890.41238260
646.00000000	915.98424756
648.00000000	863.20596751
650.00000000	824.90220262
652.00000000	849.98531121
654.00000000	869.50969233
656.00000000	847.10617949
658.00000000	800.88758694
660.00000000	815.31990117
662.00000000	865.11722838
664.00000000	873.00710700
666.00000000	859.53094366
668.00000000	856.49010015
670.00000000	877.50769152
672.00000000	891.41751151
674.00000000	883.50360626
676.00000000	881.47705044
678.00000000	876.26102803
680.00000000	857.35094737
682.00000000	854.63340300
684.00000000	868.03534109
686.00000000	874.47810713
688.00000000	863.43391763
690.00000000	855.34165832
692.00000000	885.99888064
694.00000000	912.33371505
696.00000000	905.08925160
698.00000000	894.98218009
700.00000000	885.08641362
702.00000000	876.19845076
704.00000000	897.20913267
706.00000000	917.99333895
708.00000000	893.71957720
710.00000000	883.52018015
712.00000000	913.64943340
714.00000000	951.18664828
716.00000000	954.33513706
718.00000000	925.55108952
720.00000000	926.31635347
722.00000000	949.95776302
724.00000000	969.74205151
726.00000000	988.25747147
728.00000000	1004.62647795
730.00000000	1010.46301630
732.00000000	990.79895009
734.00000000	962.69176860
736.00000000	963.77342963
738.00000000	986.03128787
740.00000000	1023.23469220
742.00000000	1083.59402411
744.00000000	1145.77205250
746.00000000	1192.28611827
748.00000000	1232.13404263
750.00000000	1252.38637574
752.00000000	1233.59772314
754.00000000	1176.49836462
756.00000000	1108.08030115
758.00000000	1062.79032226
760.00000000	1038.06988577
762.00000000	1023.21559735
764.00000000	1009.44658684
766.00000000	996.94493834
768.00000000	994.43842148
770.00000000	1014.84874962
772.00000000	1043.21946256
774.00000000	1055.42279937
776.00000000	1036.79377843
778.00000000	1007.50278071
780.00000000	1005.19766935
782.00000000	1055.81697223
784.00000000	1107.82374485
786.00000000	1087.74735019
788.00000000	1055.57937079
790.00000000	1042.10413016
792.00000000	1024.04746802
794.00000000	1016.87866370
796.00000000	1025.35599182
798.00000000	1026.53021292
800.00000000	1027.23767878
802.00000000	1035.33696313
804.00000000	1039.03324183
806.00000000	1048.15995707
808.00000000	1068.15163726
810.00000000	1066.80804919
812.00000000	1058.88700421
814.00000000	1072.72170661
816.00000000	1064.85803838
818.00000000	1052.04525729
820.00000000	1088.96292418
822.00000000	1105.38934769
824.00000000	1080.20264879
826.00000000	1075.16603714
828.00000000	1077.48923312
830.00000000	1081.22480998
832.00000000	1117.68181209
834.00000000	1117.73790582
836.00000000	1057.83363789
838.00000000	1070.16429062
840.00000000	1113.10369377
842.00000000	1095.48063055
844.00000000	1067.75499867
846.00000000	1061.83719564
848.00000000	1075.80771236
850.00000000	1091.74430441
852.00000000	1099.56702963
854.00000000	1100.46187860
856.00000000	1102.02167608
858.00000000	1109.73077045
860.00000000	1119.74017706
862.00000000	1102.37391174
864.00000000	1069.22752128
866.00000000	1084.16199132
868.00000000	1122.51414275
870.00000000	1145.92166677
872.00000000	1152.34458661
874.00000000	1130.64652048
876.00000000	1091.76944817
878.00000000	1095.05208011
880.00000000	1115.48584406
882.00000000	1110.49932708
884.00000000	1122.75001163
886.00000000	1151.35961716
888.00000000	1166.90445899
890.00000000	1175.50829577
892.00000000	1174.86749753
894.00000000	1158.77857509
896.00000000	1153.53935579
898.00000000	1159.69599802
900.00000000	1153.53799670
902.00000000	1153.49023139
904.00000000	1160.90229909
906.00000000	1150.80655913
908.00000000	1145.06760793
910.00000000	1154.06556368
912.00000000	1157.02174775
914.00000000	1185.36171702
916.00000000	1242.41916800
918.00000000	1258.48657369
920.00000000	1236.98005066
922.00000000	1214.93020321
924.00000000	1218.07347064
926.00000000	1246.67721885
928.00000000	1279.86632763
930.00000000	1283.48346610
932.00000000	1267.80784249
934.00000000	1255.68698791
936.00000000	1229.12817194
938.00000000	1210.01871049
940.00000000	1230.50623616
942.00000000	1253.67984635
944.00000000	1269.05769500
946.00000000	1285.16732725
948.00000000	1266.60027418
950.00000000	1244.72219029
952.00000000	1279.11619519
954.00000000	1263.65153110
956.00000000	1208.92118154
958.00000000	1247.69071403
960.00000000	1315.09220325
962.00000000	1337.40559032
964.00000000	1312.08600989
966.00000000	1304.78189155
968.00000000	1326.97218118
970.00000000	1313.35370561
972.00000000	1312.95357772
974.00000000	1334.34723206
976.00000000	1290.88184453
978.00000000	1249.76646857
980.00000000	1271.04287848
982.00000000	1306.76270904
984.00000000	1339.81288308
986.00000000	1356.14170923
988.00000000	1329.42077383
990.00000000	1334.61607946
992.00000000	1400.30907717
994.00000000	1396.87385685
996.00000000	1365.33966122
998.00000000	1384.00396379
1000.00000000	1412.94045195
1002.00000000	1447.97094409
1004.00000000	1486.95945843
1006.00000000	1478.51195840
1008.00000000	1444.47427860
1010.00000000	1423.18314047
1012.00000000	1384.52958259
1014.00000000	1342.04456910
1016.00000000	1328.42254723
1018.00000000	1337.72882433
1020.00000000	1338.23352634
1022.00000000	1309.48068985
1024.00000000	1292.76137978
1026.00000000	1303.32315810
1028.00000000	1323.89732896
1030.00000000	1322.05983734
1032.00000000	1321.92346583
1034.00000000	1360.53040120
1036.00000000	1389.35815463
1038.00000000	1375.37548107
1040.00000000	1337.07308149
1042.00000000	1365.54049537
1044.00000000	1403.18766754
1046.00000000	1348.86377697
1048.00000000	1346.77989707
1050.00000000	1396.24077961
1052.00000000	1393.11507562
1054.00000000	1391.14311760
1056.00000000	1402.43734394
1058.00000000	1395.69973859
1060.00000000	1392.84208464
1062.00000000	1414.41742064
1064.00000000	1456.03808546
1066.00000000	1469.60617546
1068.00000000	1463.09659571
1070.00000000	1476.98814508
1072.00000000	1482.44085387
1074.00000000	1457.40657972
1076.00000000	1416.55288146
1078.00000000	1430.24185218
1080.00000000	1481.63655321
1082.00000000	1499.44651865
1084.00000000	1498.52086985
1086.00000000	1475.75902694
1088.00000000	1424.46579045
1090.00000000	1414.10300176
1092.00000000	1437.33354218
1094.00000000	1430.69452165
1096.00000000	1390.94887722
1098.00000000	1372.81575474
1100.00000000	1421.61243211
1102.00000000	1450.71021843
1104.00000000	1438.72668076
1106.00000000	1426.87531270
1108.00000000	1434.50029355
1110.00000000	1453.56090740
1112.00000000	1460.76015483
1114.00000000	1441.76727468
1116.00000000	1429.56232745
1118.00000000	1465.38956223
1120.00000000	1524.83327636
1122.00000000	1568.36612495
1124.00000000	1575.40152757
1126.00000000	1581.07764306
1128.00000000	1635.10404639
1130.00000000	1724.24190501
1132.00000000	1695.50176843
1134.00000000	1585.14545223
1136.00000000	1506.61992943
1138.00000000	1457.82524848
1140.00000000	1420.13901167
1142.00000000	1390.60766312
1144.00000000	1393.14311450
1146.00000000	1396.11105239
1148.00000000	1376.40771526
1150.00000000	1379.36175984
1152.00000000	1381.62171967
1154.00000000	1373.15168515
1156.00000000	1417.03836118
1158.00000000	1446.14249863
1160.00000000	1415.13016033
1162.00000000	1406.01245743
1164.00000000	1431.13461999
1166.00000000	1448.90373869
1168.00000000	1409.77471188
1170.00000000	1393.10314412
1172.00000000	1443.46866944
1174.00000000	1492.74513566
1176.00000000	1477.03596891
1178.00000000	1412.33135777
1180.00000000	1385.11541396
1182.00000000	1377.40865423
1184.00000000	1377.19964999
1186.00000000	1396.57362756
1188.00000000	1373.13215647
1190.00000000	1315.97452471
1192.00000000	1300.96924740
1194.00000000	1316.10790015
1196.00000000	1329.92919502
1198.00000000	1326.61911846
1200.00000000	1333.22682271
1202.00000000	1345.67845906
1204.00000000	1344.86322779
1206.00000000	1354.81364192
1208.00000000	1388.52681265
1210.00000000	1424.11955634
1212.00000000	1398.44728114
1214.00000000	1368.17725506
1216.00000000	1395.95558921
1218.00000000	1408.96543299
1220.00000000	1405.13004970
1222.00000000	1418.30673090
1224.00000000	1455.69488695
1226.00000000	1457.89002906
1228.00000000	1427.64588439
1230.00000000	1474.10875529
1232.00000000	1513.01465465
1234.00000000	1484.82050915
1236.00000000	1454.67371745
1238.00000000	1444.72874829
1240.00000000	1453.18129744
1242.00000000	1465.58930694
1244.00000000	1452.49014348
1246.00000000	1425.34099245
1248.00000000	1429.18299269
1250.00000000	1473.66338906
1252.00000000	1493.89748326
1254.00000000	1427.93671565
1256.00000000	1368.64455517
1258.00000000	1372.99933492
1260.00000000	1414.12854232
1262.00000000	1388.43339886
1264.00000000	1358.30066825
1266.00000000	1395.90158320
1268.00000000	1415.66306428
1270.00000000	1416.66271567
1272.00000000	1418.06313022
1274.00000000	1402.83350973
1276.00000000	1390.29628804
1278.00000000	1386.57956076
1280.00000000	1373.61435335
1282.00000000	1385.93475792
1284.00000000	1415.77508420
1286.00000000	1416.62262099
1288.00000000	1422.61851995
1290.00000000	1421.01291490
1292.00000000	1387.82575691
1294.00000000	1420.60387814
1296.00000000	1479.71338436
1298.00000000	1488.96288739
1300.00000000	1532.69495612
1302.00000000	1608.74379307
1304.00000000	1648.63144159
1306.00000000	1599.57571418
1308.00000000	1589.54478338
1310.00000000	1650.16301335
1312.00000000	1610.21421532
1314.00000000	1563.94733140
1316.00000000	1564.66116675
1318.00000000	1537.94763308
1320.00000000	1526.74775459
1322.00000000	1528.11032517
1324.00000000	1499.15635147
1326.00000000	1489.00293388
1328.00000000	1490.62572382
1330.00000000	1482.12448375
1332.00000000	1523.10308413
1334.00000000	1592.47527873
1336.00000000	1631.47262825
1338.00000000	1617.22250906
1340.00000000	1600.79820976
1342.00000000	1589.13489575
1344.00000000	1516.07076870
1346.00000000	1460.96544670
1348.00000000	1465.08226593
1350.00000000	1480.89227017
1352.00000000	1476.02234383
1354.00000000	1455.87736654
1356.00000000	1446.04807817
1358.00000000	1451.35045941
1360.00000000	1457.95720814
1362.00000000	1453.35766013
1364.00000000	1447.11307279
1366.00000000	1453.61223611
1368.00000000	1465.64128526
1370.00000000	1452.73085569
1372.00000000	1440.49216624
1374.00000000	1419.84398865
1376.00000000	1353.08721333
1378.00000000	1325.06180285
1380.00000000	1354.27227344
1382.00000000	1383.38206936
1384.00000000	1378.88160060
1386.00000000	1387.23016694
1388.00000000	1423.46920464
1390.00000000	1374.06120461
1392.00000000	1328.63423399
1394.00000000	1368.94871663
1396.00000000	1420.56830005
1398.00000000	1414.55810002
1400.00000000	1380.06216160
1402.00000000	1393.76424699
1404.00000000	1361.52852924
1406.00000000	1310.08949499
1408.00000000	1313.81348188
1410.00000000	1273.65553615
1412.00000000	1249.17082684
1414.00000000	1294.56027625
1416.00000000	1292.98388082
1418.00000000	1261.94765099
1420.00000000	1268.66378059
1422.00000000	1329.06291066
1424.00000000	1307.98833387
1426.00000000	1254.67437453
1428.00000000	1321.73074803
1430.00000000	1382.63475454
1432.00000000	1375.79691768
1434.00000000	1335.13787899
1436.00000000	1324.21817917
1438.00000000	1327.07940847
1440.00000000	1339.49949508
1442.00000000	1397.39081904
1444.00000000	1410.85862576
1446.00000000	1383.26022810
1448.00000000	1403.27955470
1450.00000000	1424.59989263
1452.00000000	1419.68658108
1454.00000000	1406.40655292
1456.00000000	1421.22436600
1458.00000000	1425.01457819
1460.00000000	1390.57474222
1462.00000000	1358.75196218
1464.00000000	1360.27042562
1466.00000000	1353.22923805
1468.00000000	1289.88545066
1470.00000000	1299.23007441
1472.00000000	1317.80495826
1474.00000000	1261.10576515
1476.00000000	1289.90128660
1478.00000000	1331.63942786
1480.00000000	1304.38654543
1482.00000000	1273.40495900
1484.00000000	1266.24139502
1486.00000000	1280.86903210
1488.00000000	1288.23746203
1490.00000000	1232.47555922
1492.00000000	1176.79881377
1494.00000000	1190.24868994
1496.00000000	1206.59795412
1498.00000000	1180.85459653
1500.00000000	1139.09563406
1502.00000000	1147.06307051
1504.00000000	1149.40007676
1506.00000000	1152.16608546
1508.00000000	1189.58718261
1510.00000000	1179.56030257
1512.00000000	1156.67582111
1514.00000000	1171.18633551
1516.00000000	1181.14359617
1518.00000000	1171.78198066
1520.00000000	1169.53264138
1522.00000000	1196.64825220
1524.00000000	1170.30052526
1526.00000000	1148.80313028
1528.00000000	1210.30854247
1530.00000000	1247.27087843
1532.00000000	1229.19176174
1534.00000000	1197.14554343
1536.00000000	1204.70612736
1538.00000000	1211.26355239
1540.00000000	1207.49489846
1542.00000000	1220.07077224
1544.00000000	1239.71831625
1546.00000000	1231.70433338
1548.00000000	1212.54298194
1550.00000000	1259.31490667
1552.00000000	1259.03559586
1554.00000000	1223.19968868
1556.00000000	1273.25837363
1558.00000000	1291.25874916
1560.00000000	1258.70992875
1562.00000000	1241.35036781
1564.00000000	1271.36723927
1566.00000000	1286.97089187
1568.00000000	1286.97786094
1570.00000000	1342.45529833
1572.00000000	1391.82620130
1574.00000000	1394.84346219
1576.00000000	1380.56113591
1578.00000000	1420.95219307
1580.00000000	1431.16501741
1582.00000000	1408.29969885
1584.00000000	1475.53787689
1586.00000000	1492.74690717
1588.00000000	1434.11995791
1590.00000000	1379.88268588
1592.00000000	1329.47519722
1594.00000000	1324.68052985
1596.00000000	1340.11904435
1598.00000000	1277.62036358
1600.00000000	1259.77866772
1602.00000000	1297.60594853
1604.00000000	1297.51797832
1606.00000000	1266.35991220
1608.00000000	1262.44518940
1610.00000000	1289.43703139
1612.00000000	1269.78048851
1614.00000000	1220.28789744
1616.00000000	1200.24592729
1618.00000000	1233.03536780
1620.00000000	1235.70303508
1622.00000000	1207.75072434
1624.00000000	1191.72821961
1626.00000000	1206.83936110
1628.00000000	1212.76532008
1630.00000000	1210.38241316
1632.00000000	1220.03930554
1634.00000000	1200.41958017
1636.00000000	1166.12129192
1638.00000000	1154.69284864
1640.00000000	1183.53329376
1642.00000000	1236.39496678
1644.00000000	1277.88140885
1646.00000000	1280.58192097
1648.00000000	1258.90004979
1650.00000000	1260.63951323
1652.00000000	1277.19448723
1654.00000000	1249.47854273
1656.00000000	1259.99652172
1658.00000000	1294.18576661
1660.00000000	1292.23354543
1662.00000000	1294.40200585
1664.00000000	1262.87106816
1666.00000000	1226.51212619
1668.00000000	1278.61628321
1670.00000000	1317.27820884
1672.00000000	1302.34680622
1674.00000000	1263.21989289
1676.00000000	1230.14173201
1678.00000000	1248.76802140
1680.00000000	1292.55545774
1682.00000000	1279.42043094
1684.00000000	1210.06346783
1686.00000000	1177.62902919
1688.00000000	1221.30033068
1690.00000000	1240.66670193
1692.00000000	1212.95187920
1694.00000000	1156.48763996
1696.00000000	1107.00049700
1698.00000000	1107.11795139
1700.00000000	1143.19636515
1702.00000000	1143.19636515
1704.00000000	1143.19636515
1706.00000000	1143.19636515
1708.00000000	1143.19636515
1710.00000000	1143.19636515
1712.00000000	1143.19636515
1714.00000000	1143.19636515
1716.00000000	1090.11389986
1718.00000000	1030.05559610
1720.00000000	1012.03648549
1722.00000000	1053.63892035
1724.00000000	1075.85740407
1726.00000000	1018.92267243
1728.00000000	1022.14022940
1730.00000000	1062.49373378
1732.00000000	1032.78517221
1734.00000000	1040.38591308
1736.00000000	1065.94957654
1738.00000000	1070.00383604
1740.00000000	1068.90736099
1742.00000000	1063.27068983
1744.00000000	1036.36990361
1746.00000000	1009.42757813
1748.00000000	1049.01534892
1750.00000000	1059.69934860
1752.00000000	1026.57213437
1754.00000000	1017.53859861
1756.00000000	1012.43412301
1758.00000000	1009.50185587
1760.00000000	1011.74909333
1762.00000000	1011.15348688
1764.00000000	1006.33008539
1766.00000000	1006.72133274
1768.00000000	1016.96385622
1770.00000000	1024.01147373
1772.00000000	1018.29751916
1774.00000000	1005.66807598
1776.00000000	1002.97631246
1778.00000000	1019.15986851
1780.00000000	1024.97621922
1782.00000000	1007.83620214
1784.00000000	996.69855460
1786.00000000	1022.76399178
1788.00000000	1054.54706297
1790.00000000	1051.60162634
1792.00000000	1025.23805956
1794.00000000	1013.38451604
1796.00000000	996.71659222
1798.00000000	978.72372948
1800.00000000	1067.57761861
1802.00000000	1089.16588676
1804.00000000	1022.72175874
1806.00000000	1031.81131321
1808.00000000	1032.40894358
1810.00000000	1019.06590592
1812.00000000	1013.61275187
1814.00000000	998.32440991
1816.00000000	988.73939280
1818.00000000	1007.78688218
1820.00000000	1036.66808283
1822.00000000	1015.13096837
1824.00000000	1014.46669904
1826.00000000	1055.57136314
1828.00000000	1081.67608759
1830.00000000	1054.30269033
1832.00000000	1046.81768349
1834.00000000	1068.71943413
1836.00000000	1048.65433891
1838.00000000	1006.98691997
1840.00000000	1003.11989425
1842.00000000	1032.60194234
1844.00000000	1025.48504180
1846.00000000	1017.85992378
1848.00000000	1021.38349854
1850.00000000	1030.52632088
1852.00000000	1051.06998523
1854.00000000	1046.39319415
1856.00000000	1010.21388014
1858.00000000	983.72901470
1860.00000000	1012.72916435
1862.00000000	1016.71786135
1864.00000000	1012.71770314
1866.00000000	1058.89232885
1868.00000000	1040.89613406
1870.00000000	1046.35894861
1872.00000000	1095.19773138
1874.00000000	1090.09573042
1876.00000000	1089.63629341
1878.00000000	1078.22424631
1880.00000000	1033.92693709
1882.00000000	1000.93540662
1884.00000000	1036.87924174
1886.00000000	1051.38177843
1888.00000000	1008.67976779
1890.00000000	1027.72107198
1892.00000000	1023.05931699
1894.00000000	1013.79951249
1896.00000000	1048.49360709
1898.00000000	1059.34801737
1900.00000000	1056.06781668
1902.00000000	1052.70839506
1904.00000000	1051.67504835
1906.00000000	1058.55113081
1908.00000000	1043.66027892
1910.00000000	1037.63062389
1912.00000000	1072.88489649
1914.00000000	1065.86708979
1916.00000000	1033.38808784
1918.00000000	1028.67816632
1920.00000000	1060.32992654
1922.00000000	1062.90310285
1924.00000000	1064.21510883
1926.00000000	1085.53964702
1928.00000000	1091.04426898
1930.00000000	1052.10385560
1932.00000000	1037.54066798
1934.00000000	1064.91307093
1936.00000000	1067.99269669
1938.00000000	1060.59454819
1940.00000000	1037.26281229
1942.00000000	1016.41154910
1944.00000000	1035.61191895
1946.00000000	1035.42066092
1948.00000000	1031.27461006
1950.00000000	1048.46879015
1952.00000000	1060.48336217
1954.00000000	1059.31029935
1956.00000000	1061.85730188
1958.00000000	1083.35087835
1960.00000000	1108.24992862
1962.00000000	1086.95250637
1964.00000000	1065.71011278
1966.00000000	1098.43076757
1968.00000000	1140.13339398
1970.00000000	1094.90301931
1972.00000000	1050.51289646
1974.00000000	1086.00272664
1976.00000000	1099.85410325
1978.00000000	1062.36401264
1980.00000000	1021.48296575
1982.00000000	1022.22954988
1984.00000000	1041.66264154
1986.00000000	1033.16898509
1988.00000000	1050.10311822
1990.00000000	1101.69385697
1992.00000000	1078.10177057
1994.00000000	1075.40413207
1996.00000000	1087.47237074
1998.00000000	1062.35705883
2000.00000000	1039.87437500
2002.00000000	1064.61128386
2004.00000000	1095.77172367
2006.00000000	1081.13465163
2008.00000000	1042.43689414
2010.00000000	1029.24373048
2012.00000000	1053.15550411
2014.00000000	1083.12400566
2016.00000000	1079.26656549
2018.00000000	1055.68672055
2020.00000000	1067.30621190
2022.00000000	1106.44493484
2024.00000000	1088.10781863
2026.00000000	1055.58189631
2028.00000000	1056.04895518
2030.00000000	1090.71991761
2032.00000000	1119.76998601
2034.00000000	1107.15944386
2036.00000000	1060.46712396
2038.00000000	1042.55903549
2040.00000000	1104.46406374
2042.00000000	1141.47984057
2044.00000000	1122.17241785
2046.00000000	1094.13810100
2048.00000000	1095.38000383
2050.00000000	1067.68257753
2052.00000000	1071.72137236
2054.00000000	1111.65465080
2056.00000000	1096.20668870
2058.00000000	1051.57290805
2060.00000000	1078.63148853
2062.00000000	1146.74802350
2064.00000000	1134.40953865
2066.00000000	1084.12574241
2068.00000000	1070.91990664
2070.00000000	1109.74438067
2072.00000000	1149.72908628
2074.00000000	1139.04724063
2076.00000000	1110.18696735
2078.00000000	1097.15620362
2080.00000000	1110.44099380
2082.00000000	1144.42193665
2084.00000000	1128.60960548
2086.00000000	1086.32174717
2088.00000000	1079.05636482
2090.00000000	1096.95257627
2092.00000000	1132.69414945
2094.00000000	1121.21228949
2096.00000000	1066.33502848
2098.00000000	1082.27948554
2100.00000000	1130.08587603
2102.00000000	1135.82969996
2104.00000000	1121.81848536
2106.00000000	1159.03015116
2108.00000000	1138.12473125
2110.00000000	1099.84797070
2112.00000000	1100.07152838
2114.00000000	1121.48489841
2116.00000000	1148.51647768
2118.00000000	1139.55056840
2120.00000000	1116.68511066
2122.00000000	1130.58473592
2124.00000000	1152.55150068
2126.00000000	1145.02710659
2128.00000000	1153.51491199
2130.00000000	1187.36910269
2132.00000000	1146.63102142
2134.00000000	1136.53319327
2136.00000000	1167.60101967
2138.00000000	1179.01513790
2140.00000000	1155.59811490
2142.00000000	1130.24308364
2144.00000000	1140.29993652
2146.00000000	1143.02522353
2148.00000000	1098.52534088
2150.00000000	1144.78443548
2152.00000000	1137.21217706
2154.00000000	1108.74002432
2156.00000000	1179.51724002
2158.00000000	1153.89570111
2160.00000000	1100.27959095
2162.00000000	1097.96971459
2164.00000000	1129.96295918
2166.00000000	1137.15500787
2168.00000000	1115.38990047
2170.00000000	1128.61407216
2172.00000000	1163.30798926
2174.00000000	1136.87142409
2176.00000000	1133.97128050
2178.00000000	1154.53871402
2180.00000000	1161.03491106
2182.00000000	1159.19402788
2184.00000000	1189.38961522
2186.00000000	1154.66405450
2188.00000000	1099.06977375
2190.00000000	1126.14604478
2192.00000000	1191.61611554
2194.00000000	1195.41255038
2196.00000000	1143.80877030
2198.00000000	1135.31210599
2200.00000000	1208.64765723
2202.00000000	1194.52930119
2204.00000000	1174.12298273
2206.00000000	1189.85188414
2208.00000000	1184.71304704
2210.00000000	1186.30601804
2212.00000000	1178.03832454
2214.00000000	1149.17954285
2216.00000000	1131.36124975
2218.00000000	1162.00949432
2220.00000000	1176.37746758
2222.00000000	1162.26820863
2224.00000000	1167.14618778
2226.00000000	1219.25956713
2228.00000000	1247.27194815
2230.00000000	1187.07838540
2232.00000000	1129.37344591
2234.00000000	1164.29610279
2236.00000000	1205.03682778
2238.00000000	1218.65247895
2240.00000000	1219.58331774
2242.00000000	1222.84119245
2244.00000000	1211.64644801
2246.00000000	1160.28562064
2248.00000000	1174.86341182
2250.00000000	1229.21826364
2252.00000000	1231.37942985
2254.00000000	1234.61392981
2256.00000000	1244.32382930
2258.00000000	1236.84447407
2260.00000000	1219.24734494
2262.00000000	1221.23682351
2264.00000000	1215.86849969
2266.00000000	1217.54231590
2268.00000000	1235.25887695
2270.00000000	1244.83926896
2272.00000000	1223.86930528
2274.00000000	1228.66622823
2276.00000000	1258.64944667
2278.00000000	1264.31513439
2280.00000000	1228.99387229
2282.00000000	1219.35103351
2284.00000000	1230.84106403
2286.00000000	1252.24896366
2288.00000000	1272.23325511
2290.00000000	1264.84700932
2292.00000000	1274.16989104
2294.00000000	1244.90943786
2296.00000000	1229.90613150
2298.00000000	1312.18754823
2300.00000000	1266.00906170
2302.00000000	1256.27943947
2304.00000000	1287.28624677
2306.00000000	1245.60890848
2308.00000000	1208.40598699
2310.00000000	1266.69657889
2312.00000000	1296.90958570
2314.00000000	1249.94020767
2316.00000000	1227.81983423
2318.00000000	1256.50987966
2320.00000000	1257.74681305
2322.00000000	1237.41146771
2324.00000000	1238.70469704
2326.00000000	1258.40443363
2328.00000000	1285.59745562
2330.00000000	1292.64095065
2332.00000000	1298.01146300
2334.00000000	1307.64937872
2336.00000000	1267.12416280
2338.00000000	1234.35757617
2340.00000000	1225.01647934
2342.00000000	1228.59387803
2344.00000000	1242.79422368
2346.00000000	1259.94466499
2348.00000000	1270.91002332
2350.00000000	1256.85200430
2352.00000000	1234.87563286
2354.00000000	1244.32459521
2356.00000000	1246.57747933
2358.00000000	1253.25809351
2360.00000000	1239.25413041
2362.00000000	1212.03003028
2364.00000000	1255.42085938
2366.00000000	1284.69735689
2368.00000000	1303.24424982
2370.00000000	1305.21440398
2372.00000000	1267.53399929
2374.00000000	1251.80366786
2376.00000000	1263.82508112
2378.00000000	1251.92117366
2380.00000000	1225.32873337
2382.00000000	1243.05150467
2384.00000000	1262.90056600
2386.00000000	1259.71051448
2388.00000000	1258.18420061
2390.00000000	1254.65222260
2392.00000000	1213.87425429
2394.00000000	1201.71016287
2396.00000000	1229.25580813
2398.00000000	1271.55249317
2400.00000000	1290.72532837
2402.00000000	1262.90269249
2404.00000000	1237.38183244
2406.00000000	1249.38602393
2408.00000000	1277.80249538
2410.00000000	1269.87604926
2412.00000000	1218.75269390
2414.00000000	1225.23390276
2416.00000000	1268.19610547
2418.00000000	1283.62217215
2420.00000000	1273.99442100
2422.00000000	1287.85078594
2424.00000000	1282.66677356
2426.00000000	1302.67718097
2428.00000000	1339.77382326
2430.00000000	1317.96158740
2432.00000000	1276.22925622
2434.00000000	1287.50521548
2436.00000000	1281.91852203
2438.00000000	1250.76518703
2440.00000000	1276.85211841
2442.00000000	1293.11348116
2444.00000000	1290.93298540
2446.00000000	1314.00977960
2448.00000000	1324.01333035
2450.00000000	1274.81406257
2452.00000000	1314.73231178
2454.00000000	1336.45120209
2456.00000000	1329.41136943
2458.00000000	1329.05208602
2460.00000000	1309.37951708
2462.00000000	1298.86493111
2464.00000000	1274.02921189
2466.00000000	1273.90434038
2468.00000000	1298.18246652
2470.00000000	1274.84869136
2472.00000000	1244.04272220
2474.00000000	1285.80716827
2476.00000000	1319.23440153
2478.00000000	1296.26269883
2480.00000000	1297.75757419
2482.00000000	1302.07913682
2484.00000000	1308.62544213
2486.00000000	1311.44582516
2488.00000000	1301.58679847
2490.00000000	1294.78720352
2492.00000000	1318.15270408
2494.00000000	1301.72360272
2496.00000000	1271.22297199
2498.00000000	1277.32002147
2500.00000000	1288.46568917
2502.00000000	1262.30661658
2504.00000000	1292.95949718
2506.00000000	1298.94478922
2508.00000000	1302.46164508
2510.00000000	1379.47548552
2512.00000000	1314.29216879
2514.00000000	1321.22669893
2516.00000000	1316.63869469
2518.00000000	1267.47210265
2520.00000000	1302.96581268
2522.00000000	1325.43085089
2524.00000000	1287.42550084
2526.00000000	1296.17435780
2528.00000000	1317.92800503
2530.00000000	1279.86098707
2532.00000000	1315.35323010
2534.00000000	1366.48990666
2536.00000000	1360.93856751
2538.00000000	1337.27348910
2540.00000000	1348.23998224
2542.00000000	1345.64927643
2544.00000000	1299.74083042
2546.00000000	1292.60934686
2548.00000000	1317.22714989
2550.00000000	1319.00073105
2552.00000000	1315.56026141
2554.00000000	1328.01707849
2556.00000000	1308.45788559
2558.00000000	1307.39385762
2560.00000000	1336.86579281
2562.00000000	1324.79262146
2564.00000000	1309.98184059
2566.00000000	1344.26994425
2568.00000000	1353.67426289
2570.00000000	1309.48733730
2572.00000000	1278.10040701
2574.00000000	1285.57270227
2576.00000000	1315.00961025
2578.00000000	1355.17832274
2580.00000000	1346.90814747
2582.00000000	1307.62305518
2584.00000000	1335.37434891
2586.00000000	1306.58720181
2588.00000000	1326.68170110
2590.00000000	1339.42951482
2592.00000000	1297.08883716
2594.00000000	1282.77054754
2596.00000000	1244.39742395
2598.00000000	1329.39074503
2600.00000000	1345.30064817
2602.00000000	1298.90402488
2604.00000000	1345.28621914
2606.00000000	1302.12130781
2608.00000000	1290.33965691
2610.00000000	1339.64398066
2612.00000000	1357.74097859
2614.00000000	1324.55631337
2616.00000000	1325.36442904
2618.00000000	1331.81935145
2620.00000000	1320.30802881
2622.00000000	1299.71011364
2624.00000000	1312.87415075
2626.00000000	1358.56000739
2628.00000000	1351.81900885
2630.00000000	1328.62542402
2632.00000000	1318.32532963
2634.00000000	1338.94154271
2636.00000000	1348.58701236
2638.00000000	1295.06098515
2640.00000000	1294.04911013
2642.00000000	1319.44463486
2644.00000000	1342.20423760
2646.00000000	1340.95023327
2648.00000000	1312.28237827
2650.00000000	1313.35612791
2652.00000000	1342.71353707
2654.00000000	1356.23289299
2656.00000000	1349.40520441
2658.00000000	1358.00548731
2660.00000000	1374.19996310
2662.00000000	1328.04705925
2664.00000000	1327.97108503
2666.00000000	1369.07189438
2668.00000000	1380.35785385
2670.00000000	1351.39077241
2672.00000000	1331.68835968
2674.00000000	1357.25913095
2676.00000000	1376.88682510
2678.00000000	1360.71795346
2680.00000000	1340.96177929
2682.00000000	1357.37725549
2684.00000000	1379.67321365
2686.00000000	1321.83419157
2688.00000000	1307.60230061
2690.00000000	1338.77217834
2692.00000000	1369.39716858
2694.00000000	1434.07487768
2696.00000000	1395.47151810
2698.00000000	1353.54575617
2700.00000000	1391.80237007
2702.00000000	1420.85096054
2704.00000000	1379.29006796
2706.00000000	1369.91376382
2708.00000000	1356.41720162
2710.00000000	1369.62785606
2712.00000000	1382.20766136
2714.00000000	1373.18612688
2716.00000000	1382.63465259
2718.00000000	1432.90534904
2720.00000000	1485.56997691
2722.00000000	1393.15624191
2724.00000000	1342.86868997
2726.00000000	1441.59131876
2728.00000000	1461.97744609
2730.00000000	1366.77490691
2732.00000000	1411.36099551
2734.00000000	1422.12936048
2736.00000000	1414.43301660
2738.00000000	1466.04948669
2740.00000000	1441.68138679
2742.00000000	1370.51175485
2744.00000000	1371.45479321
2746.00000000	1403.60541802
2748.00000000	1412.85864524
2750.00000000	1433.71328254
2752.00000000	1465.46017528
2754.00000000	1401.14024207
2756.00000000	1392.52982725
2758.00000000	1395.37050465
2760.00000000	1381.77818985
2762.00000000	1378.60708287
2764.00000000	1365.32957682
2766.00000000	1375.25911665
2768.00000000	1420.88252742
2770.00000000	1363.12253125
2772.00000000	1333.33310983
2774.00000000	1400.19698944
2776.00000000	1369.66887488
2778.00000000	1354.17982484
2780.00000000	1346.36048718
2782.00000000	1378.15596225
2784.00000000	1378.91777586
2786.00000000	1316.24102802
2788.00000000	1295.73616049
2790.00000000	1332.72247358
2792.00000000	1404.20272756
2794.00000000	1353.90101437
2796.00000000	1302.48965428
2798.00000000	1367.58258865
2800.00000000	1397.56127927
2802.00000000	1338.46465692
2804.00000000	1339.08025080
2806.00000000	1376.45550024
2808.00000000	1394.12231858
2810.00000000	1395.51184225
2812.00000000	1394.75918264
2814.00000000	1390.04555529
2816.00000000	1401.60806800
2818.00000000	1362.33762683
2820.00000000	1376.09151660
2822.00000000	1411.05118543
2824.00000000	1367.57184181
2826.00000000	1370.02496348
2828.00000000	1394.80865948
2830.00000000	1449.07417037
2832.00000000	1501.07880796
2834.00000000	1478.95601591
2836.00000000	1444.32210001
2838.00000000	1496.81967743
2840.00000000	1467.75380954
2842.00000000	1471.51336215
2844.00000000	1569.82137219
2846.00000000	1609.18548307
2848.00000000	1619.64030581
2850.00000000	1750.06495174
2852.00000000	1813.41437592
2854.00000000	1845.73659642
2856.00000000	1852.36421461
2858.00000000	1934.68295364
2860.00000000	1993.03061836
2862.00000000	1948.16910257
2864.00000000	1985.22234440
2866.00000000	1963.88076320
2868.00000000	2068.03981447
2870.00000000	2186.82321943
2872.00000000	2223.39948134
2874.00000000	2264.21709792
2876.00000000	2336.61408469
2878.00000000	2351.52028019
2880.00000000	2378.18584776
2882.00000000	2419.77137085
2884.00000000	2415.00034461
2886.00000000	2367.86228288
2888.00000000	2354.11013418
2890.00000000	2381.08487066
2892.00000000	2367.22025245
2894.00000000	2440.02167092
2896.00000000	2581.03091958
2898.00000000	2558.81277423
2900.00000000	2483.48087558
2902.00000000	2581.53452385
2904.00000000	2582.09966063
2906.00000000	2631.59376805
2908.00000000	2671.57225507
2910.00000000	2759.71022174
2912.00000000	2846.99337717
2914.00000000	2814.78708182
2916.00000000	2750.46504948
2918.00000000	2814.51251729
2920.00000000	3012.06865969
2922.00000000	3141.11369774
2924.00000000	3138.40119466
2926.00000000	3155.20643059
2928.00000000	3203.91812893
2930.00000000	3171.41517211
2932.00000000	3272.81895907
2934.00000000	3271.36038294
2936.00000000	3174.11527720
2938.00000000	3141.56210434
2940.00000000	3126.10677580
2942.00000000	3046.02947700
2944.00000000	2996.08420406
2946.00000000	2891.18759407
2948.00000000	2855.47431105
2950.00000000	2842.97152222
2952.00000000	2812.16869067
2954.00000000	2724.92918954
2956.00000000	2618.80245712
2958.00000000	2652.81448812
2960.00000000	2665.10369668
2962.00000000	2531.89554025
2964.00000000	2520.56249805
2966.00000000	2546.65500222
2968.00000000	2452.47443689
2970.00000000	2363.66442102
2972.00000000	2323.31771348
2974.00000000	2297.86344193
2976.00000000	2346.07458321
2978.00000000	2287.99414344
2980.00000000	2185.54249183
2982.00000000	2173.01331155
2984.00000000	2187.03110561
2986.00000000	2150.72298092
2988.00000000	2047.86907875
2990.00000000	1965.45317185
2992.00000000	1951.01254121
2994.00000000	1907.30984254
2996.00000000	1822.87694566
2998.00000000	1780.15987658
3000.00000000	1744.55832980
3002.00000000	1678.76307666
3004.00000000	1697.24157518
3006.00000000	1684.93571510
3008.00000000	1620.19529752
3010.00000000	1560.13601365
3012.00000000	1535.43968700
3014.00000000	1553.98641914
3016.00000000	1568.10240662
3018.00000000	1549.70037435
3020.00000000	1556.66572284
3022.00000000	1533.29196616
3024.00000000	1524.98641283
3026.00000000	1480.70941976
3028.00000000	1373.55471196
3030.00000000	1428.54987516
3032.00000000	1402.01292027
3034.00000000	1419.88226318
3036.00000000	1409.78580721
3038.00000000	1438.06286230
3040.00000000	1494.22645082
3042.00000000	1468.03165518
3044.00000000	1457.27845630
3046.00000000	1496.16456044
3048.00000000	1439.95752118
3050.00000000	1495.70850464
3052.00000000	1489.31770899
3054.00000000	1431.77459475
3056.00000000	1487.62650657
3058.00000000	1545.42175037
3060.00000000	1528.23416279
3062.00000000	1579.82909829
3064.00000000	1550.61838833
3066.00000000	1511.44377673
3068.00000000	1526.90793279
3070.00000000	1513.84308778
3072.00000000	1466.46289601
3074.00000000	1458.83831892
3076.00000000	1431.31121409
3078.00000000	1427.61203565
3080.00000000	1404.83236217
3082.00000000	1383.08295813
3084.00000000	1416.66802294
3086.00000000	1405.02108752
3088.00000000	1362.81980080
3090.00000000	1417.56969875
3092.00000000	1362.90102263
3094.00000000	1370.66760844
3096.00000000	1347.82073162
3098.00000000	1341.96339842
3100.00000000	1377.80290104
3102.00000000	1402.77559775
3104.00000000	1388.46614661
3106.00000000	1347.89461859
3108.00000000	1342.26188344
3110.00000000	1361.10158906
3112.00000000	1409.69271331
3114.00000000	1383.42004742
3116.00000000	1402.93607967
3118.00000000	1449.95841253
3120.00000000	1393.53926737
3122.00000000	1358.93895775
3124.00000000	1369.19540576
3126.00000000	1380.05928510
3128.00000000	1367.65968988
3130.00000000	1410.95851573
3132.00000000	1343.58145665
3134.00000000	1313.90240180
3136.00000000	1404.69546057
3138.00000000	1340.81502020
3140.00000000	1359.60130741
3142.00000000	1399.08943328
3144.00000000	1377.35044646
3146.00000000	1417.31135728
3148.00000000	1430.54930608
3150.00000000	1394.45897447
3152.00000000	1377.36447729
3154.00000000	1363.67810745
3156.00000000	1368.92474104
3158.00000000	1345.55306617
3160.00000000	1334.76935213
3162.00000000	1354.24314055
3164.00000000	1340.09780587
3166.00000000	1344.08535392
3168.00000000	1398.13631110
3170.00000000	1402.13435221
3172.00000000	1360.85255450
3174.00000000	1406.65699719
3176.00000000	1428.52335699
3178.00000000	1390.05255842
3180.00000000	1368.63648290
3182.00000000	1344.97499463
3184.00000000	1349.53287092
3186.00000000	1355.78511380
3188.00000000	1348.76559406
3190.00000000	1413.49925578
3192.00000000	1353.16755265
3194.00000000	1397.04151975
3196.00000000	1346.69082626
3198.00000000	1340.76160847
3200.00000000	1391.15052579
3202.00000000	1386.91127110
3204.00000000	1365.47069748
3206.00000000	1376.38326922
3208.00000000	1407.01451066
3210.00000000	1447.46643247
3212.00000000	1371.67704957
3214.00000000	1370.74031789
3216.00000000	1346.92506774
3218.00000000	1341.03861398
3220.00000000	1363.00746973
3222.00000000	1353.74443961
3224.00000000	1366.35888414
3226.00000000	1355.13494889
3228.00000000	1341.71487849
3230.00000000	1386.76521625
3232.00000000	1383.76055122
3234.00000000	1368.54991369
3236.00000000	1387.31134471
3238.00000000	1415.23347027
3240.00000000	1407.01379590
3242.00000000	1361.15363098
3244.00000000	1326.20984428
3246.00000000	1324.70259150
3248.00000000	1381.54015810
3250.00000000	1308.90278636
3252.00000000	1376.17194558
3254.00000000	1455.43946141
3256.00000000	1420.95573647
3258.00000000	1377.95856167
3260.00000000	1339.56809885
3262.00000000	1331.71706022
3264.00000000	1409.29168133
3266.00000000	1404.37937755
3268.00000000	1466.04128355
3270.00000000	1387.37056683
3272.00000000	1372.66532072
3274.00000000	1430.10864188
3276.00000000	1439.16875785
3278.00000000	1444.87699476
3280.00000000	1453.14520644
3282.00000000	1440.44347728
3284.00000000	1459.21894238
3286.00000000	1476.87776847
3288.00000000	1476.87309647
3290.00000000	1465.12681997
3292.00000000	1415.90987712
3294.00000000	1457.62337246
3296.00000000	1498.05666760
3298.00000000	1454.20040655
3300.00000000	1453.78896664
3302.00000000	1441.31501032
3304.00000000	1472.64714123
3306.00000000	1432.67234475
3308.00000000	1440.80231832
3310.00000000	1386.44588254
3312.00000000	1382.52351897
3314.00000000	1451.60295236
3316.00000000	1474.04287457
3318.00000000	1477.38993679
3320.00000000	1485.07459538
3322.00000000	1452.44312266
3324.00000000	1485.16136899
3326.00000000	1436.00822134
3328.00000000	1469.55518522
3330.00000000	1483.37639510
3332.00000000	1493.54731519
3334.00000000	1444.17375306
3336.00000000	1442.40636710
3338.00000000	1490.94234020
3340.00000000	1460.09447807
3342.00000000	1448.26004310
3344.00000000	1472.78357925
3346.00000000	1532.69288607
3348.00000000	1452.13297595
3350.00000000	1453.24246643
3352.00000000	1396.63630241
3354.00000000	1430.71522015
3356.00000000	1459.77864438
3358.00000000	1402.35001526
3360.00000000	1461.93126081
3362.00000000	1529.79609938
3364.00000000	1424.78534378
3366.00000000	1431.01858549
3368.00000000	1449.02486031
3370.00000000	1463.02166505
3372.00000000	1431.00282340
3374.00000000	1432.79565146
3376.00000000	1421.65941344
3378.00000000	1397.60897965
3380.00000000	1401.32227616
3382.00000000	1386.81179962
3384.00000000	1404.57451552
3386.00000000	1451.98787022
3388.00000000	1349.52232455
3390.00000000	1387.54087729
3392.00000000	1395.01127957
3394.00000000	1387.41428590
3396.00000000	1391.72584239
3398.00000000	1392.88897231
3400.00000000	1368.91187268
3402.00000000	1391.72754155
3404.00000000	1428.29929968
3406.00000000	1412.02473225
3408.00000000	1398.51452929
3410.00000000	1359.84996916
3412.00000000	1347.21921722
3414.00000000	1411.77792689
3416.00000000	1337.82195128
3418.00000000	1336.39373374
3420.00000000	1408.02530602
3422.00000000	1395.36953797
3424.00000000	1386.53484171
3426.00000000	1346.11489782
3428.00000000	1308.21597461
3430.00000000	1393.96697210
3432.00000000	1432.19918753
3434.00000000	1375.01114473
3436.00000000	1349.44921090
3438.00000000	1361.52265555
3440.00000000	1360.59435892
3442.00000000	1340.61848181
3444.00000000	1335.76861863
3446.00000000	1390.92826740
3448.00000000	1381.26005145
3450.00000000	1363.64407195
3452.00000000	1389.13999104
3454.00000000	1342.62522553
3456.00000000	1290.05540046
3458.00000000	1321.23336113
3460.00000000	1341.93412244
3462.00000000	1394.36578329
3464.00000000	1404.11846807
3466.00000000	1367.22167684
3468.00000000	1311.13244567
3470.00000000	1333.69906885
3472.00000000	1338.54344860
3474.00000000	1398.51884627
3476.00000000	1421.80075007
3478.00000000	1370.77080506
3480.00000000	1339.32859163
3482.00000000	1305.89647218
3484.00000000	1340.27891166
3486.00000000	1355.35379393
3488.00000000	1333.76805302
3490.00000000	1281.77425626
3492.00000000	1313.38356274
3494.00000000	1341.27451221
3496.00000000	1356.72468151
3498.00000000	1340.85665137
3500.00000000	1280.92165583
3502.00000000	1338.51653783
3504.00000000	1358.60994362
3506.00000000	1318.93661352
3508.00000000	1378.59997215
3510.00000000	1336.01399895
3512.00000000	1296.76290040
3514.00000000	1371.58548521
3516.00000000	1344.70181351
3518.00000000	1306.57106011
3520.00000000	1330.07210097
3522.00000000	1322.05679611
3524.00000000	1276.85044507
3526.00000000	1275.92661818
3528.00000000	1351.33143776
3530.00000000	1331.26631650
3532.00000000	1288.56116280
3534.00000000	1288.64636516
3536.00000000	1293.07364472
3538.00000000	1356.39864601
3540.00000000	1337.23742777
3542.00000000	1298.91205653
3544.00000000	1323.01099498
3546.00000000	1263.03956708
3548.00000000	1346.94829143
3550.00000000	1333.73861716
3552.00000000	1291.05561849
3554.00000000	1337.40540482
3556.00000000	1361.09209639
3558.00000000	1317.95868483
3560.00000000	1284.72121639
3562.00000000	1308.51777777
3564.00000000	1308.28735071
3566.00000000	1297.17296056
3568.00000000	1352.53730281
3570.00000000	1340.95642988
3572.00000000	1272.74118517
3574.00000000	1321.86302773
3576.00000000	1352.82123847
3578.00000000	1270.75803410
3580.00000000	1288.33539613
3582.00000000	1280.52643532
3584.00000000	1286.19959660
3586.00000000	1273.05789215
3588.00000000	1334.18372913
3590.00000000	1323.20156838
3592.00000000	1327.43303498
3594.00000000	1358.72574724
3596.00000000	1313.84220341
3598.00000000	1315.79809213
3600.00000000	1332.11032241
3602.00000000	1261.53240799
3604.00000000	1244.94236140
3606.00000000	1290.09828547
3608.00000000	1333.44190500
3610.00000000	1380.92297903
3612.00000000	1286.43176376
3614.00000000	1296.24542406
3616.00000000	1303.30685394
3618.00000000	1289.68846788
3620.00000000	1289.13785446
3622.00000000	1283.28316480
3624.00000000	1278.25080628
3626.00000000	1273.42936497
3628.00000000	1341.73224514
3630.00000000	1355.19946424
3632.00000000	1292.91654098
3634.00000000	1320.27697801
3636.00000000	1326.67048898
3638.00000000	1270.18535128
3640.00000000	1277.55653074
3642.00000000	1309.41438147
3644.00000000	1315.11050071
3646.00000000	1242.49994998
3648.00000000	1265.02221020
3650.00000000	1222.54140756
3652.00000000	1305.29091834
3654.00000000	1310.05238754
3656.00000000	1280.98337361
3658.00000000	1263.06803815
3660.00000000	1321.52802156
3662.00000000	1308.05784204
3664.00000000	1251.39081884
3666.00000000	1254.19989072
3668.00000000	1263.49098703
3670.00000000	1252.11466906
3672.00000000	1264.27216736
3674.00000000	1291.87857360
3676.00000000	1284.72680374
3678.00000000	1239.67248115
3680.00000000	1242.26503375
3682.00000000	1322.06908962
3684.00000000	1292.27326337
3686.00000000	1256.10570091
3688.00000000	1210.11854659
3690.00000000	1302.55201877
3692.00000000	1227.54590962
3694.00000000	1245.02701292
3696.00000000	1309.15971154
3698.00000000	1288.85470656
3700.00000000	1263.67877715
3702.00000000	1271.40069552
3704.00000000	1207.15006646
3706.00000000	1255.51137247
3708.00000000	1286.06009932
3710.00000000	1221.59991122
3712.00000000	1231.07543571
3714.00000000	1277.34707530
3716.00000000	1322.48490238
3718.00000000	1324.83344298
3720.00000000	1212.91493627
3722.00000000	1176.01754226
3724.00000000	1266.24395212
3726.00000000	1285.48906951
3728.00000000	1270.16300970
3730.00000000	1256.87716039
3732.00000000	1268.78129620
3734.00000000	1251.55181867
3736.00000000	1262.38477183
3738.00000000	1260.04419362
3740.00000000	1300.41769366
3742.00000000	1243.53957808
3744.00000000	1286.08868911
3746.00000000	1260.95305993
3748.00000000	1245.30739088
3750.00000000	1284.91576576
3752.00000000	1329.89973877
3754.00000000	1260.20471611
3756.00000000	1191.80104443
3758.00000000	1258.41013132
3760.00000000	1282.82054197
3762.00000000	1270.93644195
3764.00000000	1319.43631446
3766.00000000	1291.14394645
3768.00000000	1251.05123858
3770.00000000	1264.52219297
3772.00000000	1243.77180407
3774.00000000	1260.62662611
3776.00000000	1290.07508301
3778.00000000	1285.56903344
3780.00000000	1264.32117385
3782.00000000	1260.42660929
3784.00000000	1251.24843406
3786.00000000	1271.93451558
3788.00000000	1273.54452688
3790.00000000	1260.96341482
3792.00000000	1225.89656188
3794.00000000	1280.17663284
3796.00000000	1280.78354949
3798.00000000	1241.89425955
3800.00000000	1275.54956082
