400.00000000	891.67935395
402.00000000	919.13546215
404.00000000	909.84243935
406.00000000	886.97330315
408.00000000	895.24394065
410.00000000	908.28553343
412.00000000	908.10114025
414.00000000	898.59506458
416.00000000	889.85944951
418.00000000	893.06226106
420.00000000	914.76914249
422.00000000	921.26712590
424.00000000	880.48244337
426.00000000	877.96502251
428.00000000	927.90387124
430.00000000	922.85639670
432.00000000	883.46658990
434.00000000	869.61157316
436.00000000	863.90185704
438.00000000	865.95258071
440.00000000	892.91110778
442.00000000	904.27293530
444.00000000	887.36375290
446.00000000	905.15031634
448.00000000	916.26537242
450.00000000	856.79616230
452.00000000	836.50420107
454.00000000	877.12517298
456.00000000	868.84250184
458.00000000	846.24233155
460.00000000	867.10315065
462.00000000	892.70193316
464.00000000	888.68655840
466.00000000	852.32336296
468.00000000	855.91354416
470.00000000	908.68044642
472.00000000	910.49749099
474.00000000	881.40310940
476.00000000	880.96449293
478.00000000	889.15910916
480.00000000	883.64578855
482.00000000	860.66573874
484.00000000	857.07499025
486.00000000	884.84016233
488.00000000	895.70532583
490.00000000	902.48031336
492.00000000	932.32205223
494.00000000	927.38498793
496.00000000	886.75002772
498.00000000	880.54097180
500.00000000	915.43593547
502.00000000	963.21225598
504.00000000	981.43368441
506.00000000	970.64713298
508.00000000	952.62047244
510.00000000	915.40566383
512.00000000	879.88282660
514.00000000	899.51580667
516.00000000	917.34704171
518.00000000	895.48351346
520.00000000	926.89752186
522.00000000	978.65597380
524.00000000	954.12933329
526.00000000	917.77693937
528.00000000	917.23477054
530.00000000	930.34057389
532.00000000	945.73053608
534.00000000	957.89329188
536.00000000	960.25975687
538.00000000	960.38907847
540.00000000	969.44521467
542.00000000	970.36136548
544.00000000	961.09184881
546.00000000	963.09010476
548.00000000	963.17290064
550.00000000	945.78034830
552.00000000	925.20949011
554.00000000	915.95690529
556.00000000	923.84268752
558.00000000	932.67624985
560.00000000	940.26816628
562.00000000	961.62146190
564.00000000	964.21055122
566.00000000	936.29314924
568.00000000	946.62168740
570.00000000	985.10009285
572.00000000	997.88090297
574.00000000	1001.98383777
576.00000000	992.10216700
578.00000000	935.66061050
580.00000000	912.15822021
582.00000000	960.00412087
584.00000000	965.34748456
586.00000000	946.09348459
588.00000000	972.36978343
590.00000000	972.97051039
592.00000000	951.14303414
594.00000000	989.63702450
596.00000000	1013.16270361
598.00000000	975.90608868
600.00000000	966.88802199
602.00000000	988.89032052
604.00000000	999.21341832
606.00000000	987.24422235
608.00000000	968.13974984
610.00000000	967.92802496
612.00000000	978.10556056
614.00000000	972.82907670
616.00000000	927.07344750
618.00000000	902.44866199
620.00000000	948.07467381
622.00000000	994.08210741
624.00000000	1007.52667064
626.00000000	999.46218004
628.00000000	994.20168286
630.00000000	997.30852115
632.00000000	993.35258059
634.00000000	991.83889252
636.00000000	998.12702166
638.00000000	996.76751288
640.00000000	1019.47169909
642.00000000	1088.15255485
644.00000000	1116.80715443
646.00000000	1085.24435859
648.00000000	1045.97683804
650.00000000	1028.04416900
652.00000000	1036.55972474
654.00000000	1052.71343323
656.00000000	1048.11056971
658.00000000	1019.74228840
660.00000000	1020.80879102
662.00000000	1046.13343619
664.00000000	1061.39429452
666.00000000	1084.25195954
668.00000000	1109.28267638
670.00000000	1108.26301802
672.00000000	1115.20839849
674.00000000	1139.05572664
676.00000000	1128.57230734
678.00000000	1110.64432262
680.00000000	1116.34970655
682.00000000	1096.97624053
684.00000000	1074.10848708
686.00000000	1099.41119222
688.00000000	1121.40207656
690.00000000	1117.06729028
692.00000000	1112.34747131
694.00000000	1100.91187861
696.00000000	1097.06822765
698.00000000	1152.13994697
700.00000000	1206.26693553
702.00000000	1189.09459719
704.00000000	1138.37133491
706.00000000	1107.30872652
708.00000000	1125.46289159
710.00000000	1142.88512593
712.00000000	1140.49506001
714.00000000	1145.36723391
716.00000000	1166.91380299
718.00000000	1193.26798870
720.00000000	1197.24185335
722.00000000	1202.32544297
724.00000000	1236.19324749
726.00000000	1282.22375911
728.00000000	1298.35488779
730.00000000	1259.04577114
732.00000000	1226.33751263
734.00000000	1218.72910743
736.00000000	1211.53388856
738.00000000	1235.76439149
740.00000000	1292.71336630
742.00000000	1337.52160006
744.00000000	1407.53044312
746.00000000	1524.03805288
748.00000000	1620.10240191
750.00000000	1643.32299815
752.00000000	1583.72569254
754.00000000	1501.59852671
756.00000000	1428.57512437
758.00000000	1362.94280838
760.00000000	1294.29069525
762.00000000	1241.67765556
764.00000000	1243.16713998
766.00000000	1268.37093097
768.00000000	1283.09029887
770.00000000	1282.05353891
772.00000000	1283.75536094
774.00000000	1295.38820805
776.00000000	1289.23550773
778.00000000	1285.51125304
780.00000000	1308.93535121
782.00000000	1319.25593725
784.00000000	1326.53524479
786.00000000	1361.87193592
788.00000000	1362.34827183
790.00000000	1326.71131285
792.00000000	1320.68066851
794.00000000	1314.48289854
796.00000000	1297.78174243
798.00000000	1316.35402492
800.00000000	1333.58893093
802.00000000	1317.62249357
804.00000000	1307.25751601
806.00000000	1317.51955766
808.00000000	1337.00261711
810.00000000	1336.28115656
812.00000000	1335.27921680
814.00000000	1362.45719378
816.00000000	1359.54403733
818.00000000	1321.33864280
820.00000000	1300.39999156
822.00000000	1319.55971403
824.00000000	1356.54830423
826.00000000	1361.44698261
828.00000000	1368.28376593
830.00000000	1395.53014281
832.00000000	1400.20071225
834.00000000	1381.67451362
836.00000000	1359.92641160
838.00000000	1350.60594839
840.00000000	1339.64813338
842.00000000	1322.69570831
844.00000000	1352.33086921
846.00000000	1396.67341299
848.00000000	1391.15240976
850.00000000	1374.33814023
852.00000000	1376.34909706
854.00000000	1394.20526482
856.00000000	1396.15123229
858.00000000	1384.89122247
860.00000000	1399.87836815
862.00000000	1437.05060731
864.00000000	1451.25870973
866.00000000	1389.53783627
868.00000000	1375.81392169
870.00000000	1455.92549224
872.00000000	1457.39295577
874.00000000	1412.65528702
876.00000000	1409.29431870
878.00000000	1424.41640320
880.00000000	1433.48569205
882.00000000	1422.35711474
884.00000000	1390.20744683
886.00000000	1403.62126251
888.00000000	1499.04221045
890.00000000	1493.63850408
892.00000000	1403.54651555
894.00000000	1399.34767309
896.00000000	1461.26994012
898.00000000	1515.14634045
900.00000000	1502.51575253
902.00000000	1474.82646824
904.00000000	1474.03317600
906.00000000	1489.32051019
908.00000000	1486.75262855
910.00000000	1466.12149588
912.00000000	1474.93264016
914.00000000	1500.89626761
916.00000000	1524.93408312
918.00000000	1554.41609959
920.00000000	1561.17603249
922.00000000	1536.06929466
924.00000000	1535.22042431
926.00000000	1560.76706111
928.00000000	1580.83142201
930.00000000	1568.12506868
932.00000000	1546.10468836
934.00000000	1551.77127395
936.00000000	1572.38683972
938.00000000	1565.12880033
940.00000000	1513.04637709
942.00000000	1517.56700370
944.00000000	1572.40349336
946.00000000	1593.43412523
948.00000000	1599.18536186
950.00000000	1602.71289941
952.00000000	1595.36068934
954.00000000	1587.36038154
956.00000000	1585.20755662
958.00000000	1586.97884253
960.00000000	1593.65544936
962.00000000	1601.84222550
964.00000000	1605.20796152
966.00000000	1613.53273335
968.00000000	1616.53191750
970.00000000	1586.38983831
972.00000000	1581.39214726
974.00000000	1612.17971160
976.00000000	1596.15619802
978.00000000	1577.29679714
980.00000000	1605.69222962
982.00000000	1656.63233897
984.00000000	1701.93378439
986.00000000	1730.19373066
988.00000000	1751.79633784
990.00000000	1741.30200659
992.00000000	1702.89507451
994.00000000	1717.89248546
996.00000000	1764.24719419
998.00000000	1788.60628270
1000.00000000	1793.46438086
1002.00000000	1797.16075106
1004.00000000	1805.37307233
1006.00000000	1789.36079445
1008.00000000	1760.37295120
1010.00000000	1740.00162818
1012.00000000	1715.13183578
1014.00000000	1706.89814706
1016.00000000	1720.73097940
1018.00000000	1674.53034535
1020.00000000	1635.19118539
1022.00000000	1685.45712194
1024.00000000	1679.33115179
1026.00000000	1641.05602731
1028.00000000	1668.50171916
1030.00000000	1668.97446386
1032.00000000	1654.06972066
1034.00000000	1689.86289188
1036.00000000	1714.34331450
1038.00000000	1725.13194941
1040.00000000	1752.51657484
1042.00000000	1742.06586549
1044.00000000	1721.01120944
1046.00000000	1751.56424552
1048.00000000	1771.75140223
1050.00000000	1762.62863059
1052.00000000	1752.89304521
1054.00000000	1750.72020366
1056.00000000	1757.11958037
1058.00000000	1768.04695905
1060.00000000	1771.42247663
1062.00000000	1765.29677892
1064.00000000	1756.10258503
1066.00000000	1746.09875584
1068.00000000	1739.98274100
1070.00000000	1740.97751579
1072.00000000	1739.21864334
1074.00000000	1735.55917921
1076.00000000	1742.83601350
1078.00000000	1774.34089754
1080.00000000	1808.84104056
1082.00000000	1804.27647220
1084.00000000	1749.51748479
1086.00000000	1727.86820386
1088.00000000	1814.13902199
1090.00000000	1838.78348319
1092.00000000	1781.99845426
1094.00000000	1753.56711287
1096.00000000	1764.65447208
1098.00000000	1780.76581190
1100.00000000	1770.02652771
1102.00000000	1766.76368928
1104.00000000	1771.44561300
1106.00000000	1767.65410747
1108.00000000	1789.30417617
1110.00000000	1814.57277382
1112.00000000	1798.56161933
1114.00000000	1767.73513402
1116.00000000	1765.75813170
1118.00000000	1810.52575982
1120.00000000	1847.94000106
1122.00000000	1881.66536487
1124.00000000	1937.06758875
1126.00000000	1979.59318030
1128.00000000	2032.59343372
1130.00000000	2112.12579023
1132.00000000	2118.19952720
1134.00000000	1998.24301427
1136.00000000	1813.80051498
1138.00000000	1764.46581701
1140.00000000	1786.11518594
1142.00000000	1755.87984330
1144.00000000	1752.78351560
1146.00000000	1745.05822922
1148.00000000	1695.03262090
1150.00000000	1681.98390654
1152.00000000	1689.03885857
1154.00000000	1690.57967445
1156.00000000	1731.27629707
1158.00000000	1777.82332795
1160.00000000	1782.76708575
1162.00000000	1748.91663741
1164.00000000	1744.67330884
1166.00000000	1787.11959757
1168.00000000	1793.17188731
1170.00000000	1762.98826325
1172.00000000	1742.59085423
1174.00000000	1772.22971676
1176.00000000	1780.31559678
1178.00000000	1715.28699473
1180.00000000	1617.25850711
1182.00000000	1619.89906948
1184.00000000	1708.68427642
1186.00000000	1718.84532393
1188.00000000	1664.70587134
1190.00000000	1620.33385189
1192.00000000	1636.40493058
1194.00000000	1644.95923176
1196.00000000	1625.76579930
1198.00000000	1622.37002205
1200.00000000	1664.65060832
1202.00000000	1692.59982815
1204.00000000	1645.77144216
1206.00000000	1640.96738812
1208.00000000	1692.27295367
1210.00000000	1732.46888732
1212.00000000	1726.21592855
1214.00000000	1708.58930904
1216.00000000	1723.90581313
1218.00000000	1753.93945659
1220.00000000	1775.48971352
1222.00000000	1783.56610410
1224.00000000	1798.33705224
1226.00000000	1807.23455459
1228.00000000	1809.11413038
1230.00000000	1835.06414322
1232.00000000	1860.22953344
1234.00000000	1877.56211105
1236.00000000	1908.61469490
1238.00000000	1860.43324843
1240.00000000	1774.98571480
1242.00000000	1813.35837526
1244.00000000	1837.39352814
1246.00000000	1805.36908738
1248.00000000	1813.70937160
1250.00000000	1851.71424339
1252.00000000	1862.09736601
1254.00000000	1807.64070437
1256.00000000	1754.15228397
1258.00000000	1735.06479238
1260.00000000	1747.44531707
1262.00000000	1779.19669526
1264.00000000	1779.23041394
1266.00000000	1732.27570414
1268.00000000	1718.72998439
1270.00000000	1729.01069022
1272.00000000	1749.18792204
1274.00000000	1809.41758080
1276.00000000	1814.22973106
1278.00000000	1733.37963607
1280.00000000	1673.98326676
1282.00000000	1701.11932572
1284.00000000	1760.67878884
1286.00000000	1739.34835185
1288.00000000	1706.00383403
1290.00000000	1716.22526501
1292.00000000	1760.38971781
1294.00000000	1786.01820388
1296.00000000	1803.04027686
1298.00000000	1841.45821227
1300.00000000	1870.58775786
1302.00000000	1899.87734773
1304.00000000	1942.54604245
1306.00000000	1975.14675759
1308.00000000	2014.27885665
1310.00000000	2051.21557529
1312.00000000	2033.13929363
1314.00000000	2014.87765754
1316.00000000	2006.84717868
1318.00000000	1955.37162779
1320.00000000	1926.97057528
1322.00000000	1924.81905609
1324.00000000	1892.18863542
1326.00000000	1855.25849125
1328.00000000	1837.47943092
1330.00000000	1855.45889153
1332.00000000	1930.54235629
1334.00000000	1973.23147523
1336.00000000	1945.62037898
1338.00000000	1982.08577646
1340.00000000	1998.82711583
1342.00000000	1930.75280717
1344.00000000	1868.44325509
1346.00000000	1851.21378645
1348.00000000	1857.83725860
1350.00000000	1837.61484036
1352.00000000	1791.81898801
1354.00000000	1743.04713101
1356.00000000	1723.46751568
1358.00000000	1763.65203127
1360.00000000	1806.57807922
1362.00000000	1794.93985124
1364.00000000	1776.07610489
1366.00000000	1766.61748263
1368.00000000	1757.54901587
1370.00000000	1736.00031237
1372.00000000	1711.01441725
1374.00000000	1689.51946206
1376.00000000	1671.27031148
1378.00000000	1670.07742787
1380.00000000	1689.59601581
1382.00000000	1706.61154534
1384.00000000	1667.80229634
1386.00000000	1649.47600066
1388.00000000	1705.89668152
1390.00000000	1702.96702043
1392.00000000	1676.61927131
1394.00000000	1692.90943806
1396.00000000	1730.17504039
1398.00000000	1749.70934052
1400.00000000	1729.37117797
1402.00000000	1683.40221269
1404.00000000	1673.84364847
1406.00000000	1670.46238368
1408.00000000	1618.22091366
1410.00000000	1592.41555581
1412.00000000	1613.16341837
1414.00000000	1636.34882465
1416.00000000	1598.95890202
1418.00000000	1558.95398485
1420.00000000	1583.21472061
1422.00000000	1653.42879521
1424.00000000	1614.64449615
1426.00000000	1547.73207450
1428.00000000	1633.85082932
1430.00000000	1656.67176949
1432.00000000	1600.85950153
1434.00000000	1575.65588778
1436.00000000	1586.76475962
1438.00000000	1628.78656410
1440.00000000	1659.36189637
1442.00000000	1626.48758337
1444.00000000	1670.82991860
1446.00000000	1753.74453424
1448.00000000	1714.53197818
1450.00000000	1722.00578870
1452.00000000	1772.64065380
1454.00000000	1773.55866694
1456.00000000	1777.60491311
1458.00000000	1767.09077319
1460.00000000	1730.91054705
1462.00000000	1715.23593472
1464.00000000	1705.50290670
1466.00000000	1669.72298696
1468.00000000	1613.59449284
1470.00000000	1637.82812625
1472.00000000	1668.67052666
1474.00000000	1612.39923873
1476.00000000	1589.57647710
1478.00000000	1602.15356180
1480.00000000	1596.07468502
1482.00000000	1558.87983896
1484.00000000	1593.68928957
1486.00000000	1642.57764666
1488.00000000	1564.88693439
1490.00000000	1503.77557008
1492.00000000	1485.90121749
1494.00000000	1459.63415900
1496.00000000	1430.74658574
1498.00000000	1410.92974234
1500.00000000	1397.78017477
1502.00000000	1376.44951671
1504.00000000	1353.10540477
1506.00000000	1351.90927098
1508.00000000	1378.69044862
1510.00000000	1377.48074250
1512.00000000	1394.35150600
1514.00000000	1436.89770537
1516.00000000	1390.18253376
1518.00000000	1364.21795095
1520.00000000	1392.54275530
1522.00000000	1381.79372127
1524.00000000	1381.06601764
1526.00000000	1384.84744341
1528.00000000	1367.02878009
1530.00000000	1376.69117906
1532.00000000	1407.63798630
1534.00000000	1430.00722856
1536.00000000	1432.32986254
1538.00000000	1449.16873539
1540.00000000	1481.91777185
1542.00000000	1491.93525867
1544.00000000	1447.97055032
1546.00000000	1414.29364519
1548.00000000	1441.87189314
1550.00000000	1481.22141939
1552.00000000	1495.91410725
1554.00000000	1509.14669047
1556.00000000	1559.89250242
1558.00000000	1579.46653900
1560.00000000	1554.81279079
1562.00000000	1533.77283187
1564.00000000	1568.13111739
1566.00000000	1600.14470019
1568.00000000	1606.63233889
1570.00000000	1632.60993118
1572.00000000	1652.15207854
1574.00000000	1680.31507282
1576.00000000	1735.55919577
1578.00000000	1766.93696192
1580.00000000	1795.95442156
1582.00000000	1824.16859578
1584.00000000	1809.22322726
1586.00000000	1808.97565039
1588.00000000	1792.98086762
1590.00000000	1701.48829321
1592.00000000	1611.13914397
1594.00000000	1586.06493467
1596.00000000	1591.72691770
1598.00000000	1532.09608880
1600.00000000	1525.20571257
1602.00000000	1578.56363647
1604.00000000	1590.55089235
1606.00000000	1549.14161260
1608.00000000	1543.47804063
1610.00000000	1586.54842709
1612.00000000	1563.22683304
1614.00000000	1532.76001880
1616.00000000	1512.25270116
1618.00000000	1478.53318770
1620.00000000	1491.24569356
1622.00000000	1499.07111777
1624.00000000	1469.31456749
1626.00000000	1462.22495698
1628.00000000	1448.32469071
1630.00000000	1449.87410130
1632.00000000	1493.77018787
1634.00000000	1477.72107129
1636.00000000	1443.31335465
1638.00000000	1444.19291180
1640.00000000	1444.76967915
1642.00000000	1429.64737778
1644.00000000	1441.77647151
1646.00000000	1504.48597237
1648.00000000	1520.82555294
1650.00000000	1520.94101699
1652.00000000	1538.21232801
1654.00000000	1537.22918368
1656.00000000	1532.44564587
1658.00000000	1551.52314936
1660.00000000	1587.19537035
1662.00000000	1576.04390812
1664.00000000	1558.12070199
1666.00000000	1555.52391575
1668.00000000	1539.10452173
1670.00000000	1555.50958972
1672.00000000	1567.67202614
1674.00000000	1533.15091440
1676.00000000	1517.41887065
1678.00000000	1545.02475710
1680.00000000	1576.67548308
1682.00000000	1554.29057023
1684.00000000	1502.02471561
1686.00000000	1468.24148340
1688.00000000	1448.53369272
1690.00000000	1385.04393553
1692.00000000	1391.76484854
1694.00000000	1420.93190332
1696.00000000	1356.02332033
1698.00000000	1351.97226997
1700.00000000	1350.33201402
1702.00000000	1350.33201402
1704.00000000	1350.33201402
1706.00000000	1350.33201402
1708.00000000	1350.33201402
1710.00000000	1350.33201402
1712.00000000	1350.33201402
1714.00000000	1350.33201402
1716.00000000	1278.14614695
1718.00000000	1215.95674325
1720.00000000	1204.49727665
1722.00000000	1245.50656776
1724.00000000	1271.40166949
1726.00000000	1236.31177039
1728.00000000	1197.68234647
1730.00000000	1192.56037224
1732.00000000	1218.37118484
1734.00000000	1271.46379906
1736.00000000	1292.98245476
1738.00000000	1271.35196462
1740.00000000	1262.05291113
1742.00000000	1255.81707169
1744.00000000	1236.37666959
1746.00000000	1221.71482934
1748.00000000	1252.09620246
1750.00000000	1237.83760585
1752.00000000	1195.26010142
1754.00000000	1211.56382882
1756.00000000	1227.56749961
1758.00000000	1213.27817837
1760.00000000	1185.50917401
1762.00000000	1178.31898811
1764.00000000	1188.54419531
1766.00000000	1210.82539399
1768.00000000	1218.64977148
1770.00000000	1173.44167590
1772.00000000	1182.21038718
1774.00000000	1226.36639973
1776.00000000	1211.25416072
1778.00000000	1203.79318076
1780.00000000	1169.65740175
1782.00000000	1140.74142288
1784.00000000	1211.31922040
1786.00000000	1230.09643403
1788.00000000	1211.42297310
1790.00000000	1216.05224898
1792.00000000	1196.42135972
1794.00000000	1207.30917225
1796.00000000	1235.67528145
1798.00000000	1234.54316182
1800.00000000	1239.96670149
1802.00000000	1219.18095680
1804.00000000	1192.21577519
1806.00000000	1223.80785172
1808.00000000	1261.05787708
1810.00000000	1232.91545710
1812.00000000	1165.74541535
1814.00000000	1169.35596308
1816.00000000	1195.21894704
1818.00000000	1211.40840411
1820.00000000	1209.80742377
1822.00000000	1180.16657068
1824.00000000	1200.82421631
1826.00000000	1228.19460702
1828.00000000	1190.76296891
1830.00000000	1204.17629292
1832.00000000	1238.81291927
1834.00000000	1256.96348898
1836.00000000	1264.89444346
1838.00000000	1230.59493897
1840.00000000	1239.74083666
1842.00000000	1277.12944504
1844.00000000	1207.55053614
1846.00000000	1196.39333985
1848.00000000	1233.42111873
1850.00000000	1231.41322747
1852.00000000	1217.93001346
1854.00000000	1197.20312452
1856.00000000	1188.86494926
1858.00000000	1193.55100185
1860.00000000	1165.73127416
1862.00000000	1197.29313998
1864.00000000	1265.43563311
1866.00000000	1268.25448490
1868.00000000	1262.23454378
1870.00000000	1269.63455948
1872.00000000	1272.12161220
1874.00000000	1247.12006248
1876.00000000	1209.36102520
1878.00000000	1182.49570534
1880.00000000	1192.01210226
1882.00000000	1243.48443891
1884.00000000	1278.84560063
1886.00000000	1292.67122562
1888.00000000	1288.07624842
1890.00000000	1245.23367856
1892.00000000	1224.68305798
1894.00000000	1237.17082361
1896.00000000	1251.69467783
1898.00000000	1250.20573679
1900.00000000	1227.68661307
1902.00000000	1228.00915748
1904.00000000	1251.64406099
1906.00000000	1198.40636303
1908.00000000	1218.51996626
1910.00000000	1267.15352630
1912.00000000	1208.52665615
1914.00000000	1209.51659528
1916.00000000	1220.11605981
1918.00000000	1211.44335093
1920.00000000	1233.58764541
1922.00000000	1248.97583195
1924.00000000	1251.06216406
1926.00000000	1239.98709475
1928.00000000	1217.93671626
1930.00000000	1221.72005355
1932.00000000	1235.72158109
1934.00000000	1254.32168749
1936.00000000	1278.21899319
1938.00000000	1223.85319015
1940.00000000	1212.80150054
1942.00000000	1261.77538961
1944.00000000	1217.15167790
1946.00000000	1229.92995744
1948.00000000	1276.21886109
1950.00000000	1265.71205122
1952.00000000	1216.34083680
1954.00000000	1207.72401337
1956.00000000	1232.63540837
1958.00000000	1252.68444999
1960.00000000	1265.52101251
1962.00000000	1265.19178190
1964.00000000	1248.07560176
1966.00000000	1235.48776129
1968.00000000	1261.88733210
1970.00000000	1287.84796396
1972.00000000	1274.07656587
1974.00000000	1234.37437181
1976.00000000	1232.08177929
1978.00000000	1273.97859145
1980.00000000	1278.51891083
1982.00000000	1231.29667649
1984.00000000	1248.31864932
1986.00000000	1272.09392105
1988.00000000	1261.34509323
1990.00000000	1241.12583832
1992.00000000	1256.75100294
1994.00000000	1282.78544968
1996.00000000	1289.44179073
1998.00000000	1267.22779655
2000.00000000	1235.10338484
2002.00000000	1247.93679487
2004.00000000	1250.92857969
2006.00000000	1221.85972870
2008.00000000	1260.49201475
2010.00000000	1300.09661810
2012.00000000	1281.26498993
2014.00000000	1230.10026913
2016.00000000	1222.69902972
2018.00000000	1234.05679492
2020.00000000	1264.13269028
2022.00000000	1282.85002289
2024.00000000	1221.56901706
2026.00000000	1178.38782103
2028.00000000	1202.66571360
2030.00000000	1256.08786115
2032.00000000	1269.86476746
2034.00000000	1242.18460543
2036.00000000	1223.41416086
2038.00000000	1231.72232645
2040.00000000	1244.98609391
2042.00000000	1310.90667389
2044.00000000	1340.52267446
2046.00000000	1300.49964470
2048.00000000	1285.61688667
2050.00000000	1291.79450814
2052.00000000	1292.75119898
2054.00000000	1273.32555221
2056.00000000	1256.17838961
2058.00000000	1304.16280264
2060.00000000	1323.31561003
2062.00000000	1299.80450067
2064.00000000	1302.60382981
2066.00000000	1257.06396567
2068.00000000	1242.60544341
2070.00000000	1288.19989566
2072.00000000	1320.71698766
2074.00000000	1301.22373564
2076.00000000	1275.88720164
2078.00000000	1259.45361678
2080.00000000	1239.21054544
2082.00000000	1241.19608945
2084.00000000	1278.94752195
2086.00000000	1310.49384277
2088.00000000	1303.32290331
2090.00000000	1298.32522454
2092.00000000	1319.75358795
2094.00000000	1325.32639097
2096.00000000	1289.07713860
2098.00000000	1267.73719669
2100.00000000	1315.84943864
2102.00000000	1343.09735913
2104.00000000	1314.42724589
2106.00000000	1313.28179263
2108.00000000	1296.26766156
2110.00000000	1296.83947756
2112.00000000	1312.88389788
2114.00000000	1295.20274339
2116.00000000	1284.91110568
2118.00000000	1267.30278605
2120.00000000	1265.68687267
2122.00000000	1309.10266078
2124.00000000	1329.90955997
2126.00000000	1313.35051213
2128.00000000	1302.99860299
2130.00000000	1320.87107676
2132.00000000	1325.60224144
2134.00000000	1347.35171867
2136.00000000	1375.71708159
2138.00000000	1381.91866467
2140.00000000	1367.85859995
2142.00000000	1346.54269427
2144.00000000	1315.26129383
2146.00000000	1305.25267213
2148.00000000	1338.11234740
2150.00000000	1317.05923692
2152.00000000	1303.08411145
2154.00000000	1306.96537293
2156.00000000	1284.93170457
2158.00000000	1285.93949236
2160.00000000	1281.32413166
2162.00000000	1297.70068641
2164.00000000	1341.20146291
2166.00000000	1331.80140230
2168.00000000	1331.15633288
2170.00000000	1335.50089460
2172.00000000	1338.09433981
2174.00000000	1361.71714930
2176.00000000	1340.68621987
2178.00000000	1327.50522789
2180.00000000	1332.91982462
2182.00000000	1320.57804855
2184.00000000	1339.12440588
2186.00000000	1333.27092017
2188.00000000	1297.60906952
2190.00000000	1305.75136742
2192.00000000	1387.53506754
2194.00000000	1360.96998652
2196.00000000	1311.17569680
2198.00000000	1331.17672962
2200.00000000	1335.47702507
2202.00000000	1329.71302050
2204.00000000	1351.46227082
2206.00000000	1393.55230760
2208.00000000	1404.93156196
2210.00000000	1361.78876570
2212.00000000	1336.18804377
2214.00000000	1336.99079226
2216.00000000	1321.01865338
2218.00000000	1305.96789247
2220.00000000	1413.04809073
2222.00000000	1415.84088922
2224.00000000	1341.12819016
2226.00000000	1424.12752418
2228.00000000	1383.00332740
2230.00000000	1388.40258906
2232.00000000	1379.63888397
2234.00000000	1294.83350760
2236.00000000	1429.47091307
2238.00000000	1442.78316742
2240.00000000	1376.33006604
2242.00000000	1368.50288404
2244.00000000	1352.30321186
2246.00000000	1361.20128733
2248.00000000	1388.25811481
2250.00000000	1395.93999644
2252.00000000	1390.53953660
2254.00000000	1422.32308895
2256.00000000	1385.04265528
2258.00000000	1363.79415089
2260.00000000	1405.53893963
2262.00000000	1393.52824797
2264.00000000	1357.20915135
2266.00000000	1376.55694255
2268.00000000	1409.91026878
2270.00000000	1394.94018398
2272.00000000	1401.25451016
2274.00000000	1387.22676885
2276.00000000	1391.03709223
2278.00000000	1428.44135653
2280.00000000	1427.63052800
2282.00000000	1382.29849264
2284.00000000	1378.52046953
2286.00000000	1403.82805458
2288.00000000	1398.87402485
2290.00000000	1398.57935973
2292.00000000	1410.26096838
2294.00000000	1410.81801447
2296.00000000	1408.02620640
2298.00000000	1427.09715243
2300.00000000	1428.62224829
2302.00000000	1412.37581619
2304.00000000	1419.23614287
2306.00000000	1438.68361753
2308.00000000	1405.26223030
2310.00000000	1404.59056314
2312.00000000	1423.63786481
2314.00000000	1402.81776716
2316.00000000	1359.05031992
2318.00000000	1388.97802712
2320.00000000	1412.08753274
2322.00000000	1419.62949022
2324.00000000	1442.77308288
2326.00000000	1459.20610087
2328.00000000	1455.91137161
2330.00000000	1464.76662142
2332.00000000	1496.18886925
2334.00000000	1493.80546862
2336.00000000	1403.61906480
2338.00000000	1371.62930877
2340.00000000	1404.29243265
2342.00000000	1443.36617417
2344.00000000	1468.72856186
2346.00000000	1473.60141600
2348.00000000	1467.97670160
2350.00000000	1453.36644841
2352.00000000	1413.18264092
2354.00000000	1362.56802441
2356.00000000	1405.01469333
2358.00000000	1466.17314547
2360.00000000	1468.20816593
2362.00000000	1432.87830848
2364.00000000	1419.75681495
2366.00000000	1398.26904396
2368.00000000	1383.55549486
2370.00000000	1404.00990554
2372.00000000	1447.28468428
2374.00000000	1467.08021910
2376.00000000	1456.68277352
2378.00000000	1411.94075311
2380.00000000	1375.59848043
2382.00000000	1387.80021122
2384.00000000	1374.15313952
2386.00000000	1388.67401925
2388.00000000	1417.81225024
2390.00000000	1437.45164359
2392.00000000	1454.04199597
2394.00000000	1368.22946368
2396.00000000	1367.00025953
2398.00000000	1445.79146167
2400.00000000	1467.06127133
2402.00000000	1454.43391249
2404.00000000	1432.39288195
2406.00000000	1436.60840931
2408.00000000	1459.16719070
2410.00000000	1466.88513394
2412.00000000	1452.79950954
2414.00000000	1408.77297313
2416.00000000	1438.47668171
2418.00000000	1462.79704240
2420.00000000	1374.04616958
2422.00000000	1377.45413257
2424.00000000	1416.19055331
2426.00000000	1425.11178481
2428.00000000	1442.40696269
2430.00000000	1481.28755897
2432.00000000	1416.47283475
2434.00000000	1354.33218931
2436.00000000	1417.08068956
2438.00000000	1474.03571347
2440.00000000	1400.76968966
2442.00000000	1496.40368674
2444.00000000	1493.95504070
2446.00000000	1446.64223246
2448.00000000	1447.86067262
2450.00000000	1412.72917542
2452.00000000	1508.27538940
2454.00000000	1538.23069090
2456.00000000	1496.28048882
2458.00000000	1458.28611224
2460.00000000	1405.85954023
2462.00000000	1415.50333777
2464.00000000	1422.93134779
2466.00000000	1409.93374378
2468.00000000	1421.73845754
2470.00000000	1456.84732121
2472.00000000	1436.49385218
2474.00000000	1442.85343632
2476.00000000	1444.56540710
2478.00000000	1427.34091080
2480.00000000	1453.65060319
2482.00000000	1433.68191367
2484.00000000	1445.64697858
2486.00000000	1483.56504705
2488.00000000	1485.03209595
2490.00000000	1457.22045664
2492.00000000	1445.87287124
2494.00000000	1417.86028634
2496.00000000	1421.93912666
2498.00000000	1435.37756760
2500.00000000	1392.20758007
2502.00000000	1426.80289080
2504.00000000	1443.84797778
2506.00000000	1437.88766103
2508.00000000	1470.68766886
2510.00000000	1499.95749955
2512.00000000	1420.14753175
2514.00000000	1434.89827093
2516.00000000	1474.10539629
2518.00000000	1450.11077786
2520.00000000	1442.35099595
2522.00000000	1479.96865421
2524.00000000	1502.30671949
2526.00000000	1431.06919339
2528.00000000	1389.96021644
2530.00000000	1453.87547414
2532.00000000	1420.35397120
2534.00000000	1458.91994326
2536.00000000	1485.16237361
2538.00000000	1472.96288549
2540.00000000	1453.94466643
2542.00000000	1391.45263634
2544.00000000	1490.63738613
2546.00000000	1497.20100101
2548.00000000	1426.18820255
2550.00000000	1433.67860317
2552.00000000	1450.47246916
2554.00000000	1495.83775167
2556.00000000	1486.00943214
2558.00000000	1444.71114971
2560.00000000	1449.10776395
2562.00000000	1476.28341519
2564.00000000	1439.47922507
2566.00000000	1444.10917004
2568.00000000	1461.40682024
2570.00000000	1434.21491631
2572.00000000	1418.55989946
2574.00000000	1469.81745105
2576.00000000	1438.78775209
2578.00000000	1466.66631808
2580.00000000	1495.27679254
2582.00000000	1441.56272124
2584.00000000	1477.09137549
2586.00000000	1458.88908269
2588.00000000	1460.55400028
2590.00000000	1505.55965944
2592.00000000	1497.85324188
2594.00000000	1422.54089676
2596.00000000	1430.54392478
2598.00000000	1433.35659551
2600.00000000	1465.52984400
2602.00000000	1478.99979133
2604.00000000	1438.11249449
2606.00000000	1514.98783274
2608.00000000	1510.23069765
2610.00000000	1479.56737291
2612.00000000	1473.75851895
2614.00000000	1486.12202125
2616.00000000	1516.93237673
2618.00000000	1452.22531119
2620.00000000	1413.97320499
2622.00000000	1435.19918387
2624.00000000	1456.46645300
2626.00000000	1463.79524485
2628.00000000	1501.04279315
2630.00000000	1557.76919194
2632.00000000	1532.12191846
2634.00000000	1480.29320535
2636.00000000	1458.08372556
2638.00000000	1411.99223844
2640.00000000	1480.72697117
2642.00000000	1490.79745513
2644.00000000	1480.65467644
2646.00000000	1514.86222591
2648.00000000	1493.43560782
2650.00000000	1409.85561306
2652.00000000	1468.12689002
2654.00000000	1475.44872308
2656.00000000	1417.99967126
2658.00000000	1437.86111386
2660.00000000	1489.02162772
2662.00000000	1497.13254743
2664.00000000	1510.58183226
2666.00000000	1508.94896627
2668.00000000	1512.86727381
2670.00000000	1531.62217594
2672.00000000	1486.74457697
2674.00000000	1497.47794975
2676.00000000	1424.07787467
2678.00000000	1426.57229991
2680.00000000	1529.80932913
2682.00000000	1519.22505921
2684.00000000	1552.51836531
2686.00000000	1492.38148261
2688.00000000	1431.92916308
2690.00000000	1443.81068166
2692.00000000	1489.97794187
2694.00000000	1541.49695765
2696.00000000	1541.54420569
2698.00000000	1500.41134149
2700.00000000	1475.41325357
2702.00000000	1492.61502825
2704.00000000	1517.78987358
2706.00000000	1509.26547903
2708.00000000	1493.32293645
2710.00000000	1526.67472248
2712.00000000	1591.12670764
2714.00000000	1586.50018741
2716.00000000	1519.16619870
2718.00000000	1548.79187759
2720.00000000	1560.01213279
2722.00000000	1554.29630956
2724.00000000	1544.32797810
2726.00000000	1532.37658502
2728.00000000	1543.39148678
2730.00000000	1560.98569812
2732.00000000	1522.64729688
2734.00000000	1541.42518169
2736.00000000	1544.82395609
2738.00000000	1534.54219847
2740.00000000	1602.32613415
2742.00000000	1493.28380974
2744.00000000	1452.09766939
2746.00000000	1513.26341496
2748.00000000	1539.09031666
2750.00000000	1517.16866384
2752.00000000	1553.88877700
2754.00000000	1602.81919615
2756.00000000	1539.11513158
2758.00000000	1516.20876553
2760.00000000	1573.75262895
2762.00000000	1597.97870188
2764.00000000	1562.32838009
2766.00000000	1520.86157832
2768.00000000	1542.89803756
2770.00000000	1528.50969652
2772.00000000	1481.35075713
2774.00000000	1506.08409199
2776.00000000	1560.82421303
2778.00000000	1501.45307738
2780.00000000	1515.35952788
2782.00000000	1517.20201113
2784.00000000	1481.97686580
2786.00000000	1485.97048755
2788.00000000	1485.79756989
2790.00000000	1443.49570024
2792.00000000	1530.28493598
2794.00000000	1526.10571802
2796.00000000	1460.84330095
2798.00000000	1484.11183407
2800.00000000	1519.20239773
2802.00000000	1521.95469901
2804.00000000	1520.82306722
2806.00000000	1530.90323853
2808.00000000	1537.90750649
2810.00000000	1522.35814417
2812.00000000	1506.11187980
2814.00000000	1533.98274594
2816.00000000	1551.31519749
2818.00000000	1556.59003986
2820.00000000	1532.20429783
2822.00000000	1531.39845571
2824.00000000	1558.47017531
2826.00000000	1501.45534279
2828.00000000	1503.56324495
2830.00000000	1590.20965932
2832.00000000	1594.36996883
2834.00000000	1576.91409471
2836.00000000	1609.17988650
2838.00000000	1591.71763774
2840.00000000	1688.28672972
2842.00000000	1716.86624203
2844.00000000	1687.81751083
2846.00000000	1720.04227286
2848.00000000	1780.10990772
2850.00000000	1806.91422813
2852.00000000	1900.56434369
2854.00000000	1939.87005836
2856.00000000	1966.18872064
2858.00000000	2034.13282539
2860.00000000	2106.22143835
2862.00000000	2120.89886298
2864.00000000	2094.74903031
2866.00000000	2122.20345562
2868.00000000	2229.58161783
2870.00000000	2333.80710508
2872.00000000	2353.04518157
2874.00000000	2423.63592543
2876.00000000	2580.16843109
2878.00000000	2497.62185391
2880.00000000	2597.13475933
2882.00000000	2619.95388600
2884.00000000	2642.70932753
2886.00000000	2708.28954534
2888.00000000	2651.41713172
2890.00000000	2603.60734886
2892.00000000	2645.34874583
2894.00000000	2666.85620300
2896.00000000	2710.05430250
2898.00000000	2694.77933880
2900.00000000	2720.82102405
2902.00000000	2888.25150955
2904.00000000	2855.85510791
2906.00000000	2896.36616236
2908.00000000	2948.78285524
2910.00000000	3009.67793360
2912.00000000	3076.25623046
2914.00000000	3067.55796499
2916.00000000	3024.59062070
2918.00000000	3136.07680517
2920.00000000	3346.20133895
2922.00000000	3364.25738098
2924.00000000	3400.27035009
2926.00000000	3501.00116206
2928.00000000	3503.59566020
2930.00000000	3543.54790131
2932.00000000	3562.97802865
2934.00000000	3576.60161700
2936.00000000	3604.50928184
2938.00000000	3622.44824732
2940.00000000	3578.42179268
2942.00000000	3446.04858862
2944.00000000	3297.58656409
2946.00000000	3253.59595101
2948.00000000	3151.83771489
2950.00000000	3074.72929335
2952.00000000	3103.41605924
2954.00000000	3077.80638573
2956.00000000	2960.43350564
2958.00000000	2955.02010651
2960.00000000	2857.74717591
2962.00000000	2822.29145008
2964.00000000	2860.75532912
2966.00000000	2822.68305484
2968.00000000	2703.78974933
2970.00000000	2659.65437660
2972.00000000	2708.36577988
2974.00000000	2687.65978185
2976.00000000	2639.86063315
2978.00000000	2564.02195463
2980.00000000	2486.89609806
2982.00000000	2461.70182726
2984.00000000	2475.44228678
2986.00000000	2432.21801690
2988.00000000	2274.61968793
2990.00000000	2231.21011883
2992.00000000	2209.00255999
2994.00000000	2181.32285660
2996.00000000	2119.20777672
2998.00000000	2019.65620052
3000.00000000	2040.25556071
3002.00000000	2075.70502694
3004.00000000	1898.26224082
3006.00000000	1851.02994346
3008.00000000	1846.58201417
3010.00000000	1792.66487926
3012.00000000	1803.77034699
3014.00000000	1823.24367467
3016.00000000	1806.47212582
3018.00000000	1788.56526069
3020.00000000	1768.38771173
3022.00000000	1760.24129134
3024.00000000	1728.80285189
3026.00000000	1677.83186264
3028.00000000	1652.24861525
3030.00000000	1624.26272260
3032.00000000	1618.72094947
3034.00000000	1595.68012885
3036.00000000	1626.28429186
3038.00000000	1672.23281610
3040.00000000	1677.50672743
3042.00000000	1657.18571704
3044.00000000	1632.18278086
3046.00000000	1660.59382357
3048.00000000	1733.30269731
3050.00000000	1755.33795679
3052.00000000	1695.91434903
3054.00000000	1660.48344673
3056.00000000	1670.87819609
3058.00000000	1686.46984743
3060.00000000	1752.76288326
3062.00000000	1743.59572950
3064.00000000	1752.23940060
3066.00000000	1763.23300551
3068.00000000	1743.98533723
3070.00000000	1728.15704503
3072.00000000	1731.12954380
3074.00000000	1705.52933583
3076.00000000	1648.20093141
3078.00000000	1652.46101960
3080.00000000	1666.72816088
3082.00000000	1635.03511621
3084.00000000	1622.91033761
3086.00000000	1614.26297607
3088.00000000	1567.49834141
3090.00000000	1574.57815793
3092.00000000	1638.93312075
3094.00000000	1653.28413513
3096.00000000	1543.31391738
3098.00000000	1555.87427340
3100.00000000	1640.77514431
3102.00000000	1641.10796587
3104.00000000	1611.20494974
3106.00000000	1587.22396032
3108.00000000	1566.34933238
3110.00000000	1627.73692120
3112.00000000	1637.22526101
3114.00000000	1647.78382466
3116.00000000	1622.01600043
3118.00000000	1578.26564301
3120.00000000	1598.94260297
3122.00000000	1626.49906390
3124.00000000	1671.30447228
3126.00000000	1672.01835896
3128.00000000	1608.73158020
3130.00000000	1599.59939416
3132.00000000	1642.75163239
3134.00000000	1652.08340360
3136.00000000	1636.49606454
3138.00000000	1607.49255377
3140.00000000	1525.31266084
3142.00000000	1559.79918943
3144.00000000	1584.95846587
3146.00000000	1597.71921584
3148.00000000	1666.45616726
3150.00000000	1700.26590676
3152.00000000	1664.96572047
3154.00000000	1624.93555825
3156.00000000	1561.00311438
3158.00000000	1589.09241712
3160.00000000	1525.96917559
3162.00000000	1527.48908259
3164.00000000	1595.65297092
3166.00000000	1596.77620370
3168.00000000	1609.53177452
3170.00000000	1658.20871324
3172.00000000	1621.92099493
3174.00000000	1646.02278452
3176.00000000	1573.28423339
3178.00000000	1614.90093558
3180.00000000	1609.30936178
3182.00000000	1575.54814497
3184.00000000	1608.94149910
3186.00000000	1626.48521435
3188.00000000	1611.32369381
3190.00000000	1662.40851744
3192.00000000	1678.63579197
3194.00000000	1568.06441950
3196.00000000	1541.98196371
3198.00000000	1596.06040896
3200.00000000	1623.77818129
3202.00000000	1656.49575179
3204.00000000	1662.45191330
3206.00000000	1623.53584899
3208.00000000	1678.31737620
3210.00000000	1626.69218796
3212.00000000	1607.77940141
3214.00000000	1655.56748524
3216.00000000	1681.30322014
3218.00000000	1650.15312046
3220.00000000	1669.81282898
3222.00000000	1642.16495296
3224.00000000	1531.97201344
3226.00000000	1633.49037549
3228.00000000	1623.68814688
3230.00000000	1686.66199148
3232.00000000	1611.24218308
3234.00000000	1644.05508610
3236.00000000	1638.49741483
3238.00000000	1623.67177600
3240.00000000	1665.27149737
3242.00000000	1589.70404808
3244.00000000	1579.20543459
3246.00000000	1583.05759552
3248.00000000	1649.08893447
3250.00000000	1716.86362864
3252.00000000	1686.34062807
3254.00000000	1691.76777547
3256.00000000	1658.65672645
3258.00000000	1601.83548933
3260.00000000	1662.66240282
3262.00000000	1701.35247371
3264.00000000	1702.47065482
3266.00000000	1714.42500368
3268.00000000	1642.53231576
3270.00000000	1552.74019103
3272.00000000	1663.52285561
3274.00000000	1695.17112084
3276.00000000	1656.46894055
3278.00000000	1713.18958692
3280.00000000	1728.02719827
3282.00000000	1740.29724632
3284.00000000	1717.93455480
3286.00000000	1753.66721227
3288.00000000	1759.44538406
3290.00000000	1655.08362603
3292.00000000	1665.40899381
3294.00000000	1767.05978432
3296.00000000	1763.96133885
3298.00000000	1738.50778912
3300.00000000	1770.05531827
3302.00000000	1718.42568486
3304.00000000	1717.60610239
3306.00000000	1765.67591216
3308.00000000	1730.88679176
3310.00000000	1772.72032671
3312.00000000	1771.83861363
3314.00000000	1736.46687471
3316.00000000	1763.18766372
3318.00000000	1751.33692696
3320.00000000	1701.97397164
3322.00000000	1732.25610643
3324.00000000	1727.47030618
3326.00000000	1777.54622976
3328.00000000	1707.30026714
3330.00000000	1761.76994314
3332.00000000	1800.39887928
3334.00000000	1709.77844826
3336.00000000	1714.36694190
3338.00000000	1781.19080376
3340.00000000	1746.05203377
3342.00000000	1729.69937523
3344.00000000	1733.43834527
3346.00000000	1777.00733804
3348.00000000	1767.04993590
3350.00000000	1792.94118656
3352.00000000	1729.07661825
3354.00000000	1699.09373184
3356.00000000	1778.89969469
3358.00000000	1765.29365876
3360.00000000	1711.65168842
3362.00000000	1761.26945745
3364.00000000	1728.55725810
3366.00000000	1692.39751336
3368.00000000	1733.68817299
3370.00000000	1766.37418358
3372.00000000	1689.71587575
3374.00000000	1700.06177412
3376.00000000	1724.15676041
3378.00000000	1713.65006454
3380.00000000	1707.49191141
3382.00000000	1686.69718662
3384.00000000	1684.31952469
3386.00000000	1750.77924972
3388.00000000	1774.34254784
3390.00000000	1647.94705815
3392.00000000	1683.95567901
3394.00000000	1697.40062423
3396.00000000	1670.83636356
3398.00000000	1705.75746938
3400.00000000	1730.06214085
3402.00000000	1714.79054023
3404.00000000	1687.75715934
3406.00000000	1660.15942219
3408.00000000	1670.50876591
3410.00000000	1705.08830223
3412.00000000	1716.94894514
3414.00000000	1646.19519046
3416.00000000	1626.61782654
3418.00000000	1650.69691093
3420.00000000	1685.47773804
3422.00000000	1719.50360828
3424.00000000	1681.71653688
3426.00000000	1670.07733491
3428.00000000	1675.20379852
3430.00000000	1674.49039016
3432.00000000	1728.98417689
3434.00000000	1682.80888167
3436.00000000	1704.59191989
3438.00000000	1643.24704843
3440.00000000	1646.36429042
3442.00000000	1698.53571262
3444.00000000	1647.36906215
3446.00000000	1648.82939597
3448.00000000	1645.67656677
3450.00000000	1643.65030452
3452.00000000	1695.41802870
3454.00000000	1688.28100513
3456.00000000	1635.81823046
3458.00000000	1664.83066033
3460.00000000	1704.03310095
3462.00000000	1613.23864030
3464.00000000	1678.25248876
3466.00000000	1665.36892293
3468.00000000	1662.36013013
3470.00000000	1599.90226301
3472.00000000	1622.87406403
3474.00000000	1617.95531810
3476.00000000	1633.86687640
3478.00000000	1664.87258248
3480.00000000	1653.64395240
3482.00000000	1686.41869064
3484.00000000	1618.40057357
3486.00000000	1639.89648056
3488.00000000	1722.75239586
3490.00000000	1663.30630652
3492.00000000	1688.57661683
3494.00000000	1685.88529246
3496.00000000	1639.32402839
3498.00000000	1637.40684354
3500.00000000	1613.58092734
3502.00000000	1653.28945824
3504.00000000	1668.70339353
3506.00000000	1611.93826565
3508.00000000	1647.65815471
3510.00000000	1662.54904146
3512.00000000	1610.76961458
3514.00000000	1612.18691803
3516.00000000	1606.42712791
3518.00000000	1669.01787649
3520.00000000	1660.02689315
3522.00000000	1693.66549064
3524.00000000	1661.28449194
3526.00000000	1615.08929786
3528.00000000	1650.79903833
3530.00000000	1688.19837213
3532.00000000	1645.80411148
3534.00000000	1595.42447555
3536.00000000	1646.55521231
3538.00000000	1701.96180160
3540.00000000	1661.35578702
3542.00000000	1665.18872660
3544.00000000	1633.76711922
3546.00000000	1652.54403089
3548.00000000	1653.84976589
3550.00000000	1598.09974054
3552.00000000	1588.63484015
3554.00000000	1575.40676606
3556.00000000	1609.61905126
3558.00000000	1673.27550725
3560.00000000	1646.07356206
3562.00000000	1606.19758966
3564.00000000	1598.00020867
3566.00000000	1636.74480836
3568.00000000	1693.76498590
3570.00000000	1632.28491612
3572.00000000	1628.55500105
3574.00000000	1644.90627329
3576.00000000	1614.86612533
3578.00000000	1617.99804230
3580.00000000	1584.22133550
3582.00000000	1661.32047469
3584.00000000	1677.86907560
3586.00000000	1617.40494435
3588.00000000	1575.77864811
3590.00000000	1609.16950330
3592.00000000	1653.28582897
3594.00000000	1692.91546516
3596.00000000	1641.02903410
3598.00000000	1615.55890986
3600.00000000	1652.00976526
3602.00000000	1572.50806095
3604.00000000	1603.91316726
3606.00000000	1629.82557966
3608.00000000	1718.68328527
3610.00000000	1757.46712221
3612.00000000	1628.12646689
3614.00000000	1634.89251677
3616.00000000	1607.54410252
3618.00000000	1574.16099534
3620.00000000	1648.27836632
3622.00000000	1667.04421951
3624.00000000	1623.06415045
3626.00000000	1541.16027262
3628.00000000	1645.54470829
3630.00000000	1706.97681893
3632.00000000	1628.91744594
3634.00000000	1624.34697471
3636.00000000	1605.06218149
3638.00000000	1618.17021798
3640.00000000	1626.23968745
3642.00000000	1643.95555857
3644.00000000	1562.42614585
3646.00000000	1566.54368943
3648.00000000	1558.19379292
3650.00000000	1623.90309055
3652.00000000	1588.99634758
3654.00000000	1654.13761634
3656.00000000	1726.45017089
3658.00000000	1729.06519656
3660.00000000	1684.78384703
3662.00000000	1594.58503408
3664.00000000	1520.07592628
3666.00000000	1559.47910109
3668.00000000	1631.06864147
3670.00000000	1651.29978420
3672.00000000	1634.31107095
3674.00000000	1614.88293772
3676.00000000	1598.38655567
3678.00000000	1609.61264491
3680.00000000	1683.35917988
3682.00000000	1620.91177101
3684.00000000	1611.48067284
3686.00000000	1664.72879349
3688.00000000	1615.48355768
3690.00000000	1621.33191868
3692.00000000	1642.42111319
3694.00000000	1608.69123782
3696.00000000	1608.53270252
3698.00000000	1517.45981343
3700.00000000	1559.79672686
3702.00000000	1648.35276892
3704.00000000	1598.10604785
3706.00000000	1609.23437334
3708.00000000	1635.04776504
3710.00000000	1601.16915733
3712.00000000	1612.81611162
3714.00000000	1614.21286730
3716.00000000	1621.22615794
3718.00000000	1592.62507233
3720.00000000	1561.51734450
3722.00000000	1619.78459500
3724.00000000	1592.97276107
3726.00000000	1685.06873865
3728.00000000	1700.95464770
3730.00000000	1692.09595529
3732.00000000	1643.82435628
3734.00000000	1598.18752327
3736.00000000	1599.31403226
3738.00000000	1580.54784200
3740.00000000	1625.85518076
3742.00000000	1570.14733725
3744.00000000	1657.48344362
3746.00000000	1618.31763307
3748.00000000	1649.54747250
3750.00000000	1675.74403529
3752.00000000	1702.05028869
3754.00000000	1660.03297112
3756.00000000	1557.69522295
3758.00000000	1599.23145807
3760.00000000	1631.88856926
3762.00000000	1673.00412387
3764.00000000	1698.54153397
3766.00000000	1648.58414058
3768.00000000	1590.74370496
3770.00000000	1608.86644597
3772.00000000	1638.46498575
3774.00000000	1575.91500074
3776.00000000	1639.04973506
3778.00000000	1643.71883718
3780.00000000	1605.33736064
3782.00000000	1646.85387279
3784.00000000	1629.63695235
3786.00000000	1646.48104974
3788.00000000	1655.57506343
3790.00000000	1646.27718485
3792.00000000	1614.90076443
3794.00000000	1616.72241604
3796.00000000	1692.10196009
3798.00000000	1613.00008686
3800.00000000	1588.66271042
