400.00000000	933.38326971
402.00000000	905.24200151
404.00000000	923.11541515
406.00000000	943.17737433
408.00000000	911.05363454
410.00000000	895.98374494
412.00000000	906.09331116
414.00000000	885.30956915
416.00000000	887.92509100
418.00000000	938.10532470
420.00000000	931.03423141
422.00000000	892.52333782
424.00000000	912.91317859
426.00000000	924.50103642
428.00000000	897.19364642
430.00000000	896.92813157
432.00000000	913.15303343
434.00000000	908.63008771
436.00000000	887.40006129
438.00000000	874.57776071
440.00000000	896.98000716
442.00000000	917.56540751
444.00000000	906.32861468
446.00000000	884.93216023
448.00000000	883.56839425
450.00000000	912.27053678
452.00000000	905.82237258
454.00000000	862.56520903
456.00000000	862.33263650
458.00000000	880.03431414
460.00000000	875.81605176
462.00000000	882.04265463
464.00000000	899.58249770
466.00000000	903.54730341
468.00000000	903.32761152
470.00000000	907.43183773
472.00000000	909.22720303
474.00000000	905.90092693
476.00000000	897.66125685
478.00000000	885.78698494
480.00000000	874.61162463
482.00000000	872.64235365
484.00000000	895.58750757
486.00000000	935.19549215
488.00000000	942.87093068
490.00000000	923.91416275
492.00000000	911.55241919
494.00000000	912.86443833
496.00000000	919.99672867
498.00000000	919.29267656
500.00000000	926.07010293
502.00000000	947.05747010
504.00000000	952.85663298
506.00000000	944.82577480
508.00000000	940.90811461
510.00000000	932.16998475
512.00000000	923.02416473
514.00000000	934.00014465
516.00000000	935.60224012
518.00000000	915.18516694
520.00000000	934.58405998
522.00000000	968.39541633
524.00000000	948.13458023
526.00000000	915.57294896
528.00000000	918.44552451
530.00000000	967.63548302
532.00000000	1000.56712560
534.00000000	968.80099700
536.00000000	922.80118908
538.00000000	902.42115552
540.00000000	914.48262447
542.00000000	908.73371217
544.00000000	885.77509907
546.00000000	914.20942008
548.00000000	953.15387315
550.00000000	947.53295565
552.00000000	922.11306188
554.00000000	907.97823928
556.00000000	921.99303518
558.00000000	939.18604503
560.00000000	946.35647687
562.00000000	955.44830364
564.00000000	963.79392217
566.00000000	961.26760661
568.00000000	939.35661097
570.00000000	925.69034276
572.00000000	950.65825038
574.00000000	963.29657962
576.00000000	943.86158855
578.00000000	927.87908161
580.00000000	933.83575342
582.00000000	954.79693012
584.00000000	953.42096892
586.00000000	925.46694059
588.00000000	897.72861156
590.00000000	917.23321577
592.00000000	963.82673334
594.00000000	963.77101170
596.00000000	959.19769069
598.00000000	978.10441647
600.00000000	964.82855739
602.00000000	951.90354974
604.00000000	988.10681212
606.00000000	1016.79833835
608.00000000	995.36423507
610.00000000	928.60297508
612.00000000	904.11393590
614.00000000	947.09451008
616.00000000	970.38656407
618.00000000	965.36537352
620.00000000	955.70852459
622.00000000	945.21514105
624.00000000	957.06451947
626.00000000	1005.37905339
628.00000000	1011.69181115
630.00000000	964.79895066
632.00000000	943.58669253
634.00000000	946.92908579
636.00000000	959.67116177
638.00000000	995.64686735
640.00000000	1025.60976236
642.00000000	1015.85213793
644.00000000	998.00224763
646.00000000	999.40993475
648.00000000	1024.17632124
650.00000000	1037.27142924
652.00000000	1027.13223582
654.00000000	1024.58741233
656.00000000	1021.26286027
658.00000000	1006.23523906
660.00000000	1002.31259888
662.00000000	1014.66169647
664.00000000	1032.91297078
666.00000000	1046.53120741
668.00000000	1068.58510784
670.00000000	1115.43456897
672.00000000	1096.84829129
674.00000000	1018.72240579
676.00000000	1054.52071946
678.00000000	1114.57014888
680.00000000	1077.45732035
682.00000000	1057.44145804
684.00000000	1076.52071147
686.00000000	1077.86185527
688.00000000	1053.22192830
690.00000000	1029.27599007
692.00000000	1044.82604142
694.00000000	1066.91768898
696.00000000	1072.44613968
698.00000000	1086.68489028
700.00000000	1093.72611942
702.00000000	1081.43532281
704.00000000	1094.17525380
706.00000000	1121.97312330
708.00000000	1125.43250574
710.00000000	1118.88598414
712.00000000	1114.40097002
714.00000000	1108.37105262
716.00000000	1091.38133247
718.00000000	1080.72092419
720.00000000	1122.38298438
722.00000000	1163.04588662
724.00000000	1158.93984560
726.00000000	1178.50209658
728.00000000	1199.89652226
730.00000000	1164.28768141
732.00000000	1112.62648251
734.00000000	1108.30252602
736.00000000	1183.34299618
738.00000000	1220.56434626
740.00000000	1200.94533394
742.00000000	1258.40287325
744.00000000	1354.18983829
746.00000000	1431.07983955
748.00000000	1520.67716926
750.00000000	1563.67987318
752.00000000	1498.20124728
754.00000000	1395.57129839
756.00000000	1314.42745415
758.00000000	1271.43411756
760.00000000	1228.38638215
762.00000000	1197.06766489
764.00000000	1227.98307613
766.00000000	1241.71462231
768.00000000	1202.97443299
770.00000000	1187.10577961
772.00000000	1194.84195564
774.00000000	1196.42042172
776.00000000	1177.92648334
778.00000000	1172.53830850
780.00000000	1210.22914710
782.00000000	1244.87665879
784.00000000	1260.00297904
786.00000000	1267.76540849
788.00000000	1263.94821464
790.00000000	1244.20044330
792.00000000	1212.15162028
794.00000000	1191.25780460
796.00000000	1199.49326814
798.00000000	1231.15213865
800.00000000	1227.58171132
802.00000000	1180.13829964
804.00000000	1193.39711263
806.00000000	1234.32716051
808.00000000	1234.18574110
810.00000000	1231.69329517
812.00000000	1229.80391693
814.00000000	1214.82389262
816.00000000	1232.97006074
818.00000000	1266.41262327
820.00000000	1253.24250624
822.00000000	1237.83537411
824.00000000	1250.33063543
826.00000000	1272.18429043
828.00000000	1291.93364238
830.00000000	1297.12554247
832.00000000	1274.66219764
834.00000000	1254.53325751
836.00000000	1256.27251125
838.00000000	1246.80174115
840.00000000	1228.51812454
842.00000000	1223.23947100
844.00000000	1240.90775428
846.00000000	1267.35222515
848.00000000	1282.64533808
850.00000000	1297.56856079
852.00000000	1312.40809262
854.00000000	1316.58346045
856.00000000	1314.37485901
858.00000000	1312.24531778
860.00000000	1313.49986957
862.00000000	1314.54091223
864.00000000	1313.95640615
866.00000000	1315.53169745
868.00000000	1319.17001747
870.00000000	1319.56626668
872.00000000	1309.48827344
874.00000000	1312.74802486
876.00000000	1335.02584103
878.00000000	1323.45023097
880.00000000	1312.27842623
882.00000000	1341.61758703
884.00000000	1336.17619981
886.00000000	1322.79647311
888.00000000	1361.31955365
890.00000000	1359.19094593
892.00000000	1328.06363512
894.00000000	1354.45141656
896.00000000	1382.49986977
898.00000000	1381.68601559
900.00000000	1373.12205631
902.00000000	1342.54024212
904.00000000	1323.02181302
906.00000000	1383.99759538
908.00000000	1418.26097701
910.00000000	1379.11726739
912.00000000	1372.55868149
914.00000000	1389.11164445
916.00000000	1403.94238167
918.00000000	1444.25489520
920.00000000	1481.00818773
922.00000000	1484.33180756
924.00000000	1476.99528222
926.00000000	1468.00997676
928.00000000	1456.17955114
930.00000000	1443.00112722
932.00000000	1441.46907017
934.00000000	1458.49645062
936.00000000	1467.78701977
938.00000000	1453.06454075
940.00000000	1423.10556429
942.00000000	1424.72623982
944.00000000	1454.08388059
946.00000000	1468.81771751
948.00000000	1460.11655644
950.00000000	1445.79431638
952.00000000	1453.22993560
954.00000000	1476.43810342
956.00000000	1487.79767542
958.00000000	1464.60357774
960.00000000	1466.67819030
962.00000000	1510.50987802
964.00000000	1541.24767337
966.00000000	1538.96270845
968.00000000	1509.04932212
970.00000000	1476.37190638
972.00000000	1481.21058915
974.00000000	1507.96068207
976.00000000	1476.57469150
978.00000000	1451.89460642
980.00000000	1491.21212065
982.00000000	1545.79413440
984.00000000	1565.82140244
986.00000000	1545.67855164
988.00000000	1542.46938006
990.00000000	1560.23207815
992.00000000	1583.16454712
994.00000000	1609.16127983
996.00000000	1615.53232252
998.00000000	1605.31196931
1000.00000000	1644.17615769
1002.00000000	1681.84134945
1004.00000000	1662.10210298
1006.00000000	1656.69138551
1008.00000000	1645.40825516
1010.00000000	1587.30713149
1012.00000000	1541.63058003
1014.00000000	1538.50374525
1016.00000000	1557.89210849
1018.00000000	1532.74165546
1020.00000000	1493.65709397
1022.00000000	1503.38847200
1024.00000000	1525.67691796
1026.00000000	1526.77034524
1028.00000000	1507.42241542
1030.00000000	1520.61698701
1032.00000000	1540.27060620
1034.00000000	1522.32714538
1036.00000000	1547.16481616
1038.00000000	1574.41394673
1040.00000000	1527.21724690
1042.00000000	1533.20510987
1044.00000000	1569.27409754
1046.00000000	1533.32852679
1048.00000000	1529.06285945
1050.00000000	1567.48305137
1052.00000000	1585.22349977
1054.00000000	1616.79142514
1056.00000000	1639.55673905
1058.00000000	1608.49318642
1060.00000000	1602.52964491
1062.00000000	1619.10935949
1064.00000000	1606.91851846
1066.00000000	1637.06390218
1068.00000000	1698.55483403
1070.00000000	1705.50564527
1072.00000000	1627.99881669
1074.00000000	1575.79792959
1076.00000000	1668.34521508
1078.00000000	1722.73803795
1080.00000000	1714.19231690
1082.00000000	1743.47956385
1084.00000000	1733.43892401
1086.00000000	1693.39487514
1088.00000000	1693.38701906
1090.00000000	1678.35841538
1092.00000000	1639.37218107
1094.00000000	1615.15416135
1096.00000000	1612.84256301
1098.00000000	1635.63985207
1100.00000000	1667.09763924
1102.00000000	1634.55411969
1104.00000000	1587.04404963
1106.00000000	1616.88510395
1108.00000000	1651.11766744
1110.00000000	1665.57758030
1112.00000000	1678.70744235
1114.00000000	1667.07615282
1116.00000000	1653.07907530
1118.00000000	1672.47342022
1120.00000000	1698.51292362
1122.00000000	1741.19095843
1124.00000000	1811.35821976
1126.00000000	1849.14224335
1128.00000000	1885.66667685
1130.00000000	1951.14401978
1132.00000000	1928.42753170
1134.00000000	1821.34600437
1136.00000000	1713.05373864
1138.00000000	1661.76046240
1140.00000000	1658.97614767
1142.00000000	1655.03990910
1144.00000000	1602.61009778
1146.00000000	1564.30191251
1148.00000000	1586.96795553
1150.00000000	1585.62173205
1152.00000000	1565.19523565
1154.00000000	1567.81627323
1156.00000000	1602.79454333
1158.00000000	1632.87990116
1160.00000000	1633.18161117
1162.00000000	1628.38571831
1164.00000000	1626.55831598
1166.00000000	1635.61407063
1168.00000000	1665.94058422
1170.00000000	1666.79675465
1172.00000000	1638.56171060
1174.00000000	1659.26460419
1176.00000000	1685.58381688
1178.00000000	1658.96716644
1180.00000000	1575.99366429
1182.00000000	1530.73602616
1184.00000000	1553.25840610
1186.00000000	1576.28992976
1188.00000000	1554.75030876
1190.00000000	1517.03740006
1192.00000000	1525.61607985
1194.00000000	1531.31410723
1196.00000000	1535.81075681
1198.00000000	1577.38284404
1200.00000000	1597.23497917
1202.00000000	1579.21318328
1204.00000000	1558.78285723
1206.00000000	1574.19992822
1208.00000000	1602.23583592
1210.00000000	1607.09878976
1212.00000000	1620.68243934
1214.00000000	1637.37435927
1216.00000000	1637.36097041
1218.00000000	1632.42388551
1220.00000000	1650.42641434
1222.00000000	1694.97296371
1224.00000000	1715.61204513
1226.00000000	1666.11793358
1228.00000000	1602.80963366
1230.00000000	1678.38493390
1232.00000000	1724.66297940
1234.00000000	1672.42715813
1236.00000000	1694.93105551
1238.00000000	1712.56360765
1240.00000000	1692.84595124
1242.00000000	1711.50161397
1244.00000000	1681.22402355
1246.00000000	1614.34331544
1248.00000000	1616.94715707
1250.00000000	1645.88307828
1252.00000000	1643.92626516
1254.00000000	1594.80952165
1256.00000000	1551.56964269
1258.00000000	1544.50894939
1260.00000000	1566.61628661
1262.00000000	1584.04293348
1264.00000000	1608.13472240
1266.00000000	1638.03349689
1268.00000000	1613.95916077
1270.00000000	1595.83603854
1272.00000000	1624.50888871
1274.00000000	1633.10470293
1276.00000000	1629.94791993
1278.00000000	1636.42760044
1280.00000000	1646.44776826
1282.00000000	1637.96354096
1284.00000000	1615.55831343
1286.00000000	1610.62234858
1288.00000000	1631.95387729
1290.00000000	1648.98346992
1292.00000000	1628.90833204
1294.00000000	1614.50930262
1296.00000000	1627.74192201
1298.00000000	1676.04169445
1300.00000000	1778.40640436
1302.00000000	1856.55613655
1304.00000000	1856.06282590
1306.00000000	1857.56060283
1308.00000000	1882.79266358
1310.00000000	1901.13360866
1312.00000000	1872.83301396
1314.00000000	1863.19602663
1316.00000000	1867.63243179
1318.00000000	1802.85801592
1320.00000000	1756.74241367
1322.00000000	1751.77635570
1324.00000000	1734.38166240
1326.00000000	1726.21315690
1328.00000000	1728.31763977
1330.00000000	1733.65742025
1332.00000000	1770.32839933
1334.00000000	1808.28135022
1336.00000000	1812.08955691
1338.00000000	1804.90281904
1340.00000000	1841.09015738
1342.00000000	1870.98398827
1344.00000000	1756.33454585
1346.00000000	1703.83854539
1348.00000000	1754.33989454
1350.00000000	1719.94182324
1352.00000000	1665.66630015
1354.00000000	1677.55381500
1356.00000000	1751.54500764
1358.00000000	1749.26414980
1360.00000000	1724.02945968
1362.00000000	1765.60920107
1364.00000000	1777.33995249
1366.00000000	1729.62494117
1368.00000000	1674.57164810
1370.00000000	1691.50960394
1372.00000000	1689.16070688
1374.00000000	1653.91015811
1376.00000000	1669.35772438
1378.00000000	1611.01533408
1380.00000000	1553.24003446
1382.00000000	1648.02317665
1384.00000000	1694.48267428
1386.00000000	1674.01044381
1388.00000000	1669.79519951
1390.00000000	1664.29229642
1392.00000000	1649.03955093
1394.00000000	1627.85911728
1396.00000000	1609.43000898
1398.00000000	1608.66840933
1400.00000000	1636.93099955
1402.00000000	1674.02480654
1404.00000000	1620.29221941
1406.00000000	1548.69436707
1408.00000000	1576.14765493
1410.00000000	1575.24886316
1412.00000000	1539.85918521
1414.00000000	1524.07974965
1416.00000000	1524.58674525
1418.00000000	1502.31576441
1420.00000000	1484.08133407
1422.00000000	1548.05438603
1424.00000000	1581.72151551
1426.00000000	1570.25690850
1428.00000000	1593.99211044
1430.00000000	1616.75511362
1432.00000000	1602.59831380
1434.00000000	1561.75804597
1436.00000000	1556.73929122
1438.00000000	1570.87698917
1440.00000000	1571.93262056
1442.00000000	1570.23986179
1444.00000000	1624.54677380
1446.00000000	1698.42826213
1448.00000000	1698.45823339
1450.00000000	1681.87617262
1452.00000000	1669.43294484
1454.00000000	1653.48758200
1456.00000000	1656.37200979
1458.00000000	1651.28792232
1460.00000000	1631.99338299
1462.00000000	1641.16024517
1464.00000000	1643.12858207
1466.00000000	1613.89058528
1468.00000000	1572.11626552
1470.00000000	1551.30083418
1472.00000000	1544.70979403
1474.00000000	1534.42874930
1476.00000000	1536.35266902
1478.00000000	1541.81227056
1480.00000000	1526.58553366
1482.00000000	1482.18111870
1484.00000000	1483.20205299
1486.00000000	1510.16712384
1488.00000000	1475.75238248
1490.00000000	1422.99694047
1492.00000000	1420.14381422
1494.00000000	1459.09214542
1496.00000000	1419.31896241
1498.00000000	1396.08608076
1500.00000000	1420.15037969
1502.00000000	1374.02929295
1504.00000000	1350.79399104
1506.00000000	1366.58487685
1508.00000000	1364.51717674
1510.00000000	1381.27762947
1512.00000000	1375.99148954
1514.00000000	1339.08637574
1516.00000000	1366.21307361
1518.00000000	1389.65802687
1520.00000000	1378.15553409
1522.00000000	1383.78458678
1524.00000000	1391.87509552
1526.00000000	1424.96178137
1528.00000000	1483.27700941
1530.00000000	1468.24994087
1532.00000000	1448.27799281
1534.00000000	1467.31763631
1536.00000000	1461.42343407
1538.00000000	1491.87002610
1540.00000000	1532.52476371
1542.00000000	1506.68502107
1544.00000000	1473.85055832
1546.00000000	1452.31220173
1548.00000000	1452.60470225
1550.00000000	1507.33253752
1552.00000000	1545.03969393
1554.00000000	1553.26079676
1556.00000000	1587.94694454
1558.00000000	1621.55729062
1560.00000000	1606.36727593
1562.00000000	1553.23457240
1564.00000000	1559.34754184
1566.00000000	1566.12607392
1568.00000000	1565.23505653
1570.00000000	1630.55854112
1572.00000000	1667.18425930
1574.00000000	1677.31113446
1576.00000000	1706.33316218
1578.00000000	1701.52132053
1580.00000000	1725.30721901
1582.00000000	1779.67184934
1584.00000000	1765.81974688
1586.00000000	1765.39419123
1588.00000000	1755.29349525
1590.00000000	1666.03081233
1592.00000000	1591.91512353
1594.00000000	1604.35759361
1596.00000000	1639.47462698
1598.00000000	1554.79036885
1600.00000000	1520.89664369
1602.00000000	1592.03687644
1604.00000000	1650.84184901
1606.00000000	1599.08717466
1608.00000000	1545.89226241
1610.00000000	1557.90733322
1612.00000000	1529.84711683
1614.00000000	1492.33522593
1616.00000000	1498.64590939
1618.00000000	1542.13436943
1620.00000000	1528.05198060
1622.00000000	1503.94341193
1624.00000000	1498.63586995
1626.00000000	1442.18341479
1628.00000000	1424.66789223
1630.00000000	1438.55982303
1632.00000000	1414.24261807
1634.00000000	1415.32840720
1636.00000000	1435.12959434
1638.00000000	1431.25590695
1640.00000000	1396.05471565
1642.00000000	1411.53817297
1644.00000000	1471.65578001
1646.00000000	1496.18887220
1648.00000000	1457.89509693
1650.00000000	1458.61992816
1652.00000000	1514.63447965
1654.00000000	1511.35735219
1656.00000000	1526.83554481
1658.00000000	1556.53587169
1660.00000000	1540.94843295
1662.00000000	1515.97061469
1664.00000000	1541.44670186
1666.00000000	1572.20525926
1668.00000000	1511.64008414
1670.00000000	1513.26255023
1672.00000000	1553.82849984
1674.00000000	1528.27429491
1676.00000000	1476.21790054
1678.00000000	1481.55957373
1680.00000000	1506.78204980
1682.00000000	1447.76872061
1684.00000000	1399.39467717
1686.00000000	1401.84205276
1688.00000000	1431.00458045
1690.00000000	1449.07815495
1692.00000000	1432.47167817
1694.00000000	1385.46556064
1696.00000000	1337.43835136
1698.00000000	1320.66996053
1700.00000000	1301.31424246
1702.00000000	1301.31424246
1704.00000000	1301.31424246
1706.00000000	1301.31424246
1708.00000000	1301.31424246
1710.00000000	1301.31424246
1712.00000000	1301.31424246
1714.00000000	1301.31424246
1716.00000000	1285.03158604
1718.00000000	1238.89833534
1720.00000000	1265.80257707
1722.00000000	1288.63109746
1724.00000000	1239.20681381
1726.00000000	1207.48759667
1728.00000000	1222.70289663
1730.00000000	1258.80239216
1732.00000000	1275.50473122
1734.00000000	1269.35865994
1736.00000000	1277.98731441
1738.00000000	1295.46940631
1740.00000000	1272.32967853
1742.00000000	1249.24948335
1744.00000000	1232.92639872
1746.00000000	1234.40957100
1748.00000000	1293.03194207
1750.00000000	1267.76299106
1752.00000000	1193.38848520
1754.00000000	1222.27805395
1756.00000000	1280.09992222
1758.00000000	1274.55510756
1760.00000000	1242.05879721
1762.00000000	1288.99936487
1764.00000000	1266.55732595
1766.00000000	1230.16348211
1768.00000000	1255.40801597
1770.00000000	1214.43622933
1772.00000000	1219.80687560
1774.00000000	1245.03720236
1776.00000000	1196.49854598
1778.00000000	1242.23791173
1780.00000000	1285.00009934
1782.00000000	1249.12012000
1784.00000000	1227.65822736
1786.00000000	1251.95662820
1788.00000000	1255.59629522
1790.00000000	1213.97399260
1792.00000000	1221.95736616
1794.00000000	1264.87342805
1796.00000000	1268.71376966
1798.00000000	1225.71068290
1800.00000000	1265.12554407
1802.00000000	1272.62968277
1804.00000000	1227.54085727
1806.00000000	1242.49136331
1808.00000000	1247.08912914
1810.00000000	1223.74839625
1812.00000000	1218.85763482
1814.00000000	1262.89471279
1816.00000000	1248.31313892
1818.00000000	1238.49766799
1820.00000000	1277.24528056
1822.00000000	1215.32559158
1824.00000000	1223.80141881
1826.00000000	1296.90518074
1828.00000000	1289.62264314
1830.00000000	1262.51819913
1832.00000000	1242.55456216
1834.00000000	1242.47992526
1836.00000000	1257.14754787
1838.00000000	1221.28315711
1840.00000000	1227.29069651
1842.00000000	1289.33060928
1844.00000000	1273.45450659
1846.00000000	1255.75750438
1848.00000000	1243.72715160
1850.00000000	1233.90662758
1852.00000000	1284.68887016
1854.00000000	1297.83517788
1856.00000000	1263.03537307
1858.00000000	1238.23823525
1860.00000000	1225.95463082
1862.00000000	1270.27758637
1864.00000000	1318.76782798
1866.00000000	1296.25974618
1868.00000000	1294.57830761
1870.00000000	1280.84474478
1872.00000000	1252.97710002
1874.00000000	1268.10887518
1876.00000000	1272.08567457
1878.00000000	1255.93561725
1880.00000000	1260.24346563
1882.00000000	1301.11322121
1884.00000000	1267.34372433
1886.00000000	1268.88227157
1888.00000000	1338.12892873
1890.00000000	1278.36173453
1892.00000000	1262.38904748
1894.00000000	1282.08697903
1896.00000000	1253.02113868
1898.00000000	1259.55862201
1900.00000000	1279.69611596
1902.00000000	1269.81181081
1904.00000000	1241.04014475
1906.00000000	1266.26667008
1908.00000000	1309.06435974
1910.00000000	1325.26437744
1912.00000000	1308.43917443
1914.00000000	1278.11402880
1916.00000000	1279.74270920
1918.00000000	1293.63833084
1920.00000000	1272.27778751
1922.00000000	1261.54114509
1924.00000000	1228.81578761
1926.00000000	1230.84277137
1928.00000000	1334.82454594
1930.00000000	1312.57762444
1932.00000000	1273.51580683
1934.00000000	1311.04774303
1936.00000000	1311.97522092
1938.00000000	1252.59649635
1940.00000000	1235.64413042
1942.00000000	1281.40650779
1944.00000000	1284.19948865
1946.00000000	1281.19690950
1948.00000000	1294.68801794
1950.00000000	1305.23019797
1952.00000000	1291.27207947
1954.00000000	1292.67192194
1956.00000000	1298.76819433
1958.00000000	1292.64306865
1960.00000000	1294.38615456
1962.00000000	1300.21804419
1964.00000000	1303.18900141
1966.00000000	1303.81347897
1968.00000000	1308.22814832
1970.00000000	1313.03574661
1972.00000000	1313.57145050
1974.00000000	1305.03785878
1976.00000000	1284.62870808
1978.00000000	1263.91649238
1980.00000000	1272.91467608
1982.00000000	1299.38664225
1984.00000000	1286.23645831
1986.00000000	1301.44136484
1988.00000000	1297.61846521
1990.00000000	1265.39734237
1992.00000000	1327.58198081
1994.00000000	1324.33347142
1996.00000000	1300.95315676
1998.00000000	1332.98993359
2000.00000000	1311.32901632
2002.00000000	1318.32434019
2004.00000000	1311.15044848
2006.00000000	1270.62315117
2008.00000000	1322.46855150
2010.00000000	1346.46600271
2012.00000000	1304.79886332
2014.00000000	1267.33604505
2016.00000000	1286.87979428
2018.00000000	1284.66512181
2020.00000000	1285.54797409
2022.00000000	1312.43268792
2024.00000000	1295.82646702
2026.00000000	1270.37403092
2028.00000000	1290.63625754
2030.00000000	1343.24091744
2032.00000000	1350.36132684
2034.00000000	1316.63945809
2036.00000000	1288.80154587
2038.00000000	1273.50094206
2040.00000000	1248.76398679
2042.00000000	1296.06891052
2044.00000000	1333.97482865
2046.00000000	1295.74384163
2048.00000000	1253.83354733
2050.00000000	1281.18273844
2052.00000000	1318.43776130
2054.00000000	1339.72907077
2056.00000000	1371.40489286
2058.00000000	1322.30508279
2060.00000000	1282.21075155
2062.00000000	1319.81304202
2064.00000000	1364.57803995
2066.00000000	1315.26926759
2068.00000000	1283.49393687
2070.00000000	1317.42503121
2072.00000000	1347.75217302
2074.00000000	1354.50493220
2076.00000000	1357.79681673
2078.00000000	1369.64466891
2080.00000000	1367.38479181
2082.00000000	1315.84905142
2084.00000000	1281.35521699
2086.00000000	1306.35172952
2088.00000000	1357.68767673
2090.00000000	1372.77732050
2092.00000000	1394.35814402
2094.00000000	1370.66508186
2096.00000000	1310.92323474
2098.00000000	1345.60270719
2100.00000000	1351.28095004
2102.00000000	1352.21221897
2104.00000000	1375.16065650
2106.00000000	1341.56384146
2108.00000000	1279.72562340
2110.00000000	1301.29530146
2112.00000000	1359.73856928
2114.00000000	1325.87066208
2116.00000000	1326.23004479
2118.00000000	1343.59777783
2120.00000000	1329.00660125
2122.00000000	1309.89555176
2124.00000000	1352.59373538
2126.00000000	1332.11232967
2128.00000000	1297.46206914
2130.00000000	1354.61651657
2132.00000000	1410.19698388
2134.00000000	1389.30758440
2136.00000000	1322.06038117
2138.00000000	1289.85172710
2140.00000000	1332.02309321
2142.00000000	1387.61384301
2144.00000000	1389.85646723
2146.00000000	1355.84049145
2148.00000000	1358.80637113
2150.00000000	1388.52953387
2152.00000000	1376.89705660
2154.00000000	1340.71142672
2156.00000000	1334.31159062
2158.00000000	1319.96024043
2160.00000000	1339.14225828
2162.00000000	1367.16922795
2164.00000000	1358.52399513
2166.00000000	1346.41065168
2168.00000000	1368.71717975
2170.00000000	1372.46770742
2172.00000000	1350.19968769
2174.00000000	1367.80978876
2176.00000000	1373.49986472
2178.00000000	1390.70872454
2180.00000000	1420.62450907
2182.00000000	1417.35948989
2184.00000000	1381.34373262
2186.00000000	1370.87431674
2188.00000000	1330.56029398
2190.00000000	1286.73985659
2192.00000000	1415.65320417
2194.00000000	1419.95195777
2196.00000000	1345.12164027
2198.00000000	1360.86376162
2200.00000000	1420.47150537
2202.00000000	1386.43951071
2204.00000000	1372.81360242
2206.00000000	1417.77556987
2208.00000000	1423.61837762
2210.00000000	1384.17873441
2212.00000000	1371.23693758
2214.00000000	1380.14621193
2216.00000000	1365.92264381
2218.00000000	1344.78362617
2220.00000000	1389.98348383
2222.00000000	1423.35023938
2224.00000000	1424.50643360
2226.00000000	1444.74617076
2228.00000000	1392.20302656
2230.00000000	1366.44439349
2232.00000000	1366.45209937
2234.00000000	1358.34781536
2236.00000000	1412.68607204
2238.00000000	1377.15635664
2240.00000000	1404.77193715
2242.00000000	1486.35056921
2244.00000000	1387.22353538
2246.00000000	1352.26444931
2248.00000000	1369.94700427
2250.00000000	1368.92733292
2252.00000000	1370.91790710
2254.00000000	1417.70923498
2256.00000000	1415.96704240
2258.00000000	1393.98209541
2260.00000000	1416.49113866
2262.00000000	1456.95938122
2264.00000000	1446.30148752
2266.00000000	1412.50508479
2268.00000000	1413.96800349
2270.00000000	1438.77355481
2272.00000000	1409.30494573
2274.00000000	1409.90021183
2276.00000000	1469.14345715
2278.00000000	1502.77943402
2280.00000000	1453.29198650
2282.00000000	1464.31790791
2284.00000000	1470.46686681
2286.00000000	1439.20769366
2288.00000000	1429.41205263
2290.00000000	1459.47084808
2292.00000000	1479.17520484
2294.00000000	1460.54734712
2296.00000000	1439.98785246
2298.00000000	1458.05050405
2300.00000000	1463.57677730
2302.00000000	1473.27748710
2304.00000000	1445.93166541
2306.00000000	1403.61187311
2308.00000000	1464.30354722
2310.00000000	1452.73699038
2312.00000000	1410.38508338
2314.00000000	1400.38026448
2316.00000000	1413.01463287
2318.00000000	1480.80095521
2320.00000000	1470.32620015
2322.00000000	1440.22928595
2324.00000000	1469.23637437
2326.00000000	1486.87631099
2328.00000000	1490.82578433
2330.00000000	1461.39692771
2332.00000000	1470.38160624
2334.00000000	1525.08302047
2336.00000000	1477.28433407
2338.00000000	1485.74892792
2340.00000000	1442.23417852
2342.00000000	1397.68338578
2344.00000000	1500.03752813
2346.00000000	1457.26145276
2348.00000000	1438.55608430
2350.00000000	1477.69306381
2352.00000000	1473.39131814
2354.00000000	1436.35194375
2356.00000000	1456.93741573
2358.00000000	1511.83769296
2360.00000000	1512.57745255
2362.00000000	1450.26762384
2364.00000000	1422.76235885
2366.00000000	1408.77988267
2368.00000000	1481.45453631
2370.00000000	1571.96763436
2372.00000000	1533.99507619
2374.00000000	1466.45536880
2376.00000000	1526.10452864
2378.00000000	1531.10319724
2380.00000000	1441.72188624
2382.00000000	1450.59799144
2384.00000000	1431.05062893
2386.00000000	1442.21907194
2388.00000000	1486.22575285
2390.00000000	1480.34229356
2392.00000000	1414.10204620
2394.00000000	1418.59425500
2396.00000000	1441.53295006
2398.00000000	1497.58749653
2400.00000000	1538.10405499
2402.00000000	1412.49582176
2404.00000000	1426.36340375
2406.00000000	1489.46272121
2408.00000000	1498.12141082
2410.00000000	1491.06409640
2412.00000000	1457.82176919
2414.00000000	1427.49565330
2416.00000000	1444.20282174
2418.00000000	1477.70128429
2420.00000000	1458.02216812
2422.00000000	1412.40634956
2424.00000000	1470.76557806
2426.00000000	1532.34661468
2428.00000000	1549.81331661
2430.00000000	1576.16205957
2432.00000000	1513.51412248
2434.00000000	1485.53182674
2436.00000000	1482.20258051
2438.00000000	1463.02430150
2440.00000000	1466.92416224
2442.00000000	1488.57875957
2444.00000000	1510.08468780
2446.00000000	1530.52770173
2448.00000000	1529.22114122
2450.00000000	1495.88856391
2452.00000000	1507.07368489
2454.00000000	1534.14460398
2456.00000000	1523.87834745
2458.00000000	1496.04814648
2460.00000000	1504.28388429
2462.00000000	1502.27633983
2464.00000000	1472.54338160
2466.00000000	1438.42843231
2468.00000000	1457.88123241
2470.00000000	1529.00095541
2472.00000000	1508.06497239
2474.00000000	1499.54685493
2476.00000000	1516.24664775
2478.00000000	1507.13151180
2480.00000000	1483.66849851
2482.00000000	1464.45178761
2484.00000000	1523.45768095
2486.00000000	1565.21338473
2488.00000000	1534.87377983
2490.00000000	1515.77495046
2492.00000000	1477.75517721
2494.00000000	1444.58750623
2496.00000000	1485.63906692
2498.00000000	1531.76845304
2500.00000000	1483.90330184
2502.00000000	1506.75860767
2504.00000000	1522.53895678
2506.00000000	1505.88583610
2508.00000000	1531.48012441
2510.00000000	1601.73446490
2512.00000000	1572.07585441
2514.00000000	1501.65769095
2516.00000000	1516.34652498
2518.00000000	1574.38851255
2520.00000000	1553.38577014
2522.00000000	1507.67625475
2524.00000000	1493.00610361
2526.00000000	1498.25636025
2528.00000000	1478.85443619
2530.00000000	1468.19906705
2532.00000000	1545.51056447
2534.00000000	1526.06244953
2536.00000000	1502.00917344
2538.00000000	1542.98467536
2540.00000000	1549.82388110
2542.00000000	1475.68507902
2544.00000000	1493.86368894
2546.00000000	1517.46141630
2548.00000000	1509.91560123
2550.00000000	1521.18851043
2552.00000000	1539.40264595
2554.00000000	1531.98072602
2556.00000000	1523.07431437
2558.00000000	1547.52245599
2560.00000000	1576.12332666
2562.00000000	1549.71437101
2564.00000000	1505.80512613
2566.00000000	1534.82734583
2568.00000000	1541.39168632
2570.00000000	1516.09638346
2572.00000000	1540.83429281
2574.00000000	1554.69866332
2576.00000000	1582.01417409
2578.00000000	1551.06539301
2580.00000000	1547.01379284
2582.00000000	1588.98494816
2584.00000000	1507.01759212
2586.00000000	1515.38172290
2588.00000000	1534.97052241
2590.00000000	1582.62378747
2592.00000000	1614.66235040
2594.00000000	1518.76336963
2596.00000000	1522.58366014
2598.00000000	1561.55203173
2600.00000000	1549.66953770
2602.00000000	1492.15065368
2604.00000000	1472.91530125
2606.00000000	1534.82129947
2608.00000000	1486.05217854
2610.00000000	1521.13115173
2612.00000000	1585.39336107
2614.00000000	1546.01779497
2616.00000000	1536.68863703
2618.00000000	1524.00626901
2620.00000000	1525.72753909
2622.00000000	1524.47503935
2624.00000000	1525.71996797
2626.00000000	1546.14186669
2628.00000000	1531.45720614
2630.00000000	1508.40016977
2632.00000000	1535.77222328
2634.00000000	1583.77364945
2636.00000000	1584.73264276
2638.00000000	1553.22688037
2640.00000000	1566.09933924
2642.00000000	1614.22371865
2644.00000000	1621.10005228
2646.00000000	1585.53773717
2648.00000000	1557.91587136
2650.00000000	1517.84459371
2652.00000000	1509.68505177
2654.00000000	1580.43045258
2656.00000000	1596.39624458
2658.00000000	1559.45488688
2660.00000000	1617.11150806
2662.00000000	1537.70216592
2664.00000000	1540.24602329
2666.00000000	1599.00485648
2668.00000000	1612.76503979
2670.00000000	1620.53098114
2672.00000000	1644.66589155
2674.00000000	1626.31280925
2676.00000000	1553.03293327
2678.00000000	1561.09813826
2680.00000000	1599.69493894
2682.00000000	1552.39290688
2684.00000000	1649.65617584
2686.00000000	1645.78441110
2688.00000000	1612.89818401
2690.00000000	1598.74650628
2692.00000000	1586.74980767
2694.00000000	1624.89389337
2696.00000000	1591.42879610
2698.00000000	1590.26216812
2700.00000000	1660.99306515
2702.00000000	1686.19021079
2704.00000000	1630.79419813
2706.00000000	1637.77893833
2708.00000000	1661.99501868
2710.00000000	1679.74202652
2712.00000000	1654.19631161
2714.00000000	1628.46763387
2716.00000000	1643.54205609
2718.00000000	1622.71910987
2720.00000000	1666.34790391
2722.00000000	1644.71509296
2724.00000000	1598.10187033
2726.00000000	1611.54559273
2728.00000000	1628.60499280
2730.00000000	1641.67484446
2732.00000000	1669.08946705
2734.00000000	1660.75761292
2736.00000000	1677.46433450
2738.00000000	1703.39719970
2740.00000000	1648.84666370
2742.00000000	1654.73596749
2744.00000000	1618.67483679
2746.00000000	1599.55514530
2748.00000000	1633.15473713
2750.00000000	1676.24117197
2752.00000000	1678.25973699
2754.00000000	1594.06127159
2756.00000000	1611.54136526
2758.00000000	1631.11781436
2760.00000000	1622.51073117
2762.00000000	1653.88704365
2764.00000000	1665.97015336
2766.00000000	1620.02581376
2768.00000000	1681.53283239
2770.00000000	1662.27089058
2772.00000000	1577.49618570
2774.00000000	1595.25608131
2776.00000000	1641.99764710
2778.00000000	1597.46305188
2780.00000000	1536.40283817
2782.00000000	1628.35019204
2784.00000000	1686.02323544
2786.00000000	1616.28856411
2788.00000000	1622.62207635
2790.00000000	1600.97474088
2792.00000000	1631.99744195
2794.00000000	1626.11606991
2796.00000000	1602.42246518
2798.00000000	1629.24399556
2800.00000000	1647.91213410
2802.00000000	1616.63275799
2804.00000000	1607.30976516
2806.00000000	1618.64131148
2808.00000000	1634.96105181
2810.00000000	1639.36285479
2812.00000000	1622.91896520
2814.00000000	1613.88679864
2816.00000000	1611.96620449
2818.00000000	1623.77247403
2820.00000000	1625.50579197
2822.00000000	1638.10789769
2824.00000000	1690.12886007
2826.00000000	1708.96452255
2828.00000000	1641.68201297
2830.00000000	1659.55270357
2832.00000000	1717.17538321
2834.00000000	1771.88663360
2836.00000000	1797.36099379
2838.00000000	1751.42653659
2840.00000000	1802.79659124
2842.00000000	1809.04848495
2844.00000000	1848.17552599
2846.00000000	1865.52388952
2848.00000000	1865.59833528
2850.00000000	1984.22911233
2852.00000000	2058.19163875
2854.00000000	1993.17455849
2856.00000000	2069.59983855
2858.00000000	2240.37963657
2860.00000000	2239.01658348
2862.00000000	2119.49272282
2864.00000000	2176.18046053
2866.00000000	2276.39400970
2868.00000000	2283.48281492
2870.00000000	2389.61575067
2872.00000000	2479.77709413
2874.00000000	2473.67926653
2876.00000000	2565.46235133
2878.00000000	2613.17294196
2880.00000000	2597.95781437
2882.00000000	2517.84969189
2884.00000000	2590.30422744
2886.00000000	2662.21000128
2888.00000000	2554.33371637
2890.00000000	2573.32897370
2892.00000000	2591.19574408
2894.00000000	2623.53440547
2896.00000000	2616.65852121
2898.00000000	2671.91049352
2900.00000000	2760.83679298
2902.00000000	2744.28898589
2904.00000000	2793.57148681
2906.00000000	2870.82982633
2908.00000000	2912.65552931
2910.00000000	2969.78925750
2912.00000000	3002.97423303
2914.00000000	2987.54802428
2916.00000000	3003.29652856
2918.00000000	3031.70020697
2920.00000000	3186.56731161
2922.00000000	3223.97882831
2924.00000000	3310.41740163
2926.00000000	3357.66882140
2928.00000000	3258.66787552
2930.00000000	3374.33543380
2932.00000000	3414.70688917
2934.00000000	3394.63152836
2936.00000000	3405.16996432
2938.00000000	3373.94578345
2940.00000000	3290.29890355
2942.00000000	3263.99058594
2944.00000000	3277.60960467
2946.00000000	3203.93250672
2948.00000000	3071.19475592
2950.00000000	3038.22116388
2952.00000000	2985.58189987
2954.00000000	2869.49316857
2956.00000000	2827.56932159
2958.00000000	2823.57843289
2960.00000000	2852.92721931
2962.00000000	2734.34898119
2964.00000000	2746.85830760
2966.00000000	2789.76399466
2968.00000000	2710.14613192
2970.00000000	2642.07629486
2972.00000000	2585.05969847
2974.00000000	2605.48452202
2976.00000000	2563.54371034
2978.00000000	2481.90032673
2980.00000000	2487.47537771
2982.00000000	2469.09035409
2984.00000000	2390.48099886
2986.00000000	2433.26891730
2988.00000000	2279.03672518
2990.00000000	2253.38626906
2992.00000000	2215.99618492
2994.00000000	2149.95490448
2996.00000000	2087.78257041
2998.00000000	2036.34383797
3000.00000000	2091.33381189
3002.00000000	2054.76071100
3004.00000000	1973.71041651
3006.00000000	1916.37941338
3008.00000000	1909.30862188
3010.00000000	1918.83338773
3012.00000000	1908.60301253
3014.00000000	1890.83327307
3016.00000000	1878.21190955
3018.00000000	1874.72410725
3020.00000000	1832.56659447
3022.00000000	1839.49294222
3024.00000000	1832.83514064
3026.00000000	1823.63211457
3028.00000000	1838.85152856
3030.00000000	1707.88935332
3032.00000000	1754.09007911
3034.00000000	1774.46331113
3036.00000000	1753.65256459
3038.00000000	1806.66486311
3040.00000000	1873.96374487
3042.00000000	1855.00665410
3044.00000000	1824.18491694
3046.00000000	1849.00629242
3048.00000000	1844.65149977
3050.00000000	1761.42534015
3052.00000000	1809.73008515
3054.00000000	1836.32242433
3056.00000000	1776.36765670
3058.00000000	1838.02048947
3060.00000000	1890.86269869
3062.00000000	1951.81969737
3064.00000000	1926.99250646
3066.00000000	1809.52018841
3068.00000000	1793.74029152
3070.00000000	1856.11356221
3072.00000000	1843.36460995
3074.00000000	1800.80485063
3076.00000000	1777.09014893
3078.00000000	1757.31925056
3080.00000000	1799.68327807
3082.00000000	1805.63865610
3084.00000000	1805.90032236
3086.00000000	1805.34467937
3088.00000000	1773.86720484
3090.00000000	1762.05001144
3092.00000000	1732.10580363
3094.00000000	1817.08958159
3096.00000000	1789.32151652
3098.00000000	1741.44650905
3100.00000000	1762.03530821
3102.00000000	1767.54571378
3104.00000000	1796.84637960
3106.00000000	1856.13509398
3108.00000000	1726.09464641
3110.00000000	1821.66763738
3112.00000000	1809.74920920
3114.00000000	1714.65992697
3116.00000000	1785.55059567
3118.00000000	1835.76245168
3120.00000000	1738.27166542
3122.00000000	1759.45333996
3124.00000000	1781.73235999
3126.00000000	1781.34090814
3128.00000000	1762.06894201
3130.00000000	1734.11734039
3132.00000000	1778.25969220
3134.00000000	1792.69105871
3136.00000000	1763.91628359
3138.00000000	1806.36418637
3140.00000000	1747.14569635
3142.00000000	1803.60142169
3144.00000000	1734.23579747
3146.00000000	1820.43045892
3148.00000000	1850.59213613
3150.00000000	1804.71008658
3152.00000000	1804.88616954
3154.00000000	1757.55601761
3156.00000000	1789.55984203
3158.00000000	1715.77296728
3160.00000000	1753.30625057
3162.00000000	1778.85164304
3164.00000000	1814.52401424
3166.00000000	1778.83929567
3168.00000000	1721.45755689
3170.00000000	1798.59572698
3172.00000000	1845.84005268
3174.00000000	1771.06006243
3176.00000000	1763.97586098
3178.00000000	1751.35618829
3180.00000000	1744.91821093
3182.00000000	1848.86109728
3184.00000000	1807.90820390
3186.00000000	1687.03230878
3188.00000000	1774.61341141
3190.00000000	1787.06733043
3192.00000000	1799.67413790
3194.00000000	1757.74485851
3196.00000000	1781.21486158
3198.00000000	1758.38746943
3200.00000000	1766.10364496
3202.00000000	1787.93295758
3204.00000000	1808.70157853
3206.00000000	1868.12780121
3208.00000000	1784.35384900
3210.00000000	1796.85518540
3212.00000000	1806.74695863
3214.00000000	1758.96638202
3216.00000000	1776.19458977
3218.00000000	1801.65848025
3220.00000000	1779.61712155
3222.00000000	1770.36642873
3224.00000000	1773.69086933
3226.00000000	1787.54263507
3228.00000000	1835.31909672
3230.00000000	1781.35604041
3232.00000000	1871.62669464
3234.00000000	1809.22925275
3236.00000000	1736.67048912
3238.00000000	1806.72293617
3240.00000000	1824.99410620
3242.00000000	1757.05095459
3244.00000000	1731.87890111
3246.00000000	1790.02622944
3248.00000000	1786.92365624
3250.00000000	1815.62802498
3252.00000000	1847.99577953
3254.00000000	1833.09136403
3256.00000000	1767.54659079
3258.00000000	1812.33630029
3260.00000000	1898.71780641
3262.00000000	1783.05936510
3264.00000000	1789.26595726
3266.00000000	1893.03446556
3268.00000000	1846.19945374
3270.00000000	1825.24205495
3272.00000000	1799.57110320
3274.00000000	1765.99183179
3276.00000000	1836.54482387
3278.00000000	1865.61028547
3280.00000000	1825.36311947
3282.00000000	1917.92770074
3284.00000000	1824.72855712
3286.00000000	1859.94685033
3288.00000000	1900.91895553
3290.00000000	1848.22247637
3292.00000000	1833.90558348
3294.00000000	1895.40569774
3296.00000000	1912.27614924
3298.00000000	1900.77348948
3300.00000000	1928.94888619
3302.00000000	1914.90318248
3304.00000000	1931.70538259
3306.00000000	1944.54386783
3308.00000000	1877.04599119
3310.00000000	1805.18259329
3312.00000000	1838.20535094
3314.00000000	1899.60159876
3316.00000000	1938.84226505
3318.00000000	1949.96935320
3320.00000000	1898.56233360
3322.00000000	1888.26593134
3324.00000000	1948.44818303
3326.00000000	1865.18801799
3328.00000000	1886.94659721
3330.00000000	1908.41399403
3332.00000000	1940.73345410
3334.00000000	1924.81959480
3336.00000000	1918.15721724
3338.00000000	1905.67840487
3340.00000000	1874.48760881
3342.00000000	1935.68070577
3344.00000000	1893.78594951
3346.00000000	1871.12875883
3348.00000000	1844.39070920
3350.00000000	1894.27249734
3352.00000000	1894.16803458
3354.00000000	1873.79676927
3356.00000000	1834.25316581
3358.00000000	1874.93554970
3360.00000000	1923.39808338
3362.00000000	1876.61991368
3364.00000000	1922.08286056
3366.00000000	1896.45217558
3368.00000000	1885.74719249
3370.00000000	1865.83622934
3372.00000000	1891.77051162
3374.00000000	1922.83744491
3376.00000000	1926.37740076
3378.00000000	1902.96360935
3380.00000000	1856.14223117
3382.00000000	1824.10654562
3384.00000000	1855.10079833
3386.00000000	1885.49334246
3388.00000000	1847.48661621
3390.00000000	1876.98703098
3392.00000000	1856.61376908
3394.00000000	1929.50332356
3396.00000000	1896.64595400
3398.00000000	1824.35112131
3400.00000000	1855.44872692
3402.00000000	1939.50584485
3404.00000000	1916.18121097
3406.00000000	1867.21432939
3408.00000000	1932.06173983
3410.00000000	1906.16499714
3412.00000000	1832.61063490
3414.00000000	1833.94818083
3416.00000000	1877.58060925
3418.00000000	1798.21254123
3420.00000000	1879.58883812
3422.00000000	1884.08344719
3424.00000000	1827.32288233
3426.00000000	1822.37104434
3428.00000000	1852.52745036
3430.00000000	1842.72936041
3432.00000000	1806.14117751
3434.00000000	1902.05304401
3436.00000000	1799.96431099
3438.00000000	1884.34206506
3440.00000000	1860.75893681
3442.00000000	1903.17585900
3444.00000000	1856.58483883
3446.00000000	1902.76318949
3448.00000000	1907.51916477
3450.00000000	1858.32768575
3452.00000000	1885.23147414
3454.00000000	1869.59413133
3456.00000000	1810.99246498
3458.00000000	1839.41432480
3460.00000000	1888.35461249
3462.00000000	1854.48541280
3464.00000000	1870.46952164
3466.00000000	1804.16663084
3468.00000000	1787.91239049
3470.00000000	1799.67845729
3472.00000000	1823.86729210
3474.00000000	1913.05498704
3476.00000000	1947.33179188
3478.00000000	1839.27928311
3480.00000000	1775.68580770
3482.00000000	1811.74494937
3484.00000000	1842.79695707
3486.00000000	1952.66253729
3488.00000000	1879.52023362
3490.00000000	1762.87583895
3492.00000000	1822.45879374
3494.00000000	1877.41667988
3496.00000000	1847.59858515
3498.00000000	1910.95890839
3500.00000000	1850.56981244
3502.00000000	1846.24788207
3504.00000000	1881.63715250
3506.00000000	1851.22065157
3508.00000000	1919.96388598
3510.00000000	1888.07509666
3512.00000000	1808.48672777
3514.00000000	1865.70738426
3516.00000000	1871.03213048
3518.00000000	1912.41620675
3520.00000000	1853.33500940
3522.00000000	1836.52011010
3524.00000000	1940.78992918
3526.00000000	1840.09295909
3528.00000000	1808.59455828
3530.00000000	1874.66836983
3532.00000000	1897.78378256
3534.00000000	1897.89132898
3536.00000000	1896.01322911
3538.00000000	1897.56265320
3540.00000000	1832.15921486
3542.00000000	1866.53672132
3544.00000000	1935.03768092
3546.00000000	1902.85885467
3548.00000000	1865.73478601
3550.00000000	1911.07906676
3552.00000000	1902.62777170
3554.00000000	1844.38228307
3556.00000000	1801.04251616
3558.00000000	1865.02097921
3560.00000000	1911.24162149
3562.00000000	1869.66216448
3564.00000000	1852.67142820
3566.00000000	1894.43756983
3568.00000000	1913.55399117
3570.00000000	1844.90411697
3572.00000000	1801.13259807
3574.00000000	1862.62165102
3576.00000000	1837.94714929
3578.00000000	1850.94413964
3580.00000000	1854.82935315
3582.00000000	1808.58093184
3584.00000000	1799.56068447
3586.00000000	1891.28387538
3588.00000000	1869.52353433
3590.00000000	1841.59228925
3592.00000000	1886.50859701
3594.00000000	1877.96355064
3596.00000000	1893.00627727
3598.00000000	1913.84128089
3600.00000000	1886.94026412
3602.00000000	1880.07977230
3604.00000000	1856.94557213
3606.00000000	1916.16858570
3608.00000000	1804.67090745
3610.00000000	1935.79350163
3612.00000000	1871.50658645
3614.00000000	1858.36529679
3616.00000000	1935.39967429
3618.00000000	1869.88154922
3620.00000000	1848.34688548
3622.00000000	1870.98253092
3624.00000000	1827.26101057
3626.00000000	1805.27559833
3628.00000000	1851.27494522
3630.00000000	1874.73376475
3632.00000000	1877.32189116
3634.00000000	1902.26108293
3636.00000000	1874.24155621
3638.00000000	1844.59380762
3640.00000000	1917.87112144
3642.00000000	1938.48231436
3644.00000000	1943.29277451
3646.00000000	1924.61798820
3648.00000000	1910.58621341
3650.00000000	1893.04417514
3652.00000000	1851.68248586
3654.00000000	1861.11652580
3656.00000000	1925.63026800
3658.00000000	1912.81154991
3660.00000000	1892.58709098
3662.00000000	1887.40907637
3664.00000000	1850.61386187
3666.00000000	1878.57135860
3668.00000000	1897.63053890
3670.00000000	1907.99923607
3672.00000000	1885.88715935
3674.00000000	1848.32525372
3676.00000000	1879.63150611
3678.00000000	1863.21405933
3680.00000000	1898.15539685
3682.00000000	1859.81988566
3684.00000000	1951.66400689
3686.00000000	1862.10242886
3688.00000000	1916.02361935
3690.00000000	1814.29983705
3692.00000000	1887.42136655
3694.00000000	1804.88806571
3696.00000000	1880.08155876
3698.00000000	1895.83219972
3700.00000000	1868.51640460
3702.00000000	1935.82151358
3704.00000000	1919.17204465
3706.00000000	1933.47904519
3708.00000000	1922.21588776
3710.00000000	1840.39260084
3712.00000000	1871.65999228
3714.00000000	1890.24994407
3716.00000000	1867.32807128
3718.00000000	1923.37771981
3720.00000000	1904.12266754
3722.00000000	1837.01877086
3724.00000000	1840.53657771
3726.00000000	1855.09916296
3728.00000000	1886.04170223
3730.00000000	1929.62638184
3732.00000000	1897.77564115
3734.00000000	1887.58020825
3736.00000000	1794.91594166
3738.00000000	1874.31272133
3740.00000000	1896.39875014
3742.00000000	1935.93807830
3744.00000000	1871.30940868
3746.00000000	1928.02687178
3748.00000000	1913.31791438
3750.00000000	1923.23383268
3752.00000000	1945.21087321
3754.00000000	1871.85674188
3756.00000000	1876.89274058
3758.00000000	1841.48557989
3760.00000000	1867.66382071
3762.00000000	2008.93459446
3764.00000000	1917.79825573
3766.00000000	1881.48873238
3768.00000000	1960.85213911
3770.00000000	1899.55147952
3772.00000000	1913.36144211
3774.00000000	1929.89489124
3776.00000000	1930.51990964
3778.00000000	1928.13110058
3780.00000000	1869.97857127
3782.00000000	1885.30855896
3784.00000000	1983.63475280
3786.00000000	1896.40097387
3788.00000000	1875.33008409
3790.00000000	1915.25446664
3792.00000000	1808.53410518
3794.00000000	1842.01715148
3796.00000000	1908.39804528
3798.00000000	1914.38914670
3800.00000000	1936.69178357
