400.00000000	883.99037865
402.00000000	903.97531345
404.00000000	882.15015403
406.00000000	845.74799951
408.00000000	843.35010116
410.00000000	870.70018217
412.00000000	902.84354780
414.00000000	908.86292433
416.00000000	890.99146874
418.00000000	867.84455219
420.00000000	863.96945762
422.00000000	875.89021889
424.00000000	882.65810257
426.00000000	876.39275189
428.00000000	865.94097805
430.00000000	873.90744678
432.00000000	885.54973617
434.00000000	879.63770824
436.00000000	868.39704140
438.00000000	858.31164677
440.00000000	846.25124267
442.00000000	834.99117751
444.00000000	835.25082427
446.00000000	863.62849381
448.00000000	884.41362128
450.00000000	857.23123999
452.00000000	844.19296405
454.00000000	860.04919464
456.00000000	846.58477885
458.00000000	824.47047940
460.00000000	827.95758613
462.00000000	840.43479476
464.00000000	845.73633752
466.00000000	840.82057789
468.00000000	853.23806786
470.00000000	876.98285075
472.00000000	855.39871251
474.00000000	829.64307035
476.00000000	852.70558530
478.00000000	863.82011419
480.00000000	844.24909118
482.00000000	832.43622925
484.00000000	855.92877471
486.00000000	901.28367597
488.00000000	900.09024125
490.00000000	870.58856034
492.00000000	865.55245374
494.00000000	865.45766753
496.00000000	851.03359586
498.00000000	827.21843481
500.00000000	846.93556407
502.00000000	912.26373192
504.00000000	903.55550436
506.00000000	852.33676396
508.00000000	863.52888421
510.00000000	895.07652838
512.00000000	910.51954746
514.00000000	917.93823861
516.00000000	907.76133074
518.00000000	884.90770707
520.00000000	897.85947764
522.00000000	925.86101391
524.00000000	916.71302450
526.00000000	909.89048265
528.00000000	922.54296161
530.00000000	921.31117289
532.00000000	917.37244313
534.00000000	923.13087321
536.00000000	910.63025555
538.00000000	898.83246655
540.00000000	920.30846406
542.00000000	906.16017638
544.00000000	858.01956296
546.00000000	880.46844633
548.00000000	933.77624847
550.00000000	942.05832097
552.00000000	900.62124885
554.00000000	857.20123189
556.00000000	862.79631588
558.00000000	858.00013411
560.00000000	835.87275031
562.00000000	870.84362876
564.00000000	915.75513929
566.00000000	914.43275796
568.00000000	903.07906215
570.00000000	896.81014597
572.00000000	890.79411059
574.00000000	892.21256194
576.00000000	894.18769333
578.00000000	878.93662890
580.00000000	884.00892792
582.00000000	918.32682001
584.00000000	902.60329376
586.00000000	854.61414794
588.00000000	845.62344870
590.00000000	891.59823207
592.00000000	941.16897053
594.00000000	913.12077453
596.00000000	885.16483904
598.00000000	915.15238702
600.00000000	938.85149365
602.00000000	936.83061431
604.00000000	924.92606655
606.00000000	925.13543572
608.00000000	922.77600021
610.00000000	884.17744908
612.00000000	845.65743947
614.00000000	849.04040635
616.00000000	904.40945620
618.00000000	940.88225336
620.00000000	913.16168030
622.00000000	912.31562109
624.00000000	942.53665167
626.00000000	945.51072775
628.00000000	926.77821795
630.00000000	912.66220322
632.00000000	927.05882523
634.00000000	939.92742032
636.00000000	934.04670169
638.00000000	947.47649007
640.00000000	970.77220718
642.00000000	973.61676320
644.00000000	958.08599826
646.00000000	946.07302156
648.00000000	959.46506083
650.00000000	962.25517327
652.00000000	943.05861731
654.00000000	940.18887558
656.00000000	937.10245630
658.00000000	919.69267505
660.00000000	930.31859582
662.00000000	952.68653723
664.00000000	950.54700274
666.00000000	969.74277641
668.00000000	1017.65301771
670.00000000	1044.61025265
672.00000000	1002.83560834
674.00000000	928.57924050
676.00000000	957.21523449
678.00000000	1004.26145300
680.00000000	970.43313281
682.00000000	973.00443830
684.00000000	1009.13143623
686.00000000	1003.60079334
688.00000000	1013.17841582
690.00000000	1038.66299570
692.00000000	1011.51742055
694.00000000	982.20070322
696.00000000	994.86547664
698.00000000	1018.90966585
700.00000000	1018.13032173
702.00000000	988.23923193
704.00000000	990.71392310
706.00000000	1009.40394522
708.00000000	992.48226852
710.00000000	980.61384543
712.00000000	997.89378224
714.00000000	1025.84580505
716.00000000	1023.13752214
718.00000000	992.52042902
720.00000000	999.57771225
722.00000000	1019.45529545
724.00000000	1024.89024098
726.00000000	1068.50601666
728.00000000	1096.90236241
730.00000000	1043.81760937
732.00000000	1032.69817740
734.00000000	1080.48392136
736.00000000	1094.91379327
738.00000000	1088.32167470
740.00000000	1096.96269525
742.00000000	1139.96410720
744.00000000	1180.17582869
746.00000000	1197.97548581
748.00000000	1236.92283616
750.00000000	1267.22276447
752.00000000	1250.64231895
754.00000000	1236.09343310
756.00000000	1212.57412309
758.00000000	1145.04217036
760.00000000	1111.18990581
762.00000000	1127.59206415
764.00000000	1130.21350685
766.00000000	1105.09880171
768.00000000	1067.60043991
770.00000000	1046.37216442
772.00000000	1041.52390849
774.00000000	1048.70512936
776.00000000	1077.08134631
778.00000000	1108.05479112
780.00000000	1119.06249212
782.00000000	1121.60170302
784.00000000	1115.07819299
786.00000000	1099.42812093
788.00000000	1122.98683912
790.00000000	1157.88963596
792.00000000	1118.47651003
794.00000000	1080.10742079
796.00000000	1087.38864845
798.00000000	1083.39361719
800.00000000	1077.73620354
802.00000000	1085.03526074
804.00000000	1077.43114048
806.00000000	1063.31193881
808.00000000	1067.00827665
810.00000000	1095.58032801
812.00000000	1130.46685105
814.00000000	1144.18926568
816.00000000	1134.64570508
818.00000000	1132.01043206
820.00000000	1169.26131875
822.00000000	1188.28500517
824.00000000	1162.73913904
826.00000000	1133.66572635
828.00000000	1152.11110360
830.00000000	1204.56879159
832.00000000	1196.42260391
834.00000000	1164.69029517
836.00000000	1169.20525539
838.00000000	1192.20278223
840.00000000	1181.04310063
842.00000000	1123.56999462
844.00000000	1130.57820033
846.00000000	1180.71893550
848.00000000	1187.58780847
850.00000000	1193.33841912
852.00000000	1203.83804356
854.00000000	1189.56530208
856.00000000	1194.88398410
858.00000000	1223.65267442
860.00000000	1225.88530663
862.00000000	1206.86294692
864.00000000	1189.05154973
866.00000000	1189.10521283
868.00000000	1196.62918400
870.00000000	1198.55001333
872.00000000	1196.83916383
874.00000000	1210.42378510
876.00000000	1236.50671766
878.00000000	1221.06423362
880.00000000	1188.56906389
882.00000000	1182.25890247
884.00000000	1172.14256664
886.00000000	1185.46334181
888.00000000	1253.96539572
890.00000000	1280.71512057
892.00000000	1253.09133777
894.00000000	1233.73832127
896.00000000	1220.09068688
898.00000000	1210.43873298
900.00000000	1214.24714456
902.00000000	1216.25608400
904.00000000	1217.14464680
906.00000000	1236.37964050
908.00000000	1246.25579159
910.00000000	1233.85427307
912.00000000	1229.21616389
914.00000000	1256.06168105
916.00000000	1297.14878739
918.00000000	1287.51750286
920.00000000	1264.94758977
922.00000000	1278.86580319
924.00000000	1304.31212354
926.00000000	1325.83418860
928.00000000	1333.03429432
930.00000000	1308.48652117
932.00000000	1279.47237028
934.00000000	1283.63772768
936.00000000	1307.83464324
938.00000000	1307.35555502
940.00000000	1264.11707297
942.00000000	1281.59862740
944.00000000	1323.60745324
946.00000000	1289.57433818
948.00000000	1312.95325609
950.00000000	1373.01614780
952.00000000	1326.14470699
954.00000000	1298.60363544
956.00000000	1326.00230245
958.00000000	1314.54993185
960.00000000	1337.54255529
962.00000000	1400.42638245
964.00000000	1398.84037844
966.00000000	1366.79563209
968.00000000	1348.92927149
970.00000000	1344.18037018
972.00000000	1355.98005425
974.00000000	1369.66866894
976.00000000	1353.50287432
978.00000000	1356.06576269
980.00000000	1390.45713539
982.00000000	1379.19681277
984.00000000	1360.41250743
986.00000000	1371.04642021
988.00000000	1363.21738021
990.00000000	1370.21152792
992.00000000	1413.32397839
994.00000000	1423.40714840
996.00000000	1434.70618294
998.00000000	1487.38162787
1000.00000000	1520.49482201
1002.00000000	1527.10439744
1004.00000000	1534.22114528
1006.00000000	1557.18302501
1008.00000000	1562.29289439
1010.00000000	1514.48167803
1012.00000000	1442.73611056
1014.00000000	1394.10410585
1016.00000000	1399.03005782
1018.00000000	1431.82111019
1020.00000000	1447.91429523
1022.00000000	1420.34411256
1024.00000000	1385.64989786
1026.00000000	1380.01506308
1028.00000000	1413.29405325
1030.00000000	1445.83065675
1032.00000000	1461.27961760
1034.00000000	1468.68793094
1036.00000000	1481.66387607
1038.00000000	1495.29783844
1040.00000000	1498.75882810
1042.00000000	1506.96362613
1044.00000000	1534.40315531
1046.00000000	1568.37582808
1048.00000000	1533.34571882
1050.00000000	1468.33063210
1052.00000000	1468.60091050
1054.00000000	1488.30443546
1056.00000000	1495.40352823
1058.00000000	1490.90779258
1060.00000000	1472.41450582
1062.00000000	1457.41895285
1064.00000000	1467.08798097
1066.00000000	1479.75526622
1068.00000000	1484.64210819
1070.00000000	1483.05748521
1072.00000000	1464.44005118
1074.00000000	1453.19754502
1076.00000000	1479.38129612
1078.00000000	1492.34775937
1080.00000000	1471.26931590
1082.00000000	1441.59261802
1084.00000000	1449.48462977
1086.00000000	1479.78687938
1088.00000000	1481.98912284
1090.00000000	1464.05042997
1092.00000000	1448.16440481
1094.00000000	1442.83736164
1096.00000000	1413.26642627
1098.00000000	1394.31094491
1100.00000000	1434.97419700
1102.00000000	1447.97931888
1104.00000000	1432.23975804
1106.00000000	1448.52141698
1108.00000000	1485.25741084
1110.00000000	1506.31968403
1112.00000000	1486.10218383
1114.00000000	1452.41355435
1116.00000000	1454.31882859
1118.00000000	1510.70899164
1120.00000000	1544.38270291
1122.00000000	1552.67620018
1124.00000000	1578.61596408
1126.00000000	1623.68245355
1128.00000000	1677.05955379
1130.00000000	1705.87533160
1132.00000000	1646.13811604
1134.00000000	1564.92494214
1136.00000000	1549.42278495
1138.00000000	1546.39881409
1140.00000000	1494.33084291
1142.00000000	1405.51916898
1144.00000000	1409.75763991
1146.00000000	1440.46550083
1148.00000000	1405.65658658
1150.00000000	1378.29224019
1152.00000000	1404.08904088
1154.00000000	1460.87179258
1156.00000000	1463.81037567
1158.00000000	1452.13330682
1160.00000000	1461.38841024
1162.00000000	1439.22715569
1164.00000000	1432.32280684
1166.00000000	1466.55314806
1168.00000000	1482.35108659
1170.00000000	1490.69536166
1172.00000000	1510.42517775
1174.00000000	1530.68680858
1176.00000000	1536.57092718
1178.00000000	1514.40143493
1180.00000000	1460.42051071
1182.00000000	1406.67265864
1184.00000000	1382.61340604
1186.00000000	1394.12401046
1188.00000000	1409.74389252
1190.00000000	1401.43547344
1192.00000000	1374.44265586
1194.00000000	1402.14784574
1196.00000000	1443.74071774
1198.00000000	1411.69162846
1200.00000000	1424.29017551
1202.00000000	1465.03863193
1204.00000000	1447.11578751
1206.00000000	1461.60132966
1208.00000000	1488.05049365
1210.00000000	1468.47534472
1212.00000000	1479.66771388
1214.00000000	1492.86201710
1216.00000000	1474.53897860
1218.00000000	1518.55206625
1220.00000000	1557.41929129
1222.00000000	1535.87302987
1224.00000000	1563.26700282
1226.00000000	1595.41036035
1228.00000000	1572.83721431
1230.00000000	1533.50563261
1232.00000000	1538.73660490
1234.00000000	1582.37922942
1236.00000000	1582.71354462
1238.00000000	1560.44585708
1240.00000000	1543.79335430
1242.00000000	1531.91772911
1244.00000000	1527.23209997
1246.00000000	1524.82561589
1248.00000000	1518.20726319
1250.00000000	1522.40867018
1252.00000000	1538.09046407
1254.00000000	1545.28134300
1256.00000000	1516.11100573
1258.00000000	1505.86669170
1260.00000000	1553.79195894
1262.00000000	1546.12568699
1264.00000000	1509.63814682
1266.00000000	1514.86442549
1268.00000000	1538.09508895
1270.00000000	1521.96849751
1272.00000000	1479.82085207
1274.00000000	1518.79141306
1276.00000000	1554.40269194
1278.00000000	1532.12152731
1280.00000000	1520.36479587
1282.00000000	1534.15968413
1284.00000000	1542.65491389
1286.00000000	1512.84730846
1288.00000000	1505.96621435
1290.00000000	1514.47205605
1292.00000000	1492.33913985
1294.00000000	1501.59815703
1296.00000000	1524.59840988
1298.00000000	1535.65266396
1300.00000000	1627.44404892
1302.00000000	1688.22544806
1304.00000000	1632.31376724
1306.00000000	1622.39853773
1308.00000000	1661.89515865
1310.00000000	1677.95169674
1312.00000000	1630.11679361
1314.00000000	1608.19668856
1316.00000000	1627.22215999
1318.00000000	1603.27197600
1320.00000000	1599.38416869
1322.00000000	1621.74931003
1324.00000000	1609.76000415
1326.00000000	1571.25367606
1328.00000000	1564.67061860
1330.00000000	1617.36602812
1332.00000000	1634.47101899
1334.00000000	1635.06352394
1336.00000000	1658.97130275
1338.00000000	1659.97116265
1340.00000000	1648.58852220
1342.00000000	1621.64381134
1344.00000000	1543.35855722
1346.00000000	1501.97027221
1348.00000000	1529.07960393
1350.00000000	1556.88148729
1352.00000000	1538.22763042
1354.00000000	1502.81634988
1356.00000000	1507.15514017
1358.00000000	1523.49546002
1360.00000000	1527.62939104
1362.00000000	1520.12130528
1364.00000000	1523.91811799
1366.00000000	1527.30675757
1368.00000000	1521.77165325
1370.00000000	1521.50125817
1372.00000000	1497.50239982
1374.00000000	1466.43645584
1376.00000000	1480.85386201
1378.00000000	1471.07805845
1380.00000000	1443.98597524
1382.00000000	1456.72038738
1384.00000000	1460.90682173
1386.00000000	1461.35046780
1388.00000000	1466.08582491
1390.00000000	1418.86066794
1392.00000000	1400.47021380
1394.00000000	1433.89589212
1396.00000000	1405.00977868
1398.00000000	1413.72733509
1400.00000000	1453.06134429
1402.00000000	1401.26935128
1404.00000000	1399.68933486
1406.00000000	1447.72405995
1408.00000000	1438.83529878
1410.00000000	1396.11616283
1412.00000000	1355.04635564
1414.00000000	1339.31345829
1416.00000000	1356.93687322
1418.00000000	1395.60330975
1420.00000000	1412.35317157
1422.00000000	1372.39222567
1424.00000000	1391.61135874
1426.00000000	1443.71157491
1428.00000000	1420.90094152
1430.00000000	1441.46363722
1432.00000000	1464.66910777
1434.00000000	1425.47896007
1436.00000000	1443.18057445
1438.00000000	1472.00921511
1440.00000000	1463.31200087
1442.00000000	1466.20309151
1444.00000000	1462.48422637
1446.00000000	1451.91606682
1448.00000000	1465.60659042
1450.00000000	1505.84586361
1452.00000000	1536.30075941
1454.00000000	1520.18281223
1456.00000000	1476.50556459
1458.00000000	1499.02638665
1460.00000000	1566.99216308
1462.00000000	1509.93721815
1464.00000000	1446.14075710
1466.00000000	1443.28299013
1468.00000000	1441.81817076
1470.00000000	1432.32043411
1472.00000000	1417.75833117
1474.00000000	1406.59289927
1476.00000000	1411.42562382
1478.00000000	1404.61611436
1480.00000000	1376.11210978
1482.00000000	1365.21878878
1484.00000000	1401.42575282
1486.00000000	1404.81309485
1488.00000000	1298.88313341
1490.00000000	1285.80269430
1492.00000000	1320.67734596
1494.00000000	1288.49378826
1496.00000000	1285.40302260
1498.00000000	1300.24272033
1500.00000000	1297.12382196
1502.00000000	1276.66780213
1504.00000000	1237.34473295
1506.00000000	1232.26526627
1508.00000000	1290.10602419
1510.00000000	1276.43955441
1512.00000000	1227.56811432
1514.00000000	1229.23239517
1516.00000000	1265.53889125
1518.00000000	1295.87230749
1520.00000000	1298.83124437
1522.00000000	1285.39976415
1524.00000000	1285.11520586
1526.00000000	1303.80835005
1528.00000000	1326.51453234
1530.00000000	1335.70934763
1532.00000000	1320.71026609
1534.00000000	1303.05817947
1536.00000000	1319.80257504
1538.00000000	1314.84892549
1540.00000000	1304.17787878
1542.00000000	1336.50758344
1544.00000000	1340.88243111
1546.00000000	1338.86972950
1548.00000000	1362.78963353
1550.00000000	1372.23605066
1552.00000000	1364.59728790
1554.00000000	1362.64913984
1556.00000000	1379.92071098
1558.00000000	1375.24408847
1560.00000000	1375.14375382
1562.00000000	1395.36674893
1564.00000000	1361.82822668
1566.00000000	1336.40487866
1568.00000000	1353.31558054
1570.00000000	1372.89812341
1572.00000000	1431.59703909
1574.00000000	1473.41108314
1576.00000000	1447.94170481
1578.00000000	1465.49276431
1580.00000000	1517.18103578
1582.00000000	1547.22843765
1584.00000000	1540.55569394
1586.00000000	1561.56250104
1588.00000000	1547.14700240
1590.00000000	1438.53651425
1592.00000000	1418.55173706
1594.00000000	1435.25280923
1596.00000000	1410.44492374
1598.00000000	1394.20298202
1600.00000000	1393.19561807
1602.00000000	1407.67618982
1604.00000000	1423.64414001
1606.00000000	1389.34104697
1608.00000000	1352.14705302
1610.00000000	1371.87034029
1612.00000000	1428.54986813
1614.00000000	1407.02802987
1616.00000000	1349.75824641
1618.00000000	1362.53812607
1620.00000000	1344.34149702
1622.00000000	1327.59587477
1624.00000000	1349.52657373
1626.00000000	1350.24239044
1628.00000000	1330.71950874
1630.00000000	1321.47909794
1632.00000000	1332.69942456
1634.00000000	1316.14823036
1636.00000000	1309.11937102
1638.00000000	1326.65217314
1640.00000000	1314.99764179
1642.00000000	1321.48478211
1644.00000000	1339.73761871
1646.00000000	1338.39332429
1648.00000000	1367.92050068
1650.00000000	1393.63764402
1652.00000000	1381.06628135
1654.00000000	1362.56166601
1656.00000000	1397.70001806
1658.00000000	1442.83043815
1660.00000000	1424.99133583
1662.00000000	1384.92612937
1664.00000000	1400.82178388
1666.00000000	1463.90882288
1668.00000000	1474.48162832
1670.00000000	1418.40257943
1672.00000000	1393.30258119
1674.00000000	1435.65932898
1676.00000000	1400.39121601
1678.00000000	1389.67545880
1680.00000000	1427.60997747
1682.00000000	1403.19787351
1684.00000000	1346.73955986
1686.00000000	1316.92778473
1688.00000000	1328.08677762
1690.00000000	1329.17016116
1692.00000000	1298.09321673
1694.00000000	1284.87372872
1696.00000000	1325.76419778
1698.00000000	1308.12704871
1700.00000000	1253.65367099
1702.00000000	1253.65367099
1704.00000000	1253.65367099
1706.00000000	1253.65367099
1708.00000000	1253.65367099
1710.00000000	1253.65367099
1712.00000000	1253.65367099
1714.00000000	1253.65367099
1716.00000000	1161.20771506
1718.00000000	1147.24969004
1720.00000000	1150.65707295
1722.00000000	1137.67108023
1724.00000000	1107.54069855
1726.00000000	1131.06410206
1728.00000000	1162.79617276
1730.00000000	1171.24950042
1732.00000000	1164.18038770
1734.00000000	1147.73107383
1736.00000000	1167.81371136
1738.00000000	1194.64575130
1740.00000000	1148.20386702
1742.00000000	1145.38010717
1744.00000000	1174.40445493
1746.00000000	1165.26196366
1748.00000000	1139.43567791
1750.00000000	1133.95753826
1752.00000000	1154.00032908
1754.00000000	1162.25097446
1756.00000000	1112.84104298
1758.00000000	1110.57178486
1760.00000000	1161.21512876
1762.00000000	1130.22684256
1764.00000000	1115.76046859
1766.00000000	1141.05158471
1768.00000000	1157.75539870
1770.00000000	1145.34981299
1772.00000000	1122.19716656
1774.00000000	1119.73939672
1776.00000000	1149.98023027
1778.00000000	1174.77598057
1780.00000000	1145.93436264
1782.00000000	1097.20774105
1784.00000000	1116.82996889
1786.00000000	1154.29476595
1788.00000000	1166.40748537
1790.00000000	1149.96693995
1792.00000000	1130.52338118
1794.00000000	1135.93488505
1796.00000000	1157.53497760
1798.00000000	1161.31323441
1800.00000000	1132.58325527
1802.00000000	1126.35707306
1804.00000000	1140.63420769
1806.00000000	1126.75745266
1808.00000000	1134.30423418
1810.00000000	1130.21940508
1812.00000000	1097.35645977
1814.00000000	1094.25732663
1816.00000000	1124.55897122
1818.00000000	1150.63432848
1820.00000000	1146.64931644
1822.00000000	1138.55667993
1824.00000000	1157.26303662
1826.00000000	1197.76006162
1828.00000000	1216.92459895
1830.00000000	1173.23205056
1832.00000000	1142.64035946
1834.00000000	1146.78856409
1836.00000000	1134.62678761
1838.00000000	1141.40154409
1840.00000000	1161.60450965
1842.00000000	1152.36874195
1844.00000000	1097.93041435
1846.00000000	1103.99220247
1848.00000000	1153.89872011
1850.00000000	1161.15687925
1852.00000000	1109.80762978
1854.00000000	1118.31512561
1856.00000000	1149.23808521
1858.00000000	1132.04316214
1860.00000000	1176.48396360
1862.00000000	1201.78931766
1864.00000000	1183.80799783
1866.00000000	1180.53676571
1868.00000000	1170.54643450
1870.00000000	1168.27980765
1872.00000000	1167.19556979
1874.00000000	1152.31376263
1876.00000000	1191.96846224
1878.00000000	1218.64489478
1880.00000000	1174.49365629
1882.00000000	1126.21023138
1884.00000000	1173.17897155
1886.00000000	1197.64701709
1888.00000000	1155.95033502
1890.00000000	1214.04261912
1892.00000000	1200.12127041
1894.00000000	1141.07021481
1896.00000000	1149.16980128
1898.00000000	1160.73437331
1900.00000000	1163.59711861
1902.00000000	1155.02837595
1904.00000000	1141.50359929
1906.00000000	1153.72115643
1908.00000000	1170.22778479
1910.00000000	1156.84622099
1912.00000000	1116.99067151
1914.00000000	1114.04299424
1916.00000000	1150.90354776
1918.00000000	1180.56120074
1920.00000000	1166.02811035
1922.00000000	1148.81940035
1924.00000000	1165.56452218
1926.00000000	1193.39144556
1928.00000000	1181.88422301
1930.00000000	1157.79283265
1932.00000000	1163.24716568
1934.00000000	1185.12785441
1936.00000000	1171.71988416
1938.00000000	1147.59835250
1940.00000000	1129.07670416
1942.00000000	1129.51204849
1944.00000000	1160.96128072
1946.00000000	1195.77451319
1948.00000000	1203.79155378
1950.00000000	1191.71277254
1952.00000000	1193.22351136
1954.00000000	1183.85289567
1956.00000000	1160.15383836
1958.00000000	1145.16408162
1960.00000000	1156.02021140
1962.00000000	1159.99105446
1964.00000000	1162.10129114
1966.00000000	1181.44410276
1968.00000000	1204.09885394
1970.00000000	1187.39632234
1972.00000000	1167.98537153
1974.00000000	1200.00378036
1976.00000000	1254.06402581
1978.00000000	1210.05474525
1980.00000000	1161.06618911
1982.00000000	1187.76731285
1984.00000000	1169.65319755
1986.00000000	1174.28376508
1988.00000000	1189.35819660
1990.00000000	1177.51827442
1992.00000000	1183.28783396
1994.00000000	1198.11284653
1996.00000000	1203.82804190
1998.00000000	1189.09292941
2000.00000000	1160.91389969
2002.00000000	1172.58279544
2004.00000000	1189.80386630
2006.00000000	1181.73069264
2008.00000000	1195.04333190
2010.00000000	1185.16194066
2012.00000000	1159.67061176
2014.00000000	1171.25005325
2016.00000000	1224.57519633
2018.00000000	1187.40402445
2020.00000000	1151.21027592
2022.00000000	1181.04657760
2024.00000000	1152.96962762
2026.00000000	1182.76245459
2028.00000000	1200.92676956
2030.00000000	1147.43365179
2032.00000000	1140.35424957
2034.00000000	1188.54885730
2036.00000000	1227.65227174
2038.00000000	1202.22293469
2040.00000000	1139.89656828
2042.00000000	1162.03484593
2044.00000000	1175.91205000
2046.00000000	1145.42027346
2048.00000000	1179.54541365
2050.00000000	1200.46794274
2052.00000000	1197.56514833
2054.00000000	1196.08443439
2056.00000000	1205.36533207
2058.00000000	1231.35773503
2060.00000000	1261.95686231
2062.00000000	1268.04705462
2064.00000000	1237.99480352
2066.00000000	1215.74930230
2068.00000000	1197.03320986
2070.00000000	1191.11445144
2072.00000000	1214.13838136
2074.00000000	1228.78308037
2076.00000000	1210.11590722
2078.00000000	1179.07809387
2080.00000000	1177.39990991
2082.00000000	1215.17581241
2084.00000000	1253.21816108
2086.00000000	1234.46381524
2088.00000000	1169.41137702
2090.00000000	1159.12270379
2092.00000000	1198.25477408
2094.00000000	1228.13069983
2096.00000000	1228.09668971
2098.00000000	1234.84842455
2100.00000000	1226.99588556
2102.00000000	1222.17514548
2104.00000000	1235.30459380
2106.00000000	1246.30311853
2108.00000000	1249.39206129
2110.00000000	1245.61140475
2112.00000000	1237.46311392
2114.00000000	1218.01710269
2116.00000000	1176.38234837
2118.00000000	1204.27703935
2120.00000000	1252.51439579
2122.00000000	1230.83607225
2124.00000000	1251.60383722
2126.00000000	1230.22013520
2128.00000000	1205.92041989
2130.00000000	1252.44909769
2132.00000000	1268.33411994
2134.00000000	1213.12341741
2136.00000000	1200.00972338
2138.00000000	1261.77092162
2140.00000000	1256.69238634
2142.00000000	1205.95946975
2144.00000000	1207.63504975
2146.00000000	1239.57764497
2148.00000000	1208.33554432
2150.00000000	1218.95832210
2152.00000000	1270.06086320
2154.00000000	1271.47604051
2156.00000000	1194.15038184
2158.00000000	1166.96852413
2160.00000000	1207.46124833
2162.00000000	1252.36192364
2164.00000000	1262.88308075
2166.00000000	1268.94700335
2168.00000000	1252.34447219
2170.00000000	1249.34512301
2172.00000000	1260.17992143
2174.00000000	1241.35897913
2176.00000000	1263.54831563
2178.00000000	1262.56243664
2180.00000000	1236.25082209
2182.00000000	1255.45460892
2184.00000000	1274.41971516
2186.00000000	1234.38868827
2188.00000000	1210.09752076
2190.00000000	1254.23695697
2192.00000000	1266.97160321
2194.00000000	1291.50362487
2196.00000000	1271.56730668
2198.00000000	1228.63824795
2200.00000000	1273.46349739
2202.00000000	1271.23902802
2204.00000000	1259.56054425
2206.00000000	1275.02122376
2208.00000000	1288.77083807
2210.00000000	1298.07482016
2212.00000000	1252.07079690
2214.00000000	1241.38298909
2216.00000000	1289.37522161
2218.00000000	1248.95071005
2220.00000000	1236.73806107
2222.00000000	1264.22127106
2224.00000000	1270.97625904
2226.00000000	1258.26592512
2228.00000000	1308.11779004
2230.00000000	1318.04789734
2232.00000000	1253.16172229
2234.00000000	1206.56756252
2236.00000000	1254.48521345
2238.00000000	1294.41579368
2240.00000000	1308.34701830
2242.00000000	1294.96225329
2244.00000000	1241.39045114
2246.00000000	1245.93097018
2248.00000000	1261.95584572
2250.00000000	1259.57635720
2252.00000000	1268.35830323
2254.00000000	1282.19741967
2256.00000000	1230.12778336
2258.00000000	1229.29065144
2260.00000000	1310.75255313
2262.00000000	1329.37098836
2264.00000000	1330.64260572
2266.00000000	1290.26450323
2268.00000000	1267.87478576
2270.00000000	1305.15101162
2272.00000000	1282.48807027
2274.00000000	1306.95297276
2276.00000000	1330.49349286
2278.00000000	1307.05596041
2280.00000000	1300.66437640
2282.00000000	1275.96417262
2284.00000000	1314.93783838
2286.00000000	1330.67452174
2288.00000000	1266.18670637
2290.00000000	1323.71066431
2292.00000000	1355.10097888
2294.00000000	1334.22288927
2296.00000000	1326.24098704
2298.00000000	1335.88193345
2300.00000000	1311.39276137
2302.00000000	1286.98137121
2304.00000000	1286.63931915
2306.00000000	1294.50844189
2308.00000000	1300.65813700
2310.00000000	1339.31112220
2312.00000000	1349.48174183
2314.00000000	1311.60402077
2316.00000000	1283.75384984
2318.00000000	1292.47007986
2320.00000000	1340.06807538
2322.00000000	1360.10165626
2324.00000000	1340.69696840
2326.00000000	1353.37924565
2328.00000000	1361.15740090
2330.00000000	1318.47646036
2332.00000000	1285.42026785
2334.00000000	1325.42848646
2336.00000000	1361.87651909
2338.00000000	1317.27675244
2340.00000000	1301.33060117
2342.00000000	1341.04782312
2344.00000000	1329.48895175
2346.00000000	1288.51306599
2348.00000000	1310.59050381
2350.00000000	1333.37235209
2352.00000000	1318.04787746
2354.00000000	1336.26667302
2356.00000000	1311.90113797
2358.00000000	1315.90689541
2360.00000000	1311.50998615
2362.00000000	1261.84248688
2364.00000000	1288.88774443
2366.00000000	1312.01734195
2368.00000000	1348.45158889
2370.00000000	1366.36151825
2372.00000000	1314.99372711
2374.00000000	1309.39383867
2376.00000000	1374.17622073
2378.00000000	1378.61409174
2380.00000000	1304.05560199
2382.00000000	1286.89920188
2384.00000000	1323.31772462
2386.00000000	1337.55188330
2388.00000000	1305.26363845
2390.00000000	1294.21259957
2392.00000000	1346.96836059
2394.00000000	1315.77029472
2396.00000000	1290.49020593
2398.00000000	1327.65433686
2400.00000000	1367.05362931
2402.00000000	1358.65886930
2404.00000000	1332.02212084
2406.00000000	1325.71087664
2408.00000000	1355.85535707
2410.00000000	1377.83768860
2412.00000000	1324.93025832
2414.00000000	1305.79374142
2416.00000000	1352.22696731
2418.00000000	1373.04645239
2420.00000000	1319.62830130
2422.00000000	1303.32440867
2424.00000000	1299.32804251
2426.00000000	1361.28745391
2428.00000000	1415.59575695
2430.00000000	1366.26217914
2432.00000000	1399.28180636
2434.00000000	1365.77068875
2436.00000000	1332.15846530
2438.00000000	1327.59638336
2440.00000000	1270.98895725
2442.00000000	1326.21113726
2444.00000000	1370.36787096
2446.00000000	1355.08134284
2448.00000000	1348.53364183
2450.00000000	1385.77813796
2452.00000000	1401.22178718
2454.00000000	1351.80190197
2456.00000000	1298.72690671
2458.00000000	1320.71227542
2460.00000000	1384.20990290
2462.00000000	1358.40896407
2464.00000000	1342.13414561
2466.00000000	1334.35754327
2468.00000000	1323.60119907
2470.00000000	1364.22329106
2472.00000000	1375.63732777
2474.00000000	1373.23747421
2476.00000000	1364.32134146
2478.00000000	1354.76668484
2480.00000000	1358.50500382
2482.00000000	1343.12512186
2484.00000000	1360.03362936
2486.00000000	1395.70158670
2488.00000000	1382.68705870
2490.00000000	1330.22564945
2492.00000000	1362.00157456
2494.00000000	1397.37638508
2496.00000000	1356.99036616
2498.00000000	1332.46246697
2500.00000000	1389.18366598
2502.00000000	1313.32148932
2504.00000000	1310.04089888
2506.00000000	1355.40865696
2508.00000000	1381.48583302
2510.00000000	1427.71223419
2512.00000000	1408.73579834
2514.00000000	1378.79204080
2516.00000000	1384.14589078
2518.00000000	1427.42153431
2520.00000000	1443.56359036
2522.00000000	1353.47405046
2524.00000000	1354.01476031
2526.00000000	1363.33784741
2528.00000000	1333.89668404
2530.00000000	1342.70937017
2532.00000000	1361.18270196
2534.00000000	1387.05790976
2536.00000000	1380.03823588
2538.00000000	1385.20295594
2540.00000000	1414.68157367
2542.00000000	1361.50265579
2544.00000000	1305.89768422
2546.00000000	1309.08811560
2548.00000000	1368.46058004
2550.00000000	1423.91212454
2552.00000000	1419.10036224
2554.00000000	1392.07667903
2556.00000000	1360.73195466
2558.00000000	1385.69623154
2560.00000000	1419.78306800
2562.00000000	1378.70322912
2564.00000000	1391.76450224
2566.00000000	1370.75317279
2568.00000000	1372.47859192
2570.00000000	1385.52961428
2572.00000000	1358.59345489
2574.00000000	1404.95963971
2576.00000000	1386.69081089
2578.00000000	1397.08022556
2580.00000000	1423.71199203
2582.00000000	1377.87264843
2584.00000000	1342.68851838
2586.00000000	1373.67470315
2588.00000000	1389.84636136
2590.00000000	1405.17769985
2592.00000000	1397.85409345
2594.00000000	1334.04329662
2596.00000000	1393.85362082
2598.00000000	1366.14370575
2600.00000000	1376.65721842
2602.00000000	1415.47147638
2604.00000000	1348.96183356
2606.00000000	1368.13193298
2608.00000000	1378.23771474
2610.00000000	1426.38245729
2612.00000000	1434.22723012
2614.00000000	1373.03836011
2616.00000000	1393.01764777
2618.00000000	1395.70587791
2620.00000000	1367.61631631
2622.00000000	1373.22795756
2624.00000000	1378.75447696
2626.00000000	1346.53828987
2628.00000000	1390.16793345
2630.00000000	1392.01290642
2632.00000000	1413.62441250
2634.00000000	1438.03230255
2636.00000000	1400.82845661
2638.00000000	1368.75309425
2640.00000000	1381.07257295
2642.00000000	1414.42931869
2644.00000000	1419.82261053
2646.00000000	1393.09589697
2648.00000000	1365.15627034
2650.00000000	1356.22274272
2652.00000000	1419.46161115
2654.00000000	1426.67584446
2656.00000000	1409.15409990
2658.00000000	1432.24656280
2660.00000000	1415.91404139
2662.00000000	1393.20535252
2664.00000000	1374.08071582
2666.00000000	1380.26033255
2668.00000000	1427.19127391
2670.00000000	1463.10245163
2672.00000000	1416.70751397
2674.00000000	1385.26261371
2676.00000000	1400.28918693
2678.00000000	1415.72173904
2680.00000000	1412.68792304
2682.00000000	1426.09797489
2684.00000000	1452.75303086
2686.00000000	1432.21992272
2688.00000000	1444.02342441
2690.00000000	1433.38069664
2692.00000000	1375.76513514
2694.00000000	1401.47457539
2696.00000000	1411.93401027
2698.00000000	1411.75206515
2700.00000000	1406.47197240
2702.00000000	1414.43506196
2704.00000000	1431.53860882
2706.00000000	1413.89006076
2708.00000000	1426.10780299
2710.00000000	1448.00752586
2712.00000000	1458.91706341
2714.00000000	1443.26269574
2716.00000000	1420.91993488
2718.00000000	1470.20228224
2720.00000000	1537.19995354
2722.00000000	1461.44870755
2724.00000000	1418.07244993
2726.00000000	1489.82923988
2728.00000000	1492.86323733
2730.00000000	1466.59104539
2732.00000000	1426.36822850
2734.00000000	1457.93609782
2736.00000000	1492.96847396
2738.00000000	1475.08976451
2740.00000000	1486.22795542
2742.00000000	1499.03637049
2744.00000000	1446.71939549
2746.00000000	1409.94916234
2748.00000000	1408.65301518
2750.00000000	1397.49618496
2752.00000000	1399.06498657
2754.00000000	1445.99615505
2756.00000000	1427.68268835
2758.00000000	1387.10119205
2760.00000000	1416.67962499
2762.00000000	1452.44602434
2764.00000000	1396.15047115
2766.00000000	1391.62233464
2768.00000000	1424.59722687
2770.00000000	1450.95096759
2772.00000000	1415.91628029
2774.00000000	1374.18302441
2776.00000000	1415.78421142
2778.00000000	1402.05187697
2780.00000000	1370.37611999
2782.00000000	1433.51185423
2784.00000000	1475.68403742
2786.00000000	1414.65636390
2788.00000000	1362.97652605
2790.00000000	1322.86729756
2792.00000000	1395.67749626
2794.00000000	1399.86481890
2796.00000000	1367.42025917
2798.00000000	1397.54157461
2800.00000000	1429.81308294
2802.00000000	1469.27316673
2804.00000000	1424.28012056
2806.00000000	1434.43992472
2808.00000000	1442.09526405
2810.00000000	1385.34604475
2812.00000000	1375.41071768
2814.00000000	1425.67702657
2816.00000000	1458.71818330
2818.00000000	1450.67222234
2820.00000000	1416.25907101
2822.00000000	1440.30457072
2824.00000000	1496.05510548
2826.00000000	1441.22267182
2828.00000000	1473.26736216
2830.00000000	1522.82696498
2832.00000000	1501.95037476
2834.00000000	1467.62452276
2836.00000000	1478.70450349
2838.00000000	1521.52942362
2840.00000000	1614.32880133
2842.00000000	1585.98869745
2844.00000000	1588.41464859
2846.00000000	1652.59120934
2848.00000000	1713.85936133
2850.00000000	1778.05333952
2852.00000000	1784.16636594
2854.00000000	1793.24763402
2856.00000000	1858.89301781
2858.00000000	1917.12241991
2860.00000000	1958.08463112
2862.00000000	1985.47675576
2864.00000000	1956.97861515
2866.00000000	2027.04071207
2868.00000000	2116.41493529
2870.00000000	2182.50427436
2872.00000000	2254.81821797
2874.00000000	2331.56041356
2876.00000000	2362.10940234
2878.00000000	2346.70400608
2880.00000000	2379.67621639
2882.00000000	2383.58481880
2884.00000000	2336.87934717
2886.00000000	2306.84580595
2888.00000000	2356.29865588
2890.00000000	2425.51874455
2892.00000000	2338.49070781
2894.00000000	2358.39497506
2896.00000000	2412.75587756
2898.00000000	2420.96780750
2900.00000000	2459.02524737
2902.00000000	2546.17753544
2904.00000000	2596.63584016
2906.00000000	2585.15710971
2908.00000000	2579.44060152
2910.00000000	2685.12986160
2912.00000000	2737.79240083
2914.00000000	2711.68284335
2916.00000000	2806.74780363
2918.00000000	2830.26192032
2920.00000000	2976.83224509
2922.00000000	2982.77521025
2924.00000000	2989.89664872
2926.00000000	3082.01105384
2928.00000000	3087.55863496
2930.00000000	3062.22347634
2932.00000000	3069.28544227
2934.00000000	3138.77739502
2936.00000000	3157.56564527
2938.00000000	3141.58199767
2940.00000000	3110.58142317
2942.00000000	3015.89470359
2944.00000000	2893.71686303
2946.00000000	2800.12102179
2948.00000000	2808.08414900
2950.00000000	2765.20733446
2952.00000000	2623.94569125
2954.00000000	2519.77953746
2956.00000000	2495.00007367
2958.00000000	2464.01078327
2960.00000000	2500.04170242
2962.00000000	2446.92291491
2964.00000000	2513.52708242
2966.00000000	2533.65561686
2968.00000000	2428.30193110
2970.00000000	2392.41804925
2972.00000000	2308.91882861
2974.00000000	2273.25337926
2976.00000000	2329.01745924
2978.00000000	2239.60689294
2980.00000000	2146.34507253
2982.00000000	2159.41948369
2984.00000000	2128.63474453
2986.00000000	2092.77439250
2988.00000000	2080.56863015
2990.00000000	2050.40493700
2992.00000000	2016.95232109
2994.00000000	1931.72275089
2996.00000000	1822.24439867
2998.00000000	1771.32276319
3000.00000000	1756.27775521
3002.00000000	1765.13615809
3004.00000000	1773.82609388
3006.00000000	1734.91901251
3008.00000000	1674.08102398
3010.00000000	1636.48834720
3012.00000000	1624.38369590
3014.00000000	1626.43027170
3016.00000000	1635.86835658
3018.00000000	1612.39819588
3020.00000000	1586.98246137
3022.00000000	1539.32693973
3024.00000000	1530.03002327
3026.00000000	1560.61960571
3028.00000000	1545.68794032
3030.00000000	1519.30152759
3032.00000000	1479.36691894
3034.00000000	1485.45321115
3036.00000000	1500.25461081
3038.00000000	1493.02977551
3040.00000000	1548.37743906
3042.00000000	1593.72176265
3044.00000000	1511.27852923
3046.00000000	1576.57903054
3048.00000000	1539.61545043
3050.00000000	1500.23159389
3052.00000000	1511.99425477
3054.00000000	1514.07315199
3056.00000000	1513.73147628
3058.00000000	1537.83499187
3060.00000000	1565.31267158
3062.00000000	1638.91643258
3064.00000000	1600.17860989
3066.00000000	1604.03366367
3068.00000000	1573.76611556
3070.00000000	1551.97833433
3072.00000000	1582.57146918
3074.00000000	1506.04076515
3076.00000000	1452.76420921
3078.00000000	1425.66324227
3080.00000000	1472.99222151
3082.00000000	1446.86428704
3084.00000000	1452.24049764
3086.00000000	1488.26878416
3088.00000000	1443.03236985
3090.00000000	1428.39009003
3092.00000000	1432.32339527
3094.00000000	1446.12897372
3096.00000000	1407.27497683
3098.00000000	1435.43582445
3100.00000000	1456.01168322
3102.00000000	1428.84078711
3104.00000000	1426.75842800
3106.00000000	1433.44141430
3108.00000000	1509.23141207
3110.00000000	1506.12999524
3112.00000000	1481.69118271
3114.00000000	1440.32049127
3116.00000000	1394.69534647
3118.00000000	1415.63580588
3120.00000000	1454.80932209
3122.00000000	1420.20189805
3124.00000000	1424.63938303
3126.00000000	1412.89893860
3128.00000000	1406.71279307
3130.00000000	1453.03192302
3132.00000000	1466.18079945
3134.00000000	1432.97593595
3136.00000000	1439.53319434
3138.00000000	1446.82334610
3140.00000000	1405.83169754
3142.00000000	1458.52221805
3144.00000000	1378.47032257
3146.00000000	1457.66663606
3148.00000000	1500.02702470
3150.00000000	1422.55804863
3152.00000000	1444.03941573
3154.00000000	1480.09964064
3156.00000000	1401.46536147
3158.00000000	1378.08158120
3160.00000000	1433.99569488
3162.00000000	1438.71024165
3164.00000000	1405.86186900
3166.00000000	1381.79678901
3168.00000000	1419.29824847
3170.00000000	1456.72241140
3172.00000000	1402.45404055
3174.00000000	1428.58865614
3176.00000000	1406.04522013
3178.00000000	1422.65911688
3180.00000000	1450.63049704
3182.00000000	1443.49071612
3184.00000000	1477.47891751
3186.00000000	1470.73489193
3188.00000000	1381.85047220
3190.00000000	1423.89831996
3192.00000000	1417.13193045
3194.00000000	1418.44241303
3196.00000000	1415.12893131
3198.00000000	1436.09875037
3200.00000000	1428.51264718
3202.00000000	1392.57125059
3204.00000000	1428.77719372
3206.00000000	1481.75483257
3208.00000000	1430.69578349
3210.00000000	1444.98358480
3212.00000000	1429.90966315
3214.00000000	1468.19574214
3216.00000000	1462.08756991
3218.00000000	1395.65189699
3220.00000000	1393.52381891
3222.00000000	1419.10900631
3224.00000000	1368.89229753
3226.00000000	1362.48808531
3228.00000000	1440.74307831
3230.00000000	1440.64829212
3232.00000000	1432.40219937
3234.00000000	1435.03289685
3236.00000000	1440.22108574
3238.00000000	1421.46679719
3240.00000000	1400.43671676
3242.00000000	1407.08806525
3244.00000000	1399.31969363
3246.00000000	1439.17893038
3248.00000000	1471.95901238
3250.00000000	1406.11158991
3252.00000000	1412.50062322
3254.00000000	1487.62960348
3256.00000000	1496.11587831
3258.00000000	1499.53469308
3260.00000000	1500.86747428
3262.00000000	1427.32654574
3264.00000000	1501.39514680
3266.00000000	1543.80731812
3268.00000000	1535.85423176
3270.00000000	1512.09423382
3272.00000000	1485.60688651
3274.00000000	1439.17172723
3276.00000000	1467.39551340
3278.00000000	1523.89432090
3280.00000000	1482.13791082
3282.00000000	1473.26498536
3284.00000000	1489.12879825
3286.00000000	1502.45315975
3288.00000000	1527.59335047
3290.00000000	1492.08556611
3292.00000000	1497.55001529
3294.00000000	1525.07382727
3296.00000000	1487.21822425
3298.00000000	1480.92451586
3300.00000000	1541.11680041
3302.00000000	1507.13676406
3304.00000000	1473.00195576
3306.00000000	1557.29168459
3308.00000000	1500.73712276
3310.00000000	1494.25835974
3312.00000000	1507.98096107
3314.00000000	1519.17157190
3316.00000000	1529.23907835
3318.00000000	1539.27145755
3320.00000000	1539.90734792
3322.00000000	1497.71944974
3324.00000000	1557.17841328
3326.00000000	1438.00534693
3328.00000000	1451.71122866
3330.00000000	1544.78213440
3332.00000000	1570.68867391
3334.00000000	1532.59319268
3336.00000000	1519.60008400
3338.00000000	1522.75033661
3340.00000000	1497.59312402
3342.00000000	1511.76668011
3344.00000000	1548.52726467
3346.00000000	1489.56071416
3348.00000000	1464.75683327
3350.00000000	1523.71988388
3352.00000000	1522.78272612
3354.00000000	1503.68235132
3356.00000000	1529.80550453
3358.00000000	1498.48765495
3360.00000000	1477.30311592
3362.00000000	1531.09323124
3364.00000000	1489.13666098
3366.00000000	1483.28943801
3368.00000000	1517.32053363
3370.00000000	1499.51190113
3372.00000000	1465.87765826
3374.00000000	1467.65361663
3376.00000000	1459.48167558
3378.00000000	1484.12921485
3380.00000000	1484.13905138
3382.00000000	1453.93590176
3384.00000000	1491.47172299
3386.00000000	1468.11605861
3388.00000000	1399.23333912
3390.00000000	1512.78684797
3392.00000000	1451.19340255
3394.00000000	1459.30220683
3396.00000000	1420.58657108
3398.00000000	1472.41271371
3400.00000000	1484.66625413
3402.00000000	1465.17689543
3404.00000000	1501.84505874
3406.00000000	1484.15354406
3408.00000000	1439.54038745
3410.00000000	1435.25716080
3412.00000000	1453.69553442
3414.00000000	1418.36359778
3416.00000000	1486.23091379
3418.00000000	1516.94116166
3420.00000000	1432.89560516
3422.00000000	1416.45065638
3424.00000000	1446.97267390
3426.00000000	1442.63751556
3428.00000000	1440.59278032
3430.00000000	1426.81867577
3432.00000000	1415.06928714
3434.00000000	1466.64745950
3436.00000000	1468.76481255
3438.00000000	1446.32659978
3440.00000000	1403.72892638
3442.00000000	1372.67695744
3444.00000000	1356.85769056
3446.00000000	1417.82361991
3448.00000000	1412.17855372
3450.00000000	1382.60573660
3452.00000000	1413.11902486
3454.00000000	1389.80861815
3456.00000000	1341.75694054
3458.00000000	1384.69604950
3460.00000000	1420.39014316
3462.00000000	1383.22191649
3464.00000000	1435.69955088
3466.00000000	1343.63103294
3468.00000000	1357.90887721
3470.00000000	1435.54532145
3472.00000000	1417.59958457
3474.00000000	1398.21884439
3476.00000000	1437.05872960
3478.00000000	1432.85504525
3480.00000000	1403.74173331
3482.00000000	1419.44324341
3484.00000000	1423.07418674
3486.00000000	1427.55291667
3488.00000000	1413.85989887
3490.00000000	1431.64723254
3492.00000000	1413.45705376
3494.00000000	1359.11921542
3496.00000000	1417.37756878
3498.00000000	1435.40729373
3500.00000000	1392.36866135
3502.00000000	1350.11661477
3504.00000000	1404.16733726
3506.00000000	1438.68234405
3508.00000000	1411.35311711
3510.00000000	1423.45538055
3512.00000000	1313.90630464
3514.00000000	1370.16080289
3516.00000000	1382.47359749
3518.00000000	1383.38022314
3520.00000000	1357.05965078
3522.00000000	1426.71526757
3524.00000000	1414.41142728
3526.00000000	1398.73168639
3528.00000000	1341.30894602
3530.00000000	1342.13840281
3532.00000000	1349.60102954
3534.00000000	1343.58809044
3536.00000000	1357.24257275
3538.00000000	1304.22072099
3540.00000000	1370.78283471
3542.00000000	1450.15892294
3544.00000000	1393.78786357
3546.00000000	1360.75914880
3548.00000000	1453.94566064
3550.00000000	1382.70949668
3552.00000000	1412.66836523
3554.00000000	1340.12205046
3556.00000000	1336.94555183
3558.00000000	1387.92279606
3560.00000000	1333.70025160
3562.00000000	1373.12285291
3564.00000000	1401.96500961
3566.00000000	1314.01199739
3568.00000000	1356.89523157
3570.00000000	1387.86675443
3572.00000000	1332.93071454
3574.00000000	1347.32317303
3576.00000000	1365.76492660
3578.00000000	1346.24782394
3580.00000000	1341.95512709
3582.00000000	1326.55057074
3584.00000000	1372.07049285
3586.00000000	1380.33415770
3588.00000000	1395.29793928
3590.00000000	1406.58294078
3592.00000000	1354.59289322
3594.00000000	1353.15680304
3596.00000000	1343.21582711
3598.00000000	1348.91339909
3600.00000000	1430.06457847
3602.00000000	1401.97611046
3604.00000000	1390.63030467
3606.00000000	1393.98611454
3608.00000000	1349.89215909
3610.00000000	1341.50120096
3612.00000000	1387.49947395
3614.00000000	1386.62937049
3616.00000000	1353.35845355
3618.00000000	1315.57120838
3620.00000000	1312.66533866
3622.00000000	1354.84542898
3624.00000000	1350.27842155
3626.00000000	1340.21773333
3628.00000000	1343.53676540
3630.00000000	1352.61776511
3632.00000000	1362.49426542
3634.00000000	1343.98824944
3636.00000000	1337.76466218
3638.00000000	1344.50694756
3640.00000000	1352.62328388
3642.00000000	1378.69721885
3644.00000000	1345.36000021
3646.00000000	1404.32412076
3648.00000000	1401.78159883
3650.00000000	1328.58736114
3652.00000000	1353.91013711
3654.00000000	1338.39856989
3656.00000000	1351.25738653
3658.00000000	1258.24014489
3660.00000000	1335.89310639
3662.00000000	1364.44654173
3664.00000000	1317.27380966
3666.00000000	1331.41622243
3668.00000000	1367.87953941
3670.00000000	1346.82302714
3672.00000000	1326.39600603
3674.00000000	1336.17266670
3676.00000000	1321.04223030
3678.00000000	1358.52392910
3680.00000000	1392.93229605
3682.00000000	1409.02315098
3684.00000000	1315.15806128
3686.00000000	1301.23271873
3688.00000000	1338.37486579
3690.00000000	1332.79154282
3692.00000000	1317.15950671
3694.00000000	1263.54718220
3696.00000000	1381.47566748
3698.00000000	1369.31220672
3700.00000000	1315.51950593
3702.00000000	1309.97543404
3704.00000000	1323.08420183
3706.00000000	1355.59505868
3708.00000000	1314.42359347
3710.00000000	1316.20109604
3712.00000000	1345.67979287
3714.00000000	1344.93176529
3716.00000000	1367.92429205
3718.00000000	1318.56195543
3720.00000000	1288.11023926
3722.00000000	1333.72774464
3724.00000000	1321.50058225
3726.00000000	1349.17009577
3728.00000000	1362.21070376
3730.00000000	1359.97627505
3732.00000000	1252.79267761
3734.00000000	1352.06500984
3736.00000000	1321.25887698
3738.00000000	1322.67308326
3740.00000000	1347.69857088
3742.00000000	1356.14596338
3744.00000000	1336.37474584
3746.00000000	1344.90294578
3748.00000000	1357.25537322
3750.00000000	1330.89276735
3752.00000000	1343.31957162
3754.00000000	1354.17099451
3756.00000000	1347.52266723
3758.00000000	1306.86915971
3760.00000000	1280.27097668
3762.00000000	1390.11662112
3764.00000000	1365.20209235
3766.00000000	1328.69507886
3768.00000000	1380.93618961
3770.00000000	1306.49408992
3772.00000000	1292.01198217
3774.00000000	1355.89795782
3776.00000000	1398.89348190
3778.00000000	1328.79685534
3780.00000000	1255.50055238
3782.00000000	1300.97711831
3784.00000000	1378.72461997
3786.00000000	1351.67712972
3788.00000000	1331.14236951
3790.00000000	1322.04104654
3792.00000000	1262.10107395
3794.00000000	1300.14449398
3796.00000000	1330.00213122
3798.00000000	1305.55591490
3800.00000000	1287.12152165
