400.00000000	1143.21173818
402.00000000	1142.64176106
404.00000000	1125.24521942
406.00000000	1119.76715034
408.00000000	1155.08977764
410.00000000	1183.78281501
412.00000000	1178.36506904
414.00000000	1149.59574373
416.00000000	1136.52637867
418.00000000	1156.45148681
420.00000000	1168.98216800
422.00000000	1178.58202750
424.00000000	1208.57430139
426.00000000	1211.21773945
428.00000000	1176.02818302
430.00000000	1158.99493021
432.00000000	1145.52528012
434.00000000	1110.56137115
436.00000000	1099.36702397
438.00000000	1115.10395145
440.00000000	1119.02409433
442.00000000	1121.68732482
444.00000000	1143.77486086
446.00000000	1187.79160577
448.00000000	1191.67409518
450.00000000	1109.57806938
452.00000000	1090.01304050
454.00000000	1142.69507194
456.00000000	1096.14373088
458.00000000	1042.08814911
460.00000000	1089.19462244
462.00000000	1121.34915433
464.00000000	1102.21478917
466.00000000	1084.06446730
468.00000000	1113.35769407
470.00000000	1169.15760288
472.00000000	1150.24748706
474.00000000	1091.65313403
476.00000000	1072.63089604
478.00000000	1085.11175275
480.00000000	1106.18609892
482.00000000	1117.35080075
484.00000000	1122.87613991
486.00000000	1128.02328791
488.00000000	1127.50815448
490.00000000	1124.63066343
492.00000000	1128.74721516
494.00000000	1148.49374273
496.00000000	1166.05733879
498.00000000	1147.71778889
500.00000000	1139.45526255
502.00000000	1175.24302708
504.00000000	1206.76509095
506.00000000	1200.59986211
508.00000000	1156.04374704
510.00000000	1127.87476197
512.00000000	1134.61092901
514.00000000	1141.38541027
516.00000000	1148.42123503
518.00000000	1164.80880002
520.00000000	1183.63133268
522.00000000	1188.32558034
524.00000000	1167.62970160
526.00000000	1151.93319715
528.00000000	1159.10821789
530.00000000	1177.35893746
532.00000000	1187.35765320
534.00000000	1182.15976243
536.00000000	1185.65872626
538.00000000	1197.62198840
540.00000000	1197.87499615
542.00000000	1173.44749125
544.00000000	1145.42602914
546.00000000	1164.14063659
548.00000000	1193.26259822
550.00000000	1191.90670477
552.00000000	1193.25215110
554.00000000	1205.25881177
556.00000000	1208.35149545
558.00000000	1180.03878962
560.00000000	1143.40428926
562.00000000	1166.17125041
564.00000000	1226.58660366
566.00000000	1260.38991725
568.00000000	1207.11487556
570.00000000	1140.16033888
572.00000000	1171.61268093
574.00000000	1210.84422049
576.00000000	1199.23224130
578.00000000	1167.95660387
580.00000000	1139.64618660
582.00000000	1130.12125077
584.00000000	1148.60392608
586.00000000	1158.69153655
588.00000000	1132.31476524
590.00000000	1157.81106379
592.00000000	1221.76924862
594.00000000	1210.99974001
596.00000000	1186.30938748
598.00000000	1201.85950369
600.00000000	1203.46324227
602.00000000	1204.29425039
604.00000000	1231.08385994
606.00000000	1228.47766055
608.00000000	1189.86582085
610.00000000	1155.91703440
612.00000000	1122.82386859
614.00000000	1102.31869114
616.00000000	1134.82453508
618.00000000	1161.83592498
620.00000000	1139.17381356
622.00000000	1156.75886982
624.00000000	1199.32673862
626.00000000	1193.01780450
628.00000000	1190.33346918
630.00000000	1208.65615288
632.00000000	1202.49787269
634.00000000	1202.92633804
636.00000000	1231.37339720
638.00000000	1242.91771943
640.00000000	1252.94213196
642.00000000	1288.64690229
644.00000000	1299.34132168
646.00000000	1287.70552040
648.00000000	1296.64957850
650.00000000	1273.30678351
652.00000000	1219.41037388
654.00000000	1230.75854005
656.00000000	1253.60048593
658.00000000	1223.64091472
660.00000000	1202.39943231
662.00000000	1230.15267165
664.00000000	1301.96619767
666.00000000	1351.50632341
668.00000000	1360.15470162
670.00000000	1364.07504040
672.00000000	1362.15863349
674.00000000	1344.81668512
676.00000000	1311.65831929
678.00000000	1281.75056370
680.00000000	1274.74403315
682.00000000	1289.07990569
684.00000000	1304.28857500
686.00000000	1298.47028603
688.00000000	1285.63853968
690.00000000	1281.28920720
692.00000000	1290.30962542
694.00000000	1297.87766020
696.00000000	1300.57154958
698.00000000	1318.94472525
700.00000000	1341.57006178
702.00000000	1345.68270216
704.00000000	1323.86641548
706.00000000	1298.05466767
708.00000000	1299.05059539
710.00000000	1320.39911537
712.00000000	1349.15630902
714.00000000	1370.76730686
716.00000000	1355.43296062
718.00000000	1326.80733242
720.00000000	1376.20610490
722.00000000	1456.37298000
724.00000000	1497.72098602
726.00000000	1521.59709046
728.00000000	1504.55654726
730.00000000	1425.06845166
732.00000000	1377.69235286
734.00000000	1394.65391120
736.00000000	1432.78157703
738.00000000	1463.36915414
740.00000000	1474.95458685
742.00000000	1476.24256392
744.00000000	1503.15991437
746.00000000	1582.52813788
748.00000000	1699.86218155
750.00000000	1777.73162006
752.00000000	1750.41849382
754.00000000	1663.56176021
756.00000000	1562.66517963
758.00000000	1481.43810483
760.00000000	1457.14892104
762.00000000	1471.61265870
764.00000000	1464.75714048
766.00000000	1461.96358305
768.00000000	1492.04284746
770.00000000	1542.69804993
772.00000000	1552.78716610
774.00000000	1513.24451168
776.00000000	1536.79566466
778.00000000	1575.10425187
780.00000000	1553.29056473
782.00000000	1588.10848496
784.00000000	1659.08245649
786.00000000	1656.76174520
788.00000000	1628.30207135
790.00000000	1596.32858768
792.00000000	1536.92343660
794.00000000	1505.88930607
796.00000000	1520.18283610
798.00000000	1519.25097983
800.00000000	1511.95465568
802.00000000	1520.37513175
804.00000000	1534.75858563
806.00000000	1551.33922599
808.00000000	1563.77173521
810.00000000	1550.54225881
812.00000000	1530.74738785
814.00000000	1538.04392788
816.00000000	1554.99955765
818.00000000	1547.68626059
820.00000000	1502.79114554
822.00000000	1513.27727429
824.00000000	1568.83209953
826.00000000	1547.75986864
828.00000000	1558.34350821
830.00000000	1630.78432107
832.00000000	1593.16433305
834.00000000	1535.20113867
836.00000000	1551.96879752
838.00000000	1527.71090747
840.00000000	1489.14833337
842.00000000	1509.90264201
844.00000000	1549.02606272
846.00000000	1570.52562525
848.00000000	1572.06516667
850.00000000	1602.18306502
852.00000000	1641.31776696
854.00000000	1627.45311088
856.00000000	1602.92938866
858.00000000	1604.08575935
860.00000000	1624.88819979
862.00000000	1625.31711714
864.00000000	1591.60888220
866.00000000	1557.58487220
868.00000000	1549.13624469
870.00000000	1571.38903996
872.00000000	1602.35861019
874.00000000	1617.47797609
876.00000000	1618.45374802
878.00000000	1650.04535687
880.00000000	1656.81942938
882.00000000	1591.93782253
884.00000000	1575.53022265
886.00000000	1623.94669025
888.00000000	1669.19253227
890.00000000	1671.50862253
892.00000000	1647.88549438
894.00000000	1643.35383036
896.00000000	1645.33150673
898.00000000	1633.80201974
900.00000000	1607.86294866
902.00000000	1621.92348889
904.00000000	1672.72377528
906.00000000	1686.76107748
908.00000000	1682.83885519
910.00000000	1667.61399229
912.00000000	1606.00021049
914.00000000	1601.34693010
916.00000000	1705.70256971
918.00000000	1798.34604423
920.00000000	1802.52036589
922.00000000	1737.79617099
924.00000000	1735.07656163
926.00000000	1755.81190537
928.00000000	1729.04099865
930.00000000	1728.49373383
932.00000000	1741.04418959
934.00000000	1729.66213318
936.00000000	1761.50644155
938.00000000	1767.78887621
940.00000000	1671.56937947
942.00000000	1689.02423345
944.00000000	1784.73300446
946.00000000	1758.18579804
948.00000000	1714.48761372
950.00000000	1723.29771523
952.00000000	1752.65032673
954.00000000	1753.24822540
956.00000000	1734.52482914
958.00000000	1754.27600338
960.00000000	1793.89614127
962.00000000	1795.58746269
964.00000000	1718.22813538
966.00000000	1701.46720863
968.00000000	1768.22656926
970.00000000	1756.19250759
972.00000000	1737.09790939
974.00000000	1769.84935156
976.00000000	1778.44051700
978.00000000	1753.64876942
980.00000000	1742.60287651
982.00000000	1809.43795111
984.00000000	1855.58077948
986.00000000	1826.92835352
988.00000000	1849.40778409
990.00000000	1892.71510374
992.00000000	1887.58998599
994.00000000	1852.86168628
996.00000000	1850.48973314
998.00000000	1915.82396570
1000.00000000	1996.69819941
1002.00000000	2049.01687492
1004.00000000	2052.64649770
1006.00000000	2018.34039656
1008.00000000	1975.46762359
1010.00000000	1942.06713619
1012.00000000	1892.51087502
1014.00000000	1830.66262137
1016.00000000	1790.31825406
1018.00000000	1814.15146818
1020.00000000	1838.67001437
1022.00000000	1799.44488185
1024.00000000	1807.13261644
1026.00000000	1846.22728210
1028.00000000	1843.79486796
1030.00000000	1862.07604590
1032.00000000	1886.88490266
1034.00000000	1866.99462478
1036.00000000	1852.11660079
1038.00000000	1855.06208946
1040.00000000	1855.19013943
1042.00000000	1856.31896765
1044.00000000	1846.20769217
1046.00000000	1823.72215542
1048.00000000	1864.39702798
1050.00000000	1936.94638955
1052.00000000	1951.88740432
1054.00000000	1943.09781132
1056.00000000	1943.06477297
1058.00000000	1953.93920599
1060.00000000	1951.02998021
1062.00000000	1931.93108572
1064.00000000	1919.42549198
1066.00000000	1941.47153863
1068.00000000	1986.71149292
1070.00000000	2012.34704017
1072.00000000	1987.28438886
1074.00000000	1960.43836775
1076.00000000	1999.22627539
1078.00000000	2026.10646198
1080.00000000	2021.16973166
1082.00000000	2027.81351905
1084.00000000	2055.90906271
1086.00000000	2057.81139101
1088.00000000	1996.01008679
1090.00000000	1987.29154871
1092.00000000	2031.69008710
1094.00000000	2040.59853630
1096.00000000	2022.55747325
1098.00000000	2026.09153205
1100.00000000	2076.98073522
1102.00000000	2089.44379256
1104.00000000	2046.95337431
1106.00000000	2003.01359979
1108.00000000	2006.98347906
1110.00000000	2031.54170049
1112.00000000	2019.35198006
1114.00000000	1986.70476367
1116.00000000	1962.09819588
1118.00000000	1962.15453684
1120.00000000	1975.43955734
1122.00000000	2012.23371293
1124.00000000	2071.60344191
1126.00000000	2090.77798668
1128.00000000	2137.35725788
1130.00000000	2251.31115690
1132.00000000	2215.44393963
1134.00000000	2055.10931526
1136.00000000	1935.57544721
1138.00000000	1933.41967199
1140.00000000	1951.36039448
1142.00000000	1896.63611647
1144.00000000	1864.59180700
1146.00000000	1833.38327473
1148.00000000	1781.66809599
1150.00000000	1809.49949159
1152.00000000	1818.82384894
1154.00000000	1752.73887115
1156.00000000	1784.05563464
1158.00000000	1868.05468518
1160.00000000	1894.94973874
1162.00000000	1848.59621973
1164.00000000	1846.33869492
1166.00000000	1914.52324901
1168.00000000	1905.00023393
1170.00000000	1895.20517659
1172.00000000	1933.90700451
1174.00000000	1928.18987440
1176.00000000	1888.80421386
1178.00000000	1842.79240256
1180.00000000	1799.18414643
1182.00000000	1808.03774383
1184.00000000	1849.15375168
1186.00000000	1839.43547608
1188.00000000	1814.06002010
1190.00000000	1793.44080300
1192.00000000	1767.63183719
1194.00000000	1782.27581976
1196.00000000	1818.19182400
1198.00000000	1819.69292356
1200.00000000	1829.76322041
1202.00000000	1832.40211188
1204.00000000	1803.19945697
1206.00000000	1852.74162180
1208.00000000	1934.95471465
1210.00000000	1945.24529612
1212.00000000	1933.57198667
1214.00000000	1934.13401232
1216.00000000	1958.02024679
1218.00000000	2008.58668039
1220.00000000	2017.80261099
1222.00000000	1977.34031410
1224.00000000	2017.50088562
1226.00000000	2032.66974260
1228.00000000	1980.11817093
1230.00000000	2036.60850160
1232.00000000	2092.84147310
1234.00000000	2061.63195605
1236.00000000	2032.96621457
1238.00000000	2074.94052653
1240.00000000	2121.47881047
1242.00000000	2043.15113286
1244.00000000	2012.97674396
1246.00000000	2064.85150765
1248.00000000	2065.10969255
1250.00000000	2024.57522282
1252.00000000	1982.02126596
1254.00000000	1963.01850773
1256.00000000	1965.49688914
1258.00000000	1965.48767370
1260.00000000	1951.12137335
1262.00000000	1958.75849717
1264.00000000	1967.78934463
1266.00000000	1953.03725548
1268.00000000	1943.34042679
1270.00000000	1929.85581504
1272.00000000	1922.50583031
1274.00000000	1970.66116715
1276.00000000	1999.46036134
1278.00000000	1971.01020540
1280.00000000	1948.94907382
1282.00000000	1962.37778524
1284.00000000	1978.04849979
1286.00000000	1951.34629025
1288.00000000	1982.15244578
1290.00000000	2050.58396733
1292.00000000	2058.56585614
1294.00000000	2058.85044712
1296.00000000	2047.48751317
1298.00000000	2027.32852560
1300.00000000	2126.67286227
1302.00000000	2236.01889825
1304.00000000	2228.05211881
1306.00000000	2198.31433866
1308.00000000	2221.81922058
1310.00000000	2276.25049614
1312.00000000	2255.11748443
1314.00000000	2204.32247840
1316.00000000	2192.59534351
1318.00000000	2226.45286888
1320.00000000	2211.37402353
1322.00000000	2155.60838815
1324.00000000	2139.07059494
1326.00000000	2109.84277501
1328.00000000	2100.48612090
1330.00000000	2148.74606103
1332.00000000	2139.77335125
1334.00000000	2157.66782777
1336.00000000	2262.89576656
1338.00000000	2283.50570493
1340.00000000	2261.24692562
1342.00000000	2220.92277808
1344.00000000	2081.65018532
1346.00000000	2046.81824052
1348.00000000	2128.84791137
1350.00000000	2109.28123169
1352.00000000	2040.34372845
1354.00000000	2019.10249205
1356.00000000	2069.55395579
1358.00000000	2076.77808558
1360.00000000	2040.44366435
1362.00000000	2032.03064080
1364.00000000	2077.67757319
1366.00000000	2079.92460536
1368.00000000	2017.30401114
1370.00000000	2025.08883054
1372.00000000	2024.44951117
1374.00000000	1979.75496886
1376.00000000	1961.54621939
1378.00000000	1927.61286896
1380.00000000	1908.03801927
1382.00000000	1962.44738835
1384.00000000	2002.05620443
1386.00000000	2000.24685845
1388.00000000	1983.60668766
1390.00000000	1971.24212041
1392.00000000	1958.46660573
1394.00000000	1956.95947947
1396.00000000	1992.61302075
1398.00000000	1970.73163634
1400.00000000	1924.83687487
1402.00000000	1976.60360286
1404.00000000	1942.12484029
1406.00000000	1854.74655738
1408.00000000	1866.39269413
1410.00000000	1877.53936359
1412.00000000	1867.88969781
1414.00000000	1850.48957858
1416.00000000	1797.64617272
1418.00000000	1792.12094368
1420.00000000	1858.62156173
1422.00000000	1901.25563181
1424.00000000	1869.58144802
1426.00000000	1815.87686895
1428.00000000	1833.07938785
1430.00000000	1896.89345989
1432.00000000	1919.21279429
1434.00000000	1861.67724542
1436.00000000	1828.70622968
1438.00000000	1857.71004007
1440.00000000	1923.05670684
1442.00000000	1974.65157524
1444.00000000	2012.92416866
1446.00000000	2032.02739634
1448.00000000	2020.94343570
1450.00000000	2017.33601979
1452.00000000	2027.34586361
1454.00000000	2033.30943823
1456.00000000	2028.80335580
1458.00000000	2022.83340947
1460.00000000	2027.10648539
1462.00000000	2037.33669451
1464.00000000	2000.45090370
1466.00000000	1912.04111502
1468.00000000	1835.72668657
1470.00000000	1843.12267361
1472.00000000	1905.56553167
1474.00000000	1942.43117002
1476.00000000	1916.29640054
1478.00000000	1850.88571472
1480.00000000	1798.33510329
1482.00000000	1802.39013149
1484.00000000	1845.91468141
1486.00000000	1850.67978042
1488.00000000	1760.72835715
1490.00000000	1696.34853100
1492.00000000	1687.01956536
1494.00000000	1696.62728278
1496.00000000	1706.67086925
1498.00000000	1656.28162210
1500.00000000	1574.13614436
1502.00000000	1577.22458477
1504.00000000	1590.36973113
1506.00000000	1582.75232589
1508.00000000	1585.92193458
1510.00000000	1582.89128882
1512.00000000	1543.51111851
1514.00000000	1497.98350107
1516.00000000	1540.55229519
1518.00000000	1554.54955245
1520.00000000	1539.61487429
1522.00000000	1607.02143937
1524.00000000	1573.75783307
1526.00000000	1527.36063502
1528.00000000	1608.50116587
1530.00000000	1615.62626959
1532.00000000	1587.06983638
1534.00000000	1597.88228243
1536.00000000	1608.86679829
1538.00000000	1603.42677150
1540.00000000	1588.43090332
1542.00000000	1584.12144545
1544.00000000	1608.25750317
1546.00000000	1645.12130876
1548.00000000	1660.41513795
1550.00000000	1637.74684515
1552.00000000	1655.53079869
1554.00000000	1716.49228532
1556.00000000	1745.28176934
1558.00000000	1755.76244131
1560.00000000	1749.47878358
1562.00000000	1732.67484605
1564.00000000	1744.89515982
1566.00000000	1757.32801757
1568.00000000	1767.59575877
1570.00000000	1812.92248082
1572.00000000	1849.22848737
1574.00000000	1840.72605641
1576.00000000	1818.83313147
1578.00000000	1882.56760267
1580.00000000	1913.60413147
1582.00000000	1875.92842439
1584.00000000	1908.51604508
1586.00000000	1932.07082256
1588.00000000	1894.96849900
1590.00000000	1835.38522050
1592.00000000	1822.55763147
1594.00000000	1779.41520380
1596.00000000	1670.99959257
1598.00000000	1608.75908526
1600.00000000	1659.89160278
1602.00000000	1739.53315726
1604.00000000	1738.39982563
1606.00000000	1748.35538455
1608.00000000	1759.97210756
1610.00000000	1744.53398721
1612.00000000	1729.39220304
1614.00000000	1702.67788179
1616.00000000	1660.47510144
1618.00000000	1630.09743763
1620.00000000	1659.41626032
1622.00000000	1684.84194232
1624.00000000	1645.37298426
1626.00000000	1580.28285744
1628.00000000	1587.66045640
1630.00000000	1627.70734445
1632.00000000	1610.60503293
1634.00000000	1618.22599905
1636.00000000	1620.37661120
1638.00000000	1588.64291140
1640.00000000	1583.76978809
1642.00000000	1635.33214831
1644.00000000	1681.43726819
1646.00000000	1654.72937221
1648.00000000	1624.46995283
1650.00000000	1665.09174390
1652.00000000	1748.33744095
1654.00000000	1766.02787495
1656.00000000	1775.11844669
1658.00000000	1774.12868757
1660.00000000	1734.68675703
1662.00000000	1720.73763456
1664.00000000	1742.34044045
1666.00000000	1772.88323798
1668.00000000	1786.40135289
1670.00000000	1792.98776259
1672.00000000	1772.02794357
1674.00000000	1723.87675106
1676.00000000	1717.25750002
1678.00000000	1719.10912195
1680.00000000	1698.00584792
1682.00000000	1663.60899563
1684.00000000	1622.40466835
1686.00000000	1610.45222766
1688.00000000	1618.55796522
1690.00000000	1571.71230199
1692.00000000	1552.31593540
1694.00000000	1570.31458366
1696.00000000	1561.01013985
1698.00000000	1539.81664740
1700.00000000	1501.13768672
1702.00000000	1501.13768672
1704.00000000	1501.13768672
1706.00000000	1501.13768672
1708.00000000	1501.13768672
1710.00000000	1501.13768672
1712.00000000	1501.13768672
1714.00000000	1501.13768672
1716.00000000	1402.69629293
1718.00000000	1346.68346807
1720.00000000	1340.83699946
1722.00000000	1366.54213603
1724.00000000	1374.82284819
1726.00000000	1365.17839846
1728.00000000	1332.23859864
1730.00000000	1309.50728807
1732.00000000	1323.55757303
1734.00000000	1319.01503076
1736.00000000	1335.37516590
1738.00000000	1368.27624744
1740.00000000	1343.92016362
1742.00000000	1320.52649670
1744.00000000	1328.15203001
1746.00000000	1335.65477875
1748.00000000	1301.42894720
1750.00000000	1328.12755524
1752.00000000	1360.64498507
1754.00000000	1287.94827464
1756.00000000	1278.61440595
1758.00000000	1298.44092863
1760.00000000	1299.19612493
1762.00000000	1317.31284348
1764.00000000	1268.32293229
1766.00000000	1236.91069766
1768.00000000	1279.60673036
1770.00000000	1243.61312830
1772.00000000	1242.41984889
1774.00000000	1291.70138025
1776.00000000	1294.64291680
1778.00000000	1281.79856268
1780.00000000	1288.44321776
1782.00000000	1306.46144023
1784.00000000	1306.55904258
1786.00000000	1323.78190850
1788.00000000	1319.97008447
1790.00000000	1277.23675272
1792.00000000	1268.47954542
1794.00000000	1267.32256161
1796.00000000	1267.39598607
1798.00000000	1294.42963761
1800.00000000	1339.94659141
1802.00000000	1300.32332791
1804.00000000	1241.01127838
1806.00000000	1316.64398626
1808.00000000	1360.37984690
1810.00000000	1322.59924512
1812.00000000	1267.10352333
1814.00000000	1253.64432884
1816.00000000	1223.89413401
1818.00000000	1233.12604725
1820.00000000	1301.43184935
1822.00000000	1280.38148616
1824.00000000	1260.05728614
1826.00000000	1286.09548555
1828.00000000	1310.53677389
1830.00000000	1312.14671701
1832.00000000	1296.49217955
1834.00000000	1284.72048924
1836.00000000	1282.28338628
1838.00000000	1247.31599288
1840.00000000	1250.92254484
1842.00000000	1297.24520349
1844.00000000	1275.26458248
1846.00000000	1246.05003430
1848.00000000	1249.80010427
1850.00000000	1265.49421206
1852.00000000	1258.83790178
1854.00000000	1286.82373461
1856.00000000	1299.99395099
1858.00000000	1254.48645222
1860.00000000	1276.51956894
1862.00000000	1311.51588022
1864.00000000	1305.07747296
1866.00000000	1279.37415651
1868.00000000	1278.89999828
1870.00000000	1302.55696233
1872.00000000	1306.55215198
1874.00000000	1270.88986260
1876.00000000	1287.61733016
1878.00000000	1285.84085184
1880.00000000	1248.99529447
1882.00000000	1286.91150753
1884.00000000	1320.41896004
1886.00000000	1309.17676000
1888.00000000	1283.36706717
1890.00000000	1284.20554221
1892.00000000	1272.95807032
1894.00000000	1278.81794861
1896.00000000	1321.78299265
1898.00000000	1323.82025720
1900.00000000	1293.49628210
1902.00000000	1266.61696033
1904.00000000	1266.45217525
1906.00000000	1289.04214372
1908.00000000	1304.05846895
1910.00000000	1311.22212693
1912.00000000	1305.98926056
1914.00000000	1240.41405582
1916.00000000	1280.16985057
1918.00000000	1362.80647634
1920.00000000	1295.09699900
1922.00000000	1274.10171529
1924.00000000	1319.78108284
1926.00000000	1355.09452345
1928.00000000	1335.09319064
1930.00000000	1289.11855383
1932.00000000	1279.15738796
1934.00000000	1301.29241892
1936.00000000	1292.73046716
1938.00000000	1274.47576431
1940.00000000	1270.16539989
1942.00000000	1277.77559810
1944.00000000	1285.42867852
1946.00000000	1314.07195774
1948.00000000	1303.27093569
1950.00000000	1266.88426620
1952.00000000	1306.53639356
1954.00000000	1286.83108359
1956.00000000	1254.14289231
1958.00000000	1304.45556476
1960.00000000	1380.99406371
1962.00000000	1341.23878667
1964.00000000	1265.66375192
1966.00000000	1278.29296417
1968.00000000	1333.04812077
1970.00000000	1325.10385899
1972.00000000	1307.29472057
1974.00000000	1317.23172500
1976.00000000	1261.66584872
1978.00000000	1240.12212851
1980.00000000	1263.04459333
1982.00000000	1288.96547295
1984.00000000	1322.96194304
1986.00000000	1324.72448158
1988.00000000	1318.54786070
1990.00000000	1323.46541836
1992.00000000	1297.31493469
1994.00000000	1291.35038690
1996.00000000	1299.89895576
1998.00000000	1284.38117222
2000.00000000	1259.87104698
2002.00000000	1308.30998335
2004.00000000	1327.49351008
2006.00000000	1273.36358062
2008.00000000	1309.87345675
2010.00000000	1316.26536809
2012.00000000	1275.16203342
2014.00000000	1257.15968854
2016.00000000	1276.13555891
2018.00000000	1283.92270057
2020.00000000	1305.53718689
2022.00000000	1329.57636103
2024.00000000	1268.53723630
2026.00000000	1220.00140632
2028.00000000	1283.68368596
2030.00000000	1368.43614778
2032.00000000	1293.42997669
2034.00000000	1299.29886490
2036.00000000	1313.47129442
2038.00000000	1260.64028579
2040.00000000	1289.38643782
2042.00000000	1346.37642182
2044.00000000	1347.66960918
2046.00000000	1300.10442988
2048.00000000	1286.09713129
2050.00000000	1309.67612671
2052.00000000	1326.03874653
2054.00000000	1318.49151086
2056.00000000	1309.89316376
2058.00000000	1304.75473459
2060.00000000	1348.86839347
2062.00000000	1382.57799930
2064.00000000	1325.34197521
2066.00000000	1315.00631648
2068.00000000	1292.99197520
2070.00000000	1292.31657903
2072.00000000	1378.98424339
2074.00000000	1374.52205158
2076.00000000	1320.27107072
2078.00000000	1282.20879117
2080.00000000	1264.72266536
2082.00000000	1260.67457568
2084.00000000	1285.40358728
2086.00000000	1332.35264573
2088.00000000	1356.26638210
2090.00000000	1322.20947792
2092.00000000	1337.95224620
2094.00000000	1354.44614564
2096.00000000	1329.28198328
2098.00000000	1360.19388522
2100.00000000	1385.48724459
2102.00000000	1371.62770261
2104.00000000	1339.93820118
2106.00000000	1324.27256350
2108.00000000	1329.21126918
2110.00000000	1353.67768470
2112.00000000	1364.34168521
2114.00000000	1329.35996955
2116.00000000	1296.86071407
2118.00000000	1279.76849591
2120.00000000	1300.49279312
2122.00000000	1346.52379157
2124.00000000	1326.59906038
2126.00000000	1346.44610314
2128.00000000	1363.87498693
2130.00000000	1330.36713235
2132.00000000	1384.40110473
2134.00000000	1394.83260540
2136.00000000	1341.78413713
2138.00000000	1307.14510956
2140.00000000	1322.52792853
2142.00000000	1327.06782662
2144.00000000	1309.50122500
2146.00000000	1316.47503982
2148.00000000	1362.27587441
2150.00000000	1348.83181924
2152.00000000	1386.68127568
2154.00000000	1422.46985154
2156.00000000	1333.82934940
2158.00000000	1291.46281947
2160.00000000	1323.74422461
2162.00000000	1342.54010760
2164.00000000	1304.82794432
2166.00000000	1292.61738773
2168.00000000	1329.17058625
2170.00000000	1369.79662679
2172.00000000	1381.05737356
2174.00000000	1377.35959967
2176.00000000	1366.01350635
2178.00000000	1345.10916318
2180.00000000	1322.77698437
2182.00000000	1320.37571158
2184.00000000	1346.54777022
2186.00000000	1345.81175824
2188.00000000	1324.72589661
2190.00000000	1343.44750969
2192.00000000	1409.40461482
2194.00000000	1400.29642734
2196.00000000	1352.90599563
2198.00000000	1342.76156788
2200.00000000	1347.16284144
2202.00000000	1320.35786303
2204.00000000	1314.93777295
2206.00000000	1347.19632220
2208.00000000	1366.73482199
2210.00000000	1349.98036359
2212.00000000	1338.82263836
2214.00000000	1344.00826928
2216.00000000	1337.06226102
2218.00000000	1305.77772553
2220.00000000	1307.49152210
2222.00000000	1345.46262309
2224.00000000	1391.85985238
2226.00000000	1418.21203504
2228.00000000	1395.59144291
2230.00000000	1350.03497762
2232.00000000	1346.09119385
2234.00000000	1374.38858653
2236.00000000	1340.66281793
2238.00000000	1359.97831785
2240.00000000	1384.52184357
2242.00000000	1381.21388695
2244.00000000	1402.58931241
2246.00000000	1350.63051482
2248.00000000	1354.03701384
2250.00000000	1382.45341632
2252.00000000	1344.81569949
2254.00000000	1377.64164835
2256.00000000	1430.59732419
2258.00000000	1429.63036198
2260.00000000	1367.76314201
2262.00000000	1318.48821868
2264.00000000	1372.17881834
2266.00000000	1387.66309050
2268.00000000	1362.66266342
2270.00000000	1382.17648529
2272.00000000	1369.34093097
2274.00000000	1380.78098964
2276.00000000	1388.71120479
2278.00000000	1392.61279196
2280.00000000	1438.54303429
2282.00000000	1410.91564785
2284.00000000	1361.71387599
2286.00000000	1356.33526108
2288.00000000	1390.83494269
2290.00000000	1431.42289387
2292.00000000	1448.22523683
2294.00000000	1416.37992681
2296.00000000	1368.21055425
2298.00000000	1361.73192614
2300.00000000	1375.29375433
2302.00000000	1414.24056950
2304.00000000	1406.76333057
2306.00000000	1359.47677655
2308.00000000	1407.99312285
2310.00000000	1410.01148685
2312.00000000	1420.99144719
2314.00000000	1434.27354622
2316.00000000	1384.03664334
2318.00000000	1411.38183936
2320.00000000	1431.75763239
2322.00000000	1418.89786472
2324.00000000	1431.85212559
2326.00000000	1481.70368134
2328.00000000	1468.99794988
2330.00000000	1409.75074346
2332.00000000	1410.96203369
2334.00000000	1466.76085755
2336.00000000	1415.91465078
2338.00000000	1380.13311040
2340.00000000	1346.83336718
2342.00000000	1341.01669732
2344.00000000	1405.28473901
2346.00000000	1371.40405913
2348.00000000	1383.94409464
2350.00000000	1409.89222869
2352.00000000	1372.46212499
2354.00000000	1363.55267736
2356.00000000	1414.84543865
2358.00000000	1427.33834104
2360.00000000	1425.98696129
2362.00000000	1427.17674450
2364.00000000	1331.87394517
2366.00000000	1376.07605325
2368.00000000	1433.35041062
2370.00000000	1421.15126720
2372.00000000	1422.10940713
2374.00000000	1395.53412667
2376.00000000	1415.64559827
2378.00000000	1432.58094290
2380.00000000	1408.69682790
2382.00000000	1400.65337964
2384.00000000	1405.21528426
2386.00000000	1398.04127029
2388.00000000	1356.79248505
2390.00000000	1325.24126976
2392.00000000	1363.29104546
2394.00000000	1370.92198195
2396.00000000	1352.01094152
2398.00000000	1363.83499265
2400.00000000	1400.87395157
2402.00000000	1401.81255043
2404.00000000	1422.66880131
2406.00000000	1431.45071206
2408.00000000	1403.35472168
2410.00000000	1367.61192836
2412.00000000	1350.79292015
2414.00000000	1354.72962555
2416.00000000	1447.95493497
2418.00000000	1492.80310883
2420.00000000	1377.07622347
2422.00000000	1383.98435618
2424.00000000	1432.39969275
2426.00000000	1409.17079480
2428.00000000	1364.81626346
2430.00000000	1390.45733045
2432.00000000	1405.32722509
2434.00000000	1380.86760225
2436.00000000	1408.06758268
2438.00000000	1459.31943789
2440.00000000	1421.94904882
2442.00000000	1402.13722493
2444.00000000	1388.26800098
2446.00000000	1385.70301986
2448.00000000	1401.34386644
2450.00000000	1418.02230487
2452.00000000	1446.60346083
2454.00000000	1429.60498212
2456.00000000	1408.91862151
2458.00000000	1412.10174766
2460.00000000	1387.36666495
2462.00000000	1366.27078304
2464.00000000	1397.47518670
2466.00000000	1417.01826240
2468.00000000	1392.24243830
2470.00000000	1386.43833231
2472.00000000	1387.60285868
2474.00000000	1404.01747069
2476.00000000	1410.61664608
2478.00000000	1390.02214138
2480.00000000	1383.17053019
2482.00000000	1436.81446204
2484.00000000	1475.12206416
2486.00000000	1500.75218458
2488.00000000	1490.78779036
2490.00000000	1414.94404242
2492.00000000	1435.64735299
2494.00000000	1410.09899769
2496.00000000	1381.56136625
2498.00000000	1412.93919955
2500.00000000	1418.12331009
2502.00000000	1398.10984875
2504.00000000	1393.02480845
2506.00000000	1391.01005811
2508.00000000	1422.36987081
2510.00000000	1470.12772955
2512.00000000	1368.71813800
2514.00000000	1402.61097725
2516.00000000	1446.70614188
2518.00000000	1400.07019837
2520.00000000	1404.56151209
2522.00000000	1437.77340179
2524.00000000	1428.76355668
2526.00000000	1371.88321497
2528.00000000	1365.09544807
2530.00000000	1429.96115162
2532.00000000	1427.71384281
2534.00000000	1454.00305288
2536.00000000	1457.72723648
2538.00000000	1451.04703101
2540.00000000	1458.30549686
2542.00000000	1403.76375019
2544.00000000	1407.55086425
2546.00000000	1445.73307898
2548.00000000	1447.63904578
2550.00000000	1421.24791869
2552.00000000	1421.82087505
2554.00000000	1423.84237904
2556.00000000	1417.84879542
2558.00000000	1425.87767385
2560.00000000	1460.93360097
2562.00000000	1470.23238731
2564.00000000	1388.98042011
2566.00000000	1418.00962235
2568.00000000	1454.78983043
2570.00000000	1439.06484050
2572.00000000	1451.33666637
2574.00000000	1431.79514422
2576.00000000	1439.79445844
2578.00000000	1466.26162546
2580.00000000	1448.50680698
2582.00000000	1393.02313236
2584.00000000	1396.22124566
2586.00000000	1461.60497095
2588.00000000	1448.43257053
2590.00000000	1455.65265758
2592.00000000	1490.64867267
2594.00000000	1406.74312135
2596.00000000	1398.46953515
2598.00000000	1403.63324912
2600.00000000	1439.21968018
2602.00000000	1455.37517938
2604.00000000	1424.01668613
2606.00000000	1492.29058479
2608.00000000	1463.12381363
2610.00000000	1445.14469369
2612.00000000	1456.59302921
2614.00000000	1433.91848753
2616.00000000	1435.82016478
2618.00000000	1445.33003228
2620.00000000	1406.31619579
2622.00000000	1395.69322547
2624.00000000	1429.81114202
2626.00000000	1438.73707200
2628.00000000	1445.84244476
2630.00000000	1410.43280825
2632.00000000	1438.25084469
2634.00000000	1501.48436156
2636.00000000	1481.17108239
2638.00000000	1420.11510167
2640.00000000	1454.78275748
2642.00000000	1458.64495294
2644.00000000	1462.37868777
2646.00000000	1464.06147772
2648.00000000	1407.88085479
2650.00000000	1416.73653150
2652.00000000	1424.35816774
2654.00000000	1444.28214119
2656.00000000	1480.78707010
2658.00000000	1493.24958999
2660.00000000	1461.54029802
2662.00000000	1417.87756570
2664.00000000	1444.55881033
2666.00000000	1480.51142562
2668.00000000	1463.81934814
2670.00000000	1435.66662538
2672.00000000	1452.68994193
2674.00000000	1487.01188933
2676.00000000	1439.31236382
2678.00000000	1443.70486890
2680.00000000	1505.15139271
2682.00000000	1469.45720370
2684.00000000	1486.26749931
2686.00000000	1480.08539733
2688.00000000	1411.84041991
2690.00000000	1409.08232573
2692.00000000	1476.18117174
2694.00000000	1453.82447541
2696.00000000	1465.02160504
2698.00000000	1483.24539975
2700.00000000	1498.56859658
2702.00000000	1513.66154909
2704.00000000	1505.27788826
2706.00000000	1472.58032900
2708.00000000	1470.38321296
2710.00000000	1499.32994973
2712.00000000	1533.08860562
2714.00000000	1520.87053833
2716.00000000	1490.91116136
2718.00000000	1559.04917992
2720.00000000	1577.24118697
2722.00000000	1530.79719361
2724.00000000	1465.97170378
2726.00000000	1471.31799847
2728.00000000	1554.42377618
2730.00000000	1536.60396756
2732.00000000	1512.28776628
2734.00000000	1475.17051626
2736.00000000	1498.70641512
2738.00000000	1565.91965246
2740.00000000	1551.59640712
2742.00000000	1559.42826078
2744.00000000	1514.25279590
2746.00000000	1519.77698914
2748.00000000	1530.77969270
2750.00000000	1497.24423594
2752.00000000	1512.84513600
2754.00000000	1497.96956622
2756.00000000	1507.71339946
2758.00000000	1537.02504494
2760.00000000	1512.75075761
2762.00000000	1486.35472895
2764.00000000	1529.38328583
2766.00000000	1462.78014727
2768.00000000	1480.09289898
2770.00000000	1493.17575661
2772.00000000	1455.86606449
2774.00000000	1469.68884703
2776.00000000	1523.55223943
2778.00000000	1496.59605837
2780.00000000	1479.69518262
2782.00000000	1461.94066456
2784.00000000	1456.22138518
2786.00000000	1477.18879576
2788.00000000	1490.24690426
2790.00000000	1518.40827660
2792.00000000	1509.12503198
2794.00000000	1494.45253991
2796.00000000	1486.05217670
2798.00000000	1474.99441598
2800.00000000	1490.33618564
2802.00000000	1528.09163809
2804.00000000	1480.81813035
2806.00000000	1516.93482248
2808.00000000	1516.58153064
2810.00000000	1438.73658996
2812.00000000	1456.77441317
2814.00000000	1478.72796765
2816.00000000	1479.73706481
2818.00000000	1471.95395396
2820.00000000	1550.05175957
2822.00000000	1588.27446582
2824.00000000	1515.45203431
2826.00000000	1560.03656079
2828.00000000	1542.57609818
2830.00000000	1625.20285296
2832.00000000	1643.77667425
2834.00000000	1607.56134042
2836.00000000	1636.27449359
2838.00000000	1637.52016921
2840.00000000	1708.29120695
2842.00000000	1749.17960731
2844.00000000	1764.87248090
2846.00000000	1779.12607398
2848.00000000	1831.35644548
2850.00000000	1922.98161613
2852.00000000	1930.51780703
2854.00000000	1931.66406202
2856.00000000	2057.81571769
2858.00000000	2157.15456313
2860.00000000	2188.93367925
2862.00000000	2224.00717045
2864.00000000	2200.81930841
2866.00000000	2262.98621462
2868.00000000	2330.48067343
2870.00000000	2475.79243429
2872.00000000	2604.34979713
2874.00000000	2614.36144494
2876.00000000	2630.74245102
2878.00000000	2673.34763906
2880.00000000	2621.63627661
2882.00000000	2659.85828859
2884.00000000	2757.00323546
2886.00000000	2740.37211764
2888.00000000	2693.07890585
2890.00000000	2781.27908167
2892.00000000	2764.03013914
2894.00000000	2785.67844604
2896.00000000	2906.01142937
2898.00000000	2933.23063574
2900.00000000	2907.26372412
2902.00000000	2966.31899858
2904.00000000	2925.54375027
2906.00000000	3066.89107207
2908.00000000	3144.93104894
2910.00000000	3169.06041681
2912.00000000	3288.26947817
2914.00000000	3340.57139241
2916.00000000	3233.97356767
2918.00000000	3400.18134750
2920.00000000	3583.62603541
2922.00000000	3630.95380709
2924.00000000	3654.84847610
2926.00000000	3731.79090631
2928.00000000	3787.00175176
2930.00000000	3793.79729103
2932.00000000	3834.66857286
2934.00000000	3745.58330880
2936.00000000	3734.20785219
2938.00000000	3769.95932061
2940.00000000	3768.58108112
2942.00000000	3732.89626901
2944.00000000	3576.47489113
2946.00000000	3483.93198901
2948.00000000	3420.62624332
2950.00000000	3348.89668731
2952.00000000	3273.78756481
2954.00000000	3229.50816158
2956.00000000	3182.48576640
2958.00000000	3060.65895215
2960.00000000	3014.39421750
2962.00000000	3003.90800298
2964.00000000	3036.77866351
2966.00000000	3019.13642024
2968.00000000	2886.90259267
2970.00000000	2807.55265847
2972.00000000	2858.88568242
2974.00000000	2721.62103755
2976.00000000	2736.27066412
2978.00000000	2738.30053093
2980.00000000	2646.79398124
2982.00000000	2560.36117186
2984.00000000	2498.34050739
2986.00000000	2451.46305171
2988.00000000	2328.34023447
2990.00000000	2230.01987543
2992.00000000	2298.03569869
2994.00000000	2260.00466446
2996.00000000	2073.09188134
2998.00000000	2001.26249112
3000.00000000	2004.96572014
3002.00000000	1960.55119695
3004.00000000	1905.09726234
3006.00000000	1913.72373596
3008.00000000	1818.20372053
3010.00000000	1724.05546428
3012.00000000	1753.24955366
3014.00000000	1735.21423447
3016.00000000	1739.72719258
3018.00000000	1682.66823135
3020.00000000	1748.79362875
3022.00000000	1712.45467579
3024.00000000	1620.45776288
3026.00000000	1627.92947469
3028.00000000	1597.88575883
3030.00000000	1541.25754035
3032.00000000	1573.28444507
3034.00000000	1569.44568770
3036.00000000	1582.14422820
3038.00000000	1610.78378717
3040.00000000	1602.95966179
3042.00000000	1589.37628333
3044.00000000	1605.10610201
3046.00000000	1609.43525933
3048.00000000	1608.33238451
3050.00000000	1589.59304975
3052.00000000	1613.64927927
3054.00000000	1615.48715414
3056.00000000	1563.85099555
3058.00000000	1583.73155260
3060.00000000	1678.70211625
3062.00000000	1696.88155785
3064.00000000	1636.07370104
3066.00000000	1691.22109894
3068.00000000	1669.88882360
3070.00000000	1604.66736336
3072.00000000	1621.62208110
3074.00000000	1571.10262248
3076.00000000	1556.28383674
3078.00000000	1557.66519491
3080.00000000	1539.00911480
3082.00000000	1519.49373157
3084.00000000	1516.15554236
3086.00000000	1504.36688549
3088.00000000	1500.53643355
3090.00000000	1515.82878007
3092.00000000	1466.83652459
3094.00000000	1491.69693497
3096.00000000	1479.98700006
3098.00000000	1491.25443769
3100.00000000	1506.02150711
3102.00000000	1487.72723842
3104.00000000	1474.86106702
3106.00000000	1472.82874098
3108.00000000	1502.26192426
3110.00000000	1464.57809885
3112.00000000	1452.04530384
3114.00000000	1483.85813447
3116.00000000	1488.11756533
3118.00000000	1447.58468622
3120.00000000	1444.57393469
3122.00000000	1500.37588665
3124.00000000	1505.96177367
3126.00000000	1531.25475037
3128.00000000	1481.67489339
3130.00000000	1445.88254329
3132.00000000	1501.87605066
3134.00000000	1511.31505157
3136.00000000	1453.96150711
3138.00000000	1475.41591419
3140.00000000	1468.35019856
3142.00000000	1422.57309179
3144.00000000	1401.90083102
3146.00000000	1488.65643714
3148.00000000	1497.50877034
3150.00000000	1461.21176723
3152.00000000	1509.63380277
3154.00000000	1498.47312048
3156.00000000	1395.11630028
3158.00000000	1410.34813930
3160.00000000	1449.08173151
3162.00000000	1484.60312222
3164.00000000	1482.96536411
3166.00000000	1463.04668021
3168.00000000	1483.47098787
3170.00000000	1489.68357348
3172.00000000	1435.62994171
3174.00000000	1463.30469204
3176.00000000	1495.19073222
3178.00000000	1500.09165004
3180.00000000	1445.66100195
3182.00000000	1402.68487218
3184.00000000	1393.94782951
3186.00000000	1431.65348111
3188.00000000	1495.44478104
3190.00000000	1461.56425246
3192.00000000	1435.22850451
3194.00000000	1499.88426441
3196.00000000	1469.50640021
3198.00000000	1410.51929830
3200.00000000	1434.09697638
3202.00000000	1473.94414015
3204.00000000	1456.45418729
3206.00000000	1412.82632668
3208.00000000	1389.81866958
3210.00000000	1435.20786303
3212.00000000	1469.06937000
3214.00000000	1455.91425505
3216.00000000	1459.45354956
3218.00000000	1464.73070999
3220.00000000	1445.65182222
3222.00000000	1453.30889230
3224.00000000	1476.35644414
3226.00000000	1451.83799226
3228.00000000	1462.96715201
3230.00000000	1425.81109657
3232.00000000	1471.97570741
3234.00000000	1462.30465173
3236.00000000	1416.69706268
3238.00000000	1429.15114285
3240.00000000	1453.81533381
3242.00000000	1448.39959402
3244.00000000	1423.26719156
3246.00000000	1411.10074656
3248.00000000	1474.65692642
3250.00000000	1386.23267049
3252.00000000	1423.95122478
3254.00000000	1485.38730560
3256.00000000	1460.97986416
3258.00000000	1452.65292406
3260.00000000	1455.87655739
3262.00000000	1445.55125698
3264.00000000	1469.92848943
3266.00000000	1512.05778108
3268.00000000	1474.15618319
3270.00000000	1444.03457272
3272.00000000	1477.09926980
3274.00000000	1459.51346793
3276.00000000	1466.07921983
3278.00000000	1522.23214438
3280.00000000	1498.88566088
3282.00000000	1478.42411159
3284.00000000	1472.22353879
3286.00000000	1526.27957176
3288.00000000	1524.00492021
3290.00000000	1508.01026628
3292.00000000	1460.57156513
3294.00000000	1457.91028811
3296.00000000	1522.37522823
3298.00000000	1529.65505075
3300.00000000	1502.46383471
3302.00000000	1525.42342909
3304.00000000	1481.87017246
3306.00000000	1545.88594903
3308.00000000	1531.43346021
3310.00000000	1452.98149617
3312.00000000	1509.70663696
3314.00000000	1538.37853838
3316.00000000	1523.30558928
3318.00000000	1565.13833385
3320.00000000	1530.90846785
3322.00000000	1493.29356070
3324.00000000	1565.99947604
3326.00000000	1512.61679503
3328.00000000	1538.24850723
3330.00000000	1530.89215763
3332.00000000	1528.85036125
3334.00000000	1509.82601114
3336.00000000	1506.43435527
3338.00000000	1532.02721792
3340.00000000	1523.54799990
3342.00000000	1535.33648577
3344.00000000	1527.70449747
3346.00000000	1437.98481568
3348.00000000	1513.62398058
3350.00000000	1593.80620415
3352.00000000	1500.89640334
3354.00000000	1468.42886073
3356.00000000	1515.81882205
3358.00000000	1506.85553295
3360.00000000	1488.27668832
3362.00000000	1506.71771122
3364.00000000	1507.53787803
3366.00000000	1486.87534312
3368.00000000	1466.79252425
3370.00000000	1488.01128663
3372.00000000	1483.42709670
3374.00000000	1488.18845936
3376.00000000	1464.17193977
3378.00000000	1427.84313459
3380.00000000	1442.96421957
3382.00000000	1443.86395857
3384.00000000	1440.04595027
3386.00000000	1495.16158950
3388.00000000	1450.43683744
3390.00000000	1453.49768596
3392.00000000	1478.28209894
3394.00000000	1431.16749095
3396.00000000	1480.84150936
3398.00000000	1452.05181954
3400.00000000	1418.02353428
3402.00000000	1429.13599044
3404.00000000	1430.94494038
3406.00000000	1405.15559674
3408.00000000	1338.47596374
3410.00000000	1370.72832960
3412.00000000	1431.70242638
3414.00000000	1396.87108749
3416.00000000	1354.76045247
3418.00000000	1380.55554613
3420.00000000	1415.39837587
3422.00000000	1423.99462322
3424.00000000	1392.49241151
3426.00000000	1354.34900592
3428.00000000	1380.55355199
3430.00000000	1408.79584536
3432.00000000	1380.78872127
3434.00000000	1387.66187073
3436.00000000	1356.11670877
3438.00000000	1357.16755599
3440.00000000	1344.03771606
3442.00000000	1350.75953930
3444.00000000	1398.58949502
3446.00000000	1359.95450955
3448.00000000	1333.78298686
3450.00000000	1359.28605452
3452.00000000	1388.84322686
3454.00000000	1392.44558629
3456.00000000	1328.42867487
3458.00000000	1318.30510015
3460.00000000	1380.10702736
3462.00000000	1317.86663337
3464.00000000	1340.58312664
3466.00000000	1268.22324405
3468.00000000	1323.20924177
3470.00000000	1311.01493851
3472.00000000	1351.13534621
3474.00000000	1363.62168599
3476.00000000	1330.10561285
3478.00000000	1361.69116599
3480.00000000	1362.74824287
3482.00000000	1312.34580616
3484.00000000	1318.29948982
3486.00000000	1375.94286599
3488.00000000	1358.74881918
3490.00000000	1297.65644209
3492.00000000	1310.13634995
3494.00000000	1309.17953745
3496.00000000	1262.34728495
3498.00000000	1349.41620805
3500.00000000	1339.31700143
3502.00000000	1299.54764161
3504.00000000	1343.42373922
3506.00000000	1312.27648149
3508.00000000	1306.74515685
3510.00000000	1360.49950309
3512.00000000	1296.18641201
3514.00000000	1291.10580418
3516.00000000	1256.59903353
3518.00000000	1240.31443893
3520.00000000	1292.62714988
3522.00000000	1300.45713246
3524.00000000	1336.29211506
3526.00000000	1312.03748868
3528.00000000	1298.17646582
3530.00000000	1314.00092370
3532.00000000	1288.31718484
3534.00000000	1285.09205286
3536.00000000	1294.04007540
3538.00000000	1268.96130146
3540.00000000	1292.92984344
3542.00000000	1314.10255204
3544.00000000	1335.56921980
3546.00000000	1319.91803393
3548.00000000	1283.63691781
3550.00000000	1304.37022868
3552.00000000	1314.82021311
3554.00000000	1298.37830930
3556.00000000	1273.02804809
3558.00000000	1299.36320115
3560.00000000	1304.46015379
3562.00000000	1282.61007617
3564.00000000	1284.45505082
3566.00000000	1289.61777793
3568.00000000	1278.05562344
3570.00000000	1273.11969902
3572.00000000	1293.78653224
3574.00000000	1265.75738984
3576.00000000	1336.02931017
3578.00000000	1229.74700703
3580.00000000	1351.42578822
3582.00000000	1299.97668434
3584.00000000	1293.19662510
3586.00000000	1254.48609777
3588.00000000	1220.65199713
3590.00000000	1288.27011362
3592.00000000	1267.79818698
3594.00000000	1235.15385338
3596.00000000	1249.29474030
3598.00000000	1240.80129300
3600.00000000	1270.59304199
3602.00000000	1276.88014821
3604.00000000	1240.01223814
3606.00000000	1215.25435854
3608.00000000	1267.56851371
3610.00000000	1257.90881671
3612.00000000	1222.09071322
3614.00000000	1278.85946856
3616.00000000	1263.97843707
3618.00000000	1223.93246024
3620.00000000	1200.97605819
3622.00000000	1231.92175544
3624.00000000	1226.46672094
3626.00000000	1253.29800974
3628.00000000	1289.27380415
3630.00000000	1245.95290068
3632.00000000	1238.91032476
3634.00000000	1287.11402755
3636.00000000	1258.83930838
3638.00000000	1223.22919509
3640.00000000	1268.98473593
3642.00000000	1270.34270255
3644.00000000	1267.39679976
3646.00000000	1307.55372182
3648.00000000	1201.47358992
3650.00000000	1259.54020191
3652.00000000	1200.45844716
3654.00000000	1260.39390187
3656.00000000	1285.73374733
3658.00000000	1256.89610084
3660.00000000	1272.19713593
3662.00000000	1218.56109945
3664.00000000	1206.77646829
3666.00000000	1251.88458507
3668.00000000	1271.72367814
3670.00000000	1266.29129304
3672.00000000	1279.06028257
3674.00000000	1255.84254043
3676.00000000	1207.60974630
3678.00000000	1258.27281400
3680.00000000	1257.81678057
3682.00000000	1279.04999875
3684.00000000	1256.96304769
3686.00000000	1207.65908354
3688.00000000	1203.69195579
3690.00000000	1198.10330908
3692.00000000	1248.87427851
3694.00000000	1243.98361635
3696.00000000	1231.42985290
3698.00000000	1243.71167581
3700.00000000	1221.93971405
3702.00000000	1236.53340740
3704.00000000	1244.80550669
3706.00000000	1165.37452159
3708.00000000	1161.31671423
3710.00000000	1202.09291664
3712.00000000	1204.68120120
3714.00000000	1199.10777163
3716.00000000	1200.50454548
3718.00000000	1230.30774722
3720.00000000	1252.33740280
3722.00000000	1226.98835388
3724.00000000	1199.12590585
3726.00000000	1258.00414202
3728.00000000	1290.47337357
3730.00000000	1243.99066683
3732.00000000	1273.93170210
3734.00000000	1207.27687399
3736.00000000	1172.52470760
3738.00000000	1258.93972539
3740.00000000	1250.92345108
3742.00000000	1148.12331664
3744.00000000	1203.68209257
3746.00000000	1190.92547849
3748.00000000	1218.77931526
3750.00000000	1289.30234172
3752.00000000	1241.78050610
3754.00000000	1181.67731521
3756.00000000	1136.35089020
3758.00000000	1181.13681499
3760.00000000	1215.99170077
3762.00000000	1240.87306737
3764.00000000	1231.22332895
3766.00000000	1213.39339678
3768.00000000	1255.11870013
3770.00000000	1234.20569247
3772.00000000	1185.46324708
3774.00000000	1191.82549653
3776.00000000	1215.14000519
3778.00000000	1202.03032100
3780.00000000	1208.83211076
3782.00000000	1213.74947922
3784.00000000	1170.62630073
3786.00000000	1226.73535870
3788.00000000	1224.25591567
3790.00000000	1197.15743469
3792.00000000	1223.78015626
3794.00000000	1230.36599612
3796.00000000	1219.93443282
3798.00000000	1203.96875902
3800.00000000	1232.38582949
