400.00000000	1099.47734163
402.00000000	1073.14479619
404.00000000	1099.07338245
406.00000000	1136.07579932
408.00000000	1126.26115115
410.00000000	1125.44775771
412.00000000	1137.00174520
414.00000000	1107.76204744
416.00000000	1078.94707184
418.00000000	1087.94380354
420.00000000	1099.01331794
422.00000000	1117.35415522
424.00000000	1161.84204177
426.00000000	1166.25536940
428.00000000	1115.50361523
430.00000000	1085.33200324
432.00000000	1087.42837167
434.00000000	1102.06338886
436.00000000	1119.97059275
438.00000000	1123.51319552
440.00000000	1097.25537041
442.00000000	1089.18135138
444.00000000	1115.41681252
446.00000000	1104.72441041
448.00000000	1071.67292436
450.00000000	1068.47023141
452.00000000	1063.27709128
454.00000000	1044.80401282
456.00000000	1043.19349245
458.00000000	1048.49007562
460.00000000	1053.77313516
462.00000000	1095.51233002
464.00000000	1129.71639766
466.00000000	1081.91031862
468.00000000	1050.53278182
470.00000000	1085.27403747
472.00000000	1100.20379906
474.00000000	1069.59671887
476.00000000	1021.77120022
478.00000000	1025.53300117
480.00000000	1071.15426920
482.00000000	1085.94487700
484.00000000	1099.08956809
486.00000000	1126.09114691
488.00000000	1106.53807942
490.00000000	1066.00842023
492.00000000	1064.00143613
494.00000000	1082.62145503
496.00000000	1095.36615721
498.00000000	1089.00027213
500.00000000	1084.19166366
502.00000000	1102.46583156
504.00000000	1139.64213471
506.00000000	1159.06786574
508.00000000	1126.11829635
510.00000000	1086.42517840
512.00000000	1079.68435282
514.00000000	1110.44028248
516.00000000	1141.06413928
518.00000000	1145.86969145
520.00000000	1157.08893524
522.00000000	1168.05767047
524.00000000	1151.20169820
526.00000000	1130.60278675
528.00000000	1135.47178361
530.00000000	1176.10003337
532.00000000	1195.20514794
534.00000000	1157.24973485
536.00000000	1134.20949062
538.00000000	1136.92470528
540.00000000	1129.58796284
542.00000000	1119.49306264
544.00000000	1118.01207155
546.00000000	1126.66971489
548.00000000	1139.96189773
550.00000000	1150.43361788
552.00000000	1152.47522855
554.00000000	1139.21915544
556.00000000	1108.43532197
558.00000000	1080.37343557
560.00000000	1086.86810335
562.00000000	1151.67187544
564.00000000	1189.40817589
566.00000000	1144.07064625
568.00000000	1112.27003227
570.00000000	1124.24329681
572.00000000	1147.52702586
574.00000000	1145.89675805
576.00000000	1123.77724696
578.00000000	1124.22126426
580.00000000	1130.78519081
582.00000000	1126.38276855
584.00000000	1136.06457613
586.00000000	1150.22533305
588.00000000	1147.03341527
590.00000000	1147.09944681
592.00000000	1149.91326462
594.00000000	1134.42555838
596.00000000	1138.03178457
598.00000000	1174.17151477
600.00000000	1186.45123001
602.00000000	1166.72335375
604.00000000	1141.53683210
606.00000000	1144.27995157
608.00000000	1167.28986399
610.00000000	1173.10488861
612.00000000	1163.20755849
614.00000000	1145.30334328
616.00000000	1121.85107258
618.00000000	1115.04074514
620.00000000	1140.85742137
622.00000000	1178.89407499
624.00000000	1198.82266121
626.00000000	1185.53527328
628.00000000	1191.70438351
630.00000000	1215.08067939
632.00000000	1189.95875929
634.00000000	1164.22520056
636.00000000	1179.84846959
638.00000000	1192.65199266
640.00000000	1207.46404004
642.00000000	1239.13450760
644.00000000	1236.02890259
646.00000000	1216.66179273
648.00000000	1245.61881081
650.00000000	1256.57254625
652.00000000	1225.56751415
654.00000000	1226.13456172
656.00000000	1228.55106568
658.00000000	1198.73058778
660.00000000	1194.23753008
662.00000000	1211.75674221
664.00000000	1221.25463477
666.00000000	1266.93028289
668.00000000	1331.33309353
670.00000000	1341.31320095
672.00000000	1345.26000881
674.00000000	1359.92537146
676.00000000	1310.20411148
678.00000000	1269.43643508
680.00000000	1301.83121806
682.00000000	1284.16665161
684.00000000	1239.57385746
686.00000000	1267.96074215
688.00000000	1295.10516446
690.00000000	1282.60607148
692.00000000	1272.91482127
694.00000000	1312.35419142
696.00000000	1384.49434346
698.00000000	1390.15875289
700.00000000	1353.33798863
702.00000000	1332.62791093
704.00000000	1318.19474654
706.00000000	1328.49615550
708.00000000	1380.82778609
710.00000000	1398.16116321
712.00000000	1374.44181285
714.00000000	1374.65533075
716.00000000	1345.33180406
718.00000000	1282.20418385
720.00000000	1293.90033733
722.00000000	1359.53163212
724.00000000	1417.26374711
726.00000000	1455.31105036
728.00000000	1457.41074672
730.00000000	1416.95150443
732.00000000	1377.93390227
734.00000000	1377.10553960
736.00000000	1424.61406462
738.00000000	1482.85139956
740.00000000	1527.11599138
742.00000000	1567.22203436
744.00000000	1619.65764789
746.00000000	1676.61197473
748.00000000	1694.03425837
750.00000000	1726.10265920
752.00000000	1804.89225138
754.00000000	1775.88918888
756.00000000	1655.79599144
758.00000000	1572.84924849
760.00000000	1503.93947098
762.00000000	1444.49000445
764.00000000	1431.91257001
766.00000000	1436.57534657
768.00000000	1439.29209197
770.00000000	1459.83788695
772.00000000	1471.17156130
774.00000000	1454.09812650
776.00000000	1443.52165891
778.00000000	1449.17712327
780.00000000	1461.01924387
782.00000000	1468.01748999
784.00000000	1490.72360448
786.00000000	1544.69496755
788.00000000	1542.33893281
790.00000000	1490.34913421
792.00000000	1488.28311686
794.00000000	1490.84876747
796.00000000	1477.48752606
798.00000000	1506.31554151
800.00000000	1512.20212865
802.00000000	1456.83903147
804.00000000	1437.69127186
806.00000000	1470.01321338
808.00000000	1510.06310049
810.00000000	1505.63004085
812.00000000	1473.03413148
814.00000000	1464.61456124
816.00000000	1487.63329729
818.00000000	1515.16498886
820.00000000	1512.04582199
822.00000000	1504.08858152
824.00000000	1497.85194694
826.00000000	1476.36171143
828.00000000	1519.22075616
830.00000000	1601.57447788
832.00000000	1536.48602673
834.00000000	1455.88821069
836.00000000	1496.98042644
838.00000000	1534.34632070
840.00000000	1526.88438288
842.00000000	1503.68037577
844.00000000	1503.21472185
846.00000000	1522.09523837
848.00000000	1539.72660164
850.00000000	1574.65042220
852.00000000	1593.21980593
854.00000000	1547.46171666
856.00000000	1538.56869582
858.00000000	1589.10617256
860.00000000	1609.21651609
862.00000000	1582.47224981
864.00000000	1536.87534102
866.00000000	1519.87694116
868.00000000	1536.62172670
870.00000000	1568.65083112
872.00000000	1589.01040005
874.00000000	1586.06818394
876.00000000	1579.36477021
878.00000000	1623.09591858
880.00000000	1646.53922449
882.00000000	1581.06197600
884.00000000	1545.09421099
886.00000000	1572.94015680
888.00000000	1619.35604300
890.00000000	1644.52715996
892.00000000	1637.33223057
894.00000000	1619.14230528
896.00000000	1641.17739139
898.00000000	1675.66050749
900.00000000	1647.42224203
902.00000000	1654.45772832
904.00000000	1698.50051341
906.00000000	1650.88440909
908.00000000	1619.17766398
910.00000000	1651.99701422
912.00000000	1628.48292548
914.00000000	1621.92061182
916.00000000	1693.59697312
918.00000000	1752.64925891
920.00000000	1748.76809018
922.00000000	1703.12687728
924.00000000	1711.27227247
926.00000000	1752.61324173
928.00000000	1764.82369269
930.00000000	1748.33899244
932.00000000	1726.17238353
934.00000000	1727.08054665
936.00000000	1764.87882887
938.00000000	1760.07366247
940.00000000	1654.97767400
942.00000000	1642.97837019
944.00000000	1726.35457469
946.00000000	1760.51637964
948.00000000	1774.79159396
950.00000000	1779.52205915
952.00000000	1749.76778351
954.00000000	1733.64363095
956.00000000	1749.57659768
958.00000000	1769.91601335
960.00000000	1787.70349361
962.00000000	1796.91920388
964.00000000	1789.23046601
966.00000000	1777.46254183
968.00000000	1767.78953526
970.00000000	1757.15752030
972.00000000	1788.53921611
974.00000000	1848.09828238
976.00000000	1839.11719902
978.00000000	1807.78637018
980.00000000	1815.45937461
982.00000000	1850.34360533
984.00000000	1877.16443309
986.00000000	1867.54276379
988.00000000	1826.07623574
990.00000000	1822.95654242
992.00000000	1890.05413525
994.00000000	1939.07246469
996.00000000	1940.62397833
998.00000000	1921.74712916
1000.00000000	1940.24135734
1002.00000000	1986.48714874
1004.00000000	2013.33633078
1006.00000000	1986.00300394
1008.00000000	1945.50060045
1010.00000000	1927.33689002
1012.00000000	1862.71224537
1014.00000000	1806.12694294
1016.00000000	1829.30452995
1018.00000000	1837.85858636
1020.00000000	1828.85910956
1022.00000000	1841.07631557
1024.00000000	1823.64732270
1026.00000000	1805.05170798
1028.00000000	1836.22542234
1030.00000000	1853.34408871
1032.00000000	1857.88031325
1034.00000000	1880.59230341
1036.00000000	1862.81333912
1038.00000000	1822.28228484
1040.00000000	1825.09112348
1042.00000000	1868.05974861
1044.00000000	1892.43375538
1046.00000000	1853.97364615
1048.00000000	1848.66702043
1050.00000000	1891.85908336
1052.00000000	1924.30542235
1054.00000000	1927.42301897
1056.00000000	1933.31076786
1058.00000000	1977.81068335
1060.00000000	2001.72712695
1062.00000000	1991.02693391
1064.00000000	1983.35732237
1066.00000000	2006.75891004
1068.00000000	2021.27058622
1070.00000000	1976.64092358
1072.00000000	1960.90465485
1074.00000000	1973.36563080
1076.00000000	1957.86136452
1078.00000000	1989.79690386
1080.00000000	2063.12887430
1082.00000000	2102.11954039
1084.00000000	2099.36248247
1086.00000000	2083.62677053
1088.00000000	2087.74176303
1090.00000000	2099.39133777
1092.00000000	2084.13456791
1094.00000000	2017.55061472
1096.00000000	1940.72849850
1098.00000000	1930.71611389
1100.00000000	2026.08329694
1102.00000000	2098.89843911
1104.00000000	2064.56934687
1106.00000000	1952.02634382
1108.00000000	1937.15186247
1110.00000000	1998.21377773
1112.00000000	2010.34978874
1114.00000000	2021.93335894
1116.00000000	2043.20217825
1118.00000000	2055.92390057
1120.00000000	2094.66838906
1122.00000000	2167.17138013
1124.00000000	2239.66578195
1126.00000000	2249.24595699
1128.00000000	2289.26393945
1130.00000000	2410.02367658
1132.00000000	2345.19851147
1134.00000000	2162.66688307
1136.00000000	2063.05493481
1138.00000000	2023.04142499
1140.00000000	2010.72981773
1142.00000000	2006.16442644
1144.00000000	1990.84262185
1146.00000000	1975.34697718
1148.00000000	1967.30962926
1150.00000000	1942.50734557
1152.00000000	1905.72349038
1154.00000000	1890.31518226
1156.00000000	1941.15852340
1158.00000000	2026.05965462
1160.00000000	2056.96404539
1162.00000000	1951.56245352
1164.00000000	1882.23650178
1166.00000000	1941.66994311
1168.00000000	1972.22786800
1170.00000000	1968.98153550
1172.00000000	1981.95758777
1174.00000000	2025.72056337
1176.00000000	2004.00951641
1178.00000000	1926.06554500
1180.00000000	1930.65302091
1182.00000000	1947.21722135
1184.00000000	1923.30005284
1186.00000000	1890.29947514
1188.00000000	1845.20682912
1190.00000000	1793.76742574
1192.00000000	1767.02640760
1194.00000000	1814.20238526
1196.00000000	1885.89694964
1198.00000000	1880.81724101
1200.00000000	1824.66507536
1202.00000000	1815.04144717
1204.00000000	1896.87338560
1206.00000000	1891.61012486
1208.00000000	1877.33212735
1210.00000000	1982.67506499
1212.00000000	1995.54018718
1214.00000000	1947.90372353
1216.00000000	1973.07217971
1218.00000000	2040.71564641
1220.00000000	2057.84413681
1222.00000000	2011.27769580
1224.00000000	2037.98271810
1226.00000000	2054.22075364
1228.00000000	2022.23597482
1230.00000000	2089.66614202
1232.00000000	2127.49531766
1234.00000000	2074.07717747
1236.00000000	2063.93304208
1238.00000000	2045.12650701
1240.00000000	2007.51957020
1242.00000000	2024.02847477
1244.00000000	2025.44793407
1246.00000000	1993.35874859
1248.00000000	1984.69886541
1250.00000000	2018.19345919
1252.00000000	2041.74958435
1254.00000000	1996.16637979
1256.00000000	1939.95582045
1258.00000000	1913.39593356
1260.00000000	1920.43733493
1262.00000000	1941.87807448
1264.00000000	1953.79056426
1266.00000000	1954.41568636
1268.00000000	1975.19243161
1270.00000000	1971.47464294
1272.00000000	1942.79455310
1274.00000000	1984.17528699
1276.00000000	2010.98397154
1278.00000000	1960.91432075
1280.00000000	1897.58761429
1282.00000000	1913.22672282
1284.00000000	1953.29465496
1286.00000000	1888.14498315
1288.00000000	1892.52793885
1290.00000000	1978.01145026
1292.00000000	2014.87498338
1294.00000000	2045.84857171
1296.00000000	2075.44215341
1298.00000000	2101.55562974
1300.00000000	2202.69819190
1302.00000000	2297.84560020
1304.00000000	2287.09579810
1306.00000000	2219.51928571
1308.00000000	2218.06256941
1310.00000000	2303.00629013
1312.00000000	2332.62685025
1314.00000000	2291.38941243
1316.00000000	2237.41598715
1318.00000000	2226.21045371
1320.00000000	2184.62661672
1322.00000000	2131.91996080
1324.00000000	2144.42213451
1326.00000000	2131.19785207
1328.00000000	2125.00336440
1330.00000000	2187.82799253
1332.00000000	2204.11573151
1334.00000000	2219.18106989
1336.00000000	2293.53101767
1338.00000000	2333.44812506
1340.00000000	2284.00076598
1342.00000000	2170.11854660
1344.00000000	2087.87074872
1346.00000000	2094.42140926
1348.00000000	2151.66208284
1350.00000000	2157.49152610
1352.00000000	2098.43608122
1354.00000000	2042.58629117
1356.00000000	2064.99165430
1358.00000000	2124.07741897
1360.00000000	2149.97069449
1362.00000000	2130.50146210
1364.00000000	2155.84598432
1366.00000000	2138.44451227
1368.00000000	2062.68442673
1370.00000000	2093.72472675
1372.00000000	2074.86916971
1374.00000000	1977.80781609
1376.00000000	1974.97828931
1378.00000000	1960.05213926
1380.00000000	1943.39024319
1382.00000000	2016.51763965
1384.00000000	2066.00437626
1386.00000000	2067.28027240
1388.00000000	2049.07696143
1390.00000000	2000.30837743
1392.00000000	1983.22066101
1394.00000000	2017.64684152
1396.00000000	2026.49899243
1398.00000000	2017.14579084
1400.00000000	2007.95414307
1402.00000000	1999.57049049
1404.00000000	1998.57108793
1406.00000000	1963.81949514
1408.00000000	1885.18907096
1410.00000000	1901.53966325
1412.00000000	1940.89364703
1414.00000000	1900.15133023
1416.00000000	1849.77696016
1418.00000000	1845.07164176
1420.00000000	1875.51211075
1422.00000000	1883.10953967
1424.00000000	1888.80937934
1426.00000000	1909.17511900
1428.00000000	1936.54764317
1430.00000000	1962.43630135
1432.00000000	1973.12333475
1434.00000000	1955.54904422
1436.00000000	1912.57149050
1438.00000000	1903.24932702
1440.00000000	1935.39872757
1442.00000000	1940.51498717
1444.00000000	1980.64985517
1446.00000000	2041.39975962
1448.00000000	2035.15802962
1450.00000000	2006.82877439
1452.00000000	2031.65709653
1454.00000000	2108.32164642
1456.00000000	2096.46818143
1458.00000000	2052.72211907
1460.00000000	2046.72940423
1462.00000000	2030.23010200
1464.00000000	1993.65860196
1466.00000000	1947.96844600
1468.00000000	1913.83561285
1470.00000000	1919.32588481
1472.00000000	1921.50781985
1474.00000000	1877.46452075
1476.00000000	1840.95471267
1478.00000000	1827.98473678
1480.00000000	1824.89117160
1482.00000000	1816.57237013
1484.00000000	1822.91069578
1486.00000000	1823.78159090
1488.00000000	1784.42520229
1490.00000000	1761.06718588
1492.00000000	1750.87866971
1494.00000000	1737.29249672
1496.00000000	1754.22936038
1498.00000000	1736.38232943
1500.00000000	1670.37913198
1502.00000000	1641.53910351
1504.00000000	1645.03769011
1506.00000000	1652.29287006
1508.00000000	1639.98755505
1510.00000000	1605.36541641
1512.00000000	1642.04685867
1514.00000000	1741.00690912
1516.00000000	1700.73995148
1518.00000000	1645.91184694
1520.00000000	1683.00329850
1522.00000000	1747.66125832
1524.00000000	1719.27939151
1526.00000000	1689.56344825
1528.00000000	1761.56180136
1530.00000000	1766.82577548
1532.00000000	1736.73879443
1534.00000000	1745.67623030
1536.00000000	1779.80092041
1538.00000000	1799.97881819
1540.00000000	1796.41676028
1542.00000000	1787.07782985
1544.00000000	1784.55937212
1546.00000000	1794.39147431
1548.00000000	1817.17918585
1550.00000000	1845.63901105
1552.00000000	1847.84685488
1554.00000000	1859.90451774
1556.00000000	1931.75401737
1558.00000000	1934.60995126
1560.00000000	1884.91330199
1562.00000000	1873.86045288
1564.00000000	1901.50764053
1566.00000000	1869.50702213
1568.00000000	1833.14802958
1570.00000000	1950.78908203
1572.00000000	1998.13285141
1574.00000000	1988.40074521
1576.00000000	2048.04920590
1578.00000000	2070.87889662
1580.00000000	2091.83210109
1582.00000000	2150.12423180
1584.00000000	2187.10503451
1586.00000000	2124.35253137
1588.00000000	2041.00851579
1590.00000000	2033.83689242
1592.00000000	1978.10151581
1594.00000000	1944.33270614
1596.00000000	1943.13172428
1598.00000000	1839.23274547
1600.00000000	1833.20721235
1602.00000000	1901.24115174
1604.00000000	1880.35151612
1606.00000000	1888.79131433
1608.00000000	1889.49525457
1610.00000000	1859.71238892
1612.00000000	1887.43113563
1614.00000000	1857.20112120
1616.00000000	1804.12351093
1618.00000000	1842.18423717
1620.00000000	1853.75591205
1622.00000000	1810.88082264
1624.00000000	1767.62376292
1626.00000000	1773.73913652
1628.00000000	1748.93700007
1630.00000000	1706.08718156
1632.00000000	1711.33805222
1634.00000000	1707.21360843
1636.00000000	1708.08226949
1638.00000000	1722.85738754
1640.00000000	1710.42274891
1642.00000000	1705.85636569
1644.00000000	1736.25555475
1646.00000000	1785.80119612
1648.00000000	1802.45223128
1650.00000000	1787.81329610
1652.00000000	1782.73644687
1654.00000000	1807.74112657
1656.00000000	1758.98912231
1658.00000000	1735.19080818
1660.00000000	1817.85094889
1662.00000000	1759.16924737
1664.00000000	1751.25487907
1666.00000000	1849.36822120
1668.00000000	1811.66425335
1670.00000000	1737.94707797
1672.00000000	1701.48200169
1674.00000000	1695.64498631
1676.00000000	1703.35317682
1678.00000000	1739.89665246
1680.00000000	1765.49223020
1682.00000000	1719.25598606
1684.00000000	1677.29320627
1686.00000000	1661.82559068
1688.00000000	1656.24534253
1690.00000000	1657.32605064
1692.00000000	1666.75185174
1694.00000000	1657.11901462
1696.00000000	1604.71086966
1698.00000000	1557.83147565
1700.00000000	1546.96216523
1702.00000000	1546.96216523
1704.00000000	1546.96216523
1706.00000000	1546.96216523
1708.00000000	1546.96216523
1710.00000000	1546.96216523
1712.00000000	1546.96216523
1714.00000000	1546.96216523
1716.00000000	1476.33364558
1718.00000000	1414.66858303
1720.00000000	1428.64120362
1722.00000000	1476.91549945
1724.00000000	1497.58523139
1726.00000000	1480.79104550
1728.00000000	1440.53495435
1730.00000000	1425.57730377
1732.00000000	1474.40767389
1734.00000000	1540.19167819
1736.00000000	1534.13996258
1738.00000000	1476.83556226
1740.00000000	1485.45281462
1742.00000000	1506.87207330
1744.00000000	1479.13914717
1746.00000000	1428.64368442
1748.00000000	1457.15926208
1750.00000000	1459.99723763
1752.00000000	1422.79149564
1754.00000000	1428.37834710
1756.00000000	1449.79694804
1758.00000000	1462.67486364
1760.00000000	1463.05271228
1762.00000000	1448.90190591
1764.00000000	1389.66166858
1766.00000000	1395.85891581
1768.00000000	1487.10172819
1770.00000000	1444.46438778
1772.00000000	1424.42028447
1774.00000000	1449.45416896
1776.00000000	1417.07714021
1778.00000000	1443.35355837
1780.00000000	1458.47347747
1782.00000000	1430.62026295
1784.00000000	1446.79922576
1786.00000000	1464.54772052
1788.00000000	1452.74945369
1790.00000000	1408.26155438
1792.00000000	1349.65100206
1794.00000000	1358.29962727
1796.00000000	1420.67670801
1798.00000000	1463.67910240
1800.00000000	1476.81324605
1802.00000000	1455.32191164
1804.00000000	1424.80189578
1806.00000000	1424.97726500
1808.00000000	1445.06010215
1810.00000000	1469.54292258
1812.00000000	1467.89026073
1814.00000000	1417.20853830
1816.00000000	1400.46903564
1818.00000000	1435.37359539
1820.00000000	1472.02727227
1822.00000000	1459.45375082
1824.00000000	1408.24778022
1826.00000000	1390.93091879
1828.00000000	1441.58999850
1830.00000000	1453.06504869
1832.00000000	1437.30739440
1834.00000000	1440.09717154
1836.00000000	1458.07682634
1838.00000000	1430.83137937
1840.00000000	1423.37037615
1842.00000000	1458.44060255
1844.00000000	1451.57576602
1846.00000000	1438.47196467
1848.00000000	1427.06890449
1850.00000000	1420.17042199
1852.00000000	1449.23618762
1854.00000000	1465.17859785
1856.00000000	1443.12937015
1858.00000000	1403.28627948
1860.00000000	1383.66473968
1862.00000000	1424.11091954
1864.00000000	1488.60813744
1866.00000000	1501.75553461
1868.00000000	1469.65303859
1870.00000000	1481.74346703
1872.00000000	1502.38770336
1874.00000000	1429.35841341
1876.00000000	1420.84857078
1878.00000000	1480.78939406
1880.00000000	1504.37803863
1882.00000000	1447.05664325
1884.00000000	1469.54634490
1886.00000000	1497.83465777
1888.00000000	1452.31693423
1890.00000000	1447.83979285
1892.00000000	1453.44456485
1894.00000000	1437.98878161
1896.00000000	1406.38199108
1898.00000000	1386.71302542
1900.00000000	1441.16952324
1902.00000000	1491.77236404
1904.00000000	1444.63064973
1906.00000000	1396.76224626
1908.00000000	1434.37099102
1910.00000000	1483.01152744
1912.00000000	1448.87439404
1914.00000000	1452.45660124
1916.00000000	1465.93969432
1918.00000000	1460.88045727
1920.00000000	1460.13787425
1922.00000000	1455.73065639
1924.00000000	1468.03015352
1926.00000000	1503.41300777
1928.00000000	1516.67205215
1930.00000000	1438.27663464
1932.00000000	1440.17195349
1934.00000000	1510.16013909
1936.00000000	1437.84029082
1938.00000000	1426.17795804
1940.00000000	1470.79355696
1942.00000000	1471.41434739
1944.00000000	1438.36752613
1946.00000000	1497.48113874
1948.00000000	1516.26651680
1950.00000000	1453.96258474
1952.00000000	1488.14392128
1954.00000000	1451.62633516
1956.00000000	1411.55189897
1958.00000000	1477.15049578
1960.00000000	1546.52151863
1962.00000000	1493.79844471
1964.00000000	1457.92782051
1966.00000000	1522.72338548
1968.00000000	1513.60767163
1970.00000000	1479.20022308
1972.00000000	1485.17174129
1974.00000000	1499.82286992
1976.00000000	1444.17016919
1978.00000000	1448.51279793
1980.00000000	1461.01706467
1982.00000000	1447.86882285
1984.00000000	1539.14879373
1986.00000000	1509.37940839
1988.00000000	1422.26668367
1990.00000000	1449.57353197
1992.00000000	1523.02675869
1994.00000000	1515.45696387
1996.00000000	1483.69867214
1998.00000000	1501.65286922
2000.00000000	1493.14750845
2002.00000000	1460.85748608
2004.00000000	1464.75088281
2006.00000000	1499.99400867
2008.00000000	1480.31940108
2010.00000000	1497.56325542
2012.00000000	1496.37563542
2014.00000000	1438.26976124
2016.00000000	1448.71641007
2018.00000000	1492.15424330
2020.00000000	1499.33642325
2022.00000000	1481.48211582
2024.00000000	1503.96213794
2026.00000000	1463.96098030
2028.00000000	1452.54458519
2030.00000000	1525.64224681
2032.00000000	1543.82689896
2034.00000000	1508.85336135
2036.00000000	1500.81438061
2038.00000000	1505.83912572
2040.00000000	1451.58373924
2042.00000000	1517.08893056
2044.00000000	1532.05908289
2046.00000000	1461.45707273
2048.00000000	1525.22312250
2050.00000000	1522.66980096
2052.00000000	1516.15097047
2054.00000000	1548.77833635
2056.00000000	1526.45787563
2058.00000000	1524.81760615
2060.00000000	1554.45163751
2062.00000000	1553.49895602
2064.00000000	1499.03722719
2066.00000000	1504.61760007
2068.00000000	1506.65057720
2070.00000000	1512.23667416
2072.00000000	1577.59050204
2074.00000000	1595.15548915
2076.00000000	1575.12595428
2078.00000000	1527.70226324
2080.00000000	1477.01554742
2082.00000000	1508.03299859
2084.00000000	1519.44179609
2086.00000000	1482.17278059
2088.00000000	1475.78186453
2090.00000000	1551.82234341
2092.00000000	1577.59703987
2094.00000000	1547.05815043
2096.00000000	1523.66549456
2098.00000000	1518.82825525
2100.00000000	1560.67534933
2102.00000000	1569.56867960
2104.00000000	1538.26485464
2106.00000000	1549.20690539
2108.00000000	1492.87570155
2110.00000000	1476.43171351
2112.00000000	1527.24253084
2114.00000000	1528.62831822
2116.00000000	1520.54275442
2118.00000000	1514.11624852
2120.00000000	1498.26845662
2122.00000000	1497.97102320
2124.00000000	1564.53172042
2126.00000000	1531.07530734
2128.00000000	1475.18659625
2130.00000000	1528.14018007
2132.00000000	1556.45050940
2134.00000000	1583.48135311
2136.00000000	1591.97301792
2138.00000000	1559.36081840
2140.00000000	1519.49050856
2142.00000000	1479.27804145
2144.00000000	1513.66882109
2146.00000000	1606.26071515
2148.00000000	1624.29263472
2150.00000000	1539.17916159
2152.00000000	1531.87834085
2154.00000000	1582.81790874
2156.00000000	1549.99188381
2158.00000000	1530.86966794
2160.00000000	1541.96296236
2162.00000000	1541.44684431
2164.00000000	1522.58567648
2166.00000000	1532.37938364
2168.00000000	1525.20093102
2170.00000000	1543.39080613
2172.00000000	1572.16378977
2174.00000000	1536.34738817
2176.00000000	1570.80882194
2178.00000000	1568.15225656
2180.00000000	1519.74110556
2182.00000000	1540.85969981
2184.00000000	1560.72672732
2186.00000000	1540.48586776
2188.00000000	1506.89140940
2190.00000000	1532.06723783
2192.00000000	1640.52761706
2194.00000000	1643.14308822
2196.00000000	1587.25473079
2198.00000000	1568.56837521
2200.00000000	1565.40241849
2202.00000000	1602.43880128
2204.00000000	1609.42836447
2206.00000000	1600.58359196
2208.00000000	1634.91191079
2210.00000000	1637.85089959
2212.00000000	1593.96442684
2214.00000000	1543.92006277
2216.00000000	1542.19458319
2218.00000000	1593.57318228
2220.00000000	1600.12194092
2222.00000000	1604.56252932
2224.00000000	1640.63268823
2226.00000000	1661.69720025
2228.00000000	1655.70789288
2230.00000000	1600.33260442
2232.00000000	1585.25099577
2234.00000000	1629.23322137
2236.00000000	1575.34498601
2238.00000000	1585.96116461
2240.00000000	1596.50420412
2242.00000000	1578.63357311
2244.00000000	1635.27884157
2246.00000000	1617.78087783
2248.00000000	1630.25129550
2250.00000000	1663.93241680
2252.00000000	1630.36722547
2254.00000000	1614.30046733
2256.00000000	1606.76955521
2258.00000000	1615.46108451
2260.00000000	1618.41311552
2262.00000000	1592.24919175
2264.00000000	1649.73831772
2266.00000000	1644.45663063
2268.00000000	1623.90432341
2270.00000000	1688.16181752
2272.00000000	1651.17103929
2274.00000000	1652.89330371
2276.00000000	1676.47419982
2278.00000000	1659.85121748
2280.00000000	1644.03673714
2282.00000000	1628.68828817
2284.00000000	1654.63006596
2286.00000000	1654.56712619
2288.00000000	1594.65013618
2290.00000000	1611.14938651
2292.00000000	1618.76723860
2294.00000000	1628.83806462
2296.00000000	1654.14769370
2298.00000000	1655.97559137
2300.00000000	1674.54153279
2302.00000000	1648.25820257
2304.00000000	1656.80176856
2306.00000000	1728.56052762
2308.00000000	1692.87628999
2310.00000000	1646.15750887
2312.00000000	1619.08577252
2314.00000000	1608.51412747
2316.00000000	1634.51739072
2318.00000000	1693.67564991
2320.00000000	1717.76431632
2322.00000000	1684.02217216
2324.00000000	1652.05541570
2326.00000000	1691.18145308
2328.00000000	1745.41996783
2330.00000000	1723.39836341
2332.00000000	1664.54827346
2334.00000000	1669.87776164
2336.00000000	1713.49954432
2338.00000000	1651.09979681
2340.00000000	1602.76015803
2342.00000000	1641.11902499
2344.00000000	1662.43066223
2346.00000000	1647.77782804
2348.00000000	1667.12114204
2350.00000000	1678.54008618
2352.00000000	1669.71532027
2354.00000000	1706.23167387
2356.00000000	1685.47276276
2358.00000000	1694.18774509
2360.00000000	1696.89702192
2362.00000000	1633.95346474
2364.00000000	1627.12517945
2366.00000000	1648.03968376
2368.00000000	1665.86561287
2370.00000000	1665.09014509
2372.00000000	1660.87398979
2374.00000000	1698.16493256
2376.00000000	1699.92459885
2378.00000000	1656.53516709
2380.00000000	1655.14791319
2382.00000000	1717.61354745
2384.00000000	1671.99554412
2386.00000000	1616.86885714
2388.00000000	1662.58047359
2390.00000000	1728.58844534
2392.00000000	1672.46284597
2394.00000000	1635.27391318
2396.00000000	1635.23800524
2398.00000000	1648.76879558
2400.00000000	1657.35498268
2402.00000000	1637.70016533
2404.00000000	1624.12701965
2406.00000000	1682.03379262
2408.00000000	1722.19623154
2410.00000000	1640.28665999
2412.00000000	1562.82817702
2414.00000000	1632.62791360
2416.00000000	1720.13065999
2418.00000000	1709.71536694
2420.00000000	1645.87268453
2422.00000000	1602.64002280
2424.00000000	1629.09300956
2426.00000000	1657.21608742
2428.00000000	1684.38269046
2430.00000000	1729.14850979
2432.00000000	1657.34686796
2434.00000000	1631.30749775
2436.00000000	1681.81737462
2438.00000000	1694.43290801
2440.00000000	1642.27946843
2442.00000000	1671.07994809
2444.00000000	1678.05546246
2446.00000000	1710.38233010
2448.00000000	1726.43519079
2450.00000000	1627.28387540
2452.00000000	1696.62925645
2454.00000000	1702.79151779
2456.00000000	1644.21760896
2458.00000000	1642.30283405
2460.00000000	1661.39538963
2462.00000000	1698.48284730
2464.00000000	1743.71392343
2466.00000000	1694.23409844
2468.00000000	1629.00719968
2470.00000000	1713.17991657
2472.00000000	1694.37989914
2474.00000000	1694.73606955
2476.00000000	1706.31089879
2478.00000000	1674.18037316
2480.00000000	1680.00225415
2482.00000000	1728.84252773
2484.00000000	1743.12154739
2486.00000000	1710.31628335
2488.00000000	1700.95725223
2490.00000000	1737.39073942
2492.00000000	1699.75996890
2494.00000000	1663.48521733
2496.00000000	1669.69273445
2498.00000000	1701.71201822
2500.00000000	1708.17298838
2502.00000000	1619.27536587
2504.00000000	1643.62368062
2506.00000000	1649.59391520
2508.00000000	1625.60647070
2510.00000000	1724.95877547
2512.00000000	1703.56398043
2514.00000000	1670.14073613
2516.00000000	1691.52319422
2518.00000000	1713.88098256
2520.00000000	1701.50447872
2522.00000000	1702.97755469
2524.00000000	1695.07925892
2526.00000000	1702.17655585
2528.00000000	1681.91576606
2530.00000000	1632.89322442
2532.00000000	1692.31380822
2534.00000000	1717.22878890
2536.00000000	1707.99715809
2538.00000000	1727.66536682
2540.00000000	1737.45836388
2542.00000000	1679.90057458
2544.00000000	1725.27814644
2546.00000000	1718.80054416
2548.00000000	1717.21789883
2550.00000000	1767.56380667
2552.00000000	1699.62070552
2554.00000000	1672.03143736
2556.00000000	1680.14495587
2558.00000000	1670.44384002
2560.00000000	1694.33982152
2562.00000000	1762.75282793
2564.00000000	1689.79205358
2566.00000000	1702.82418971
2568.00000000	1710.92160091
2570.00000000	1688.46294187
2572.00000000	1745.70844978
2574.00000000	1754.28501550
2576.00000000	1742.80956738
2578.00000000	1713.22569076
2580.00000000	1687.60722935
2582.00000000	1679.00191317
2584.00000000	1667.82591631
2586.00000000	1720.23997293
2588.00000000	1755.70686003
2590.00000000	1764.42881288
2592.00000000	1735.88247978
2594.00000000	1648.91802668
2596.00000000	1651.10036931
2598.00000000	1719.16658818
2600.00000000	1720.83622647
2602.00000000	1714.74412002
2604.00000000	1762.17629275
2606.00000000	1684.87153466
2608.00000000	1672.07730052
2610.00000000	1739.55709485
2612.00000000	1759.33688923
2614.00000000	1731.81832395
2616.00000000	1759.54409175
2618.00000000	1734.14046566
2620.00000000	1772.66856713
2622.00000000	1782.33686982
2624.00000000	1727.86827318
2626.00000000	1727.39420059
2628.00000000	1730.76926433
2630.00000000	1688.93569829
2632.00000000	1729.57241623
2634.00000000	1767.75310562
2636.00000000	1724.24683224
2638.00000000	1739.93660587
2640.00000000	1727.91118336
2642.00000000	1784.12464625
2644.00000000	1818.50300042
2646.00000000	1757.44777604
2648.00000000	1697.96074259
2650.00000000	1700.17195014
2652.00000000	1731.33901904
2654.00000000	1767.29976890
2656.00000000	1794.30074958
2658.00000000	1798.38943480
2660.00000000	1764.54795430
2662.00000000	1698.51442518
2664.00000000	1710.10052588
2666.00000000	1783.67707518
2668.00000000	1834.65213801
2670.00000000	1809.35367608
2672.00000000	1727.08537921
2674.00000000	1715.61472110
2676.00000000	1735.74367594
2678.00000000	1730.79605111
2680.00000000	1726.71529390
2682.00000000	1779.30892541
2684.00000000	1857.93695500
2686.00000000	1825.73808318
2688.00000000	1763.06441602
2690.00000000	1759.98549721
2692.00000000	1778.90344149
2694.00000000	1777.05780625
2696.00000000	1808.82505528
2698.00000000	1754.50733854
2700.00000000	1737.80869387
2702.00000000	1798.46776361
2704.00000000	1815.51552133
2706.00000000	1791.72954311
2708.00000000	1787.18198822
2710.00000000	1822.31818520
2712.00000000	1872.33992948
2714.00000000	1869.03810670
2716.00000000	1822.10467569
2718.00000000	1850.65835196
2720.00000000	1855.66077260
2722.00000000	1843.06209585
2724.00000000	1806.65184689
2726.00000000	1788.32038618
2728.00000000	1826.95420907
2730.00000000	1807.51750901
2732.00000000	1822.26920524
2734.00000000	1840.98755266
2736.00000000	1814.58222369
2738.00000000	1794.17120055
2740.00000000	1819.95720263
2742.00000000	1796.55493839
2744.00000000	1765.68736399
2746.00000000	1737.42858921
2748.00000000	1740.25663832
2750.00000000	1781.94142004
2752.00000000	1818.29738980
2754.00000000	1836.13016662
2756.00000000	1775.72775362
2758.00000000	1768.78081949
2760.00000000	1769.27473160
2762.00000000	1726.67977682
2764.00000000	1755.70782812
2766.00000000	1767.31009482
2768.00000000	1775.31877598
2770.00000000	1734.43313261
2772.00000000	1720.70567889
2774.00000000	1768.01778479
2776.00000000	1789.44380928
2778.00000000	1837.79414582
2780.00000000	1743.30300709
2782.00000000	1761.90855662
2784.00000000	1807.41532144
2786.00000000	1773.93429377
2788.00000000	1816.25583122
2790.00000000	1727.79346561
2792.00000000	1784.77305854
2794.00000000	1820.88239907
2796.00000000	1760.44047424
2798.00000000	1741.21752956
2800.00000000	1778.27760703
2802.00000000	1753.85021181
2804.00000000	1697.12444273
2806.00000000	1743.61247505
2808.00000000	1790.38897286
2810.00000000	1767.56920625
2812.00000000	1760.98460842
2814.00000000	1761.31754071
2816.00000000	1816.29808447
2818.00000000	1815.82356524
2820.00000000	1787.44069317
2822.00000000	1794.64690040
2824.00000000	1798.83242395
2826.00000000	1777.47051072
2828.00000000	1818.03496528
2830.00000000	1891.87197286
2832.00000000	1848.40483300
2834.00000000	1861.41371576
2836.00000000	1979.03982383
2838.00000000	1944.30950669
2840.00000000	2011.62168506
2842.00000000	2007.47293647
2844.00000000	2086.67772285
2846.00000000	2156.00212638
2848.00000000	2152.86448755
2850.00000000	2243.31848479
2852.00000000	2305.69474082
2854.00000000	2362.77382798
2856.00000000	2414.17325754
2858.00000000	2498.28279901
2860.00000000	2518.05151268
2862.00000000	2464.17080984
2864.00000000	2522.95999455
2866.00000000	2505.11910439
2868.00000000	2549.23200811
2870.00000000	2656.55177496
2872.00000000	2775.52033984
2874.00000000	2883.62220396
2876.00000000	2916.00526354
2878.00000000	2866.87806547
2880.00000000	2946.31719029
2882.00000000	2995.48885661
2884.00000000	2986.46613524
2886.00000000	2939.91555102
2888.00000000	2939.24894574
2890.00000000	3072.54369917
2892.00000000	2977.98798064
2894.00000000	2988.75417919
2896.00000000	3040.56925817
2898.00000000	3125.35052824
2900.00000000	3190.70615463
2902.00000000	3114.62669325
2904.00000000	3123.44543180
2906.00000000	3158.23450489
2908.00000000	3275.35215432
2910.00000000	3380.93920092
2912.00000000	3388.37608340
2914.00000000	3363.20970580
2916.00000000	3360.59400852
2918.00000000	3375.63399135
2920.00000000	3619.64903523
2922.00000000	3693.31297632
2924.00000000	3665.20187588
2926.00000000	3714.86610311
2928.00000000	3699.43217356
2930.00000000	3651.65031707
2932.00000000	3840.14103031
2934.00000000	3825.05884283
2936.00000000	3774.44936030
2938.00000000	3750.66677929
2940.00000000	3727.09978815
2942.00000000	3689.70758114
2944.00000000	3527.08817669
2946.00000000	3492.47179901
2948.00000000	3359.34592950
2950.00000000	3307.45916884
2952.00000000	3306.21928640
2954.00000000	3217.21145000
2956.00000000	3119.63162194
2958.00000000	3057.41831432
2960.00000000	3017.34121258
2962.00000000	3045.90895405
2964.00000000	3073.07742583
2966.00000000	3077.24531538
2968.00000000	2969.41324734
2970.00000000	2817.06615190
2972.00000000	2859.99425849
2974.00000000	2730.42791651
2976.00000000	2828.46582018
2978.00000000	2778.72811781
2980.00000000	2660.11917682
2982.00000000	2651.14221213
2984.00000000	2624.71812444
2986.00000000	2654.54086857
2988.00000000	2528.37542183
2990.00000000	2409.04847011
2992.00000000	2426.11652796
2994.00000000	2390.37330275
2996.00000000	2246.59581218
2998.00000000	2181.95554871
3000.00000000	2210.95064419
3002.00000000	2178.55525012
3004.00000000	2131.77515294
3006.00000000	2124.32462495
3008.00000000	2076.63146653
3010.00000000	1971.34816431
3012.00000000	1924.73584203
3014.00000000	1969.68837477
3016.00000000	1976.87573956
3018.00000000	1965.12709764
3020.00000000	1925.95625265
3022.00000000	1902.34509792
3024.00000000	1935.35856012
3026.00000000	1920.38444126
3028.00000000	1847.22040127
3030.00000000	1902.53627051
3032.00000000	1876.54016555
3034.00000000	1833.17813231
3036.00000000	1847.41927368
3038.00000000	1897.79726698
3040.00000000	1947.87355579
3042.00000000	1939.58544368
3044.00000000	1867.36116185
3046.00000000	1873.17521722
3048.00000000	1844.89557659
3050.00000000	1854.59577306
3052.00000000	1909.68005313
3054.00000000	1884.44993527
3056.00000000	1832.31261761
3058.00000000	1891.76916135
3060.00000000	1948.09239703
3062.00000000	1948.52709218
3064.00000000	1914.20555664
3066.00000000	1891.28118629
3068.00000000	1840.08250504
3070.00000000	1832.89995426
3072.00000000	1856.71803575
3074.00000000	1803.71104180
3076.00000000	1826.45295505
3078.00000000	1819.18271105
3080.00000000	1848.08190033
3082.00000000	1807.26016224
3084.00000000	1810.91069815
3086.00000000	1823.05748017
3088.00000000	1783.28432696
3090.00000000	1840.58187173
3092.00000000	1788.75800674
3094.00000000	1743.71232444
3096.00000000	1703.81486832
3098.00000000	1752.68007886
3100.00000000	1774.32145716
3102.00000000	1794.61418805
3104.00000000	1839.93379709
3106.00000000	1747.52120171
3108.00000000	1772.21297794
3110.00000000	1786.22971329
3112.00000000	1746.90784845
3114.00000000	1793.70087537
3116.00000000	1841.57891645
3118.00000000	1786.95808376
3120.00000000	1738.71700484
3122.00000000	1761.18552952
3124.00000000	1756.94423749
3126.00000000	1746.95555237
3128.00000000	1786.53542485
3130.00000000	1803.88092462
3132.00000000	1779.45974701
3134.00000000	1766.40530337
3136.00000000	1765.07856534
3138.00000000	1756.88454415
3140.00000000	1784.21115101
3142.00000000	1799.74228695
3144.00000000	1768.44307179
3146.00000000	1810.52653343
3148.00000000	1836.75547460
3150.00000000	1798.68514859
3152.00000000	1802.46946939
3154.00000000	1819.69331976
3156.00000000	1768.10703137
3158.00000000	1795.19395694
3160.00000000	1742.60566739
3162.00000000	1727.51407534
3164.00000000	1733.15661576
3166.00000000	1736.47822575
3168.00000000	1737.01116897
3170.00000000	1741.66403099
3172.00000000	1788.23313078
3174.00000000	1809.13532541
3176.00000000	1832.52781821
3178.00000000	1815.49478150
3180.00000000	1805.29607852
3182.00000000	1748.93029966
3184.00000000	1725.34207690
3186.00000000	1784.40410736
3188.00000000	1798.59126828
3190.00000000	1776.47614403
3192.00000000	1771.13519172
3194.00000000	1728.94977155
3196.00000000	1768.16074322
3198.00000000	1763.62494798
3200.00000000	1723.60350193
3202.00000000	1730.04808301
3204.00000000	1734.11570522
3206.00000000	1716.51023049
3208.00000000	1752.77021973
3210.00000000	1799.91721271
3212.00000000	1760.72450652
3214.00000000	1790.20611631
3216.00000000	1810.67278952
3218.00000000	1731.97234651
3220.00000000	1741.57295186
3222.00000000	1826.85480211
3224.00000000	1774.79441146
3226.00000000	1739.76918914
3228.00000000	1734.10060334
3230.00000000	1669.89979120
3232.00000000	1740.25490485
3234.00000000	1761.13514458
3236.00000000	1742.20503711
3238.00000000	1797.28245674
3240.00000000	1832.94252739
3242.00000000	1765.61529422
3244.00000000	1712.13352408
3246.00000000	1763.73771841
3248.00000000	1714.41773795
3250.00000000	1713.26704097
3252.00000000	1733.89454412
3254.00000000	1747.24384106
3256.00000000	1771.46595325
3258.00000000	1787.77254505
3260.00000000	1782.91106972
3262.00000000	1761.74038516
3264.00000000	1746.77110922
3266.00000000	1816.68244650
3268.00000000	1808.42281544
3270.00000000	1778.68539450
3272.00000000	1760.71045393
3274.00000000	1810.28098650
3276.00000000	1819.95427389
3278.00000000	1790.01548518
3280.00000000	1833.54699963
3282.00000000	1810.03807103
3284.00000000	1777.74732460
3286.00000000	1784.75296645
3288.00000000	1817.53389888
3290.00000000	1776.41026142
3292.00000000	1755.25061534
3294.00000000	1783.36541927
3296.00000000	1848.86349728
3298.00000000	1844.78916101
3300.00000000	1775.71293853
3302.00000000	1830.10521204
3304.00000000	1764.13986094
3306.00000000	1865.20984663
3308.00000000	1839.92176865
3310.00000000	1867.34576919
3312.00000000	1810.57506852
3314.00000000	1832.13939777
3316.00000000	1879.08468711
3318.00000000	1811.46437775
3320.00000000	1815.56754530
3322.00000000	1829.90422056
3324.00000000	1866.60149151
3326.00000000	1806.33505407
3328.00000000	1809.22913423
3330.00000000	1770.13769978
3332.00000000	1822.97799965
3334.00000000	1845.81105719
3336.00000000	1825.56622454
3338.00000000	1858.00764316
3340.00000000	1836.13775461
3342.00000000	1776.62283422
3344.00000000	1795.83099067
3346.00000000	1790.70458251
3348.00000000	1820.00495514
3350.00000000	1829.13454876
3352.00000000	1766.30510144
3354.00000000	1775.38609236
3356.00000000	1791.72703516
3358.00000000	1804.96226656
3360.00000000	1831.10718640
3362.00000000	1783.70766077
3364.00000000	1749.95565028
3366.00000000	1745.92251915
3368.00000000	1728.56223348
3370.00000000	1810.74768466
3372.00000000	1790.32603653
3374.00000000	1779.43430883
3376.00000000	1782.87170534
3378.00000000	1766.79182982
3380.00000000	1787.71795876
3382.00000000	1785.57149856
3384.00000000	1753.25361257
3386.00000000	1770.13791550
3388.00000000	1715.22963153
3390.00000000	1742.26012897
3392.00000000	1772.16103056
3394.00000000	1772.41779084
3396.00000000	1760.41716426
3398.00000000	1755.12622244
3400.00000000	1782.07049298
3402.00000000	1806.46978596
3404.00000000	1785.30949980
3406.00000000	1748.74866033
3408.00000000	1739.82198756
3410.00000000	1757.80454571
3412.00000000	1767.52955970
3414.00000000	1726.21083351
3416.00000000	1726.94957292
3418.00000000	1748.06467650
3420.00000000	1761.00948484
3422.00000000	1756.97212447
3424.00000000	1710.58140695
3426.00000000	1700.10987519
3428.00000000	1735.36437715
3430.00000000	1723.52244536
3432.00000000	1717.06111787
3434.00000000	1779.38945656
3436.00000000	1797.58159437
3438.00000000	1713.93917277
3440.00000000	1703.05139711
3442.00000000	1740.90085268
3444.00000000	1795.78091249
3446.00000000	1777.96626335
3448.00000000	1761.81309910
3450.00000000	1734.19320695
3452.00000000	1737.75284780
3454.00000000	1778.62589554
3456.00000000	1728.61627888
3458.00000000	1708.71023839
3460.00000000	1753.39913968
3462.00000000	1731.23632058
3464.00000000	1680.29078811
3466.00000000	1753.36847255
3468.00000000	1675.77154252
3470.00000000	1659.80088364
3472.00000000	1721.88812000
3474.00000000	1716.24076377
3476.00000000	1772.24055876
3478.00000000	1768.53661726
3480.00000000	1636.12342746
3482.00000000	1687.16394809
3484.00000000	1752.86341634
3486.00000000	1657.05324367
3488.00000000	1721.32690367
3490.00000000	1649.25829894
3492.00000000	1734.26845522
3494.00000000	1742.16084337
3496.00000000	1717.13735816
3498.00000000	1739.36122420
3500.00000000	1656.53183466
3502.00000000	1677.13699838
3504.00000000	1718.49175522
3506.00000000	1647.73773813
3508.00000000	1653.61067979
3510.00000000	1686.54720012
3512.00000000	1713.71907070
3514.00000000	1674.60141397
3516.00000000	1733.40648827
3518.00000000	1748.63302158
3520.00000000	1678.41188506
3522.00000000	1721.10059514
3524.00000000	1724.81206888
3526.00000000	1633.41512939
3528.00000000	1631.46235216
3530.00000000	1741.39880488
3532.00000000	1724.30387806
3534.00000000	1638.07370382
3536.00000000	1657.57814068
3538.00000000	1681.61038577
3540.00000000	1668.26548857
3542.00000000	1621.70969887
3544.00000000	1656.66968297
3546.00000000	1676.86327765
3548.00000000	1696.37429758
3550.00000000	1666.30460512
3552.00000000	1667.02764591
3554.00000000	1658.21537185
3556.00000000	1658.55137705
3558.00000000	1651.23981068
3560.00000000	1702.49079802
3562.00000000	1663.30340385
3564.00000000	1623.25549170
3566.00000000	1736.01781801
3568.00000000	1726.60010201
3570.00000000	1656.67056842
3572.00000000	1701.64855886
3574.00000000	1694.23256586
3576.00000000	1697.34017045
3578.00000000	1699.45557630
3580.00000000	1664.75899159
3582.00000000	1657.59246168
3584.00000000	1673.06675263
3586.00000000	1683.71072470
3588.00000000	1638.25524055
3590.00000000	1655.82914116
3592.00000000	1681.21282402
3594.00000000	1663.05213736
3596.00000000	1659.12158917
3598.00000000	1635.42320992
3600.00000000	1626.16360142
3602.00000000	1649.01255845
3604.00000000	1653.81429095
3606.00000000	1695.10129597
3608.00000000	1646.24197357
3610.00000000	1717.50044549
3612.00000000	1601.23311968
3614.00000000	1655.21955743
3616.00000000	1686.07419569
3618.00000000	1698.99294074
3620.00000000	1628.44053721
3622.00000000	1652.83923411
3624.00000000	1669.02090149
3626.00000000	1603.20429170
3628.00000000	1644.68822094
3630.00000000	1723.68009263
3632.00000000	1663.88957527
3634.00000000	1617.87583851
3636.00000000	1649.48273493
3638.00000000	1603.98837801
3640.00000000	1571.27157258
3642.00000000	1602.42752647
3644.00000000	1637.04743443
3646.00000000	1692.17938421
3648.00000000	1620.19154883
3650.00000000	1574.59249440
3652.00000000	1612.49151065
3654.00000000	1645.05026639
3656.00000000	1762.81458521
3658.00000000	1703.94259588
3660.00000000	1715.12548358
3662.00000000	1698.76859634
3664.00000000	1615.71829397
3666.00000000	1599.42566605
3668.00000000	1600.90456497
3670.00000000	1674.37297867
3672.00000000	1704.42895912
3674.00000000	1621.90800766
3676.00000000	1627.81552124
3678.00000000	1646.22776709
3680.00000000	1663.47528301
3682.00000000	1650.55046978
3684.00000000	1627.84299213
3686.00000000	1609.26372179
3688.00000000	1612.09569006
3690.00000000	1588.38700139
3692.00000000	1643.02646370
3694.00000000	1681.51853230
3696.00000000	1644.92844900
3698.00000000	1668.48897577
3700.00000000	1638.39005533
3702.00000000	1563.55118328
3704.00000000	1581.63884632
3706.00000000	1646.44853174
3708.00000000	1590.48697352
3710.00000000	1581.17624029
3712.00000000	1637.12744262
3714.00000000	1690.86254055
3716.00000000	1678.98264235
3718.00000000	1624.93943058
3720.00000000	1620.67886046
3722.00000000	1592.61721332
3724.00000000	1635.79116683
3726.00000000	1610.23565435
3728.00000000	1649.70975547
3730.00000000	1667.91527242
3732.00000000	1630.44907284
3734.00000000	1594.45773540
3736.00000000	1547.15435127
3738.00000000	1631.94120396
3740.00000000	1669.80932005
3742.00000000	1642.42810343
3744.00000000	1615.42418056
3746.00000000	1573.31776357
3748.00000000	1650.22221143
3750.00000000	1621.10971349
3752.00000000	1693.86367287
3754.00000000	1575.59497846
3756.00000000	1560.94861560
3758.00000000	1618.79196439
3760.00000000	1612.32507289
3762.00000000	1612.03611296
3764.00000000	1668.16409430
3766.00000000	1651.20904764
3768.00000000	1554.03048337
3770.00000000	1577.27426483
3772.00000000	1596.59652909
3774.00000000	1598.69987329
3776.00000000	1673.32298656
3778.00000000	1680.40457710
3780.00000000	1594.05444275
3782.00000000	1537.59403431
3784.00000000	1595.14539212
3786.00000000	1617.18114124
3788.00000000	1610.76816871
3790.00000000	1638.11435896
3792.00000000	1609.51513173
3794.00000000	1624.84936324
3796.00000000	1599.38128832
3798.00000000	1617.64884455
3800.00000000	1632.97285814
