400.00000000	1040.09960778
402.00000000	1070.08298401
404.00000000	1056.01461647
406.00000000	1029.59931881
408.00000000	1046.17529059
410.00000000	1060.25164697
412.00000000	1055.25305921
414.00000000	1056.13808874
416.00000000	1057.50383996
418.00000000	1052.21129993
420.00000000	1052.11634429
422.00000000	1062.50992929
424.00000000	1076.70009428
426.00000000	1066.39744989
428.00000000	1034.90579971
430.00000000	1029.93939155
432.00000000	1050.56122203
434.00000000	1071.52928435
436.00000000	1073.39886671
438.00000000	1058.95129225
440.00000000	1047.48684201
442.00000000	1038.48835764
444.00000000	1035.89236902
446.00000000	1059.32086104
448.00000000	1074.96010841
450.00000000	1041.78039859
452.00000000	1017.64182405
454.00000000	1026.11324487
456.00000000	1029.03058643
458.00000000	1028.52037260
460.00000000	1038.05813858
462.00000000	1052.34940498
464.00000000	1046.14148103
466.00000000	1003.01608932
468.00000000	1005.90812424
470.00000000	1064.27245288
472.00000000	1056.88198947
474.00000000	1019.56400810
476.00000000	1034.24739289
478.00000000	1065.14291310
480.00000000	1074.49034556
482.00000000	1053.39332772
484.00000000	1053.00190160
486.00000000	1087.75213293
488.00000000	1083.26740743
490.00000000	1055.96942469
492.00000000	1060.84163987
494.00000000	1078.34480324
496.00000000	1083.74398795
498.00000000	1069.52828385
500.00000000	1067.14502591
502.00000000	1096.04980444
504.00000000	1125.18268300
506.00000000	1138.81105067
508.00000000	1137.23500437
510.00000000	1125.62115033
512.00000000	1108.41547806
514.00000000	1089.77998303
516.00000000	1086.30758883
518.00000000	1112.27434935
520.00000000	1162.69661480
522.00000000	1185.44265688
524.00000000	1129.13835203
526.00000000	1071.93912874
528.00000000	1068.37237751
530.00000000	1100.44525508
532.00000000	1130.12890948
534.00000000	1131.32878136
536.00000000	1118.54639567
538.00000000	1101.54051873
540.00000000	1085.06871353
542.00000000	1084.34241220
544.00000000	1102.19947039
546.00000000	1122.63920437
548.00000000	1132.53632654
550.00000000	1130.24631704
552.00000000	1133.40602225
554.00000000	1134.95853193
556.00000000	1115.32433699
558.00000000	1086.24076707
560.00000000	1076.90847546
562.00000000	1116.47489724
564.00000000	1149.19750710
566.00000000	1133.08819318
568.00000000	1126.28903371
570.00000000	1134.53271718
572.00000000	1124.44688693
574.00000000	1090.30671901
576.00000000	1055.44351124
578.00000000	1061.52899016
580.00000000	1099.33697365
582.00000000	1129.14349363
584.00000000	1100.15882741
586.00000000	1055.23678843
588.00000000	1068.60072346
590.00000000	1115.41846356
592.00000000	1144.09001919
594.00000000	1115.20457594
596.00000000	1094.70804145
598.00000000	1123.17191145
600.00000000	1143.04611691
602.00000000	1149.94255724
604.00000000	1161.13459287
606.00000000	1155.81099500
608.00000000	1124.37712178
610.00000000	1081.80764879
612.00000000	1080.91169164
614.00000000	1125.82021456
616.00000000	1143.49008149
618.00000000	1118.81129359
620.00000000	1085.62677646
622.00000000	1111.96815660
624.00000000	1161.30895539
626.00000000	1150.68813744
628.00000000	1128.68104824
630.00000000	1126.96807622
632.00000000	1126.06658879
634.00000000	1133.41457487
636.00000000	1154.18997438
638.00000000	1171.46415269
640.00000000	1192.89211132
642.00000000	1221.95185530
644.00000000	1208.85503180
646.00000000	1184.59040172
648.00000000	1224.17339542
650.00000000	1228.57358261
652.00000000	1166.00425341
654.00000000	1150.27145190
656.00000000	1166.50805821
658.00000000	1171.53451718
660.00000000	1193.32223632
662.00000000	1225.70333049
664.00000000	1245.30553622
666.00000000	1269.42458136
668.00000000	1294.50179296
670.00000000	1292.73578544
672.00000000	1267.35240000
674.00000000	1241.53239401
676.00000000	1247.67394379
678.00000000	1275.06805246
680.00000000	1292.11768820
682.00000000	1273.73180961
684.00000000	1254.05610883
686.00000000	1280.10526207
688.00000000	1295.31945645
690.00000000	1271.07941076
692.00000000	1237.73809615
694.00000000	1248.86133820
696.00000000	1307.81523015
698.00000000	1336.52589249
700.00000000	1317.50003623
702.00000000	1282.08819140
704.00000000	1289.22634682
706.00000000	1316.42113434
708.00000000	1307.71110106
710.00000000	1302.90904769
712.00000000	1316.40699481
714.00000000	1319.77489164
716.00000000	1310.37593384
718.00000000	1311.78110342
720.00000000	1361.56474449
722.00000000	1409.79009123
724.00000000	1416.61629494
726.00000000	1443.30131376
728.00000000	1466.82564344
730.00000000	1434.83358130
732.00000000	1400.62589978
734.00000000	1392.43834758
736.00000000	1402.14809936
738.00000000	1446.48223613
740.00000000	1514.52644786
742.00000000	1560.53602631
744.00000000	1604.72898562
746.00000000	1679.58224284
748.00000000	1783.82469950
750.00000000	1852.51810185
752.00000000	1832.27374822
754.00000000	1778.74250679
756.00000000	1687.08817284
758.00000000	1536.09115279
760.00000000	1453.09678973
762.00000000	1460.09025433
764.00000000	1455.41350476
766.00000000	1445.08951677
768.00000000	1440.31192747
770.00000000	1417.90743595
772.00000000	1418.56314779
774.00000000	1456.49864612
776.00000000	1450.98452038
778.00000000	1434.95976653
780.00000000	1471.94308651
782.00000000	1514.52659964
784.00000000	1537.96519801
786.00000000	1548.62307757
788.00000000	1548.52625957
790.00000000	1531.70571153
792.00000000	1494.90044979
794.00000000	1482.05830725
796.00000000	1501.08568374
798.00000000	1498.13274487
800.00000000	1469.88488710
802.00000000	1445.00461046
804.00000000	1462.38608334
806.00000000	1505.85087061
808.00000000	1525.87866767
810.00000000	1475.93756308
812.00000000	1424.00765341
814.00000000	1465.66920892
816.00000000	1528.57385914
818.00000000	1554.90668765
820.00000000	1541.78088923
822.00000000	1530.62686325
824.00000000	1530.19079176
826.00000000	1512.89698767
828.00000000	1532.48694382
830.00000000	1582.88748245
832.00000000	1550.13920583
834.00000000	1495.84813696
836.00000000	1501.77240548
838.00000000	1531.00962561
840.00000000	1541.15018739
842.00000000	1524.90623650
844.00000000	1542.00237207
846.00000000	1565.50335406
848.00000000	1545.07167086
850.00000000	1564.71730556
852.00000000	1602.56270972
854.00000000	1573.12237431
856.00000000	1596.30015377
858.00000000	1657.29800942
860.00000000	1595.44823278
862.00000000	1539.21076906
864.00000000	1561.41700506
866.00000000	1557.01715084
868.00000000	1565.06041608
870.00000000	1608.21046161
872.00000000	1597.51042538
874.00000000	1582.63407464
876.00000000	1613.90602353
878.00000000	1605.78486488
880.00000000	1565.70797138
882.00000000	1551.04018107
884.00000000	1577.78786347
886.00000000	1606.86437068
888.00000000	1593.47119517
890.00000000	1579.04757406
892.00000000	1584.82231305
894.00000000	1603.16881433
896.00000000	1634.43028807
898.00000000	1653.23681848
900.00000000	1628.18374801
902.00000000	1624.93620741
904.00000000	1660.07644353
906.00000000	1671.58736048
908.00000000	1667.92751962
910.00000000	1658.75045362
912.00000000	1630.36124034
914.00000000	1639.32307429
916.00000000	1707.05658947
918.00000000	1756.50129192
920.00000000	1766.06144297
922.00000000	1752.57436223
924.00000000	1746.15520912
926.00000000	1765.02179214
928.00000000	1784.15643772
930.00000000	1715.68491539
932.00000000	1661.21090176
934.00000000	1737.46568937
936.00000000	1782.76050847
938.00000000	1752.82971758
940.00000000	1723.04494389
942.00000000	1763.65028893
944.00000000	1817.52454935
946.00000000	1781.14929940
948.00000000	1747.53108246
950.00000000	1757.07214933
952.00000000	1765.93086819
954.00000000	1752.56160188
956.00000000	1719.81352452
958.00000000	1695.08306306
960.00000000	1728.64541270
962.00000000	1796.85476321
964.00000000	1808.12501090
966.00000000	1801.05314275
968.00000000	1805.13862036
970.00000000	1793.06488280
972.00000000	1798.78023893
974.00000000	1814.60721791
976.00000000	1766.41180552
978.00000000	1748.93659963
980.00000000	1814.09705651
982.00000000	1850.06978126
984.00000000	1834.88016223
986.00000000	1813.49956487
988.00000000	1850.71408142
990.00000000	1883.62621488
992.00000000	1870.62041097
994.00000000	1910.01985124
996.00000000	1965.80646116
998.00000000	1975.69896228
1000.00000000	1978.19031850
1002.00000000	1981.14471966
1004.00000000	1975.86767177
1006.00000000	1969.60364060
1008.00000000	1966.95498658
1010.00000000	1956.63908966
1012.00000000	1904.52848386
1014.00000000	1857.70920794
1016.00000000	1868.46545555
1018.00000000	1873.24991661
1020.00000000	1848.89838364
1022.00000000	1821.41053013
1024.00000000	1836.56208523
1026.00000000	1858.21669807
1028.00000000	1833.41834129
1030.00000000	1823.66553622
1032.00000000	1849.86367286
1034.00000000	1884.58588356
1036.00000000	1893.09545119
1038.00000000	1898.08651508
1040.00000000	1935.80081669
1042.00000000	1953.65151393
1044.00000000	1942.34922197
1046.00000000	1940.21295222
1048.00000000	1981.36312344
1050.00000000	2010.05849741
1052.00000000	1962.97398676
1054.00000000	1965.41864114
1056.00000000	1975.08793923
1058.00000000	1876.90898725
1060.00000000	1848.17807286
1062.00000000	1907.75735281
1064.00000000	1939.16243726
1066.00000000	1969.37975878
1068.00000000	1988.54787925
1070.00000000	1961.24397599
1072.00000000	1946.37740197
1074.00000000	1945.51799343
1076.00000000	1925.70738772
1078.00000000	1946.75618266
1080.00000000	2023.87073241
1082.00000000	2097.40889215
1084.00000000	2050.49289512
1086.00000000	1962.70570725
1088.00000000	1996.84394981
1090.00000000	2042.89187021
1092.00000000	2024.56191876
1094.00000000	1961.32548462
1096.00000000	1940.68464930
1098.00000000	1968.71642444
1100.00000000	1996.60988915
1102.00000000	2030.92363150
1104.00000000	2026.76769259
1106.00000000	1956.65113243
1108.00000000	1967.92773250
1110.00000000	2022.09372310
1112.00000000	2004.90430641
1114.00000000	2029.63994131
1116.00000000	2057.65981649
1118.00000000	2000.27368375
1120.00000000	1990.06384774
1122.00000000	2043.48262974
1124.00000000	2102.71781703
1126.00000000	2183.72907667
1128.00000000	2272.66226437
1130.00000000	2337.30645055
1132.00000000	2361.03918248
1134.00000000	2274.77134627
1136.00000000	2086.18815902
1138.00000000	2017.44448413
1140.00000000	1998.86133249
1142.00000000	1915.85809052
1144.00000000	1918.69164157
1146.00000000	1943.40023320
1148.00000000	1896.78566143
1150.00000000	1873.61168691
1152.00000000	1882.91478219
1154.00000000	1900.86562030
1156.00000000	1933.53574407
1158.00000000	1940.90968892
1160.00000000	1913.63969384
1162.00000000	1920.90840494
1164.00000000	1978.77705563
1166.00000000	2035.98332997
1168.00000000	2005.98363823
1170.00000000	1965.08200996
1172.00000000	1977.50248253
1174.00000000	2002.99336697
1176.00000000	1983.81658909
1178.00000000	1925.53377524
1180.00000000	1895.36329544
1182.00000000	1867.78074636
1184.00000000	1858.33195310
1186.00000000	1911.12326139
1188.00000000	1875.07668478
1190.00000000	1778.19714153
1192.00000000	1798.70926242
1194.00000000	1831.74592280
1196.00000000	1829.80494025
1198.00000000	1839.43488276
1200.00000000	1856.24229420
1202.00000000	1872.79809100
1204.00000000	1886.19455698
1206.00000000	1892.05946333
1208.00000000	1925.87941571
1210.00000000	1991.48561685
1212.00000000	1969.56978428
1214.00000000	1932.59184145
1216.00000000	1974.82485387
1218.00000000	1990.00764289
1220.00000000	1999.00853253
1222.00000000	2051.71626050
1224.00000000	2106.50920869
1226.00000000	2107.65791576
1228.00000000	2074.31767535
1230.00000000	2110.58207552
1232.00000000	2124.67212317
1234.00000000	2062.55935839
1236.00000000	2012.90988108
1238.00000000	2022.36321645
1240.00000000	2059.41918975
1242.00000000	2047.94812622
1244.00000000	2013.78964268
1246.00000000	1998.30581759
1248.00000000	2021.15373200
1250.00000000	2064.50658434
1252.00000000	2067.40369864
1254.00000000	1991.48998377
1256.00000000	1935.29077445
1258.00000000	1933.75102878
1260.00000000	1960.59845742
1262.00000000	1985.58573638
1264.00000000	1982.50789760
1266.00000000	1958.01049604
1268.00000000	1960.11471567
1270.00000000	1919.18286790
1272.00000000	1857.84610121
1274.00000000	1964.82870808
1276.00000000	2045.80273320
1278.00000000	1986.20123537
1280.00000000	1937.32138388
1282.00000000	1924.97132829
1284.00000000	1934.66883107
1286.00000000	1952.14665190
1288.00000000	1956.43190443
1290.00000000	1972.39027188
1292.00000000	2032.80027127
1294.00000000	2077.42022070
1296.00000000	2068.53630959
1298.00000000	2045.24307296
1300.00000000	2135.43584409
1302.00000000	2237.80478830
1304.00000000	2231.78274666
1306.00000000	2205.30508224
1308.00000000	2242.55273113
1310.00000000	2310.99932348
1312.00000000	2269.61002233
1314.00000000	2210.14037948
1316.00000000	2206.58662478
1318.00000000	2211.54468672
1320.00000000	2157.36994419
1322.00000000	2098.49269031
1324.00000000	2127.87091247
1326.00000000	2117.32991604
1328.00000000	2095.14873348
1330.00000000	2143.91553511
1332.00000000	2153.86794499
1334.00000000	2165.30063957
1336.00000000	2222.88610064
1338.00000000	2223.12840140
1340.00000000	2214.27902623
1342.00000000	2218.14360366
1344.00000000	2151.10244447
1346.00000000	2079.64192597
1348.00000000	2070.11512071
1350.00000000	2104.61108362
1352.00000000	2064.29389675
1354.00000000	1987.90270789
1356.00000000	2007.24886865
1358.00000000	2098.57681790
1360.00000000	2159.58511230
1362.00000000	2124.36734241
1364.00000000	2063.70484012
1366.00000000	2043.16126273
1368.00000000	2067.68181674
1370.00000000	2071.75264053
1372.00000000	2020.55898016
1374.00000000	1966.89642440
1376.00000000	1988.79090052
1378.00000000	1947.32235381
1380.00000000	1888.35202626
1382.00000000	1952.37882892
1384.00000000	1998.02273965
1386.00000000	2007.28052676
1388.00000000	2017.24432793
1390.00000000	1972.65257569
1392.00000000	1919.35800303
1394.00000000	1915.60392632
1396.00000000	1954.03858090
1398.00000000	1982.94644078
1400.00000000	1985.81928730
1402.00000000	1977.06491560
1404.00000000	1906.81608329
1406.00000000	1829.41020252
1408.00000000	1824.19588932
1410.00000000	1813.83285453
1412.00000000	1819.63097800
1414.00000000	1851.47917107
1416.00000000	1808.74916015
1418.00000000	1782.89323598
1420.00000000	1843.29594174
1422.00000000	1919.53060674
1424.00000000	1903.17905469
1426.00000000	1824.36299859
1428.00000000	1808.45918172
1430.00000000	1865.41330901
1432.00000000	1892.73045953
1434.00000000	1837.00298287
1436.00000000	1835.63674739
1438.00000000	1870.14828434
1440.00000000	1872.94491391
1442.00000000	1844.95061686
1444.00000000	1900.79770448
1446.00000000	1992.98542587
1448.00000000	1971.77301511
1450.00000000	1955.27725782
1452.00000000	1976.24220379
1454.00000000	1998.51926246
1456.00000000	2034.57355280
1458.00000000	2043.74093004
1460.00000000	1999.63282680
1462.00000000	1943.14368932
1464.00000000	1942.50576685
1466.00000000	1943.98020606
1468.00000000	1851.44637878
1470.00000000	1822.43877238
1472.00000000	1844.75373822
1474.00000000	1823.29081983
1476.00000000	1799.03389049
1478.00000000	1787.30066362
1480.00000000	1778.70670158
1482.00000000	1762.32329558
1484.00000000	1751.59994408
1486.00000000	1750.95961851
1488.00000000	1741.90257092
1490.00000000	1694.05724991
1492.00000000	1691.14697109
1494.00000000	1755.02288078
1496.00000000	1694.38994551
1498.00000000	1610.23715176
1500.00000000	1586.53432216
1502.00000000	1551.71897818
1504.00000000	1559.88666805
1506.00000000	1596.41056193
1508.00000000	1591.42988338
1510.00000000	1560.78400463
1512.00000000	1550.92422015
1514.00000000	1578.76462076
1516.00000000	1604.47936068
1518.00000000	1623.96222717
1520.00000000	1632.84136707
1522.00000000	1617.95749678
1524.00000000	1592.46028795
1526.00000000	1610.07470134
1528.00000000	1676.79590151
1530.00000000	1672.48619793
1532.00000000	1643.39962519
1534.00000000	1641.09390070
1536.00000000	1633.87849004
1538.00000000	1661.61558567
1540.00000000	1705.90964045
1542.00000000	1704.35110062
1544.00000000	1663.62347573
1546.00000000	1664.30000402
1548.00000000	1719.91337340
1550.00000000	1717.44059523
1552.00000000	1718.61221525
1554.00000000	1755.34151363
1556.00000000	1786.09119543
1558.00000000	1824.19625161
1560.00000000	1839.39510293
1562.00000000	1812.22604664
1564.00000000	1799.87952579
1566.00000000	1809.35394586
1568.00000000	1819.25048586
1570.00000000	1823.66056275
1572.00000000	1883.53681235
1574.00000000	1924.16169746
1576.00000000	1885.50723998
1578.00000000	1931.46279687
1580.00000000	1998.55008655
1582.00000000	2019.38392997
1584.00000000	2040.78866446
1586.00000000	2019.33152710
1588.00000000	1966.04410549
1590.00000000	1918.60033606
1592.00000000	1846.21011788
1594.00000000	1813.15134330
1596.00000000	1817.17221947
1598.00000000	1752.63613774
1600.00000000	1740.14560566
1602.00000000	1784.44600502
1604.00000000	1797.24284067
1606.00000000	1815.38142166
1608.00000000	1802.53767736
1610.00000000	1752.44677269
1612.00000000	1739.21550964
1614.00000000	1722.86367064
1616.00000000	1721.05599924
1618.00000000	1759.74561931
1620.00000000	1719.92453403
1622.00000000	1678.40456852
1624.00000000	1696.24728409
1626.00000000	1677.47853455
1628.00000000	1617.56093985
1630.00000000	1582.75825389
1632.00000000	1614.44529163
1634.00000000	1622.98451054
1636.00000000	1613.91657916
1638.00000000	1616.97662747
1640.00000000	1626.37027562
1642.00000000	1666.97486463
1644.00000000	1695.54003894
1646.00000000	1680.87068479
1648.00000000	1730.87289771
1650.00000000	1744.21939084
1652.00000000	1694.93867883
1654.00000000	1723.84537489
1656.00000000	1725.19031110
1658.00000000	1722.46295223
1660.00000000	1780.52023101
1662.00000000	1772.89084570
1664.00000000	1721.16544318
1666.00000000	1707.35587346
1668.00000000	1753.59975705
1670.00000000	1738.00884532
1672.00000000	1689.78386157
1674.00000000	1702.30808035
1676.00000000	1753.00618977
1678.00000000	1766.59735063
1680.00000000	1734.10209801
1682.00000000	1695.84353893
1684.00000000	1608.87302289
1686.00000000	1602.82280886
1688.00000000	1699.02779448
1690.00000000	1653.20072050
1692.00000000	1594.71852028
1694.00000000	1592.24883299
1696.00000000	1572.47419793
1698.00000000	1519.76409513
1700.00000000	1484.01981361
1702.00000000	1484.01981361
1704.00000000	1484.01981361
1706.00000000	1484.01981361
1708.00000000	1484.01981361
1710.00000000	1484.01981361
1712.00000000	1484.01981361
1714.00000000	1484.01981361
1716.00000000	1386.97025550
1718.00000000	1384.17525052
1720.00000000	1403.99285503
1722.00000000	1410.08046266
1724.00000000	1410.80684665
1726.00000000	1416.01352559
1728.00000000	1370.66539402
1730.00000000	1331.83053987
1732.00000000	1390.23031082
1734.00000000	1460.76482755
1736.00000000	1458.19205889
1738.00000000	1395.77178774
1740.00000000	1365.08045862
1742.00000000	1367.00807167
1744.00000000	1377.01226785
1746.00000000	1371.09470178
1748.00000000	1344.03554929
1750.00000000	1350.89009371
1752.00000000	1369.57054301
1754.00000000	1345.69139163
1756.00000000	1345.12714632
1758.00000000	1365.47655647
1760.00000000	1373.80030065
1762.00000000	1360.15971960
1764.00000000	1349.20630019
1766.00000000	1334.85248262
1768.00000000	1318.29585379
1770.00000000	1339.58699163
1772.00000000	1363.30227666
1774.00000000	1362.85842442
1776.00000000	1352.94453529
1778.00000000	1364.61721361
1780.00000000	1361.66219107
1782.00000000	1336.34542278
1784.00000000	1337.60046136
1786.00000000	1366.10883455
1788.00000000	1365.69828366
1790.00000000	1317.67888198
1792.00000000	1298.69231176
1794.00000000	1348.27602329
1796.00000000	1382.05948329
1798.00000000	1334.60334310
1800.00000000	1335.34503049
1802.00000000	1352.06763285
1804.00000000	1348.83214675
1806.00000000	1350.75920390
1808.00000000	1353.94521354
1810.00000000	1353.16092080
1812.00000000	1338.69936394
1814.00000000	1307.60070248
1816.00000000	1310.67581357
1818.00000000	1360.06442966
1820.00000000	1403.01852056
1822.00000000	1370.58338638
1824.00000000	1362.13890416
1826.00000000	1387.71936182
1828.00000000	1378.49819255
1830.00000000	1353.83822539
1832.00000000	1338.68366536
1834.00000000	1349.42665875
1836.00000000	1368.90967845
1838.00000000	1323.03451040
1840.00000000	1285.96801587
1842.00000000	1315.97668452
1844.00000000	1348.22397518
1846.00000000	1331.49743598
1848.00000000	1340.43208600
1850.00000000	1398.33720731
1852.00000000	1375.89132918
1854.00000000	1346.56284377
1856.00000000	1331.55446449
1858.00000000	1298.26979892
1860.00000000	1283.70635303
1862.00000000	1357.06448392
1864.00000000	1432.32256078
1866.00000000	1385.85556913
1868.00000000	1340.15459197
1870.00000000	1342.63723974
1872.00000000	1360.80398039
1874.00000000	1351.88969649
1876.00000000	1344.45602053
1878.00000000	1382.11521354
1880.00000000	1424.71547401
1882.00000000	1384.29216976
1884.00000000	1358.73134838
1886.00000000	1348.59960512
1888.00000000	1334.35274999
1890.00000000	1361.86622699
1892.00000000	1383.97021666
1894.00000000	1375.19357205
1896.00000000	1361.40207683
1898.00000000	1379.78535203
1900.00000000	1374.78705007
1902.00000000	1362.89224363
1904.00000000	1386.02906670
1906.00000000	1393.91100102
1908.00000000	1375.33019813
1910.00000000	1339.08852383
1912.00000000	1307.56312526
1914.00000000	1319.08919818
1916.00000000	1363.86005787
1918.00000000	1398.04872563
1920.00000000	1386.33199925
1922.00000000	1351.75766383
1924.00000000	1341.90913122
1926.00000000	1361.85009768
1928.00000000	1374.11815140
1930.00000000	1369.03481804
1932.00000000	1346.96747302
1934.00000000	1332.50900967
1936.00000000	1348.94888400
1938.00000000	1347.21086309
1940.00000000	1325.49010978
1942.00000000	1326.66733347
1944.00000000	1375.43497659
1946.00000000	1394.03356220
1948.00000000	1374.29231113
1950.00000000	1345.68059569
1952.00000000	1317.23176451
1954.00000000	1288.93437887
1956.00000000	1310.00721042
1958.00000000	1377.35357702
1960.00000000	1401.45273633
1962.00000000	1395.04832156
1964.00000000	1383.14849789
1966.00000000	1372.93698241
1968.00000000	1372.38621683
1970.00000000	1431.20100888
1972.00000000	1440.74616437
1974.00000000	1377.52067919
1976.00000000	1413.01728970
1978.00000000	1380.99011964
1980.00000000	1334.83517019
1982.00000000	1366.53677916
1984.00000000	1365.68090404
1986.00000000	1386.72328056
1988.00000000	1387.43883843
1990.00000000	1340.33616520
1992.00000000	1351.05531146
1994.00000000	1387.65276812
1996.00000000	1393.96176672
1998.00000000	1359.65652042
2000.00000000	1330.93020415
2002.00000000	1349.06354221
2004.00000000	1383.03375047
2006.00000000	1392.93142238
2008.00000000	1392.30211988
2010.00000000	1386.60156350
2012.00000000	1365.17590012
2014.00000000	1348.64706882
2016.00000000	1378.95179731
2018.00000000	1374.59781056
2020.00000000	1398.46189715
2022.00000000	1436.15178456
2024.00000000	1330.06957110
2026.00000000	1320.91082875
2028.00000000	1382.27625126
2030.00000000	1395.97250687
2032.00000000	1397.68784052
2034.00000000	1386.99265333
2036.00000000	1369.05522656
2038.00000000	1355.03440361
2040.00000000	1363.94227025
2042.00000000	1432.51257180
2044.00000000	1445.09641624
2046.00000000	1395.72448978
2048.00000000	1421.56312726
2050.00000000	1424.38777763
2052.00000000	1398.91373326
2054.00000000	1395.86122326
2056.00000000	1420.28649146
2058.00000000	1405.41335880
2060.00000000	1399.46478255
2062.00000000	1424.81952974
2064.00000000	1425.66027315
2066.00000000	1375.15362439
2068.00000000	1352.83824865
2070.00000000	1364.36208030
2072.00000000	1373.40377332
2074.00000000	1444.55444054
2076.00000000	1472.40586240
2078.00000000	1417.35318963
2080.00000000	1356.04183206
2082.00000000	1356.88587360
2084.00000000	1373.77266265
2086.00000000	1376.77122305
2088.00000000	1387.05320138
2090.00000000	1424.93497522
2092.00000000	1423.62134305
2094.00000000	1409.86682799
2096.00000000	1429.96361474
2098.00000000	1446.10952367
2100.00000000	1415.14003722
2102.00000000	1408.08959522
2104.00000000	1439.65445730
2106.00000000	1418.31996113
2108.00000000	1380.07158366
2110.00000000	1416.69586741
2112.00000000	1479.52362678
2114.00000000	1440.63216592
2116.00000000	1380.30800400
2118.00000000	1395.18690837
2120.00000000	1430.96941743
2122.00000000	1412.71761792
2124.00000000	1440.05626792
2126.00000000	1406.01843073
2128.00000000	1360.95512884
2130.00000000	1409.61386297
2132.00000000	1456.81805706
2134.00000000	1418.13708888
2136.00000000	1398.55551016
2138.00000000	1429.31806247
2140.00000000	1382.53488821
2142.00000000	1407.60846948
2144.00000000	1449.24538946
2146.00000000	1444.47191410
2148.00000000	1441.75342855
2150.00000000	1426.47509799
2152.00000000	1445.06717309
2154.00000000	1484.96587543
2156.00000000	1470.37984520
2158.00000000	1395.10685319
2160.00000000	1414.20693236
2162.00000000	1458.91814077
2164.00000000	1421.99295816
2166.00000000	1412.37882183
2168.00000000	1420.77047125
2170.00000000	1422.23423165
2172.00000000	1427.67838900
2174.00000000	1454.93827683
2176.00000000	1460.16234694
2178.00000000	1453.22868021
2180.00000000	1454.94839322
2182.00000000	1449.18179988
2184.00000000	1401.26916991
2186.00000000	1388.62631449
2188.00000000	1400.20825632
2190.00000000	1413.30944042
2192.00000000	1484.81460846
2194.00000000	1487.07035588
2196.00000000	1407.57750027
2198.00000000	1353.07954276
2200.00000000	1380.44651259
2202.00000000	1359.13327746
2204.00000000	1392.19970418
2206.00000000	1477.54798812
2208.00000000	1489.54538758
2210.00000000	1459.90093961
2212.00000000	1442.09490560
2214.00000000	1433.77646781
2216.00000000	1421.49680623
2218.00000000	1432.41743473
2220.00000000	1480.62005867
2222.00000000	1471.02672554
2224.00000000	1448.46227414
2226.00000000	1510.40841457
2228.00000000	1459.81364366
2230.00000000	1425.49529073
2232.00000000	1442.03142706
2234.00000000	1454.12352001
2236.00000000	1508.24327822
2238.00000000	1509.68437303
2240.00000000	1487.35116419
2242.00000000	1481.97218945
2244.00000000	1460.38805634
2246.00000000	1441.78201771
2248.00000000	1472.23055973
2250.00000000	1490.30310822
2252.00000000	1456.20072570
2254.00000000	1489.36658143
2256.00000000	1523.09477985
2258.00000000	1527.57118022
2260.00000000	1518.47686183
2262.00000000	1506.64645388
2264.00000000	1507.61526464
2266.00000000	1495.02980227
2268.00000000	1490.40277059
2270.00000000	1499.35724000
2272.00000000	1456.16758021
2274.00000000	1492.86365267
2276.00000000	1525.85011525
2278.00000000	1486.78323983
2280.00000000	1473.81460016
2282.00000000	1477.83440978
2284.00000000	1495.34437312
2286.00000000	1495.43194699
2288.00000000	1487.18657939
2290.00000000	1537.03047044
2292.00000000	1509.01687125
2294.00000000	1507.33472947
2296.00000000	1558.57363855
2298.00000000	1530.76535757
2300.00000000	1520.96602862
2302.00000000	1496.25515064
2304.00000000	1476.11083951
2306.00000000	1506.80076119
2308.00000000	1542.44247278
2310.00000000	1526.09674360
2312.00000000	1500.87614159
2314.00000000	1488.48559643
2316.00000000	1476.77180121
2318.00000000	1511.30637154
2320.00000000	1566.47445105
2322.00000000	1564.08332023
2324.00000000	1521.05979418
2326.00000000	1541.95893405
2328.00000000	1570.27166304
2330.00000000	1552.37103502
2332.00000000	1526.27461648
2334.00000000	1527.78401235
2336.00000000	1509.06790329
2338.00000000	1512.63077724
2340.00000000	1489.29785676
2342.00000000	1486.80508147
2344.00000000	1566.81477669
2346.00000000	1539.22476816
2348.00000000	1511.43036843
2350.00000000	1495.98916384
2352.00000000	1476.21434530
2354.00000000	1504.10781805
2356.00000000	1491.88154422
2358.00000000	1477.39413766
2360.00000000	1478.40085779
2362.00000000	1482.11359417
2364.00000000	1504.09188227
2366.00000000	1492.03404972
2368.00000000	1482.31088292
2370.00000000	1513.32900603
2372.00000000	1540.76938247
2374.00000000	1496.59801526
2376.00000000	1485.35610827
2378.00000000	1457.23257321
2380.00000000	1419.93075707
2382.00000000	1479.75725021
2384.00000000	1522.41298857
2386.00000000	1480.38050548
2388.00000000	1467.68572893
2390.00000000	1512.15692132
2392.00000000	1483.04615067
2394.00000000	1479.52678881
2396.00000000	1472.45619849
2398.00000000	1489.25582548
2400.00000000	1538.91765131
2402.00000000	1512.14444833
2404.00000000	1470.70801498
2406.00000000	1516.08875773
2408.00000000	1544.88669096
2410.00000000	1461.67076044
2412.00000000	1445.33536428
2414.00000000	1499.11864700
2416.00000000	1499.09198834
2418.00000000	1480.21885550
2420.00000000	1515.19214308
2422.00000000	1461.27468093
2424.00000000	1448.79882861
2426.00000000	1463.24934306
2428.00000000	1494.84240894
2430.00000000	1584.23262883
2432.00000000	1612.62995737
2434.00000000	1515.62587621
2436.00000000	1480.43176775
2438.00000000	1514.85198477
2440.00000000	1471.12143831
2442.00000000	1538.48228264
2444.00000000	1516.37864903
2446.00000000	1502.71019057
2448.00000000	1542.26324718
2450.00000000	1486.79765019
2452.00000000	1532.11356219
2454.00000000	1534.49597624
2456.00000000	1512.93944876
2458.00000000	1525.01555235
2460.00000000	1503.71040906
2462.00000000	1495.04029280
2464.00000000	1500.27659954
2466.00000000	1492.88460758
2468.00000000	1481.21675528
2470.00000000	1503.76667754
2472.00000000	1543.36282304
2474.00000000	1534.59566255
2476.00000000	1526.25180078
2478.00000000	1550.03779137
2480.00000000	1537.09860302
2482.00000000	1485.08692281
2484.00000000	1465.78186392
2486.00000000	1537.12693549
2488.00000000	1609.20369742
2490.00000000	1562.59651115
2492.00000000	1525.62687292
2494.00000000	1488.00303734
2496.00000000	1475.59564720
2498.00000000	1479.88236329
2500.00000000	1453.61469598
2502.00000000	1472.04224418
2504.00000000	1511.65465007
2506.00000000	1509.42866657
2508.00000000	1478.72010873
2510.00000000	1477.46039424
2512.00000000	1495.94025459
2514.00000000	1577.50794059
2516.00000000	1575.44962967
2518.00000000	1511.60276087
2520.00000000	1540.32861744
2522.00000000	1550.41107103
2524.00000000	1520.84690754
2526.00000000	1482.98074931
2528.00000000	1471.28748717
2530.00000000	1502.23212473
2532.00000000	1552.01051493
2534.00000000	1543.18739842
2536.00000000	1531.13202016
2538.00000000	1544.14870844
2540.00000000	1537.20982667
2542.00000000	1505.35659282
2544.00000000	1521.78152965
2546.00000000	1505.57198558
2548.00000000	1491.95052402
2550.00000000	1538.98987431
2552.00000000	1573.91391111
2554.00000000	1565.79837828
2556.00000000	1495.39807629
2558.00000000	1482.21382779
2560.00000000	1538.32326176
2562.00000000	1534.71096184
2564.00000000	1517.71718758
2566.00000000	1518.33839482
2568.00000000	1506.91190633
2570.00000000	1487.06383309
2572.00000000	1481.01091204
2574.00000000	1466.58403167
2576.00000000	1500.71130395
2578.00000000	1548.33738946
2580.00000000	1536.85131113
2582.00000000	1490.35910978
2584.00000000	1509.56488962
2586.00000000	1552.74665199
2588.00000000	1566.53360978
2590.00000000	1560.25144015
2592.00000000	1556.25734784
2594.00000000	1526.09458513
2596.00000000	1451.25807275
2598.00000000	1503.48157185
2600.00000000	1514.23527232
2602.00000000	1467.51338969
2604.00000000	1502.15887220
2606.00000000	1493.73143638
2608.00000000	1534.58132035
2610.00000000	1544.96165793
2612.00000000	1520.05188428
2614.00000000	1521.34900156
2616.00000000	1519.17071383
2618.00000000	1481.18585365
2620.00000000	1437.62413546
2622.00000000	1431.98405711
2624.00000000	1475.93496472
2626.00000000	1527.25400935
2628.00000000	1527.64018216
2630.00000000	1519.94758745
2632.00000000	1536.30693553
2634.00000000	1546.48680751
2636.00000000	1535.89113399
2638.00000000	1535.36395413
2640.00000000	1515.33247192
2642.00000000	1497.70642486
2644.00000000	1500.50618303
2646.00000000	1515.47607128
2648.00000000	1507.72278089
2650.00000000	1468.05625115
2652.00000000	1520.75770257
2654.00000000	1541.95084964
2656.00000000	1539.75844013
2658.00000000	1576.44213614
2660.00000000	1556.54935884
2662.00000000	1483.70457423
2664.00000000	1532.27228671
2666.00000000	1553.68840288
2668.00000000	1541.48745216
2670.00000000	1590.85660757
2672.00000000	1535.15500215
2674.00000000	1504.64094390
2676.00000000	1562.69205372
2678.00000000	1553.32414091
2680.00000000	1514.49526213
2682.00000000	1601.07687971
2684.00000000	1580.18650895
2686.00000000	1527.24226736
2688.00000000	1525.59713775
2690.00000000	1549.09070910
2692.00000000	1556.48137821
2694.00000000	1550.32177204
2696.00000000	1513.21154791
2698.00000000	1493.25032930
2700.00000000	1537.14905160
2702.00000000	1573.40672568
2704.00000000	1543.65564863
2706.00000000	1536.71816470
2708.00000000	1555.58850644
2710.00000000	1551.36861145
2712.00000000	1572.67644148
2714.00000000	1610.31836970
2716.00000000	1585.44687420
2718.00000000	1561.79659609
2720.00000000	1652.81034167
2722.00000000	1600.51101299
2724.00000000	1554.12559806
2726.00000000	1616.98215840
2728.00000000	1590.66344291
2730.00000000	1580.95498646
2732.00000000	1560.01748284
2734.00000000	1551.32739385
2736.00000000	1554.72686104
2738.00000000	1572.18994432
2740.00000000	1600.31447170
2742.00000000	1547.20494374
2744.00000000	1482.37659350
2746.00000000	1471.97529369
2748.00000000	1512.85077617
2750.00000000	1562.22403678
2752.00000000	1587.62795598
2754.00000000	1589.70254153
2756.00000000	1578.92122270
2758.00000000	1537.39138904
2760.00000000	1536.20636805
2762.00000000	1557.46695035
2764.00000000	1506.12029597
2766.00000000	1521.60086669
2768.00000000	1470.97857792
2770.00000000	1447.68161179
2772.00000000	1487.08419561
2774.00000000	1521.60167505
2776.00000000	1552.41763199
2778.00000000	1568.18040521
2780.00000000	1530.05416404
2782.00000000	1496.11469094
2784.00000000	1497.68645140
2786.00000000	1486.75594005
2788.00000000	1440.46190218
2790.00000000	1435.64912891
2792.00000000	1488.86689126
2794.00000000	1520.91296773
2796.00000000	1530.61814004
2798.00000000	1539.33440386
2800.00000000	1535.65482906
2802.00000000	1540.96186556
2804.00000000	1489.65385498
2806.00000000	1488.77357318
2808.00000000	1529.34795734
2810.00000000	1548.65562888
2812.00000000	1561.19046771
2814.00000000	1560.21669582
2816.00000000	1515.70455700
2818.00000000	1511.23989034
2820.00000000	1494.38480675
2822.00000000	1502.76198707
2824.00000000	1571.70569874
2826.00000000	1536.93429174
2828.00000000	1504.53042269
2830.00000000	1580.11082370
2832.00000000	1630.36300242
2834.00000000	1643.68692800
2836.00000000	1672.44198648
2838.00000000	1645.83585197
2840.00000000	1637.29721796
2842.00000000	1700.78786956
2844.00000000	1727.79196811
2846.00000000	1741.99479072
2848.00000000	1792.29881047
2850.00000000	1844.15325558
2852.00000000	1939.42829900
2854.00000000	2037.90157992
2856.00000000	2056.03211922
2858.00000000	2165.56075684
2860.00000000	2225.51894545
2862.00000000	2092.11968671
2864.00000000	2137.63860439
2866.00000000	2287.33998436
2868.00000000	2296.78145551
2870.00000000	2330.02258224
2872.00000000	2393.45636018
2874.00000000	2477.11445414
2876.00000000	2622.38112685
2878.00000000	2538.85692985
2880.00000000	2517.41242453
2882.00000000	2616.19000129
2884.00000000	2681.11312508
2886.00000000	2678.86635836
2888.00000000	2647.67470602
2890.00000000	2569.27181341
2892.00000000	2564.00307413
2894.00000000	2600.80824993
2896.00000000	2682.05530953
2898.00000000	2675.24240356
2900.00000000	2668.24184637
2902.00000000	2806.51626662
2904.00000000	2827.42651997
2906.00000000	2926.28446880
2908.00000000	2918.64047810
2910.00000000	2922.39720831
2912.00000000	3058.00904668
2914.00000000	3152.97456236
2916.00000000	3124.89443105
2918.00000000	3213.95574344
2920.00000000	3336.23252369
2922.00000000	3377.82448598
2924.00000000	3436.64092094
2926.00000000	3516.57365558
2928.00000000	3559.32796166
2930.00000000	3616.31540069
2932.00000000	3591.95022502
2934.00000000	3589.85073246
2936.00000000	3654.62371010
2938.00000000	3575.63831724
2940.00000000	3434.19404697
2942.00000000	3409.07808702
2944.00000000	3305.30517764
2946.00000000	3238.24269358
2948.00000000	3103.03163173
2950.00000000	3065.79610074
2952.00000000	3136.83960513
2954.00000000	3099.08100994
2956.00000000	2927.09508304
2958.00000000	2871.56671788
2960.00000000	2943.69095020
2962.00000000	2819.60176726
2964.00000000	2760.37252672
2966.00000000	2852.07840079
2968.00000000	2802.93021728
2970.00000000	2613.65981767
2972.00000000	2593.98920739
2974.00000000	2544.33498416
2976.00000000	2574.82329955
2978.00000000	2520.46047941
2980.00000000	2399.41638762
2982.00000000	2351.26110220
2984.00000000	2358.60966386
2986.00000000	2330.05230195
2988.00000000	2208.88632456
2990.00000000	2223.84946872
2992.00000000	2139.68170043
2994.00000000	2030.51276573
2996.00000000	1983.40886086
2998.00000000	1930.24806612
3000.00000000	1926.50446262
3002.00000000	1849.33624255
3004.00000000	1817.44625143
3006.00000000	1783.86864612
3008.00000000	1783.88882933
3010.00000000	1754.31794494
3012.00000000	1685.62483706
3014.00000000	1706.70634812
3016.00000000	1691.13764729
3018.00000000	1666.95103556
3020.00000000	1653.79817311
3022.00000000	1617.43060683
3024.00000000	1579.59425745
3026.00000000	1579.27409308
3028.00000000	1574.71603258
3030.00000000	1527.03994187
3032.00000000	1531.48449272
3034.00000000	1576.41914124
3036.00000000	1547.58396271
3038.00000000	1564.15202587
3040.00000000	1605.75329297
3042.00000000	1554.01920581
3044.00000000	1530.20919238
3046.00000000	1534.83839240
3048.00000000	1471.71395532
3050.00000000	1544.94939008
3052.00000000	1588.71127198
3054.00000000	1563.91326531
3056.00000000	1555.50114190
3058.00000000	1554.50075906
3060.00000000	1629.30815676
3062.00000000	1672.75146036
3064.00000000	1652.38091537
3066.00000000	1634.71973421
3068.00000000	1607.46113674
3070.00000000	1571.48437619
3072.00000000	1561.19229082
3074.00000000	1545.50157704
3076.00000000	1495.62831818
3078.00000000	1476.14718045
3080.00000000	1464.63692742
3082.00000000	1471.67571533
3084.00000000	1482.66392744
3086.00000000	1452.88154232
3088.00000000	1425.12891268
3090.00000000	1459.08811856
3092.00000000	1465.56038784
3094.00000000	1473.16508295
3096.00000000	1459.45372757
3098.00000000	1422.91255520
3100.00000000	1417.95818686
3102.00000000	1443.98587961
3104.00000000	1470.19904847
3106.00000000	1486.43038057
3108.00000000	1448.64313838
3110.00000000	1461.76679498
3112.00000000	1455.11782059
3114.00000000	1408.37802668
3116.00000000	1422.73396740
3118.00000000	1457.02219394
3120.00000000	1430.39884771
3122.00000000	1434.74724300
3124.00000000	1466.71864039
3126.00000000	1443.07988590
3128.00000000	1436.92157935
3130.00000000	1369.11158871
3132.00000000	1399.49335581
3134.00000000	1466.24127802
3136.00000000	1446.69394172
3138.00000000	1453.75089769
3140.00000000	1363.60320706
3142.00000000	1384.62423970
3144.00000000	1379.03532691
3146.00000000	1465.71230994
3148.00000000	1467.07003972
3150.00000000	1415.85168032
3152.00000000	1449.88824326
3154.00000000	1455.72277439
3156.00000000	1439.40879976
3158.00000000	1380.38065272
3160.00000000	1387.47225879
3162.00000000	1443.93672704
3164.00000000	1422.02602502
3166.00000000	1378.24765590
3168.00000000	1437.17941826
3170.00000000	1481.71244855
3172.00000000	1395.39130471
3174.00000000	1383.97292409
3176.00000000	1390.74726088
3178.00000000	1467.15227178
3180.00000000	1412.87609119
3182.00000000	1341.69816795
3184.00000000	1338.32808373
3186.00000000	1387.86088617
3188.00000000	1472.54702971
3190.00000000	1445.78824979
3192.00000000	1407.48331594
3194.00000000	1388.84592881
3196.00000000	1361.99168217
3198.00000000	1408.25992389
3200.00000000	1447.21508015
3202.00000000	1422.52832625
3204.00000000	1397.46160837
3206.00000000	1411.46212845
3208.00000000	1433.56832822
3210.00000000	1363.09403159
3212.00000000	1409.24251029
3214.00000000	1419.82709434
3216.00000000	1415.78960868
3218.00000000	1402.25438133
3220.00000000	1378.45679780
3222.00000000	1363.71300366
3224.00000000	1343.09127855
3226.00000000	1343.00938035
3228.00000000	1329.09832674
3230.00000000	1375.13422773
3232.00000000	1397.47695972
3234.00000000	1448.58684346
3236.00000000	1411.26034895
3238.00000000	1372.96623133
3240.00000000	1377.57534473
3242.00000000	1338.74688110
3244.00000000	1391.88499039
3246.00000000	1350.85484305
3248.00000000	1365.22189828
3250.00000000	1319.91018323
3252.00000000	1355.40006683
3254.00000000	1416.89430220
3256.00000000	1423.79251621
3258.00000000	1400.45557238
3260.00000000	1376.89397756
3262.00000000	1391.33330744
3264.00000000	1414.86482561
3266.00000000	1425.11901958
3268.00000000	1429.61434049
3270.00000000	1375.52207404
3272.00000000	1379.16392935
3274.00000000	1409.98102030
3276.00000000	1436.09590581
3278.00000000	1429.27720063
3280.00000000	1378.15928549
3282.00000000	1400.53636206
3284.00000000	1404.57109856
3286.00000000	1435.16290468
3288.00000000	1446.20819515
3290.00000000	1376.89702286
3292.00000000	1416.07437144
3294.00000000	1443.38209998
3296.00000000	1448.48820223
3298.00000000	1482.58522967
3300.00000000	1422.19369517
3302.00000000	1419.54934496
3304.00000000	1456.39431276
3306.00000000	1393.37023868
3308.00000000	1428.43635757
3310.00000000	1383.31142756
3312.00000000	1411.57826032
3314.00000000	1495.18765695
3316.00000000	1488.31809135
3318.00000000	1417.54110956
3320.00000000	1393.43913915
3322.00000000	1478.19549485
3324.00000000	1488.28633215
3326.00000000	1398.01489812
3328.00000000	1422.98480438
3330.00000000	1480.23806285
3332.00000000	1444.65129175
3334.00000000	1464.06005263
3336.00000000	1501.74201374
3338.00000000	1474.48884039
3340.00000000	1410.58316601
3342.00000000	1334.95926599
3344.00000000	1409.38645763
3346.00000000	1454.24798101
3348.00000000	1386.83387780
3350.00000000	1425.20648153
3352.00000000	1389.09511526
3354.00000000	1356.89110273
3356.00000000	1383.08777410
3358.00000000	1410.61500396
3360.00000000	1446.12553451
3362.00000000	1439.68473614
3364.00000000	1395.03375654
3366.00000000	1410.94880831
3368.00000000	1325.94073383
3370.00000000	1416.81431755
3372.00000000	1372.69596971
3374.00000000	1354.24511026
3376.00000000	1420.50609146
3378.00000000	1362.65406855
3380.00000000	1343.41893590
3382.00000000	1370.81013385
3384.00000000	1328.59112243
3386.00000000	1399.72549852
3388.00000000	1349.98528297
3390.00000000	1356.54627687
3392.00000000	1362.49201478
3394.00000000	1309.76436942
3396.00000000	1338.85400292
3398.00000000	1396.57834504
3400.00000000	1359.41836666
3402.00000000	1354.26385188
3404.00000000	1358.87783753
3406.00000000	1319.70088304
3408.00000000	1347.49226900
3410.00000000	1326.68454301
3412.00000000	1321.46817934
3414.00000000	1325.82656371
3416.00000000	1293.09147509
3418.00000000	1287.42473699
3420.00000000	1368.54418841
3422.00000000	1381.00175595
3424.00000000	1302.11728505
3426.00000000	1270.18447072
3428.00000000	1327.76380989
3430.00000000	1338.87031590
3432.00000000	1293.30268898
3434.00000000	1341.88252006
3436.00000000	1324.27280860
3438.00000000	1318.63172246
3440.00000000	1292.59205784
3442.00000000	1227.44771973
3444.00000000	1280.80722029
3446.00000000	1291.32642787
3448.00000000	1271.57098677
3450.00000000	1355.15027135
3452.00000000	1353.76202557
3454.00000000	1276.81984715
3456.00000000	1275.39030219
3458.00000000	1233.04526499
3460.00000000	1299.18849531
3462.00000000	1266.31660997
3464.00000000	1329.59395638
3466.00000000	1230.80274944
3468.00000000	1206.37151213
3470.00000000	1223.99442773
3472.00000000	1242.02497569
3474.00000000	1295.59823929
3476.00000000	1292.53848743
3478.00000000	1225.64219500
3480.00000000	1228.22606014
3482.00000000	1270.04380636
3484.00000000	1275.44013163
3486.00000000	1313.02250843
3488.00000000	1257.75419445
3490.00000000	1186.90789582
3492.00000000	1220.39377239
3494.00000000	1233.98358307
3496.00000000	1229.74644180
3498.00000000	1241.30493958
3500.00000000	1230.41228435
3502.00000000	1223.25296039
3504.00000000	1268.69344478
3506.00000000	1295.03292081
3508.00000000	1266.28801327
3510.00000000	1248.65538446
3512.00000000	1237.30790282
3514.00000000	1243.73377098
3516.00000000	1253.45512397
3518.00000000	1289.43328673
3520.00000000	1276.49074542
3522.00000000	1269.93064481
3524.00000000	1244.46219555
3526.00000000	1247.87373686
3528.00000000	1249.80829821
3530.00000000	1214.44271757
3532.00000000	1206.73219742
3534.00000000	1260.34463009
3536.00000000	1260.95334244
3538.00000000	1216.45784042
3540.00000000	1264.26437781
3542.00000000	1254.52982634
3544.00000000	1206.96010249
3546.00000000	1248.62511346
3548.00000000	1261.01636738
3550.00000000	1270.87073746
3552.00000000	1174.74634231
3554.00000000	1234.41578297
3556.00000000	1242.30035176
3558.00000000	1233.91100692
3560.00000000	1209.45119514
3562.00000000	1159.50360958
3564.00000000	1212.44822509
3566.00000000	1252.14569971
3568.00000000	1229.55002630
3570.00000000	1242.61903905
3572.00000000	1217.35688522
3574.00000000	1262.04847357
3576.00000000	1222.20214528
3578.00000000	1270.97206409
3580.00000000	1191.93290802
3582.00000000	1213.75157091
3584.00000000	1243.32846480
3586.00000000	1211.44967675
3588.00000000	1148.92191044
3590.00000000	1144.65785939
3592.00000000	1179.17373217
3594.00000000	1221.30270001
3596.00000000	1213.72803727
3598.00000000	1195.97806970
3600.00000000	1230.55640630
3602.00000000	1219.11814406
3604.00000000	1209.46419362
3606.00000000	1224.26860259
3608.00000000	1211.43981268
3610.00000000	1206.89943847
3612.00000000	1213.90588259
3614.00000000	1155.57453884
3616.00000000	1245.42908558
3618.00000000	1199.93824262
3620.00000000	1216.56941936
3622.00000000	1246.48865384
3624.00000000	1216.10007786
3626.00000000	1155.04916492
3628.00000000	1178.44865470
3630.00000000	1248.52994263
3632.00000000	1226.57781089
3634.00000000	1185.70535187
3636.00000000	1215.74021959
3638.00000000	1207.50879557
3640.00000000	1175.87158130
3642.00000000	1239.81380859
3644.00000000	1191.98603451
3646.00000000	1241.96166850
3648.00000000	1222.20828685
3650.00000000	1211.63537370
3652.00000000	1168.12363284
3654.00000000	1234.16776080
3656.00000000	1160.06540096
3658.00000000	1221.54804036
3660.00000000	1224.19371670
3662.00000000	1210.76480742
3664.00000000	1218.90978985
3666.00000000	1175.57049830
3668.00000000	1212.70471097
3670.00000000	1240.79182624
3672.00000000	1225.39269583
3674.00000000	1202.24107980
3676.00000000	1106.07933256
3678.00000000	1129.37803055
3680.00000000	1190.55533040
3682.00000000	1220.29295843
3684.00000000	1242.21755327
3686.00000000	1167.36350632
3688.00000000	1198.65219103
3690.00000000	1154.11610458
3692.00000000	1194.26090737
3694.00000000	1216.91374076
3696.00000000	1178.42741134
3698.00000000	1193.78817472
3700.00000000	1150.81947332
3702.00000000	1188.39690690
3704.00000000	1236.58455348
3706.00000000	1172.18443702
3708.00000000	1190.56572236
3710.00000000	1178.10929478
3712.00000000	1169.68329396
3714.00000000	1177.47483973
3716.00000000	1195.31181217
3718.00000000	1263.07568133
3720.00000000	1209.91839653
3722.00000000	1192.54507663
3724.00000000	1220.68318667
3726.00000000	1194.60580968
3728.00000000	1190.41543460
3730.00000000	1234.19549495
3732.00000000	1181.94203982
3734.00000000	1149.46317240
3736.00000000	1136.66215542
3738.00000000	1127.53175466
3740.00000000	1225.86063670
3742.00000000	1187.86844999
3744.00000000	1200.39811649
3746.00000000	1157.27529488
3748.00000000	1167.55956958
3750.00000000	1224.72982418
3752.00000000	1183.12926076
3754.00000000	1203.13178997
3756.00000000	1159.39278724
3758.00000000	1144.34435536
3760.00000000	1167.09534341
3762.00000000	1217.29682452
3764.00000000	1182.18148881
3766.00000000	1098.69129539
3768.00000000	1176.71024572
3770.00000000	1228.83781209
3772.00000000	1159.93064810
3774.00000000	1174.66281803
3776.00000000	1223.22597764
3778.00000000	1167.11474885
3780.00000000	1167.26931190
3782.00000000	1156.16577198
3784.00000000	1156.36609888
3786.00000000	1191.32647152
3788.00000000	1172.36259331
3790.00000000	1205.27079542
3792.00000000	1155.92013476
3794.00000000	1172.03440486
3796.00000000	1144.07163684
3798.00000000	1203.40709662
3800.00000000	1208.48969382
