400.00000000	948.06607889
402.00000000	926.69314857
404.00000000	935.30216484
406.00000000	938.82039577
408.00000000	906.08646325
410.00000000	914.56680856
412.00000000	957.45370055
414.00000000	945.56081527
416.00000000	915.08224391
418.00000000	915.48971842
420.00000000	930.31952704
422.00000000	941.78444202
424.00000000	943.00651062
426.00000000	951.63754721
428.00000000	959.66234944
430.00000000	925.69407709
432.00000000	890.41892707
434.00000000	903.98875164
436.00000000	930.10448714
438.00000000	944.63782976
440.00000000	947.69418404
442.00000000	934.91152740
444.00000000	914.62961191
446.00000000	916.85440662
448.00000000	922.76963289
450.00000000	902.58767701
452.00000000	902.93908600
454.00000000	923.78226930
456.00000000	903.75772798
458.00000000	888.48405684
460.00000000	922.00691244
462.00000000	939.52888193
464.00000000	920.58669842
466.00000000	892.26885220
468.00000000	879.14611693
470.00000000	882.55761427
472.00000000	876.39722540
474.00000000	879.87079753
476.00000000	911.08879999
478.00000000	918.50520267
480.00000000	900.90750518
482.00000000	906.27058369
484.00000000	925.55964319
486.00000000	936.94817065
488.00000000	932.60542980
490.00000000	926.24689392
492.00000000	933.48592979
494.00000000	936.56093141
496.00000000	931.73582296
498.00000000	936.39471442
500.00000000	957.58474129
502.00000000	981.04617814
504.00000000	965.20221878
506.00000000	938.51247036
508.00000000	949.38208353
510.00000000	937.57301625
512.00000000	892.76491487
514.00000000	883.95500810
516.00000000	909.13630727
518.00000000	943.13703923
520.00000000	978.00687186
522.00000000	987.51936297
524.00000000	953.07371178
526.00000000	942.26201765
528.00000000	971.57914494
530.00000000	976.19209270
532.00000000	962.17089451
534.00000000	958.44361689
536.00000000	968.76718919
538.00000000	975.74156000
540.00000000	960.32070101
542.00000000	949.93366547
544.00000000	957.52892244
546.00000000	964.25733075
548.00000000	962.76208366
550.00000000	952.41291663
552.00000000	934.99643807
554.00000000	925.74691409
556.00000000	936.79125206
558.00000000	931.52896182
560.00000000	916.91764960
562.00000000	952.96260394
564.00000000	988.67821775
566.00000000	974.46903120
568.00000000	962.06907105
570.00000000	960.04155898
572.00000000	950.41011880
574.00000000	962.22029988
576.00000000	981.32414387
578.00000000	948.89284457
580.00000000	921.63460102
582.00000000	944.35366749
584.00000000	955.35991107
586.00000000	949.24780642
588.00000000	951.02266940
590.00000000	941.56968243
592.00000000	937.01549237
594.00000000	978.14477331
596.00000000	986.33943522
598.00000000	934.33920722
600.00000000	937.35835186
602.00000000	975.02711462
604.00000000	978.83241065
606.00000000	980.50582236
608.00000000	980.94775572
610.00000000	951.21697868
612.00000000	925.85434381
614.00000000	933.10767709
616.00000000	962.09385581
618.00000000	974.97228657
620.00000000	954.37814570
622.00000000	951.40373420
624.00000000	966.13248930
626.00000000	966.05575713
628.00000000	966.11387616
630.00000000	972.12337085
632.00000000	969.75029177
634.00000000	966.20602684
636.00000000	972.97242267
638.00000000	992.94824722
640.00000000	1021.56298616
642.00000000	1042.46520415
644.00000000	1020.44638056
646.00000000	984.69690675
648.00000000	997.07657557
650.00000000	987.22977739
652.00000000	940.75598309
654.00000000	953.43011050
656.00000000	970.28024647
658.00000000	940.41053240
660.00000000	963.68431916
662.00000000	1016.35865468
664.00000000	1017.97781655
666.00000000	1024.52057077
668.00000000	1062.97919559
670.00000000	1101.60604806
672.00000000	1110.86113436
674.00000000	1081.70614627
676.00000000	1036.92175956
678.00000000	1024.42255471
680.00000000	1057.74037569
682.00000000	1053.23428990
684.00000000	1017.64390710
686.00000000	1012.76818663
688.00000000	1024.85322908
690.00000000	1028.81212998
692.00000000	1012.89035599
694.00000000	1004.56214708
696.00000000	1020.87787370
698.00000000	1042.42568871
700.00000000	1049.72644030
702.00000000	1041.62929749
704.00000000	1051.86422518
706.00000000	1070.53858278
708.00000000	1070.08654716
710.00000000	1081.60907431
712.00000000	1111.74893774
714.00000000	1130.46284088
716.00000000	1117.51144399
718.00000000	1088.21182194
720.00000000	1096.46391687
722.00000000	1132.96177185
724.00000000	1166.67686440
726.00000000	1186.10992303
728.00000000	1178.10514835
730.00000000	1138.81605826
732.00000000	1100.32838004
734.00000000	1084.43424921
736.00000000	1099.52452136
738.00000000	1163.61712246
740.00000000	1237.80774240
742.00000000	1234.14791813
744.00000000	1244.45200415
746.00000000	1335.81939766
748.00000000	1409.34134018
750.00000000	1456.02990118
752.00000000	1487.38444316
754.00000000	1423.39874542
756.00000000	1303.18286345
758.00000000	1237.18488305
760.00000000	1222.59952338
762.00000000	1220.84690111
764.00000000	1196.74958598
766.00000000	1184.25010895
768.00000000	1187.18733219
770.00000000	1152.81790195
772.00000000	1146.82194964
774.00000000	1203.24847522
776.00000000	1207.20127219
778.00000000	1186.80354349
780.00000000	1217.08386277
782.00000000	1250.04395384
784.00000000	1264.19800873
786.00000000	1272.85744099
788.00000000	1281.45672550
790.00000000	1282.62732657
792.00000000	1261.53749083
794.00000000	1222.65478933
796.00000000	1199.25235827
798.00000000	1238.34364775
800.00000000	1270.60871244
802.00000000	1242.58903432
804.00000000	1214.50528234
806.00000000	1222.83388143
808.00000000	1261.39997833
810.00000000	1273.89834326
812.00000000	1256.91731186
814.00000000	1241.19281877
816.00000000	1229.65355046
818.00000000	1226.90357689
820.00000000	1241.65462505
822.00000000	1271.06533572
824.00000000	1290.42035911
826.00000000	1267.78438732
828.00000000	1251.97085778
830.00000000	1265.80336006
832.00000000	1260.68791687
834.00000000	1254.28034362
836.00000000	1266.54946046
838.00000000	1265.12132888
840.00000000	1259.96675803
842.00000000	1272.48712732
844.00000000	1285.27724710
846.00000000	1278.04202579
848.00000000	1249.90950985
850.00000000	1251.02746504
852.00000000	1294.10994594
854.00000000	1343.77453755
856.00000000	1343.57720126
858.00000000	1311.33974753
860.00000000	1325.60617126
862.00000000	1336.31004772
864.00000000	1318.65459885
866.00000000	1327.88123253
868.00000000	1356.50915596
870.00000000	1367.81072450
872.00000000	1331.82765487
874.00000000	1301.93718195
876.00000000	1319.17906006
878.00000000	1324.18081507
880.00000000	1313.39356190
882.00000000	1309.85773171
884.00000000	1304.53843099
886.00000000	1313.74331094
888.00000000	1349.91168811
890.00000000	1352.68634563
892.00000000	1328.73570429
894.00000000	1339.92172351
896.00000000	1394.07058085
898.00000000	1432.46702838
900.00000000	1382.16324341
902.00000000	1346.68248955
904.00000000	1365.07196248
906.00000000	1358.12114109
908.00000000	1348.22824269
910.00000000	1362.74407387
912.00000000	1384.75179380
914.00000000	1402.10093895
916.00000000	1412.38671745
918.00000000	1421.59357371
920.00000000	1418.55686004
922.00000000	1407.28062406
924.00000000	1429.91442734
926.00000000	1460.88120736
928.00000000	1461.65610728
930.00000000	1452.78543272
932.00000000	1444.02482477
934.00000000	1439.40671284
936.00000000	1455.39046601
938.00000000	1454.40212931
940.00000000	1406.66551008
942.00000000	1420.37578692
944.00000000	1484.47454255
946.00000000	1496.70867749
948.00000000	1458.21033172
950.00000000	1424.99830905
952.00000000	1450.55807348
954.00000000	1463.81648027
956.00000000	1445.69898329
958.00000000	1450.98790129
960.00000000	1474.05910893
962.00000000	1494.06226597
964.00000000	1496.42375763
966.00000000	1481.05076132
968.00000000	1461.57987680
970.00000000	1459.96662953
972.00000000	1477.19181927
974.00000000	1488.98622065
976.00000000	1461.21840569
978.00000000	1455.86596328
980.00000000	1496.27091740
982.00000000	1500.29273832
984.00000000	1498.59084884
986.00000000	1533.71669600
988.00000000	1574.45355749
990.00000000	1573.13006457
992.00000000	1540.82068259
994.00000000	1583.83452560
996.00000000	1616.20563717
998.00000000	1563.19156637
1000.00000000	1569.50661470
1002.00000000	1634.23451085
1004.00000000	1675.11264255
1006.00000000	1650.63954063
1008.00000000	1600.24958275
1010.00000000	1578.63195849
1012.00000000	1570.82516405
1014.00000000	1556.32255276
1016.00000000	1530.28627929
1018.00000000	1517.79914637
1020.00000000	1525.07153955
1022.00000000	1534.60754448
1024.00000000	1514.47530943
1026.00000000	1513.22301429
1028.00000000	1570.16715766
1030.00000000	1553.33836638
1032.00000000	1506.90823617
1034.00000000	1542.10048366
1036.00000000	1539.56339057
1038.00000000	1504.32099975
1040.00000000	1526.12961203
1042.00000000	1569.67756387
1044.00000000	1578.24116119
1046.00000000	1538.08594304
1048.00000000	1553.32060766
1050.00000000	1615.45676819
1052.00000000	1636.97821258
1054.00000000	1624.34553955
1056.00000000	1606.47961382
1058.00000000	1604.91947050
1060.00000000	1608.91334202
1062.00000000	1606.46501619
1064.00000000	1602.88277643
1066.00000000	1640.99920814
1068.00000000	1696.21703687
1070.00000000	1704.54130645
1072.00000000	1678.65645000
1074.00000000	1662.95856251
1076.00000000	1686.41852221
1078.00000000	1691.23721761
1080.00000000	1703.27293397
1082.00000000	1774.99883707
1084.00000000	1783.20325966
1086.00000000	1734.45533756
1088.00000000	1728.87771732
1090.00000000	1732.34416581
1092.00000000	1707.90954715
1094.00000000	1653.59305640
1096.00000000	1612.88838888
1098.00000000	1617.35173330
1100.00000000	1666.82022538
1102.00000000	1715.53783658
1104.00000000	1720.65790665
1106.00000000	1677.98823754
1108.00000000	1664.56057560
1110.00000000	1690.76174677
1112.00000000	1710.78057684
1114.00000000	1695.46048809
1116.00000000	1675.70202915
1118.00000000	1694.81158697
1120.00000000	1722.58850919
1122.00000000	1744.29200219
1124.00000000	1761.49018994
1126.00000000	1773.04328114
1128.00000000	1823.78309985
1130.00000000	1923.05165699
1132.00000000	1934.92662293
1134.00000000	1826.32571304
1136.00000000	1683.72920701
1138.00000000	1664.97938422
1140.00000000	1686.08379876
1142.00000000	1627.32123882
1144.00000000	1584.19804783
1146.00000000	1565.44129456
1148.00000000	1548.13493296
1150.00000000	1557.69696988
1152.00000000	1553.48914918
1154.00000000	1525.79872123
1156.00000000	1564.83780138
1158.00000000	1629.71306054
1160.00000000	1652.18278344
1162.00000000	1631.94863368
1164.00000000	1617.67435281
1166.00000000	1631.09067238
1168.00000000	1636.25249257
1170.00000000	1649.12398459
1172.00000000	1677.80759230
1174.00000000	1688.76906344
1176.00000000	1639.08815070
1178.00000000	1552.97661493
1180.00000000	1518.25606706
1182.00000000	1521.99044790
1184.00000000	1532.38518709
1186.00000000	1537.01450755
1188.00000000	1544.55424534
1190.00000000	1537.48344535
1192.00000000	1496.32550521
1194.00000000	1502.93593459
1196.00000000	1543.39844672
1198.00000000	1539.70032775
1200.00000000	1541.69507679
1202.00000000	1557.99236568
1204.00000000	1553.71620823
1206.00000000	1524.89425859
1208.00000000	1533.61149031
1210.00000000	1607.41570013
1212.00000000	1608.83524781
1214.00000000	1575.18938133
1216.00000000	1598.91919946
1218.00000000	1639.80161931
1220.00000000	1661.66806340
1222.00000000	1666.23562634
1224.00000000	1692.88758868
1226.00000000	1705.82783691
1228.00000000	1697.77421160
1230.00000000	1736.63540169
1232.00000000	1756.46544099
1234.00000000	1729.29215395
1236.00000000	1728.02997238
1238.00000000	1732.09044823
1240.00000000	1714.31768495
1242.00000000	1686.28175345
1244.00000000	1697.79699768
1246.00000000	1711.34433955
1248.00000000	1658.73395169
1250.00000000	1671.04590245
1252.00000000	1718.88246388
1254.00000000	1680.93851949
1256.00000000	1635.21441907
1258.00000000	1624.22903302
1260.00000000	1640.67638747
1262.00000000	1669.19968221
1264.00000000	1654.23433656
1266.00000000	1598.74030560
1268.00000000	1628.34433288
1270.00000000	1649.17345053
1272.00000000	1595.94168826
1274.00000000	1591.70508952
1276.00000000	1618.87895331
1278.00000000	1620.12404405
1280.00000000	1585.60538866
1282.00000000	1608.58670449
1284.00000000	1665.55983283
1286.00000000	1640.70702286
1288.00000000	1639.52346658
1290.00000000	1674.84629853
1292.00000000	1676.84189738
1294.00000000	1692.92986934
1296.00000000	1704.78679958
1298.00000000	1697.60878334
1300.00000000	1782.00043274
1302.00000000	1859.05996068
1304.00000000	1832.98000195
1306.00000000	1829.81050384
1308.00000000	1881.12765537
1310.00000000	1935.99474538
1312.00000000	1922.79944419
1314.00000000	1895.33491966
1316.00000000	1875.52347517
1318.00000000	1824.03689568
1320.00000000	1800.59504257
1322.00000000	1812.59190324
1324.00000000	1806.59978691
1326.00000000	1767.69124312
1328.00000000	1741.50849470
1330.00000000	1771.38978552
1332.00000000	1811.08587645
1334.00000000	1851.23313623
1336.00000000	1893.72238976
1338.00000000	1907.96265321
1340.00000000	1846.81418796
1342.00000000	1752.06906569
1344.00000000	1752.60254828
1346.00000000	1759.68802939
1348.00000000	1730.40969836
1350.00000000	1722.33229132
1352.00000000	1703.75043593
1354.00000000	1682.50174129
1356.00000000	1692.79896159
1358.00000000	1704.37272803
1360.00000000	1698.26648153
1362.00000000	1693.96332446
1364.00000000	1742.40760320
1366.00000000	1763.22612536
1368.00000000	1711.53291072
1370.00000000	1678.14247850
1372.00000000	1685.33201638
1374.00000000	1702.82550961
1376.00000000	1681.78043100
1378.00000000	1615.21821239
1380.00000000	1572.97440211
1382.00000000	1616.68300966
1384.00000000	1640.98024365
1386.00000000	1638.42555430
1388.00000000	1653.14196601
1390.00000000	1669.71672567
1392.00000000	1645.57004656
1394.00000000	1593.18279162
1396.00000000	1594.92366325
1398.00000000	1615.62349469
1400.00000000	1629.72739731
1402.00000000	1645.08967384
1404.00000000	1606.33897700
1406.00000000	1547.13223519
1408.00000000	1543.27834652
1410.00000000	1570.93401208
1412.00000000	1564.60468627
1414.00000000	1503.52340879
1416.00000000	1466.54536375
1418.00000000	1503.22115548
1420.00000000	1569.05474135
1422.00000000	1556.44635721
1424.00000000	1509.21703945
1426.00000000	1509.43142610
1428.00000000	1582.70908316
1430.00000000	1611.98469941
1432.00000000	1580.40196356
1434.00000000	1552.64662264
1436.00000000	1579.09183961
1438.00000000	1597.51896826
1440.00000000	1572.87010801
1442.00000000	1572.05387048
1444.00000000	1636.68607526
1446.00000000	1709.21881407
1448.00000000	1692.78176867
1450.00000000	1641.69664216
1452.00000000	1639.24261020
1454.00000000	1697.91672940
1456.00000000	1703.64525650
1458.00000000	1689.18087866
1460.00000000	1686.73912255
1462.00000000	1642.87744273
1464.00000000	1620.79560832
1466.00000000	1613.45319521
1468.00000000	1557.87769661
1470.00000000	1543.80222950
1472.00000000	1543.25370991
1474.00000000	1509.10991268
1476.00000000	1539.35498099
1478.00000000	1551.79719588
1480.00000000	1500.08214108
1482.00000000	1486.44865004
1484.00000000	1486.63018916
1486.00000000	1479.08903197
1488.00000000	1471.40538609
1490.00000000	1441.66441931
1492.00000000	1430.09831797
1494.00000000	1449.45719049
1496.00000000	1401.69712901
1498.00000000	1342.45058906
1500.00000000	1343.33224543
1502.00000000	1386.94089569
1504.00000000	1373.73484796
1506.00000000	1329.55760895
1508.00000000	1337.44817997
1510.00000000	1324.84532593
1512.00000000	1308.27944372
1514.00000000	1325.08789611
1516.00000000	1343.18400261
1518.00000000	1332.35447591
1520.00000000	1319.54524945
1522.00000000	1351.13385900
1524.00000000	1352.75401188
1526.00000000	1353.70530444
1528.00000000	1408.88671029
1530.00000000	1442.89297786
1532.00000000	1417.37330864
1534.00000000	1380.26040460
1536.00000000	1416.23621472
1538.00000000	1422.46386619
1540.00000000	1405.11798082
1542.00000000	1437.62149004
1544.00000000	1427.25309218
1546.00000000	1403.02509523
1548.00000000	1425.09148741
1550.00000000	1471.05425323
1552.00000000	1503.15910633
1554.00000000	1516.24743069
1556.00000000	1531.44426489
1558.00000000	1541.23138858
1560.00000000	1532.77532288
1562.00000000	1505.41777903
1564.00000000	1482.80913562
1566.00000000	1501.79355704
1568.00000000	1542.01089013
1570.00000000	1544.68663779
1572.00000000	1561.53988129
1574.00000000	1603.24749317
1576.00000000	1629.59428753
1578.00000000	1610.22435628
1580.00000000	1624.20295254
1582.00000000	1692.49330803
1584.00000000	1723.34865203
1586.00000000	1711.41180175
1588.00000000	1674.25611851
1590.00000000	1627.16233755
1592.00000000	1581.34963911
1594.00000000	1544.05508410
1596.00000000	1515.91181468
1598.00000000	1495.38188323
1600.00000000	1498.98504491
1602.00000000	1519.05606582
1604.00000000	1527.62634658
1606.00000000	1510.17695045
1608.00000000	1485.75673243
1610.00000000	1480.06029205
1612.00000000	1492.52929095
1614.00000000	1468.33814430
1616.00000000	1441.18216267
1618.00000000	1465.77865397
1620.00000000	1449.47578405
1622.00000000	1419.61040345
1624.00000000	1413.75634428
1626.00000000	1395.96921532
1628.00000000	1388.14396074
1630.00000000	1410.84015793
1632.00000000	1436.05931165
1634.00000000	1383.02512198
1636.00000000	1365.41540122
1638.00000000	1427.25691302
1640.00000000	1425.69238839
1642.00000000	1403.42677283
1644.00000000	1402.00161786
1646.00000000	1414.77765482
1648.00000000	1428.47278331
1650.00000000	1447.28638172
1652.00000000	1467.99959674
1654.00000000	1470.13781880
1656.00000000	1448.35033820
1658.00000000	1439.61415066
1660.00000000	1464.39904498
1662.00000000	1462.13791599
1664.00000000	1454.48455955
1666.00000000	1469.96981261
1668.00000000	1493.09483028
1670.00000000	1490.67196433
1672.00000000	1486.57032560
1674.00000000	1497.64624224
1676.00000000	1470.68107453
1678.00000000	1449.81096017
1680.00000000	1452.47813421
1682.00000000	1441.38344586
1684.00000000	1417.23836841
1686.00000000	1385.68642653
1688.00000000	1351.82796948
1690.00000000	1325.26796667
1692.00000000	1327.40934101
1694.00000000	1344.82810189
1696.00000000	1338.32722274
1698.00000000	1296.82904638
1700.00000000	1273.99640149
1702.00000000	1273.99640149
1704.00000000	1273.99640149
1706.00000000	1273.99640149
1708.00000000	1273.99640149
1710.00000000	1273.99640149
1712.00000000	1273.99640149
1714.00000000	1273.99640149
1716.00000000	1218.14276207
1718.00000000	1179.50817334
1720.00000000	1203.82682676
1722.00000000	1245.36846081
1724.00000000	1237.12764463
1726.00000000	1201.38427897
1728.00000000	1191.96795618
1730.00000000	1218.56229747
1732.00000000	1242.18271342
1734.00000000	1223.23767033
1736.00000000	1206.21095143
1738.00000000	1203.73685154
1740.00000000	1180.11048843
1742.00000000	1205.07912579
1744.00000000	1224.37386012
1746.00000000	1189.17187316
1748.00000000	1191.25667745
1750.00000000	1181.73633253
1752.00000000	1162.62624852
1754.00000000	1176.42416214
1756.00000000	1159.35687063
1758.00000000	1151.67668351
1760.00000000	1180.22665320
1762.00000000	1194.08727314
1764.00000000	1174.57097742
1766.00000000	1152.43965439
1768.00000000	1160.03772515
1770.00000000	1181.46545622
1772.00000000	1175.18477401
1774.00000000	1157.00633414
1776.00000000	1168.71251421
1778.00000000	1181.79170106
1780.00000000	1170.93565554
1782.00000000	1161.67171647
1784.00000000	1189.82314931
1786.00000000	1168.85799979
1788.00000000	1154.59943080
1790.00000000	1182.51251112
1792.00000000	1144.08877197
1794.00000000	1130.68179949
1796.00000000	1167.44019748
1798.00000000	1194.30381114
1800.00000000	1189.85289520
1802.00000000	1163.61437278
1804.00000000	1155.87624139
1806.00000000	1186.84114996
1808.00000000	1175.69643679
1810.00000000	1149.21501398
1812.00000000	1137.21176237
1814.00000000	1111.04405909
1816.00000000	1121.46452987
1818.00000000	1156.51836889
1820.00000000	1173.42486161
1822.00000000	1169.81783896
1824.00000000	1146.29625825
1826.00000000	1159.16771451
1828.00000000	1222.28610977
1830.00000000	1197.32735019
1832.00000000	1197.11148756
1834.00000000	1220.00754906
1836.00000000	1142.91621391
1838.00000000	1127.82018518
1840.00000000	1154.47168356
1842.00000000	1164.95542574
1844.00000000	1191.05850312
1846.00000000	1213.70203175
1848.00000000	1197.71206404
1850.00000000	1168.22316491
1852.00000000	1206.81411019
1854.00000000	1217.81363330
1856.00000000	1172.90247403
1858.00000000	1136.44130511
1860.00000000	1157.66186821
1862.00000000	1182.52997168
1864.00000000	1199.80168129
1866.00000000	1234.64386048
1868.00000000	1237.08753950
1870.00000000	1193.63170214
1872.00000000	1142.67534405
1874.00000000	1134.52239714
1876.00000000	1155.34370240
1878.00000000	1170.73809847
1880.00000000	1170.68154598
1882.00000000	1178.41258669
1884.00000000	1204.76112644
1886.00000000	1240.49808901
1888.00000000	1240.86746951
1890.00000000	1168.23684308
1892.00000000	1148.49153048
1894.00000000	1182.95974804
1896.00000000	1197.81060724
1898.00000000	1187.39734644
1900.00000000	1166.32191589
1902.00000000	1147.37653826
1904.00000000	1137.95199720
1906.00000000	1141.76250455
1908.00000000	1151.89353246
1910.00000000	1155.35308258
1912.00000000	1162.10283954
1914.00000000	1210.43757801
1916.00000000	1189.69698746
1918.00000000	1155.82672877
1920.00000000	1227.71877218
1922.00000000	1195.84028893
1924.00000000	1167.52018077
1926.00000000	1205.65108905
1928.00000000	1198.43261165
1930.00000000	1154.72557857
1932.00000000	1154.63969674
1934.00000000	1195.19981588
1936.00000000	1190.26068278
1938.00000000	1171.12366973
1940.00000000	1171.99949887
1942.00000000	1190.61889737
1944.00000000	1203.93021192
1946.00000000	1223.45654786
1948.00000000	1237.57228092
1950.00000000	1232.05269622
1952.00000000	1213.22251002
1954.00000000	1192.61978571
1956.00000000	1178.37539004
1958.00000000	1181.68649816
1960.00000000	1210.63838417
1962.00000000	1234.22950475
1964.00000000	1219.70502495
1966.00000000	1175.75168049
1968.00000000	1165.16003906
1970.00000000	1235.79150072
1972.00000000	1260.78644547
1974.00000000	1201.47786191
1976.00000000	1231.73185373
1978.00000000	1225.87113490
1980.00000000	1208.50699697
1982.00000000	1231.28498428
1984.00000000	1204.77178058
1986.00000000	1209.68933285
1988.00000000	1236.46013744
1990.00000000	1218.76755995
1992.00000000	1165.76461314
1994.00000000	1173.80437998
1996.00000000	1226.63437027
1998.00000000	1240.55015345
2000.00000000	1194.22676590
2002.00000000	1182.79045771
2004.00000000	1214.85721666
2006.00000000	1230.38429937
2008.00000000	1201.01912488
2010.00000000	1183.12622807
2012.00000000	1202.99737235
2014.00000000	1226.98163454
2016.00000000	1210.60780369
2018.00000000	1215.94578483
2020.00000000	1244.48113819
2022.00000000	1254.89536890
2024.00000000	1227.78768100
2026.00000000	1176.44583044
2028.00000000	1189.54687877
2030.00000000	1257.63961487
2032.00000000	1246.36081847
2034.00000000	1226.32563016
2036.00000000	1209.61522356
2038.00000000	1191.18913875
2040.00000000	1207.95105490
2042.00000000	1252.60743469
2044.00000000	1246.00147137
2046.00000000	1217.63895335
2048.00000000	1260.38375025
2050.00000000	1203.05947842
2052.00000000	1184.19888735
2054.00000000	1251.48626903
2056.00000000	1242.02165803
2058.00000000	1211.39652879
2060.00000000	1226.57087775
2062.00000000	1267.48421681
2064.00000000	1261.06108158
2066.00000000	1207.02664581
2068.00000000	1208.30072176
2070.00000000	1240.46842582
2072.00000000	1216.77118019
2074.00000000	1219.22427317
2076.00000000	1231.98225971
2078.00000000	1223.08873831
2080.00000000	1211.14759038
2082.00000000	1243.00145141
2084.00000000	1248.32064048
2086.00000000	1221.61684794
2088.00000000	1208.68256194
2090.00000000	1217.48122990
2092.00000000	1252.05273282
2094.00000000	1266.88272332
2096.00000000	1248.13218422
2098.00000000	1249.73706748
2100.00000000	1249.97403804
2102.00000000	1254.96826970
2104.00000000	1266.51904338
2106.00000000	1252.37247494
2108.00000000	1202.78390845
2110.00000000	1213.17815015
2112.00000000	1276.44247600
2114.00000000	1282.72669797
2116.00000000	1259.73007897
2118.00000000	1248.96476959
2120.00000000	1239.69633346
2122.00000000	1223.86456312
2124.00000000	1256.86192071
2126.00000000	1252.72666678
2128.00000000	1233.54040983
2130.00000000	1266.67899291
2132.00000000	1293.20648121
2134.00000000	1245.25576083
2136.00000000	1232.96506411
2138.00000000	1295.96155985
2140.00000000	1286.95146579
2142.00000000	1250.40231650
2144.00000000	1254.34472639
2146.00000000	1299.79080940
2148.00000000	1317.57115158
2150.00000000	1255.16120907
2152.00000000	1253.11592755
2154.00000000	1305.52327083
2156.00000000	1286.28806497
2158.00000000	1238.70109874
2160.00000000	1236.83249556
2162.00000000	1259.86511632
2164.00000000	1260.75523286
2166.00000000	1254.05753822
2168.00000000	1229.47698824
2170.00000000	1228.06158749
2172.00000000	1252.89689131
2174.00000000	1252.14673411
2176.00000000	1261.48190708
2178.00000000	1282.50830650
2180.00000000	1293.21978462
2182.00000000	1284.54495763
2184.00000000	1279.96177450
2186.00000000	1308.28289281
2188.00000000	1297.77961210
2190.00000000	1249.06502250
2192.00000000	1303.04919768
2194.00000000	1273.99324259
2196.00000000	1261.86047428
2198.00000000	1311.80818012
2200.00000000	1270.02466573
2202.00000000	1280.55237140
2204.00000000	1271.41332255
2206.00000000	1265.51537322
2208.00000000	1328.52922630
2210.00000000	1291.14687535
2212.00000000	1261.61090886
2214.00000000	1277.04248614
2216.00000000	1293.94161537
2218.00000000	1312.97659999
2220.00000000	1323.52848292
2222.00000000	1310.40091139
2224.00000000	1295.88469361
2226.00000000	1309.52111802
2228.00000000	1310.72466269
2230.00000000	1299.26996626
2232.00000000	1273.26911662
2234.00000000	1275.80442373
2236.00000000	1370.33453897
2238.00000000	1356.14725165
2240.00000000	1313.31742219
2242.00000000	1327.94905664
2244.00000000	1311.73819563
2246.00000000	1295.65760298
2248.00000000	1303.32254404
2250.00000000	1320.36105564
2252.00000000	1310.76536449
2254.00000000	1272.30045485
2256.00000000	1309.02615646
2258.00000000	1311.18383132
2260.00000000	1282.84735214
2262.00000000	1375.92710620
2264.00000000	1359.99374552
2266.00000000	1339.00484297
2268.00000000	1359.42313018
2270.00000000	1346.27357573
2272.00000000	1334.03030791
2274.00000000	1331.94299362
2276.00000000	1349.94220482
2278.00000000	1370.71555358
2280.00000000	1371.28721906
2282.00000000	1393.99172476
2284.00000000	1351.66448447
2286.00000000	1322.82045444
2288.00000000	1370.71100522
2290.00000000	1326.12070210
2292.00000000	1357.83120698
2294.00000000	1387.33249618
2296.00000000	1354.89127144
2298.00000000	1363.82290012
2300.00000000	1372.79794676
2302.00000000	1384.94429227
2304.00000000	1401.63096797
2306.00000000	1399.57191402
2308.00000000	1366.98849841
2310.00000000	1351.43111438
2312.00000000	1353.03803405
2314.00000000	1352.25299574
2316.00000000	1345.28139862
2318.00000000	1347.03763949
2320.00000000	1390.16910292
2322.00000000	1429.92753095
2324.00000000	1416.91524295
2326.00000000	1388.20770305
2328.00000000	1418.59821852
2330.00000000	1413.87325218
2332.00000000	1388.14430619
2334.00000000	1420.21336426
2336.00000000	1437.85897691
2338.00000000	1350.53464072
2340.00000000	1308.14163120
2342.00000000	1371.22726511
2344.00000000	1405.82742601
2346.00000000	1375.49839760
2348.00000000	1393.43295095
2350.00000000	1426.55250988
2352.00000000	1418.81376360
2354.00000000	1409.78933660
2356.00000000	1370.13672058
2358.00000000	1388.73553078
2360.00000000	1398.49645218
2362.00000000	1344.12423000
2364.00000000	1371.12992846
2366.00000000	1369.23927629
2368.00000000	1355.52945656
2370.00000000	1366.45956387
2372.00000000	1378.37628979
2374.00000000	1380.38481919
2376.00000000	1353.09928819
2378.00000000	1325.69631041
2380.00000000	1330.42342039
2382.00000000	1370.24242950
2384.00000000	1423.89684689
2386.00000000	1361.81797522
2388.00000000	1329.30721958
2390.00000000	1390.49394673
2392.00000000	1359.04502338
2394.00000000	1369.18641001
2396.00000000	1348.85860486
2398.00000000	1352.09187395
2400.00000000	1406.14958519
2402.00000000	1346.22659563
2404.00000000	1343.37316930
2406.00000000	1399.54190979
2408.00000000	1397.70440222
2410.00000000	1347.72766644
2412.00000000	1393.74806209
2414.00000000	1364.98529498
2416.00000000	1376.51467528
2418.00000000	1424.59537237
2420.00000000	1367.15936476
2422.00000000	1326.88175020
2424.00000000	1348.36632763
2426.00000000	1357.16731650
2428.00000000	1381.52380117
2430.00000000	1469.31747266
2432.00000000	1440.97400417
2434.00000000	1369.90826181
2436.00000000	1364.28806177
2438.00000000	1390.17003642
2440.00000000	1388.91235331
2442.00000000	1462.69596338
2444.00000000	1431.01303680
2446.00000000	1410.84241538
2448.00000000	1436.01444530
2450.00000000	1356.17799736
2452.00000000	1399.89676102
2454.00000000	1456.02319852
2456.00000000	1450.69604322
2458.00000000	1425.12052871
2460.00000000	1409.59500429
2462.00000000	1392.63282763
2464.00000000	1417.49176299
2466.00000000	1400.54631151
2468.00000000	1367.84777803
2470.00000000	1438.11833468
2472.00000000	1418.49648640
2474.00000000	1441.04507026
2476.00000000	1486.06626066
2478.00000000	1442.20450570
2480.00000000	1357.34502354
2482.00000000	1364.32070947
2484.00000000	1409.23715974
2486.00000000	1459.50129265
2488.00000000	1471.07642464
2490.00000000	1416.49924854
2492.00000000	1430.32200118
2494.00000000	1392.94074329
2496.00000000	1366.05782652
2498.00000000	1409.74732630
2500.00000000	1429.32534275
2502.00000000	1424.10033763
2504.00000000	1432.00062867
2506.00000000	1415.12320479
2508.00000000	1408.65944096
2510.00000000	1460.71801240
2512.00000000	1438.76069511
2514.00000000	1457.64615423
2516.00000000	1464.32103303
2518.00000000	1428.68495196
2520.00000000	1432.43217835
2522.00000000	1452.85648490
2524.00000000	1414.31880818
2526.00000000	1382.27255066
2528.00000000	1395.51501758
2530.00000000	1425.42798773
2532.00000000	1468.51829572
2534.00000000	1464.46233167
2536.00000000	1443.50752716
2538.00000000	1460.21155677
2540.00000000	1474.74853291
2542.00000000	1415.19275539
2544.00000000	1421.17141828
2546.00000000	1442.79118482
2548.00000000	1432.57190189
2550.00000000	1423.11845881
2552.00000000	1443.67040891
2554.00000000	1466.45611719
2556.00000000	1434.75680109
2558.00000000	1404.70774780
2560.00000000	1408.33086358
2562.00000000	1404.53848964
2564.00000000	1427.77441621
2566.00000000	1454.19997737
2568.00000000	1462.66688558
2570.00000000	1432.43199122
2572.00000000	1394.25918471
2574.00000000	1437.26712909
2576.00000000	1475.44105193
2578.00000000	1463.27903042
2580.00000000	1421.88256379
2582.00000000	1394.42394971
2584.00000000	1401.29117210
2586.00000000	1421.85665657
2588.00000000	1485.89029429
2590.00000000	1520.12001836
2592.00000000	1459.70226979
2594.00000000	1397.60727553
2596.00000000	1456.55128453
2598.00000000	1465.11719376
2600.00000000	1455.37505514
2602.00000000	1443.54367180
2604.00000000	1397.14084685
2606.00000000	1418.14441764
2608.00000000	1419.83324270
2610.00000000	1448.98815128
2612.00000000	1444.24667999
2614.00000000	1419.48669098
2616.00000000	1510.67681081
2618.00000000	1497.28787825
2620.00000000	1420.49951582
2622.00000000	1404.60067456
2624.00000000	1428.32286192
2626.00000000	1428.93322869
2628.00000000	1472.94571217
2630.00000000	1461.21939671
2632.00000000	1445.47755427
2634.00000000	1466.25256598
2636.00000000	1483.45698875
2638.00000000	1473.38449338
2640.00000000	1467.25136988
2642.00000000	1493.06488610
2644.00000000	1499.25058762
2646.00000000	1470.32411339
2648.00000000	1440.90295052
2650.00000000	1412.08742890
2652.00000000	1453.50854427
2654.00000000	1470.02303158
2656.00000000	1448.39930790
2658.00000000	1445.59702313
2660.00000000	1446.19850550
2662.00000000	1432.12491443
2664.00000000	1428.33020623
2666.00000000	1473.33270199
2668.00000000	1514.79653883
2670.00000000	1495.75715497
2672.00000000	1476.07673226
2674.00000000	1458.75704526
2676.00000000	1422.10979726
2678.00000000	1428.92373376
2680.00000000	1491.49189053
2682.00000000	1518.98495749
2684.00000000	1494.87108995
2686.00000000	1497.75837610
2688.00000000	1525.84717068
2690.00000000	1499.16155798
2692.00000000	1444.30293548
2694.00000000	1487.13960005
2696.00000000	1544.11907469
2698.00000000	1481.13521803
2700.00000000	1477.36884183
2702.00000000	1507.06793821
2704.00000000	1466.78952252
2706.00000000	1531.38715618
2708.00000000	1534.64283469
2710.00000000	1553.91938373
2712.00000000	1553.04831769
2714.00000000	1526.21336822
2716.00000000	1560.72687337
2718.00000000	1604.08420241
2720.00000000	1600.46337540
2722.00000000	1522.73486641
2724.00000000	1509.04637680
2726.00000000	1569.51343128
2728.00000000	1562.84403283
2730.00000000	1551.07966990
2732.00000000	1535.74200974
2734.00000000	1524.41428968
2736.00000000	1538.19182525
2738.00000000	1574.68423254
2740.00000000	1591.80070441
2742.00000000	1545.52587614
2744.00000000	1468.76164263
2746.00000000	1489.42508650
2748.00000000	1540.90301587
2750.00000000	1504.19484358
2752.00000000	1475.94883672
2754.00000000	1571.77209572
2756.00000000	1541.79270129
2758.00000000	1524.30207454
2760.00000000	1557.57674201
2762.00000000	1552.02335915
2764.00000000	1546.33264258
2766.00000000	1522.01356092
2768.00000000	1526.96597879
2770.00000000	1501.93562200
2772.00000000	1442.61381118
2774.00000000	1463.81026127
2776.00000000	1552.32367447
2778.00000000	1474.95618429
2780.00000000	1484.60543871
2782.00000000	1514.39672727
2784.00000000	1480.18053738
2786.00000000	1503.75753697
2788.00000000	1576.48854176
2790.00000000	1443.92306911
2792.00000000	1456.95254898
2794.00000000	1504.64083787
2796.00000000	1530.69029850
2798.00000000	1538.60059217
2800.00000000	1482.38994206
2802.00000000	1505.85731201
2804.00000000	1465.88204522
2806.00000000	1519.67090860
2808.00000000	1525.12719678
2810.00000000	1452.99089497
2812.00000000	1499.29511954
2814.00000000	1530.06598114
2816.00000000	1554.01582661
2818.00000000	1530.06596290
2820.00000000	1495.76276417
2822.00000000	1517.46078837
2824.00000000	1540.34904316
2826.00000000	1508.26404608
2828.00000000	1617.18830148
2830.00000000	1656.06482244
2832.00000000	1627.99783185
2834.00000000	1575.15723299
2836.00000000	1561.54466498
2838.00000000	1671.74202555
2840.00000000	1681.25793598
2842.00000000	1678.99786181
2844.00000000	1757.28299000
2846.00000000	1801.62261253
2848.00000000	1810.03857459
2850.00000000	1888.42073531
2852.00000000	1928.67981520
2854.00000000	2044.02131180
2856.00000000	2140.48668777
2858.00000000	2218.95090209
2860.00000000	2206.01160532
2862.00000000	2112.94713867
2864.00000000	2188.93567740
2866.00000000	2297.08524085
2868.00000000	2354.94115678
2870.00000000	2375.79001287
2872.00000000	2418.93995841
2874.00000000	2514.29111645
2876.00000000	2581.95457469
2878.00000000	2524.82713341
2880.00000000	2524.16747104
2882.00000000	2582.76770501
2884.00000000	2637.38701782
2886.00000000	2615.33818946
2888.00000000	2544.57718064
2890.00000000	2562.01797517
2892.00000000	2620.55322326
2894.00000000	2661.86778901
2896.00000000	2713.37666652
2898.00000000	2767.88651381
2900.00000000	2826.39991610
2902.00000000	2853.00407372
2904.00000000	2778.39030074
2906.00000000	2879.13700672
2908.00000000	2956.62824006
2910.00000000	2948.58473374
2912.00000000	2973.46282415
2914.00000000	3032.60504533
2916.00000000	3044.41006468
2918.00000000	3100.32094572
2920.00000000	3259.86329327
2922.00000000	3334.77573033
2924.00000000	3432.79183041
2926.00000000	3506.77494089
2928.00000000	3439.65254116
2930.00000000	3492.19706697
2932.00000000	3659.13667836
2934.00000000	3523.88704103
2936.00000000	3482.57713609
2938.00000000	3581.67206646
2940.00000000	3526.71841155
2942.00000000	3362.35216417
2944.00000000	3305.53612345
2946.00000000	3255.26724322
2948.00000000	3164.60004291
2950.00000000	3215.28460646
2952.00000000	3166.82776839
2954.00000000	2996.17170945
2956.00000000	2992.15831930
2958.00000000	2998.38648170
2960.00000000	2947.42534223
2962.00000000	2865.87688277
2964.00000000	2841.05277778
2966.00000000	2819.31672750
2968.00000000	2747.19820919
2970.00000000	2664.59590809
2972.00000000	2579.81856483
2974.00000000	2540.21187895
2976.00000000	2605.01577920
2978.00000000	2542.88221627
2980.00000000	2478.84229783
2982.00000000	2459.40874165
2984.00000000	2386.75333177
2986.00000000	2407.13561967
2988.00000000	2300.16442943
2990.00000000	2201.56137457
2992.00000000	2211.05569220
2994.00000000	2161.31626611
2996.00000000	2042.70887137
2998.00000000	2005.48232414
3000.00000000	1995.52781317
3002.00000000	1940.80732788
3004.00000000	1909.40521490
3006.00000000	1864.96877761
3008.00000000	1842.31666209
3010.00000000	1794.19579975
3012.00000000	1738.05921624
3014.00000000	1777.19702676
3016.00000000	1751.90019421
3018.00000000	1733.84950124
3020.00000000	1747.24947963
3022.00000000	1649.87601444
3024.00000000	1625.96104097
3026.00000000	1664.22273423
3028.00000000	1557.65057240
3030.00000000	1572.77350311
3032.00000000	1616.43231737
3034.00000000	1619.16389444
3036.00000000	1582.27950907
3038.00000000	1554.45174191
3040.00000000	1583.24268054
3042.00000000	1642.88799275
3044.00000000	1664.26960738
3046.00000000	1642.75221989
3048.00000000	1579.56069182
3050.00000000	1575.55623488
3052.00000000	1626.61419348
3054.00000000	1622.55779858
3056.00000000	1582.57024875
3058.00000000	1638.96718571
3060.00000000	1732.54790969
3062.00000000	1691.47077970
3064.00000000	1716.03201057
3066.00000000	1693.13708843
3068.00000000	1637.66662563
3070.00000000	1659.02246983
3072.00000000	1672.59004734
3074.00000000	1603.98438864
3076.00000000	1571.83763261
3078.00000000	1478.35121560
3080.00000000	1560.99408172
3082.00000000	1592.44085659
3084.00000000	1574.15152524
3086.00000000	1553.15602817
3088.00000000	1523.02747665
3090.00000000	1565.35410680
3092.00000000	1513.16129625
3094.00000000	1566.90420820
3096.00000000	1546.65594909
3098.00000000	1500.04308466
3100.00000000	1541.39047084
3102.00000000	1570.55601206
3104.00000000	1539.19085714
3106.00000000	1540.55536863
3108.00000000	1491.13644811
3110.00000000	1514.41909850
3112.00000000	1562.86445699
3114.00000000	1542.19374803
3116.00000000	1529.32105352
3118.00000000	1544.20276503
3120.00000000	1538.59231725
3122.00000000	1541.42929704
3124.00000000	1519.25331953
3126.00000000	1542.64307613
3128.00000000	1532.77787405
3130.00000000	1514.94519873
3132.00000000	1547.93939878
3134.00000000	1533.62766488
3136.00000000	1509.99544691
3138.00000000	1584.52564413
3140.00000000	1532.54259320
3142.00000000	1510.76563391
3144.00000000	1465.98747072
3146.00000000	1519.38865204
3148.00000000	1555.23114017
3150.00000000	1526.85205220
3152.00000000	1505.53009643
3154.00000000	1493.51488732
3156.00000000	1507.16355238
3158.00000000	1462.30000077
3160.00000000	1521.24336850
3162.00000000	1522.92132441
3164.00000000	1494.33640803
3166.00000000	1474.16485586
3168.00000000	1481.86861588
3170.00000000	1531.05981477
3172.00000000	1552.41495506
3174.00000000	1549.75938860
3176.00000000	1494.21424915
3178.00000000	1535.37639501
3180.00000000	1536.68343599
3182.00000000	1469.64949482
3184.00000000	1486.69336792
3186.00000000	1532.71934842
3188.00000000	1500.60600304
3190.00000000	1511.25228239
3192.00000000	1502.75157849
3194.00000000	1535.25119576
3196.00000000	1474.71871984
3198.00000000	1485.68162926
3200.00000000	1523.25233063
3202.00000000	1476.64486877
3204.00000000	1482.66187139
3206.00000000	1543.32234047
3208.00000000	1480.58321749
3210.00000000	1518.59988423
3212.00000000	1518.96535763
3214.00000000	1562.91687368
3216.00000000	1503.40087726
3218.00000000	1483.35707054
3220.00000000	1529.99814623
3222.00000000	1478.45382584
3224.00000000	1443.99338050
3226.00000000	1513.18997851
3228.00000000	1528.04402943
3230.00000000	1570.93661411
3232.00000000	1526.64624026
3234.00000000	1502.29421770
3236.00000000	1498.59220427
3238.00000000	1513.72128293
3240.00000000	1507.36832316
3242.00000000	1451.44909047
3244.00000000	1480.74634713
3246.00000000	1469.62355460
3248.00000000	1493.62360493
3250.00000000	1525.28704258
3252.00000000	1556.77024776
3254.00000000	1538.45962006
3256.00000000	1487.11976213
3258.00000000	1510.23342843
3260.00000000	1561.51124389
3262.00000000	1508.32099517
3264.00000000	1490.20641798
3266.00000000	1576.84505512
3268.00000000	1547.58448482
3270.00000000	1547.99969299
3272.00000000	1515.93382288
3274.00000000	1565.57196159
3276.00000000	1582.75005046
3278.00000000	1507.61222467
3280.00000000	1543.39632019
3282.00000000	1567.00181333
3284.00000000	1584.48108086
3286.00000000	1575.64124192
3288.00000000	1544.93423399
3290.00000000	1611.70173264
3292.00000000	1622.59451584
3294.00000000	1538.26164464
3296.00000000	1580.03957449
3298.00000000	1676.70365351
3300.00000000	1636.59099131
3302.00000000	1626.32211499
3304.00000000	1577.43747751
3306.00000000	1551.93613996
3308.00000000	1609.50184544
3310.00000000	1575.11778301
3312.00000000	1560.12493462
3314.00000000	1568.67381524
3316.00000000	1584.16417531
3318.00000000	1628.74889635
3320.00000000	1627.25289527
3322.00000000	1612.21865945
3324.00000000	1638.28176590
3326.00000000	1629.63703278
3328.00000000	1582.82749537
3330.00000000	1612.17958609
3332.00000000	1595.21380732
3334.00000000	1624.97029481
3336.00000000	1587.65885291
3338.00000000	1549.02312093
3340.00000000	1629.53972691
3342.00000000	1578.95739728
3344.00000000	1573.65671726
3346.00000000	1573.57118001
3348.00000000	1576.36360416
3350.00000000	1617.88937519
3352.00000000	1589.79741559
3354.00000000	1613.44435012
3356.00000000	1610.81673720
3358.00000000	1593.13841416
3360.00000000	1591.94030457
3362.00000000	1519.71450139
3364.00000000	1541.82151609
3366.00000000	1629.65914385
3368.00000000	1543.62561574
3370.00000000	1578.49836246
3372.00000000	1596.28682883
3374.00000000	1546.76529655
3376.00000000	1578.70168191
3378.00000000	1583.60797362
3380.00000000	1498.45144843
3382.00000000	1520.08293444
3384.00000000	1594.28369316
3386.00000000	1543.70067882
3388.00000000	1557.98257304
3390.00000000	1525.51336263
3392.00000000	1520.17737288
3394.00000000	1503.34447889
3396.00000000	1515.20238944
3398.00000000	1540.25176538
3400.00000000	1562.42765492
3402.00000000	1599.92506160
3404.00000000	1575.99037441
3406.00000000	1512.64757193
3408.00000000	1520.90555359
3410.00000000	1525.60604393
3412.00000000	1533.84033681
3414.00000000	1476.60154965
3416.00000000	1489.17430917
3418.00000000	1438.93846936
3420.00000000	1497.66554984
3422.00000000	1569.57519483
3424.00000000	1498.71609965
3426.00000000	1444.54291087
3428.00000000	1508.19305626
3430.00000000	1498.03669364
3432.00000000	1450.21616473
3434.00000000	1555.36921015
3436.00000000	1517.54507902
3438.00000000	1487.67648546
3440.00000000	1448.78450556
3442.00000000	1491.71907430
3444.00000000	1505.44798330
3446.00000000	1514.36880722
3448.00000000	1464.83839250
3450.00000000	1462.94162630
3452.00000000	1496.97791978
3454.00000000	1466.21992390
3456.00000000	1444.46941059
3458.00000000	1434.02492983
3460.00000000	1499.56601261
3462.00000000	1508.58395364
3464.00000000	1462.41281943
3466.00000000	1468.45453716
3468.00000000	1473.54827803
3470.00000000	1421.72620624
3472.00000000	1426.31288619
3474.00000000	1490.94987759
3476.00000000	1495.81578569
3478.00000000	1475.84447715
3480.00000000	1463.27049668
3482.00000000	1451.20051909
3484.00000000	1492.43209728
3486.00000000	1486.30986913
3488.00000000	1518.58331056
3490.00000000	1432.37107513
3492.00000000	1454.44362544
3494.00000000	1419.88990568
3496.00000000	1485.83934542
3498.00000000	1502.21243110
3500.00000000	1505.87021108
3502.00000000	1472.75865321
3504.00000000	1473.61655449
3506.00000000	1491.88158650
3508.00000000	1485.22651195
3510.00000000	1524.85793473
3512.00000000	1413.94275165
3514.00000000	1460.07882304
3516.00000000	1486.61754682
3518.00000000	1434.94707414
3520.00000000	1445.38807084
3522.00000000	1503.81560111
3524.00000000	1466.84996212
3526.00000000	1399.03046281
3528.00000000	1440.98912062
3530.00000000	1410.91945300
3532.00000000	1418.64473643
3534.00000000	1454.25746615
3536.00000000	1417.26509895
3538.00000000	1480.53561289
3540.00000000	1467.30084558
3542.00000000	1444.99592243
3544.00000000	1470.07500516
3546.00000000	1446.68922101
3548.00000000	1512.68969315
3550.00000000	1406.62218773
3552.00000000	1375.45210949
3554.00000000	1489.60363188
3556.00000000	1430.37091507
3558.00000000	1452.35992070
3560.00000000	1490.00951097
3562.00000000	1415.93772637
3564.00000000	1453.14675027
3566.00000000	1524.05322758
3568.00000000	1475.80854240
3570.00000000	1444.58290986
3572.00000000	1436.46064319
3574.00000000	1411.46075802
3576.00000000	1440.95976005
3578.00000000	1387.21515810
3580.00000000	1374.52637888
3582.00000000	1445.23481896
3584.00000000	1436.73105835
3586.00000000	1447.86588153
3588.00000000	1425.54539307
3590.00000000	1385.77102798
3592.00000000	1428.90226565
3594.00000000	1477.46326051
3596.00000000	1422.59516588
3598.00000000	1410.18567694
3600.00000000	1459.14837326
3602.00000000	1416.71974695
3604.00000000	1421.34705945
3606.00000000	1450.44274247
3608.00000000	1467.88432121
3610.00000000	1466.97043568
3612.00000000	1381.23419854
3614.00000000	1490.11482969
3616.00000000	1407.10441131
3618.00000000	1425.53312328
3620.00000000	1396.66189265
3622.00000000	1435.81257085
3624.00000000	1404.94072546
3626.00000000	1396.58695444
3628.00000000	1478.76709863
3630.00000000	1399.95623224
3632.00000000	1392.55653519
3634.00000000	1495.13555762
3636.00000000	1412.92146292
3638.00000000	1390.94136320
3640.00000000	1405.69841322
3642.00000000	1394.29427613
3644.00000000	1416.86635362
3646.00000000	1378.41736360
3648.00000000	1358.15052376
3650.00000000	1428.17907295
3652.00000000	1416.52543707
3654.00000000	1425.48598333
3656.00000000	1451.30070548
3658.00000000	1457.39353922
3660.00000000	1459.33546981
3662.00000000	1398.86918051
3664.00000000	1382.57967806
3666.00000000	1356.87229126
3668.00000000	1373.41588540
3670.00000000	1420.36445810
3672.00000000	1437.35142023
3674.00000000	1446.19731250
3676.00000000	1402.91427299
3678.00000000	1440.91186287
3680.00000000	1473.04954766
3682.00000000	1445.37700948
3684.00000000	1443.81166566
3686.00000000	1386.44215783
3688.00000000	1436.44717249
3690.00000000	1414.05367788
3692.00000000	1425.12851508
3694.00000000	1404.52787161
3696.00000000	1368.16099081
3698.00000000	1430.58701988
3700.00000000	1425.28544318
3702.00000000	1402.89717220
3704.00000000	1386.38647321
3706.00000000	1422.02988640
3708.00000000	1399.56671958
3710.00000000	1347.95858638
3712.00000000	1395.51113586
3714.00000000	1376.51635459
3716.00000000	1372.42795556
3718.00000000	1405.02803912
3720.00000000	1364.47322068
3722.00000000	1432.95321477
3724.00000000	1444.93314952
3726.00000000	1431.55387204
3728.00000000	1432.88849070
3730.00000000	1446.63286285
3732.00000000	1368.73682367
3734.00000000	1384.22708777
3736.00000000	1399.91525657
3738.00000000	1399.83386174
3740.00000000	1429.73640440
3742.00000000	1388.57722647
3744.00000000	1374.79962691
3746.00000000	1359.90667362
3748.00000000	1405.11691157
3750.00000000	1457.11949701
3752.00000000	1471.42710335
3754.00000000	1407.17207273
3756.00000000	1391.63801951
3758.00000000	1401.49036461
3760.00000000	1347.18289926
3762.00000000	1385.15196059
3764.00000000	1398.46483342
3766.00000000	1382.49271649
3768.00000000	1431.97348175
3770.00000000	1438.09182380
3772.00000000	1433.18979071
3774.00000000	1441.90694437
3776.00000000	1431.04113155
3778.00000000	1387.26706428
3780.00000000	1418.69843587
3782.00000000	1414.56981459
3784.00000000	1402.39631611
3786.00000000	1376.66499032
3788.00000000	1428.09286168
3790.00000000	1391.54897779
3792.00000000	1395.24687976
3794.00000000	1366.84548304
3796.00000000	1406.26742878
3798.00000000	1407.60221466
3800.00000000	1401.76446474
