400.00000000	696.84973698
402.00000000	719.84564424
404.00000000	747.37281061
406.00000000	752.04750951
408.00000000	727.04460038
410.00000000	718.18182289
412.00000000	731.11577101
414.00000000	730.08495283
416.00000000	727.10981214
418.00000000	734.93635284
420.00000000	734.40879696
422.00000000	731.96778109
424.00000000	743.71311394
426.00000000	741.19142267
428.00000000	718.07863464
430.00000000	709.34883828
432.00000000	716.73224365
434.00000000	729.53995294
436.00000000	750.85432354
438.00000000	751.50121635
440.00000000	692.80343062
442.00000000	661.40634410
444.00000000	701.05881058
446.00000000	712.04684107
448.00000000	692.35290484
450.00000000	694.57172851
452.00000000	705.27082862
454.00000000	708.05165878
456.00000000	702.84905768
458.00000000	705.39910506
460.00000000	721.14447855
462.00000000	719.88602117
464.00000000	702.00727316
466.00000000	689.20277003
468.00000000	670.82708527
470.00000000	653.11662357
472.00000000	673.34400710
474.00000000	704.44062359
476.00000000	705.74498702
478.00000000	696.64907371
480.00000000	697.52381702
482.00000000	714.31464589
484.00000000	723.93409110
486.00000000	717.79136387
488.00000000	725.21266996
490.00000000	738.02138357
492.00000000	735.28869559
494.00000000	736.60849604
496.00000000	746.26458918
498.00000000	746.71846650
500.00000000	744.95275557
502.00000000	750.12550254
504.00000000	756.20122217
506.00000000	753.87013569
508.00000000	741.08921782
510.00000000	744.70047173
512.00000000	762.10615096
514.00000000	753.44898968
516.00000000	719.74138202
518.00000000	694.41290287
520.00000000	733.12349491
522.00000000	783.42873724
524.00000000	753.64007074
526.00000000	716.77726627
528.00000000	725.78573508
530.00000000	755.16496933
532.00000000	764.38365126
534.00000000	742.56834108
536.00000000	748.90303468
538.00000000	778.46425838
540.00000000	781.99549398
542.00000000	757.04195929
544.00000000	731.18545691
546.00000000	746.61623940
548.00000000	782.92336902
550.00000000	798.65967175
552.00000000	771.73143774
554.00000000	732.06216518
556.00000000	728.37384444
558.00000000	738.75251283
560.00000000	754.01257419
562.00000000	791.60184683
564.00000000	794.39627793
566.00000000	740.33081601
568.00000000	739.58679581
570.00000000	790.45294172
572.00000000	814.44988987
574.00000000	789.34835886
576.00000000	738.05974687
578.00000000	714.40801696
580.00000000	731.42929037
582.00000000	766.58350843
584.00000000	767.50065827
586.00000000	751.37982584
588.00000000	764.49955794
590.00000000	793.12641057
592.00000000	808.79875208
594.00000000	789.97675260
596.00000000	767.68618530
598.00000000	766.03139945
600.00000000	768.38248907
602.00000000	770.69545904
604.00000000	776.97106254
606.00000000	787.12532982
608.00000000	795.64136611
610.00000000	792.26708032
612.00000000	765.19092543
614.00000000	729.59734307
616.00000000	729.63157786
618.00000000	730.73189145
620.00000000	709.60062441
622.00000000	747.79045486
624.00000000	813.67811390
626.00000000	817.82532999
628.00000000	810.87458723
630.00000000	805.52799890
632.00000000	752.46263978
634.00000000	726.54733411
636.00000000	773.29252933
638.00000000	805.25172772
640.00000000	809.26423020
642.00000000	812.26624993
644.00000000	805.93614102
646.00000000	802.35429681
648.00000000	822.73098480
650.00000000	819.24647427
652.00000000	785.46780998
654.00000000	786.96108186
656.00000000	794.07984398
658.00000000	775.34063328
660.00000000	786.38755311
662.00000000	817.55049938
664.00000000	828.89434298
666.00000000	853.51937358
668.00000000	903.33499907
670.00000000	948.20591825
672.00000000	935.41490253
674.00000000	871.03179100
676.00000000	848.60842951
678.00000000	860.10035030
680.00000000	864.40286193
682.00000000	868.59135764
684.00000000	876.48384977
686.00000000	882.18235941
688.00000000	872.45485876
690.00000000	852.04482460
692.00000000	843.65718283
694.00000000	853.71662740
696.00000000	874.75684886
698.00000000	888.15347182
700.00000000	887.11800051
702.00000000	875.39350079
704.00000000	865.86126392
706.00000000	869.66187731
708.00000000	886.41128032
710.00000000	885.59295099
712.00000000	870.93096257
714.00000000	880.10045752
716.00000000	908.76445477
718.00000000	931.48601884
720.00000000	921.78329900
722.00000000	925.28958731
724.00000000	976.77714759
726.00000000	1018.88392904
728.00000000	1011.27277472
730.00000000	956.62690100
732.00000000	926.82244358
734.00000000	936.25955902
736.00000000	944.04468726
738.00000000	955.14512706
740.00000000	989.39043999
742.00000000	1057.40380392
744.00000000	1098.73239345
746.00000000	1088.76274599
748.00000000	1107.88070520
750.00000000	1145.82133081
752.00000000	1148.99539038
754.00000000	1101.58604104
756.00000000	1032.59790151
758.00000000	986.97181090
760.00000000	960.00922136
762.00000000	949.95105952
764.00000000	963.06260735
766.00000000	972.24736809
768.00000000	967.10419088
770.00000000	972.36934839
772.00000000	987.88518848
774.00000000	999.86657254
776.00000000	994.88884612
778.00000000	993.44424136
780.00000000	1022.44433314
782.00000000	1072.13432404
784.00000000	1114.97159650
786.00000000	1127.90131810
788.00000000	1135.64688942
790.00000000	1126.67343505
792.00000000	1064.87069140
794.00000000	1032.54053659
796.00000000	1060.09377842
798.00000000	1066.88357427
800.00000000	1043.52538941
802.00000000	1015.51882758
804.00000000	1008.87136397
806.00000000	1025.08902098
808.00000000	1042.92493506
810.00000000	1025.83669710
812.00000000	1022.79643988
814.00000000	1086.26517179
816.00000000	1090.35957110
818.00000000	1042.20482785
820.00000000	1059.15115780
822.00000000	1075.19607439
824.00000000	1055.30291938
826.00000000	1049.36127187
828.00000000	1056.52118289
830.00000000	1059.98765749
832.00000000	1048.52257082
834.00000000	1015.39189157
836.00000000	983.46550253
838.00000000	1016.58702451
840.00000000	1066.78915451
842.00000000	1065.30356232
844.00000000	1051.76008773
846.00000000	1051.84752291
848.00000000	1065.52966666
850.00000000	1080.15793974
852.00000000	1084.39255018
854.00000000	1075.43207116
856.00000000	1070.58033898
858.00000000	1070.83895843
860.00000000	1062.53894761
862.00000000	1074.05816937
864.00000000	1102.33635908
866.00000000	1094.51886710
868.00000000	1065.28887203
870.00000000	1051.43230962
872.00000000	1072.73877668
874.00000000	1091.82596019
876.00000000	1076.60971530
878.00000000	1059.18559597
880.00000000	1062.06305826
882.00000000	1077.71851349
884.00000000	1058.10983118
886.00000000	1059.04527723
888.00000000	1143.27279002
890.00000000	1165.36687917
892.00000000	1105.25480765
894.00000000	1065.33162849
896.00000000	1076.96321768
898.00000000	1109.32485218
900.00000000	1105.86137806
902.00000000	1097.37527327
904.00000000	1107.67593453
906.00000000	1123.89313820
908.00000000	1141.92170546
910.00000000	1150.25462915
912.00000000	1129.89048699
914.00000000	1114.53089905
916.00000000	1135.29880737
918.00000000	1180.11166656
920.00000000	1209.16486708
922.00000000	1198.28511009
924.00000000	1173.67567377
926.00000000	1151.54662940
928.00000000	1140.28484939
930.00000000	1148.32043514
932.00000000	1161.71195331
934.00000000	1164.22545907
936.00000000	1168.26671349
938.00000000	1154.44787993
940.00000000	1113.79579063
942.00000000	1139.90516029
944.00000000	1198.97463931
946.00000000	1189.71077276
948.00000000	1193.00822785
950.00000000	1211.72095086
952.00000000	1172.57781508
954.00000000	1137.43296149
956.00000000	1153.61083526
958.00000000	1206.32234392
960.00000000	1234.62866161
962.00000000	1218.48127087
964.00000000	1197.64332794
966.00000000	1198.80093160
968.00000000	1215.08352566
970.00000000	1212.99593433
972.00000000	1215.88183670
974.00000000	1237.67134543
976.00000000	1250.72640119
978.00000000	1241.04942664
980.00000000	1220.80254756
982.00000000	1227.34833188
984.00000000	1260.34203903
986.00000000	1290.68675347
988.00000000	1281.19154640
990.00000000	1281.61603669
992.00000000	1322.16384296
994.00000000	1327.06547114
996.00000000	1297.10999648
998.00000000	1284.72212340
1000.00000000	1341.54855304
1002.00000000	1403.39409705
1004.00000000	1398.48327360
1006.00000000	1376.29980648
1008.00000000	1361.00696104
1010.00000000	1349.40162263
1012.00000000	1333.45486450
1014.00000000	1316.95699000
1016.00000000	1300.04549689
1018.00000000	1259.60633444
1020.00000000	1235.37295351
1022.00000000	1264.54486836
1024.00000000	1268.68911927
1026.00000000	1255.44253864
1028.00000000	1279.42174359
1030.00000000	1320.91756696
1032.00000000	1349.31276864
1034.00000000	1349.69486670
1036.00000000	1346.94762837
1038.00000000	1357.59847017
1040.00000000	1385.56232375
1042.00000000	1429.60807393
1044.00000000	1446.98664042
1046.00000000	1406.41653329
1048.00000000	1401.67394518
1050.00000000	1419.23669266
1052.00000000	1387.67784207
1054.00000000	1379.48590586
1056.00000000	1384.41318092
1058.00000000	1343.56215260
1060.00000000	1329.50884813
1062.00000000	1345.97538014
1064.00000000	1336.08346825
1066.00000000	1305.56375765
1068.00000000	1300.34871169
1070.00000000	1344.33125489
1072.00000000	1325.70213734
1074.00000000	1265.85059288
1076.00000000	1277.03733677
1078.00000000	1329.93925555
1080.00000000	1372.04430975
1082.00000000	1369.56785996
1084.00000000	1333.78054992
1086.00000000	1313.52772981
1088.00000000	1345.01940091
1090.00000000	1355.35834076
1092.00000000	1337.83343655
1094.00000000	1332.69223708
1096.00000000	1309.73846440
1098.00000000	1298.90957894
1100.00000000	1338.71076013
1102.00000000	1327.24960429
1104.00000000	1297.71309793
1106.00000000	1344.63197120
1108.00000000	1384.29858955
1110.00000000	1387.95628960
1112.00000000	1377.72121789
1114.00000000	1340.22480697
1116.00000000	1325.00657140
1118.00000000	1376.73629350
1120.00000000	1403.56580800
1122.00000000	1402.94529668
1124.00000000	1422.98304474
1126.00000000	1449.19634235
1128.00000000	1494.79143304
1130.00000000	1552.70555686
1132.00000000	1522.12478762
1134.00000000	1428.19501056
1136.00000000	1345.88336718
1138.00000000	1274.33185896
1140.00000000	1248.16545290
1142.00000000	1286.20937681
1144.00000000	1323.87125733
1146.00000000	1330.08980189
1148.00000000	1306.93481091
1150.00000000	1273.12086845
1152.00000000	1234.67055696
1154.00000000	1205.72362763
1156.00000000	1220.17608127
1158.00000000	1256.86528580
1160.00000000	1269.57797437
1162.00000000	1234.22957141
1164.00000000	1261.02285022
1166.00000000	1347.64277747
1168.00000000	1302.68204379
1170.00000000	1289.84849147
1172.00000000	1371.03025502
1174.00000000	1338.77039812
1176.00000000	1289.56803749
1178.00000000	1292.23816821
1180.00000000	1268.36171877
1182.00000000	1237.56086360
1184.00000000	1234.02473574
1186.00000000	1259.74911089
1188.00000000	1265.88034084
1190.00000000	1242.72518036
1192.00000000	1225.58068173
1194.00000000	1224.42924210
1196.00000000	1229.72919007
1198.00000000	1237.63557247
1200.00000000	1292.80076084
1202.00000000	1341.83982502
1204.00000000	1306.73386242
1206.00000000	1271.47739812
1208.00000000	1292.10220244
1210.00000000	1344.47318090
1212.00000000	1321.74065150
1214.00000000	1287.13122170
1216.00000000	1332.27454105
1218.00000000	1386.77875430
1220.00000000	1423.93272826
1222.00000000	1435.08569198
1224.00000000	1398.74920084
1226.00000000	1395.64796694
1228.00000000	1446.03044207
1230.00000000	1437.81124834
1232.00000000	1443.79588257
1234.00000000	1491.35119706
1236.00000000	1479.70606503
1238.00000000	1452.59466024
1240.00000000	1445.86133656
1242.00000000	1439.14970471
1244.00000000	1441.76923763
1246.00000000	1455.05544167
1248.00000000	1462.77452907
1250.00000000	1444.15585492
1252.00000000	1400.47277865
1254.00000000	1360.25596147
1256.00000000	1370.39689900
1258.00000000	1401.56817259
1260.00000000	1405.13759691
1262.00000000	1407.66538428
1264.00000000	1401.98533613
1266.00000000	1379.09729353
1268.00000000	1370.84013183
1270.00000000	1386.74763560
1272.00000000	1405.78765847
1274.00000000	1390.86541583
1276.00000000	1376.03377820
1278.00000000	1379.87814678
1280.00000000	1372.66845144
1282.00000000	1354.77811212
1284.00000000	1354.35907407
1286.00000000	1395.15757154
1288.00000000	1417.87492879
1290.00000000	1399.45076260
1292.00000000	1377.10018339
1294.00000000	1416.08768155
1296.00000000	1473.06123652
1298.00000000	1476.42238027
1300.00000000	1468.04205302
1302.00000000	1473.07198385
1304.00000000	1499.69472641
1306.00000000	1551.65630644
1308.00000000	1585.05825752
1310.00000000	1582.64307668
1312.00000000	1582.70497623
1314.00000000	1556.01761199
1316.00000000	1513.43632430
1318.00000000	1517.18849244
1320.00000000	1535.47002825
1322.00000000	1509.10547120
1324.00000000	1432.41958559
1326.00000000	1454.68159561
1328.00000000	1517.13893675
1330.00000000	1491.54864512
1332.00000000	1479.52586593
1334.00000000	1521.95235498
1336.00000000	1570.94370034
1338.00000000	1538.75655076
1340.00000000	1508.24314289
1342.00000000	1515.63526440
1344.00000000	1459.57835520
1346.00000000	1389.69079994
1348.00000000	1366.94751282
1350.00000000	1384.13467722
1352.00000000	1350.44385823
1354.00000000	1322.94813332
1356.00000000	1397.70249263
1358.00000000	1420.67171398
1360.00000000	1391.39457505
1362.00000000	1392.38906721
1364.00000000	1417.10010576
1366.00000000	1390.29988698
1368.00000000	1325.42394261
1370.00000000	1362.17670618
1372.00000000	1388.18115671
1374.00000000	1346.67045852
1376.00000000	1323.91926553
1378.00000000	1323.11383817
1380.00000000	1326.10317210
1382.00000000	1325.01413434
1384.00000000	1335.17640343
1386.00000000	1343.73254956
1388.00000000	1334.87655367
1390.00000000	1323.56622359
1392.00000000	1299.74813862
1394.00000000	1263.81760724
1396.00000000	1247.66733917
1398.00000000	1267.32119378
1400.00000000	1286.38465627
1402.00000000	1259.99887936
1404.00000000	1278.44091645
1406.00000000	1288.53349357
1408.00000000	1207.24322301
1410.00000000	1194.13843754
1412.00000000	1233.76517251
1414.00000000	1246.53663012
1416.00000000	1245.49607095
1418.00000000	1215.92909520
1420.00000000	1183.77604470
1422.00000000	1214.21222735
1424.00000000	1245.08516065
1426.00000000	1246.23707815
1428.00000000	1251.20615461
1430.00000000	1293.34295477
1432.00000000	1307.49753758
1434.00000000	1249.31908968
1436.00000000	1225.51324566
1438.00000000	1236.51354133
1440.00000000	1254.86865286
1442.00000000	1292.49375850
1444.00000000	1362.00430296
1446.00000000	1405.30675506
1448.00000000	1358.31989856
1450.00000000	1343.45988802
1452.00000000	1384.75630032
1454.00000000	1405.77502899
1456.00000000	1338.41818078
1458.00000000	1300.24210846
1460.00000000	1349.09246365
1462.00000000	1363.30249865
1464.00000000	1366.27321731
1466.00000000	1359.44276999
1468.00000000	1311.85162706
1470.00000000	1305.83743942
1472.00000000	1332.52288994
1474.00000000	1342.09045698
1476.00000000	1353.93171745
1478.00000000	1338.21133924
1480.00000000	1310.61582511
1482.00000000	1349.10468832
1484.00000000	1360.08343021
1486.00000000	1319.73747797
1488.00000000	1292.84804183
1490.00000000	1267.08663930
1492.00000000	1235.04224515
1494.00000000	1202.44762987
1496.00000000	1173.48648603
1498.00000000	1137.12334008
1500.00000000	1104.92262155
1502.00000000	1107.46822907
1504.00000000	1106.92291215
1506.00000000	1101.86185802
1508.00000000	1116.13288367
1510.00000000	1123.10399738
1512.00000000	1115.58343617
1514.00000000	1109.18880255
1516.00000000	1120.96782199
1518.00000000	1110.40981071
1520.00000000	1090.39336919
1522.00000000	1113.17369322
1524.00000000	1106.90596793
1526.00000000	1098.30310539
1528.00000000	1130.38478773
1530.00000000	1114.07113476
1532.00000000	1077.40212376
1534.00000000	1068.65375971
1536.00000000	1083.17246204
1538.00000000	1113.36803113
1540.00000000	1130.69831770
1542.00000000	1113.62373387
1544.00000000	1102.40157364
1546.00000000	1116.80946527
1548.00000000	1142.35052947
1550.00000000	1147.02860609
1552.00000000	1153.34010756
1554.00000000	1170.51004949
1556.00000000	1186.17413920
1558.00000000	1216.16787035
1560.00000000	1228.19710388
1562.00000000	1212.48588804
1564.00000000	1242.82146939
1566.00000000	1263.19668532
1568.00000000	1267.91651371
1570.00000000	1320.81979234
1572.00000000	1317.69647576
1574.00000000	1307.53012496
1576.00000000	1368.43051420
1578.00000000	1377.79768417
1580.00000000	1400.26641361
1582.00000000	1460.05359303
1584.00000000	1447.82554109
1586.00000000	1399.82787854
1588.00000000	1357.91129456
1590.00000000	1326.22860660
1592.00000000	1286.95727603
1594.00000000	1249.38363648
1596.00000000	1214.33744923
1598.00000000	1171.80358791
1600.00000000	1191.06913286
1602.00000000	1242.36928322
1604.00000000	1244.09812128
1606.00000000	1230.10980800
1608.00000000	1228.76648938
1610.00000000	1231.73748314
1612.00000000	1208.97550274
1614.00000000	1190.27236079
1616.00000000	1194.29674041
1618.00000000	1207.25273741
1620.00000000	1199.89216595
1622.00000000	1181.50570273
1624.00000000	1168.63138296
1626.00000000	1158.92018502
1628.00000000	1149.32057403
1630.00000000	1140.49377639
1632.00000000	1138.43985699
1634.00000000	1147.78912158
1636.00000000	1118.34400040
1638.00000000	1076.02830423
1640.00000000	1134.34021236
1642.00000000	1187.69877083
1644.00000000	1198.08217347
1646.00000000	1209.83085981
1648.00000000	1218.47251965
1650.00000000	1209.60030487
1652.00000000	1199.77667792
1654.00000000	1223.28514274
1656.00000000	1228.44794470
1658.00000000	1242.42757060
1660.00000000	1286.82011685
1662.00000000	1249.13998696
1664.00000000	1233.50897396
1666.00000000	1282.66096300
1668.00000000	1296.14845005
1670.00000000	1316.37198384
1672.00000000	1301.59277647
1674.00000000	1226.64881103
1676.00000000	1214.98554817
1678.00000000	1237.04066849
1680.00000000	1242.17105173
1682.00000000	1229.17212945
1684.00000000	1216.31068087
1686.00000000	1213.97175279
1688.00000000	1202.90783030
1690.00000000	1151.81712897
1692.00000000	1141.35724490
1694.00000000	1150.69900734
1696.00000000	1110.32416838
1698.00000000	1108.84794110
1700.00000000	1100.69925827
1702.00000000	1100.69925827
1704.00000000	1100.69925827
1706.00000000	1100.69925827
1708.00000000	1100.69925827
1710.00000000	1100.69925827
1712.00000000	1100.69925827
1714.00000000	1100.69925827
1716.00000000	999.78416053
1718.00000000	989.85827698
1720.00000000	966.45409800
1722.00000000	957.88657533
1724.00000000	979.73021410
1726.00000000	959.45359090
1728.00000000	949.31611367
1730.00000000	975.76740061
1732.00000000	1000.46617095
1734.00000000	976.70310695
1736.00000000	954.70582671
1738.00000000	960.61800341
1740.00000000	955.92786851
1742.00000000	956.42954895
1744.00000000	967.94543471
1746.00000000	980.70552657
1748.00000000	982.17597815
1750.00000000	957.57854054
1752.00000000	936.77887346
1754.00000000	944.16587803
1756.00000000	914.42008906
1758.00000000	936.78355281
1760.00000000	1009.35961595
1762.00000000	988.76519348
1764.00000000	961.98892664
1766.00000000	971.75426367
1768.00000000	981.49151321
1770.00000000	949.80248556
1772.00000000	942.14895066
1774.00000000	958.83811814
1776.00000000	953.98515249
1778.00000000	968.26503158
1780.00000000	974.89867337
1782.00000000	954.35361344
1784.00000000	939.02141547
1786.00000000	957.58570992
1788.00000000	960.19773973
1790.00000000	919.71650506
1792.00000000	903.76323129
1794.00000000	919.72924840
1796.00000000	954.81898892
1798.00000000	980.82832114
1800.00000000	956.91153672
1802.00000000	954.04773661
1804.00000000	984.32921635
1806.00000000	981.10935963
1808.00000000	956.78729206
1810.00000000	943.14395299
1812.00000000	941.28490699
1814.00000000	925.12998559
1816.00000000	927.09834902
1818.00000000	946.52000117
1820.00000000	961.52799831
1822.00000000	970.88287403
1824.00000000	987.14127771
1826.00000000	990.13066931
1828.00000000	972.89203356
1830.00000000	1000.55786032
1832.00000000	1001.58735277
1834.00000000	973.74253271
1836.00000000	990.97039474
1838.00000000	980.03109197
1840.00000000	957.18931595
1842.00000000	961.88643323
1844.00000000	975.57839311
1846.00000000	946.99933068
1848.00000000	922.50996844
1850.00000000	925.43841516
1852.00000000	886.75094985
1854.00000000	927.17447571
1856.00000000	980.48819114
1858.00000000	937.66248834
1860.00000000	937.14540102
1862.00000000	984.20509433
1864.00000000	1009.96989796
1866.00000000	980.97024464
1868.00000000	971.35163184
1870.00000000	982.53131624
1872.00000000	979.14436107
1874.00000000	953.76598020
1876.00000000	964.20864250
1878.00000000	983.98449821
1880.00000000	986.10943119
1882.00000000	990.18114431
1884.00000000	976.91448633
1886.00000000	989.75737271
1888.00000000	1028.52037659
1890.00000000	1000.24580777
1892.00000000	943.95939347
1894.00000000	940.55632339
1896.00000000	980.50163193
1898.00000000	946.37031125
1900.00000000	945.75941098
1902.00000000	962.15941612
1904.00000000	933.94140649
1906.00000000	966.16785092
1908.00000000	983.58630291
1910.00000000	958.02248712
1912.00000000	947.42094524
1914.00000000	969.80214515
1916.00000000	991.67038434
1918.00000000	997.53438943
1920.00000000	995.26726009
1922.00000000	973.33339905
1924.00000000	971.34111112
1926.00000000	1000.27082188
1928.00000000	1013.42286104
1930.00000000	973.44758838
1932.00000000	957.74585663
1934.00000000	989.04427404
1936.00000000	996.66050212
1938.00000000	1000.03317992
1940.00000000	994.26433551
1942.00000000	978.50927028
1944.00000000	978.34992667
1946.00000000	999.30953312
1948.00000000	1031.28410091
1950.00000000	1038.72599444
1952.00000000	995.69272948
1954.00000000	984.29607681
1956.00000000	977.55083005
1958.00000000	958.15722855
1960.00000000	991.08670459
1962.00000000	1004.53685372
1964.00000000	982.66912898
1966.00000000	973.27441747
1968.00000000	1010.77369646
1970.00000000	1034.21587177
1972.00000000	1021.79251647
1974.00000000	1010.56103730
1976.00000000	1032.37354405
1978.00000000	1000.29730645
1980.00000000	989.15788084
1982.00000000	1041.14626702
1984.00000000	1018.66774157
1986.00000000	1010.94511477
1988.00000000	1022.87347736
1990.00000000	1018.46259345
1992.00000000	1026.53614038
1994.00000000	1003.94645796
1996.00000000	985.29905788
1998.00000000	1001.38468816
2000.00000000	996.51104403
2002.00000000	985.64145795
2004.00000000	992.70743413
2006.00000000	1007.80566597
2008.00000000	999.28451059
2010.00000000	1003.11097359
2012.00000000	1011.01570479
2014.00000000	1008.48627329
2016.00000000	1014.20064980
2018.00000000	997.41399161
2020.00000000	1007.72602926
2022.00000000	1045.26153289
2024.00000000	1008.95036615
2026.00000000	973.99477228
2028.00000000	978.00843504
2030.00000000	1001.60320154
2032.00000000	1013.88933962
2034.00000000	996.93448134
2036.00000000	995.02065457
2038.00000000	1023.56132868
2040.00000000	1034.93575021
2042.00000000	1033.23187322
2044.00000000	1026.39873928
2046.00000000	1018.48183157
2048.00000000	1018.62426011
2050.00000000	1043.76367405
2052.00000000	1058.27208502
2054.00000000	1034.66038591
2056.00000000	998.50598132
2058.00000000	1005.56325088
2060.00000000	1044.78321075
2062.00000000	1077.67051756
2064.00000000	1079.59787993
2066.00000000	1052.65436569
2068.00000000	1020.78152547
2070.00000000	1029.15645431
2072.00000000	1074.62680931
2074.00000000	1054.12737800
2076.00000000	1022.87239924
2078.00000000	1007.60036234
2080.00000000	998.51645940
2082.00000000	1030.79627000
2084.00000000	1035.38294301
2086.00000000	1018.99048225
2088.00000000	1033.45803139
2090.00000000	1069.61422224
2092.00000000	1101.40468103
2094.00000000	1083.18047039
2096.00000000	1026.27174458
2098.00000000	1017.36025577
2100.00000000	1060.51344698
2102.00000000	1081.53057232
2104.00000000	1058.44625067
2106.00000000	1052.92598405
2108.00000000	1062.79603963
2110.00000000	1061.51827378
2112.00000000	1044.89946855
2114.00000000	1032.33641033
2116.00000000	1029.48703414
2118.00000000	1040.85152593
2120.00000000	1031.36932763
2122.00000000	1014.04161356
2124.00000000	1098.90450898
2126.00000000	1065.95507964
2128.00000000	1012.49357582
2130.00000000	1099.73963769
2132.00000000	1118.59524864
2134.00000000	1091.42719745
2136.00000000	1074.75100930
2138.00000000	1071.81192619
2140.00000000	1061.10917671
2142.00000000	1070.47370523
2144.00000000	1073.46142877
2146.00000000	1058.31835669
2148.00000000	1049.34079646
2150.00000000	1035.08941657
2152.00000000	1044.01334520
2154.00000000	1062.37573802
2156.00000000	1054.89433392
2158.00000000	1050.52286116
2160.00000000	1065.94158161
2162.00000000	1077.67820616
2164.00000000	1065.25444079
2166.00000000	1055.73022284
2168.00000000	1082.07489845
2170.00000000	1077.72152827
2172.00000000	1049.80977930
2174.00000000	1092.68969822
2176.00000000	1112.42542661
2178.00000000	1133.37473547
2180.00000000	1127.68095282
2182.00000000	1058.80533803
2184.00000000	1068.79435901
2186.00000000	1069.07069918
2188.00000000	1045.88522575
2190.00000000	1072.22780413
2192.00000000	1132.23184944
2194.00000000	1096.09818231
2196.00000000	1061.54353007
2198.00000000	1089.86308536
2200.00000000	1081.55806078
2202.00000000	1085.33079732
2204.00000000	1080.75907692
2206.00000000	1080.12532076
2208.00000000	1110.31004574
2210.00000000	1113.06463806
2212.00000000	1120.04673855
2214.00000000	1128.27586134
2216.00000000	1095.11049928
2218.00000000	1035.38314601
2220.00000000	1094.19023409
2222.00000000	1153.17057876
2224.00000000	1137.42196406
2226.00000000	1133.38822589
2228.00000000	1127.64319007
2230.00000000	1088.67865457
2232.00000000	1036.76044161
2234.00000000	1044.44769363
2236.00000000	1138.40682970
2238.00000000	1134.25424630
2240.00000000	1110.48777275
2242.00000000	1117.22691329
2244.00000000	1066.98409789
2246.00000000	1098.23014391
2248.00000000	1133.50165190
2250.00000000	1118.36529170
2252.00000000	1104.25068012
2254.00000000	1121.98572847
2256.00000000	1110.89816784
2258.00000000	1116.63018625
2260.00000000	1152.92181180
2262.00000000	1148.07653311
2264.00000000	1147.70410880
2266.00000000	1148.60946646
2268.00000000	1126.50492642
2270.00000000	1114.88426653
2272.00000000	1179.41718050
2274.00000000	1167.93180127
2276.00000000	1123.15795056
2278.00000000	1138.53134400
2280.00000000	1171.40774287
2282.00000000	1150.19837783
2284.00000000	1115.29738764
2286.00000000	1112.08757024
2288.00000000	1120.84829664
2290.00000000	1104.00916550
2292.00000000	1141.82023698
2294.00000000	1142.27753375
2296.00000000	1083.74256068
2298.00000000	1089.17036655
2300.00000000	1129.28238128
2302.00000000	1111.00323808
2304.00000000	1120.44613996
2306.00000000	1185.35452828
2308.00000000	1134.83761723
2310.00000000	1129.38184133
2312.00000000	1143.22815691
2314.00000000	1131.54905234
2316.00000000	1132.07551633
2318.00000000	1140.44443561
2320.00000000	1174.29593991
2322.00000000	1181.80620048
2324.00000000	1154.46585717
2326.00000000	1170.86075427
2328.00000000	1208.71239274
2330.00000000	1187.72913959
2332.00000000	1159.08215450
2334.00000000	1188.85798323
2336.00000000	1192.05175666
2338.00000000	1177.62710390
2340.00000000	1142.84964326
2342.00000000	1125.06374839
2344.00000000	1153.81348586
2346.00000000	1147.57633519
2348.00000000	1186.62392129
2350.00000000	1212.55624331
2352.00000000	1173.55291544
2354.00000000	1158.09151370
2356.00000000	1165.12006597
2358.00000000	1166.95399682
2360.00000000	1162.19649426
2362.00000000	1141.65343681
2364.00000000	1090.26748981
2366.00000000	1118.35710218
2368.00000000	1157.15213654
2370.00000000	1168.33566665
2372.00000000	1188.33365445
2374.00000000	1176.05613336
2376.00000000	1165.10576600
2378.00000000	1143.84258593
2380.00000000	1118.84017861
2382.00000000	1139.16858868
2384.00000000	1186.34444789
2386.00000000	1178.02811314
2388.00000000	1166.01494866
2390.00000000	1166.67550796
2392.00000000	1105.78589582
2394.00000000	1123.71341351
2396.00000000	1172.93624863
2398.00000000	1171.17147876
2400.00000000	1146.31572099
2402.00000000	1169.96735294
2404.00000000	1149.39678626
2406.00000000	1159.98252834
2408.00000000	1185.30709379
2410.00000000	1148.61804316
2412.00000000	1125.96577314
2414.00000000	1144.17243201
2416.00000000	1213.50204935
2418.00000000	1239.60191592
2420.00000000	1164.52590442
2422.00000000	1141.02295987
2424.00000000	1142.72406783
2426.00000000	1166.87748805
2428.00000000	1194.84131121
2430.00000000	1194.99048927
2432.00000000	1216.47628592
2434.00000000	1234.28643594
2436.00000000	1168.40674722
2438.00000000	1109.34075812
2440.00000000	1185.78101818
2442.00000000	1198.91910537
2444.00000000	1183.16075623
2446.00000000	1193.81739720
2448.00000000	1205.97517780
2450.00000000	1186.65782127
2452.00000000	1183.00161579
2454.00000000	1189.80707599
2456.00000000	1215.13605913
2458.00000000	1217.30963580
2460.00000000	1160.48773517
2462.00000000	1177.52643056
2464.00000000	1171.21016244
2466.00000000	1164.27209001
2468.00000000	1194.02429069
2470.00000000	1198.17272895
2472.00000000	1206.88259078
2474.00000000	1182.56460453
2476.00000000	1188.76644129
2478.00000000	1213.83708944
2480.00000000	1152.30876461
2482.00000000	1121.78609649
2484.00000000	1164.50723721
2486.00000000	1242.25959788
2488.00000000	1270.98690859
2490.00000000	1228.60395562
2492.00000000	1235.95985423
2494.00000000	1208.09634961
2496.00000000	1184.68321219
2498.00000000	1188.11267276
2500.00000000	1169.23554042
2502.00000000	1217.76647936
2504.00000000	1207.05403605
2506.00000000	1186.27745836
2508.00000000	1220.44523960
2510.00000000	1234.66319110
2512.00000000	1194.17387584
2514.00000000	1214.45011172
2516.00000000	1260.71728540
2518.00000000	1250.84119122
2520.00000000	1211.46880100
2522.00000000	1222.03162181
2524.00000000	1205.60403457
2526.00000000	1180.96672392
2528.00000000	1181.56180694
2530.00000000	1197.16982745
2532.00000000	1210.46833243
2534.00000000	1172.55913352
2536.00000000	1190.72211249
2538.00000000	1276.47047216
2540.00000000	1287.35209771
2542.00000000	1187.94571729
2544.00000000	1236.34884146
2546.00000000	1236.10562192
2548.00000000	1195.26845530
2550.00000000	1222.91168044
2552.00000000	1212.69665623
2554.00000000	1184.52990344
2556.00000000	1213.22920403
2558.00000000	1196.62670658
2560.00000000	1147.18754516
2562.00000000	1189.12905057
2564.00000000	1175.64064308
2566.00000000	1206.79131575
2568.00000000	1214.03027815
2570.00000000	1191.45447741
2572.00000000	1221.43119086
2574.00000000	1233.93461579
2576.00000000	1255.97851750
2578.00000000	1227.93111838
2580.00000000	1188.48516015
2582.00000000	1191.46723141
2584.00000000	1176.41893715
2586.00000000	1192.65422801
2588.00000000	1248.57835316
2590.00000000	1250.10646236
2592.00000000	1201.18178783
2594.00000000	1195.97109498
2596.00000000	1164.86654961
2598.00000000	1179.88075703
2600.00000000	1213.27513329
2602.00000000	1213.32678796
2604.00000000	1188.52368799
2606.00000000	1170.31390425
2608.00000000	1205.93629003
2610.00000000	1229.40135751
2612.00000000	1225.60489223
2614.00000000	1235.96226331
2616.00000000	1249.88681972
2618.00000000	1217.93896121
2620.00000000	1200.46560417
2622.00000000	1214.10379972
2624.00000000	1217.94181230
2626.00000000	1210.29546586
2628.00000000	1230.77557239
2630.00000000	1182.39884563
2632.00000000	1226.51743329
2634.00000000	1286.40638567
2636.00000000	1229.76645808
2638.00000000	1206.79084560
2640.00000000	1234.78228136
2642.00000000	1255.72044490
2644.00000000	1240.79961442
2646.00000000	1209.59634004
2648.00000000	1177.65881199
2650.00000000	1137.66325520
2652.00000000	1159.52537540
2654.00000000	1253.11188946
2656.00000000	1261.77548531
2658.00000000	1195.33978982
2660.00000000	1234.95375956
2662.00000000	1203.55362665
2664.00000000	1206.43198886
2666.00000000	1242.68934217
2668.00000000	1270.13601383
2670.00000000	1290.49634947
2672.00000000	1275.17899739
2674.00000000	1223.13465968
2676.00000000	1164.39993204
2678.00000000	1212.11132565
2680.00000000	1281.49110018
2682.00000000	1229.16313223
2684.00000000	1266.90068386
2686.00000000	1279.34408323
2688.00000000	1264.50495327
2690.00000000	1263.93009516
2692.00000000	1274.44496287
2694.00000000	1278.27355479
2696.00000000	1252.94589483
2698.00000000	1233.73221695
2700.00000000	1237.10235702
2702.00000000	1251.00202507
2704.00000000	1250.28804225
2706.00000000	1232.75595126
2708.00000000	1254.25207097
2710.00000000	1246.71700530
2712.00000000	1227.82887797
2714.00000000	1251.18181957
2716.00000000	1271.53304971
2718.00000000	1244.27326879
2720.00000000	1346.11317173
2722.00000000	1354.23409671
2724.00000000	1269.51190663
2726.00000000	1262.34860697
2728.00000000	1317.26807337
2730.00000000	1318.99246660
2732.00000000	1293.87408893
2734.00000000	1263.57329852
2736.00000000	1263.10050014
2738.00000000	1303.73960416
2740.00000000	1333.31332700
2742.00000000	1307.43034348
2744.00000000	1263.62053746
2746.00000000	1212.30118761
2748.00000000	1220.76740959
2750.00000000	1280.48188539
2752.00000000	1287.43052780
2754.00000000	1290.72517536
2756.00000000	1286.24306792
2758.00000000	1278.77101344
2760.00000000	1304.01930216
2762.00000000	1327.43160111
2764.00000000	1281.86995427
2766.00000000	1250.51068445
2768.00000000	1241.22918046
2770.00000000	1209.41839300
2772.00000000	1220.25366479
2774.00000000	1261.74886123
2776.00000000	1234.23038468
2778.00000000	1266.47504508
2780.00000000	1266.72441410
2782.00000000	1260.56017941
2784.00000000	1248.16211318
2786.00000000	1247.41513798
2788.00000000	1287.04234716
2790.00000000	1244.16887707
2792.00000000	1265.14677004
2794.00000000	1283.76297787
2796.00000000	1255.14654652
2798.00000000	1231.89130434
2800.00000000	1234.85899882
2802.00000000	1240.59519102
2804.00000000	1243.12019955
2806.00000000	1259.13089486
2808.00000000	1291.46958692
2810.00000000	1281.18750626
2812.00000000	1230.35568349
2814.00000000	1261.73727206
2816.00000000	1282.08180612
2818.00000000	1284.93476869
2820.00000000	1267.46172411
2822.00000000	1254.36779916
2824.00000000	1260.03265459
2826.00000000	1250.86174014
2828.00000000	1287.18880388
2830.00000000	1293.08344151
2832.00000000	1349.36890830
2834.00000000	1372.19480847
2836.00000000	1319.23339707
2838.00000000	1373.36590595
2840.00000000	1425.12623319
2842.00000000	1460.50638765
2844.00000000	1469.53084486
2846.00000000	1502.66979818
2848.00000000	1542.57124887
2850.00000000	1547.26336104
2852.00000000	1607.35689079
2854.00000000	1605.30638462
2856.00000000	1652.50342818
2858.00000000	1761.06336766
2860.00000000	1783.92100305
2862.00000000	1732.19214961
2864.00000000	1801.86934030
2866.00000000	1904.40548755
2868.00000000	1950.75178142
2870.00000000	2053.26498476
2872.00000000	2140.25418255
2874.00000000	2165.46143110
2876.00000000	2211.98548410
2878.00000000	2175.16361051
2880.00000000	2242.56092765
2882.00000000	2166.83260790
2884.00000000	2115.77732021
2886.00000000	2210.99212895
2888.00000000	2259.61082660
2890.00000000	2250.90967636
2892.00000000	2286.38370081
2894.00000000	2277.12225230
2896.00000000	2317.08277507
2898.00000000	2331.54335758
2900.00000000	2302.00571280
2902.00000000	2377.94841176
2904.00000000	2468.16650015
2906.00000000	2468.32481434
2908.00000000	2458.33660831
2910.00000000	2513.04000596
2912.00000000	2580.30638889
2914.00000000	2597.06894845
2916.00000000	2615.79172064
2918.00000000	2728.72143253
2920.00000000	2911.29465884
2922.00000000	2888.48889007
2924.00000000	2927.19029236
2926.00000000	3021.88391711
2928.00000000	2972.61524202
2930.00000000	3057.96594741
2932.00000000	3191.02556102
2934.00000000	3133.73278984
2936.00000000	3114.99193212
2938.00000000	3096.69292751
2940.00000000	3007.76836447
2942.00000000	2952.01363802
2944.00000000	2897.88653356
2946.00000000	2863.66219675
2948.00000000	2760.06410717
2950.00000000	2744.20987440
2952.00000000	2719.48713413
2954.00000000	2580.06742340
2956.00000000	2469.61642189
2958.00000000	2470.50540772
2960.00000000	2542.91579177
2962.00000000	2521.08156975
2964.00000000	2491.88415646
2966.00000000	2474.86888996
2968.00000000	2405.52539353
2970.00000000	2322.10179268
2972.00000000	2291.40453951
2974.00000000	2275.09004967
2976.00000000	2273.92471398
2978.00000000	2246.33720517
2980.00000000	2194.64031447
2982.00000000	2117.16386941
2984.00000000	2052.64902159
2986.00000000	2049.70166851
2988.00000000	1942.91401278
2990.00000000	1946.18441106
2992.00000000	1938.36448932
2994.00000000	1871.17230687
2996.00000000	1762.01718399
2998.00000000	1665.25425787
3000.00000000	1685.73517957
3002.00000000	1671.01231358
3004.00000000	1660.30444677
3006.00000000	1584.77001090
3008.00000000	1547.58489306
3010.00000000	1512.92446858
3012.00000000	1478.32934663
3014.00000000	1549.72628363
3016.00000000	1489.66125015
3018.00000000	1464.62051550
3020.00000000	1462.90851918
3022.00000000	1414.02381684
3024.00000000	1401.71145175
3026.00000000	1391.93506921
3028.00000000	1334.79807701
3030.00000000	1389.65461652
3032.00000000	1343.15898481
3034.00000000	1378.37609365
3036.00000000	1379.64125525
3038.00000000	1403.01133119
3040.00000000	1433.64931236
3042.00000000	1376.27900128
3044.00000000	1357.16389947
3046.00000000	1358.31577636
3048.00000000	1344.60428036
3050.00000000	1374.20057098
3052.00000000	1372.54119176
3054.00000000	1352.05597352
3056.00000000	1359.13170542
3058.00000000	1394.58479515
3060.00000000	1481.10891173
3062.00000000	1483.01420853
3064.00000000	1469.87676075
3066.00000000	1431.16686486
3068.00000000	1392.68024279
3070.00000000	1398.63046479
3072.00000000	1403.47295508
3074.00000000	1354.73041576
3076.00000000	1312.70545144
3078.00000000	1307.45711568
3080.00000000	1327.13326434
3082.00000000	1304.50814875
3084.00000000	1323.34700028
3086.00000000	1322.89334651
3088.00000000	1284.86995015
3090.00000000	1365.71632133
3092.00000000	1367.64540441
3094.00000000	1341.13901865
3096.00000000	1291.01997636
3098.00000000	1278.24141745
3100.00000000	1288.03868313
3102.00000000	1287.27491390
3104.00000000	1274.12948099
3106.00000000	1262.45188261
3108.00000000	1316.47848864
3110.00000000	1317.15860471
3112.00000000	1313.55555046
3114.00000000	1353.55843481
3116.00000000	1335.31636197
3118.00000000	1279.02167729
3120.00000000	1287.63408243
3122.00000000	1310.72476033
3124.00000000	1329.99841050
3126.00000000	1357.11943929
3128.00000000	1328.52142810
3130.00000000	1310.59218377
3132.00000000	1320.69687774
3134.00000000	1312.20308167
3136.00000000	1319.41815161
3138.00000000	1336.06716493
3140.00000000	1268.31310930
3142.00000000	1318.77239253
3144.00000000	1287.69394404
3146.00000000	1329.27448493
3148.00000000	1372.62345412
3150.00000000	1348.88949756
3152.00000000	1336.65983501
3154.00000000	1317.49918717
3156.00000000	1283.22144293
3158.00000000	1288.65643217
3160.00000000	1256.92597348
3162.00000000	1290.77921782
3164.00000000	1317.41482649
3166.00000000	1289.00458946
3168.00000000	1255.05357732
3170.00000000	1265.00368322
3172.00000000	1324.05745377
3174.00000000	1309.75372367
3176.00000000	1195.74482288
3178.00000000	1312.69728491
3180.00000000	1323.09383884
3182.00000000	1266.21709933
3184.00000000	1261.82759850
3186.00000000	1295.45503208
3188.00000000	1354.58273084
3190.00000000	1315.03976012
3192.00000000	1309.08418136
3194.00000000	1344.98076257
3196.00000000	1292.71683678
3198.00000000	1284.21849403
3200.00000000	1259.38525334
3202.00000000	1271.66612735
3204.00000000	1333.13992275
3206.00000000	1296.08051780
3208.00000000	1316.31182403
3210.00000000	1327.72663767
3212.00000000	1251.21542082
3214.00000000	1259.14831478
3216.00000000	1297.78527736
3218.00000000	1293.95106100
3220.00000000	1276.43809329
3222.00000000	1256.39427193
3224.00000000	1263.79178720
3226.00000000	1310.83564510
3228.00000000	1259.53600017
3230.00000000	1316.14611677
3232.00000000	1383.14467750
3234.00000000	1365.56909268
3236.00000000	1315.72719550
3238.00000000	1309.23579281
3240.00000000	1314.91747967
3242.00000000	1284.23106631
3244.00000000	1289.56578649
3246.00000000	1347.04962312
3248.00000000	1319.82923688
3250.00000000	1309.94751401
3252.00000000	1318.98955117
3254.00000000	1334.92882504
3256.00000000	1320.91203736
3258.00000000	1303.49531127
3260.00000000	1327.64070022
3262.00000000	1342.93545458
3264.00000000	1367.99752298
3266.00000000	1408.32324060
3268.00000000	1383.85272179
3270.00000000	1329.56419316
3272.00000000	1273.99236462
3274.00000000	1298.75026672
3276.00000000	1416.30161406
3278.00000000	1445.84854069
3280.00000000	1371.68831842
3282.00000000	1382.03447656
3284.00000000	1357.96191743
3286.00000000	1419.49378910
3288.00000000	1362.38573774
3290.00000000	1325.56948938
3292.00000000	1387.19157084
3294.00000000	1400.75913431
3296.00000000	1379.48114176
3298.00000000	1408.88502888
3300.00000000	1407.80882444
3302.00000000	1378.09876879
3304.00000000	1400.65063434
3306.00000000	1360.49673485
3308.00000000	1390.29175962
3310.00000000	1407.77224741
3312.00000000	1379.48061527
3314.00000000	1423.01632370
3316.00000000	1446.22346269
3318.00000000	1400.67856679
3320.00000000	1395.93576638
3322.00000000	1426.40672102
3324.00000000	1530.75607570
3326.00000000	1382.88764694
3328.00000000	1351.21475024
3330.00000000	1414.32893218
3332.00000000	1395.44394151
3334.00000000	1392.93852918
3336.00000000	1419.35008998
3338.00000000	1437.20682775
3340.00000000	1453.45829789
3342.00000000	1403.97706944
3344.00000000	1371.25755556
3346.00000000	1402.42874430
3348.00000000	1406.36343989
3350.00000000	1453.85783534
3352.00000000	1410.89112998
3354.00000000	1399.07474691
3356.00000000	1328.71937080
3358.00000000	1346.14723543
3360.00000000	1436.52619752
3362.00000000	1407.00800744
3364.00000000	1468.98115525
3366.00000000	1399.60393927
3368.00000000	1376.18814548
3370.00000000	1341.11050482
3372.00000000	1402.67082005
3374.00000000	1409.92744842
3376.00000000	1376.71042416
3378.00000000	1366.89202288
3380.00000000	1403.87766404
3382.00000000	1425.37956891
3384.00000000	1399.02373874
3386.00000000	1391.09918638
3388.00000000	1346.11642375
3390.00000000	1363.73698099
3392.00000000	1327.30724034
3394.00000000	1398.93773688
3396.00000000	1286.98980800
3398.00000000	1378.13389054
3400.00000000	1397.65955776
3402.00000000	1351.36053780
3404.00000000	1382.11041833
3406.00000000	1347.96356797
3408.00000000	1366.39313700
3410.00000000	1310.64488702
3412.00000000	1252.56524953
3414.00000000	1336.99164998
3416.00000000	1310.74135924
3418.00000000	1321.82563941
3420.00000000	1288.03608777
3422.00000000	1315.55626637
3424.00000000	1343.54460067
3426.00000000	1335.49174581
3428.00000000	1336.74566991
3430.00000000	1316.22416520
3432.00000000	1313.42575898
3434.00000000	1329.03957845
3436.00000000	1353.11488790
3438.00000000	1400.80196358
3440.00000000	1282.10712047
3442.00000000	1320.35674353
3444.00000000	1342.94617267
3446.00000000	1309.83800032
3448.00000000	1297.99585643
3450.00000000	1310.29410904
3452.00000000	1341.10680889
3454.00000000	1359.41224596
3456.00000000	1317.17440903
3458.00000000	1265.37010456
3460.00000000	1309.09330721
3462.00000000	1368.39342481
3464.00000000	1319.24960075
3466.00000000	1301.51604866
3468.00000000	1255.72902914
3470.00000000	1235.18629871
3472.00000000	1299.72895105
3474.00000000	1318.79946057
3476.00000000	1309.17807111
3478.00000000	1299.88005621
3480.00000000	1263.03173815
3482.00000000	1271.72893295
3484.00000000	1289.82404442
3486.00000000	1293.82897725
3488.00000000	1316.22313902
3490.00000000	1235.14184785
3492.00000000	1315.72312031
3494.00000000	1314.59195405
3496.00000000	1292.64023434
3498.00000000	1306.36740522
3500.00000000	1263.63356961
3502.00000000	1265.82876809
3504.00000000	1302.44526521
3506.00000000	1293.93445058
3508.00000000	1302.16795390
3510.00000000	1280.42539032
3512.00000000	1229.61198810
3514.00000000	1286.09371938
3516.00000000	1350.07018607
3518.00000000	1275.37335651
3520.00000000	1232.29826197
3522.00000000	1293.73998909
3524.00000000	1282.02516222
3526.00000000	1274.92537819
3528.00000000	1268.54300262
3530.00000000	1240.29867837
3532.00000000	1260.62233291
3534.00000000	1230.01053054
3536.00000000	1204.45692247
3538.00000000	1273.55318522
3540.00000000	1249.54119611
3542.00000000	1297.72832623
3544.00000000	1307.23201406
3546.00000000	1251.76706366
3548.00000000	1279.43054525
3550.00000000	1209.68849484
3552.00000000	1257.13119961
3554.00000000	1235.42267087
3556.00000000	1268.79595495
3558.00000000	1270.89263952
3560.00000000	1279.53958141
3562.00000000	1269.01932091
3564.00000000	1278.79459968
3566.00000000	1306.14556242
3568.00000000	1260.15530984
3570.00000000	1276.47265082
3572.00000000	1235.83917571
3574.00000000	1323.88159058
3576.00000000	1295.90387609
3578.00000000	1266.03138809
3580.00000000	1200.74872523
3582.00000000	1223.66216646
3584.00000000	1228.74512613
3586.00000000	1189.95167880
3588.00000000	1259.17000273
3590.00000000	1275.01067061
3592.00000000	1207.18581129
3594.00000000	1213.82414439
3596.00000000	1251.85601792
3598.00000000	1290.36660389
3600.00000000	1273.34084402
3602.00000000	1186.54868698
3604.00000000	1241.24761564
3606.00000000	1275.19318426
3608.00000000	1283.47435272
3610.00000000	1271.55599256
3612.00000000	1206.35761704
3614.00000000	1286.47798481
3616.00000000	1220.26640536
3618.00000000	1205.89447722
3620.00000000	1222.86914453
3622.00000000	1250.76529804
3624.00000000	1225.39335575
3626.00000000	1222.65353222
3628.00000000	1262.98137605
3630.00000000	1215.82671143
3632.00000000	1214.51764675
3634.00000000	1255.11889710
3636.00000000	1240.18451702
3638.00000000	1261.53162750
3640.00000000	1159.13682500
3642.00000000	1172.83159970
3644.00000000	1307.62182168
3646.00000000	1270.26038423
3648.00000000	1231.12799512
3650.00000000	1246.36897894
3652.00000000	1193.56441048
3654.00000000	1210.34220713
3656.00000000	1250.80412876
3658.00000000	1275.73865687
3660.00000000	1221.74962984
3662.00000000	1175.06791698
3664.00000000	1200.38858408
3666.00000000	1180.49863563
3668.00000000	1177.34382241
3670.00000000	1218.39425012
3672.00000000	1252.31266847
3674.00000000	1220.56465869
3676.00000000	1150.70411523
3678.00000000	1215.32731565
3680.00000000	1236.20573994
3682.00000000	1218.14520131
3684.00000000	1214.39599713
3686.00000000	1220.71447892
3688.00000000	1207.90698320
3690.00000000	1219.84707722
3692.00000000	1163.73667754
3694.00000000	1140.55275376
3696.00000000	1190.47444417
3698.00000000	1208.40508854
3700.00000000	1175.50309900
3702.00000000	1206.32535394
3704.00000000	1167.30752579
3706.00000000	1197.38563469
3708.00000000	1206.16029441
3710.00000000	1189.90307875
3712.00000000	1186.05986262
3714.00000000	1202.36241214
3716.00000000	1251.81718271
3718.00000000	1209.28210390
3720.00000000	1183.11725588
3722.00000000	1196.81367427
3724.00000000	1170.49289819
3726.00000000	1220.98127739
3728.00000000	1218.78121049
3730.00000000	1269.48545705
3732.00000000	1163.55719511
3734.00000000	1217.27531644
3736.00000000	1125.74256128
3738.00000000	1174.25161501
3740.00000000	1190.18552368
3742.00000000	1214.33172667
3744.00000000	1188.55513873
3746.00000000	1170.27792563
3748.00000000	1195.32829177
3750.00000000	1229.21108841
3752.00000000	1303.60341079
3754.00000000	1188.36022928
3756.00000000	1143.65756817
3758.00000000	1200.59577967
3760.00000000	1232.88587812
3762.00000000	1204.48030492
3764.00000000	1178.85946280
3766.00000000	1192.00285896
3768.00000000	1206.83618644
3770.00000000	1207.06431623
3772.00000000	1187.95835764
3774.00000000	1168.92587285
3776.00000000	1167.86786098
3778.00000000	1205.03026790
3780.00000000	1166.66923323
3782.00000000	1195.94347607
3784.00000000	1199.68012147
3786.00000000	1202.59157512
3788.00000000	1194.65538830
3790.00000000	1203.64635240
3792.00000000	1160.12837476
3794.00000000	1224.48537465
3796.00000000	1200.36967777
3798.00000000	1149.62227223
3800.00000000	1196.73932717
