400.00000000	869.73839254
402.00000000	856.83022181
404.00000000	887.22755972
406.00000000	903.61795670
408.00000000	863.93935205
410.00000000	865.06794922
412.00000000	906.97901961
414.00000000	891.47649537
416.00000000	858.56901543
418.00000000	865.34816545
420.00000000	898.76017467
422.00000000	917.60432817
424.00000000	889.62340089
426.00000000	873.67567350
428.00000000	884.42821576
430.00000000	858.20063988
432.00000000	836.66904855
434.00000000	868.29577028
436.00000000	875.47974459
438.00000000	846.96179099
440.00000000	841.76269186
442.00000000	851.36090161
444.00000000	858.19425078
446.00000000	869.15919263
448.00000000	869.92049169
450.00000000	845.61122834
452.00000000	832.75676860
454.00000000	844.85921562
456.00000000	856.83625966
458.00000000	862.74155101
460.00000000	864.29779604
462.00000000	859.73038786
464.00000000	851.54945563
466.00000000	845.08563116
468.00000000	841.17414421
470.00000000	845.56880729
472.00000000	868.77645001
474.00000000	882.38401943
476.00000000	863.05676916
478.00000000	856.42423285
480.00000000	865.74384653
482.00000000	855.15530417
484.00000000	857.59439989
486.00000000	884.21569175
488.00000000	875.48764646
490.00000000	852.60978472
492.00000000	865.54554367
494.00000000	882.64517990
496.00000000	885.38233249
498.00000000	887.45433055
500.00000000	900.54797650
502.00000000	919.15615355
504.00000000	911.20869615
506.00000000	896.44879390
508.00000000	909.21667112
510.00000000	901.36567711
512.00000000	870.88226167
514.00000000	880.11032152
516.00000000	898.23008426
518.00000000	894.76734126
520.00000000	920.39986264
522.00000000	946.02122798
524.00000000	909.91538265
526.00000000	880.87303546
528.00000000	891.34867072
530.00000000	894.68119593
532.00000000	896.56912640
534.00000000	910.13755616
536.00000000	911.12053667
538.00000000	904.23072576
540.00000000	908.41396437
542.00000000	897.54483627
544.00000000	877.90970085
546.00000000	899.83799899
548.00000000	926.83393996
550.00000000	915.98262734
552.00000000	896.32977249
554.00000000	883.91684289
556.00000000	878.70806752
558.00000000	884.28897116
560.00000000	904.65500700
562.00000000	937.18245935
564.00000000	938.37461486
566.00000000	894.09214877
568.00000000	882.05328595
570.00000000	911.99211612
572.00000000	939.73164085
574.00000000	933.17977186
576.00000000	895.35181574
578.00000000	864.51597475
580.00000000	865.00044084
582.00000000	896.05709972
584.00000000	922.82113919
586.00000000	929.54275641
588.00000000	917.62199551
590.00000000	895.55560912
592.00000000	877.90845074
594.00000000	878.60604952
596.00000000	881.06069867
598.00000000	882.18471297
600.00000000	913.89995536
602.00000000	955.39039674
604.00000000	967.43864144
606.00000000	949.36176643
608.00000000	921.83950349
610.00000000	909.92308787
612.00000000	897.69570651
614.00000000	885.54607360
616.00000000	905.95083129
618.00000000	927.20942656
620.00000000	922.23899745
622.00000000	941.55276890
624.00000000	967.81132622
626.00000000	949.45759954
628.00000000	926.53137653
630.00000000	926.10260761
632.00000000	935.96863212
634.00000000	949.04253182
636.00000000	956.86885188
638.00000000	945.99337424
640.00000000	928.85335187
642.00000000	926.79373612
644.00000000	941.25249608
646.00000000	967.78975314
648.00000000	993.83303046
650.00000000	980.71398241
652.00000000	947.11072712
654.00000000	979.12900583
656.00000000	998.98189926
658.00000000	945.07250646
660.00000000	941.06540211
662.00000000	980.62821210
664.00000000	985.49675647
666.00000000	989.32468558
668.00000000	1016.59245604
670.00000000	1050.15451627
672.00000000	1032.42353784
674.00000000	975.90770162
676.00000000	997.56388855
678.00000000	1037.19354154
680.00000000	1011.57613246
682.00000000	992.95961265
684.00000000	1010.54060616
686.00000000	1039.05916163
688.00000000	1032.04302728
690.00000000	988.22131508
692.00000000	957.25139439
694.00000000	975.83540514
696.00000000	1030.28542808
698.00000000	1047.33196085
700.00000000	1042.40583825
702.00000000	1044.39695816
704.00000000	1011.46092336
706.00000000	984.77305116
708.00000000	1029.55082434
710.00000000	1065.80894704
712.00000000	1071.62737643
714.00000000	1097.19892164
716.00000000	1089.57213375
718.00000000	1040.18006902
720.00000000	1041.41129340
722.00000000	1074.22324964
724.00000000	1095.00847324
726.00000000	1121.84675030
728.00000000	1121.13946071
730.00000000	1066.00053403
732.00000000	1064.07451361
734.00000000	1111.42250718
736.00000000	1110.89631936
738.00000000	1116.51958762
740.00000000	1155.40992791
742.00000000	1175.22426455
744.00000000	1194.11841823
746.00000000	1240.14454934
748.00000000	1303.98087451
750.00000000	1370.05979563
752.00000000	1400.69811671
754.00000000	1316.54383323
756.00000000	1188.39767370
758.00000000	1151.49734018
760.00000000	1142.67882657
762.00000000	1120.71032269
764.00000000	1111.80276288
766.00000000	1129.97651490
768.00000000	1154.69865567
770.00000000	1135.48595173
772.00000000	1106.91213636
774.00000000	1106.60880740
776.00000000	1108.62006226
778.00000000	1123.79223847
780.00000000	1157.85539770
782.00000000	1142.74104347
784.00000000	1122.36111240
786.00000000	1180.90288706
788.00000000	1200.62685852
790.00000000	1155.97871941
792.00000000	1142.05115576
794.00000000	1139.98248715
796.00000000	1133.19249424
798.00000000	1149.06767825
800.00000000	1149.07665674
802.00000000	1119.79191294
804.00000000	1133.37542942
806.00000000	1158.09092789
808.00000000	1142.43289180
810.00000000	1132.67516350
812.00000000	1143.78358180
814.00000000	1160.61675261
816.00000000	1175.48878197
818.00000000	1169.69873368
820.00000000	1133.94709708
822.00000000	1143.36158854
824.00000000	1191.60093276
826.00000000	1183.06381578
828.00000000	1197.32819117
830.00000000	1251.99934576
832.00000000	1209.00931126
834.00000000	1145.20053753
836.00000000	1152.71780534
838.00000000	1164.51172395
840.00000000	1159.18663640
842.00000000	1152.16925893
844.00000000	1159.00540193
846.00000000	1178.98099835
848.00000000	1200.52320233
850.00000000	1214.41549346
852.00000000	1212.20364410
854.00000000	1192.29264893
856.00000000	1178.91681247
858.00000000	1194.21604134
860.00000000	1236.40320336
862.00000000	1232.46452455
864.00000000	1183.33244798
866.00000000	1195.08850558
868.00000000	1222.23931593
870.00000000	1215.31770161
872.00000000	1213.37690249
874.00000000	1188.27372375
876.00000000	1145.35043350
878.00000000	1208.68157641
880.00000000	1270.17452960
882.00000000	1203.36808187
884.00000000	1184.55293192
886.00000000	1233.42946791
888.00000000	1250.72468410
890.00000000	1220.00797582
892.00000000	1186.27900375
894.00000000	1207.25386526
896.00000000	1245.42493145
898.00000000	1260.29361574
900.00000000	1242.72834618
902.00000000	1235.09356893
904.00000000	1246.58599675
906.00000000	1240.84516322
908.00000000	1240.70965862
910.00000000	1245.92759455
912.00000000	1213.92844566
914.00000000	1229.11206669
916.00000000	1314.03064490
918.00000000	1324.91192902
920.00000000	1287.92145295
922.00000000	1279.30765668
924.00000000	1300.73044594
926.00000000	1341.42246889
928.00000000	1376.44891171
930.00000000	1360.59472312
932.00000000	1321.45021020
934.00000000	1310.87402876
936.00000000	1317.01689251
938.00000000	1303.26226243
940.00000000	1261.49059642
942.00000000	1291.13301890
944.00000000	1348.65541613
946.00000000	1317.88415487
948.00000000	1295.00674567
950.00000000	1320.20440226
952.00000000	1342.79881269
954.00000000	1335.00075121
956.00000000	1311.74575520
958.00000000	1317.66320342
960.00000000	1359.18837286
962.00000000	1398.26292761
964.00000000	1378.05078507
966.00000000	1343.20203521
968.00000000	1333.58818364
970.00000000	1339.82723478
972.00000000	1350.89003218
974.00000000	1353.58655273
976.00000000	1336.70586636
978.00000000	1326.81462628
980.00000000	1348.72357272
982.00000000	1395.62723520
984.00000000	1423.44458906
986.00000000	1411.62205824
988.00000000	1404.48431200
990.00000000	1435.15559528
992.00000000	1485.71566453
994.00000000	1472.42595819
996.00000000	1427.50043216
998.00000000	1416.69322092
1000.00000000	1442.52411216
1002.00000000	1491.30993390
1004.00000000	1533.51279957
1006.00000000	1523.41291774
1008.00000000	1496.03305014
1010.00000000	1493.93075298
1012.00000000	1467.88161277
1014.00000000	1430.44393618
1016.00000000	1417.30078269
1018.00000000	1404.55973873
1020.00000000	1377.47376465
1022.00000000	1356.72526667
1024.00000000	1412.52996341
1026.00000000	1480.65302772
1028.00000000	1465.75338270
1030.00000000	1456.84696981
1032.00000000	1482.06648572
1034.00000000	1505.22329993
1036.00000000	1503.54643843
1038.00000000	1490.29721215
1040.00000000	1493.42849947
1042.00000000	1509.04440351
1044.00000000	1530.40184678
1046.00000000	1552.22277680
1048.00000000	1565.76568148
1050.00000000	1557.12049347
1052.00000000	1527.89382780
1054.00000000	1535.22088380
1056.00000000	1570.53928783
1058.00000000	1576.26412984
1060.00000000	1541.58529960
1062.00000000	1507.82765205
1064.00000000	1528.03954507
1066.00000000	1578.31079409
1068.00000000	1604.65994307
1070.00000000	1563.86236954
1072.00000000	1488.77170324
1074.00000000	1464.26320328
1076.00000000	1538.90904532
1078.00000000	1556.62555749
1080.00000000	1525.04682866
1082.00000000	1559.35522689
1084.00000000	1576.69875757
1086.00000000	1553.16179089
1088.00000000	1534.28695364
1090.00000000	1525.08088787
1092.00000000	1517.98240045
1094.00000000	1499.27752007
1096.00000000	1450.10709816
1098.00000000	1407.50297493
1100.00000000	1426.27384872
1102.00000000	1478.10521103
1104.00000000	1507.19668165
1106.00000000	1479.77783800
1108.00000000	1451.15325088
1110.00000000	1474.90711476
1112.00000000	1545.37785146
1114.00000000	1541.60193353
1116.00000000	1495.51482453
1118.00000000	1508.80054060
1120.00000000	1541.75122658
1122.00000000	1567.88839958
1124.00000000	1593.06721252
1126.00000000	1638.99954761
1128.00000000	1707.80219843
1130.00000000	1759.68494979
1132.00000000	1704.82907535
1134.00000000	1614.79894947
1136.00000000	1577.40613130
1138.00000000	1501.78593523
1140.00000000	1437.61400889
1142.00000000	1452.48450668
1144.00000000	1462.67951618
1146.00000000	1453.51856300
1148.00000000	1443.94195090
1150.00000000	1427.40790573
1152.00000000	1402.97898507
1154.00000000	1382.63051167
1156.00000000	1390.79731740
1158.00000000	1430.27607410
1160.00000000	1461.50598437
1162.00000000	1420.03943962
1164.00000000	1419.26497924
1166.00000000	1490.00486779
1168.00000000	1471.67407858
1170.00000000	1457.87902276
1172.00000000	1503.08458776
1174.00000000	1498.23507645
1176.00000000	1477.76410095
1178.00000000	1467.55342804
1180.00000000	1432.70046121
1182.00000000	1403.97450119
1184.00000000	1397.91940299
1186.00000000	1395.92388616
1188.00000000	1394.48016585
1190.00000000	1391.55106200
1192.00000000	1388.19620279
1194.00000000	1405.16944500
1196.00000000	1416.59689999
1198.00000000	1386.65795991
1200.00000000	1386.28016354
1202.00000000	1411.75023437
1204.00000000	1408.84701839
1206.00000000	1393.65270406
1208.00000000	1409.55801643
1210.00000000	1464.28028832
1212.00000000	1467.06675139
1214.00000000	1442.50033044
1216.00000000	1454.48599906
1218.00000000	1486.63124012
1220.00000000	1517.85795990
1222.00000000	1536.09231217
1224.00000000	1538.90864565
1226.00000000	1515.23647605
1228.00000000	1494.74240450
1230.00000000	1547.23860197
1232.00000000	1571.26597950
1234.00000000	1526.49520592
1236.00000000	1514.10533222
1238.00000000	1507.99086048
1240.00000000	1492.24236423
1242.00000000	1501.60177759
1244.00000000	1529.67389462
1246.00000000	1537.75326087
1248.00000000	1504.22560431
1250.00000000	1524.14330969
1252.00000000	1558.87640482
1254.00000000	1511.45829034
1256.00000000	1473.46849710
1258.00000000	1465.43007852
1260.00000000	1458.90050649
1262.00000000	1471.60435926
1264.00000000	1483.63299357
1266.00000000	1481.08166364
1268.00000000	1498.96665682
1270.00000000	1501.77592673
1272.00000000	1475.43817513
1274.00000000	1476.94369876
1276.00000000	1464.62767437
1278.00000000	1438.94701882
1280.00000000	1476.89626027
1282.00000000	1526.56783336
1284.00000000	1532.82318771
1286.00000000	1493.99986634
1288.00000000	1462.42947020
1290.00000000	1478.64792596
1292.00000000	1535.88246871
1294.00000000	1554.55477975
1296.00000000	1522.07254651
1298.00000000	1501.50295839
1300.00000000	1580.97232056
1302.00000000	1648.01402908
1304.00000000	1613.29383157
1306.00000000	1615.23932848
1308.00000000	1649.83443998
1310.00000000	1664.85091927
1312.00000000	1652.65972586
1314.00000000	1649.90460248
1316.00000000	1653.45298339
1318.00000000	1621.81434194
1320.00000000	1605.51730915
1322.00000000	1607.05114741
1324.00000000	1584.23073176
1326.00000000	1560.74280664
1328.00000000	1564.22224733
1330.00000000	1603.70335443
1332.00000000	1657.70146326
1334.00000000	1681.03178033
1336.00000000	1654.47090054
1338.00000000	1625.60256504
1340.00000000	1645.54709106
1342.00000000	1679.47691902
1344.00000000	1620.76086807
1346.00000000	1585.46311705
1348.00000000	1603.98752191
1350.00000000	1572.56144810
1352.00000000	1518.61120244
1354.00000000	1499.93718677
1356.00000000	1534.52216662
1358.00000000	1545.22508298
1360.00000000	1539.11148525
1362.00000000	1554.72080112
1364.00000000	1567.64581619
1366.00000000	1550.63690421
1368.00000000	1521.23729930
1370.00000000	1536.32088743
1372.00000000	1523.47447554
1374.00000000	1470.50490047
1376.00000000	1454.74716337
1378.00000000	1441.54147297
1380.00000000	1428.42558365
1382.00000000	1443.84048934
1384.00000000	1461.85409676
1386.00000000	1480.17547346
1388.00000000	1498.16936789
1390.00000000	1485.30977506
1392.00000000	1471.60783916
1394.00000000	1468.48183818
1396.00000000	1441.75482476
1398.00000000	1474.82010037
1400.00000000	1537.75982489
1402.00000000	1498.94240626
1404.00000000	1440.57631368
1406.00000000	1421.69182746
1408.00000000	1434.28537699
1410.00000000	1448.06643673
1412.00000000	1462.76677493
1414.00000000	1457.51354763
1416.00000000	1376.64235247
1418.00000000	1374.04026027
1420.00000000	1456.78749982
1422.00000000	1417.32753064
1424.00000000	1368.17529732
1426.00000000	1388.47611405
1428.00000000	1430.36973318
1430.00000000	1413.76708078
1432.00000000	1379.02897693
1434.00000000	1386.51802649
1436.00000000	1388.55451967
1438.00000000	1421.28290142
1440.00000000	1473.68750534
1442.00000000	1447.79622382
1444.00000000	1425.90363647
1446.00000000	1457.38217477
1448.00000000	1503.96186241
1450.00000000	1528.27840588
1452.00000000	1514.99567345
1454.00000000	1481.10012068
1456.00000000	1474.82853407
1458.00000000	1496.34152691
1460.00000000	1509.57737050
1462.00000000	1478.28615550
1464.00000000	1446.19187843
1466.00000000	1423.63199680
1468.00000000	1388.70733059
1470.00000000	1393.35407160
1472.00000000	1412.61698730
1474.00000000	1399.87023379
1476.00000000	1390.18652522
1478.00000000	1396.91761059
1480.00000000	1390.52997343
1482.00000000	1337.02054033
1484.00000000	1354.36218444
1486.00000000	1391.52399755
1488.00000000	1305.63990941
1490.00000000	1264.15132937
1492.00000000	1301.23159436
1494.00000000	1336.96393490
1496.00000000	1318.71087811
1498.00000000	1277.31220973
1500.00000000	1254.86270491
1502.00000000	1252.89226492
1504.00000000	1225.32946044
1506.00000000	1198.17756951
1508.00000000	1216.61691285
1510.00000000	1207.26255954
1512.00000000	1206.55588206
1514.00000000	1247.52372427
1516.00000000	1256.38290290
1518.00000000	1244.17351557
1520.00000000	1236.85588906
1522.00000000	1239.81664376
1524.00000000	1254.59302472
1526.00000000	1270.08131951
1528.00000000	1276.15542688
1530.00000000	1277.89980245
1532.00000000	1251.26841116
1534.00000000	1229.82449171
1536.00000000	1287.46711968
1538.00000000	1279.07910184
1540.00000000	1256.92397975
1542.00000000	1342.02014956
1544.00000000	1305.24182219
1546.00000000	1255.57208585
1548.00000000	1327.34856715
1550.00000000	1376.51959011
1552.00000000	1379.98881547
1554.00000000	1360.61985711
1556.00000000	1342.70497253
1558.00000000	1357.97364397
1560.00000000	1375.29434176
1562.00000000	1363.06218325
1564.00000000	1359.90751377
1566.00000000	1375.82087304
1568.00000000	1405.66103245
1570.00000000	1441.19579409
1572.00000000	1467.90466410
1574.00000000	1483.23371188
1576.00000000	1498.58032476
1578.00000000	1527.36064478
1580.00000000	1535.12789308
1582.00000000	1531.78809090
1584.00000000	1575.29334569
1586.00000000	1586.40676945
1588.00000000	1511.01751792
1590.00000000	1406.64070404
1592.00000000	1435.22118543
1594.00000000	1449.47601762
1596.00000000	1367.06652704
1598.00000000	1354.35426653
1600.00000000	1370.32417686
1602.00000000	1391.98779029
1604.00000000	1427.09240596
1606.00000000	1409.05638739
1608.00000000	1355.33225098
1610.00000000	1338.78517026
1612.00000000	1398.07704056
1614.00000000	1383.18368549
1616.00000000	1322.61837466
1618.00000000	1338.37190465
1620.00000000	1320.07409968
1622.00000000	1298.56880164
1624.00000000	1326.18589310
1626.00000000	1355.72201375
1628.00000000	1328.56823669
1630.00000000	1290.85822813
1632.00000000	1301.80427875
1634.00000000	1260.65269314
1636.00000000	1232.16066765
1638.00000000	1266.37023923
1640.00000000	1285.50205205
1642.00000000	1295.04697420
1644.00000000	1312.71513576
1646.00000000	1341.04990536
1648.00000000	1366.07922348
1650.00000000	1335.44306320
1652.00000000	1280.79828909
1654.00000000	1309.85831377
1656.00000000	1329.55695171
1658.00000000	1329.70502654
1660.00000000	1360.18464022
1662.00000000	1387.17056019
1664.00000000	1373.83770170
1666.00000000	1350.38145266
1668.00000000	1378.43194273
1670.00000000	1377.86309634
1672.00000000	1344.45180647
1674.00000000	1327.33319598
1676.00000000	1336.66154207
1678.00000000	1356.51524562
1680.00000000	1368.06094408
1682.00000000	1356.89618132
1684.00000000	1311.44763489
1686.00000000	1271.08051097
1688.00000000	1269.43295877
1690.00000000	1281.67824613
1692.00000000	1269.61328003
1694.00000000	1221.72898778
1696.00000000	1178.92686958
1698.00000000	1223.83097229
1700.00000000	1256.95587768
1702.00000000	1256.95587768
1704.00000000	1256.95587768
1706.00000000	1256.95587768
1708.00000000	1256.95587768
1710.00000000	1256.95587768
1712.00000000	1256.95587768
1714.00000000	1256.95587768
1716.00000000	1162.27252642
1718.00000000	1124.91036931
1720.00000000	1134.04939923
1722.00000000	1157.30125891
1724.00000000	1146.20463748
1726.00000000	1107.68761078
1728.00000000	1096.71524887
1730.00000000	1118.23081839
1732.00000000	1139.94782147
1734.00000000	1162.84822891
1736.00000000	1170.21909325
1738.00000000	1161.54499196
1740.00000000	1154.42971550
1742.00000000	1126.95090355
1744.00000000	1117.75697067
1746.00000000	1144.68097772
1748.00000000	1135.83439088
1750.00000000	1122.26237038
1752.00000000	1114.74381402
1754.00000000	1096.61097674
1756.00000000	1101.52697594
1758.00000000	1122.61727044
1760.00000000	1138.02404790
1762.00000000	1134.76957031
1764.00000000	1103.31433877
1766.00000000	1089.93346967
1768.00000000	1113.92628032
1770.00000000	1106.98587175
1772.00000000	1093.31597361
1774.00000000	1104.10401182
1776.00000000	1123.27825494
1778.00000000	1095.74306851
1780.00000000	1098.22185578
1782.00000000	1124.57341094
1784.00000000	1082.98462841
1786.00000000	1127.51940703
1788.00000000	1165.45521624
1790.00000000	1102.96273762
1792.00000000	1089.49630984
1794.00000000	1111.57035283
1796.00000000	1138.19223713
1798.00000000	1154.86361391
1800.00000000	1134.86881881
1802.00000000	1126.85593285
1804.00000000	1129.43927909
1806.00000000	1105.04362643
1808.00000000	1126.59752103
1810.00000000	1121.06832668
1812.00000000	1067.46678502
1814.00000000	1080.11713886
1816.00000000	1102.06503932
1818.00000000	1086.71281746
1820.00000000	1073.67997471
1822.00000000	1140.85133883
1824.00000000	1144.29828155
1826.00000000	1099.21029449
1828.00000000	1130.64762445
1830.00000000	1179.25318731
1832.00000000	1150.03787674
1834.00000000	1098.70187014
1836.00000000	1138.39895159
1838.00000000	1120.30945582
1840.00000000	1089.34237621
1842.00000000	1115.50638177
1844.00000000	1146.36732615
1846.00000000	1142.50186288
1848.00000000	1123.97162812
1850.00000000	1125.89931883
1852.00000000	1148.61540172
1854.00000000	1170.53052749
1856.00000000	1142.14578287
1858.00000000	1079.65537885
1860.00000000	1117.03707880
1862.00000000	1168.82138303
1864.00000000	1169.48593986
1866.00000000	1144.25844007
1868.00000000	1114.75409120
1870.00000000	1102.49855811
1872.00000000	1107.78829843
1874.00000000	1122.30813195
1876.00000000	1166.41681740
1878.00000000	1164.03510703
1880.00000000	1109.56795846
1882.00000000	1108.78377995
1884.00000000	1127.45097419
1886.00000000	1123.57365365
1888.00000000	1111.58554961
1890.00000000	1136.00857503
1892.00000000	1124.69025387
1894.00000000	1095.71980651
1896.00000000	1114.06843996
1898.00000000	1165.86509837
1900.00000000	1156.44232282
1902.00000000	1126.88584366
1904.00000000	1149.18293709
1906.00000000	1140.93403950
1908.00000000	1124.32507467
1910.00000000	1122.13771211
1912.00000000	1120.14857834
1914.00000000	1109.22713831
1916.00000000	1121.77997693
1918.00000000	1150.93357774
1920.00000000	1160.56174586
1922.00000000	1167.30327928
1924.00000000	1153.37194943
1926.00000000	1130.31844008
1928.00000000	1135.03028458
1930.00000000	1141.84045444
1932.00000000	1165.85976765
1934.00000000	1179.56496126
1936.00000000	1138.82399897
1938.00000000	1157.43629802
1940.00000000	1174.81293871
1942.00000000	1143.17168630
1944.00000000	1139.28094306
1946.00000000	1163.37416875
1948.00000000	1170.88397759
1950.00000000	1158.02278873
1952.00000000	1166.89995396
1954.00000000	1150.27378735
1956.00000000	1125.08670507
1958.00000000	1140.97323112
1960.00000000	1194.11732222
1962.00000000	1185.65932523
1964.00000000	1148.54237604
1966.00000000	1134.81161574
1968.00000000	1116.76051456
1970.00000000	1160.61827405
1972.00000000	1187.15402346
1974.00000000	1151.62658572
1976.00000000	1164.95481629
1978.00000000	1130.78511128
1980.00000000	1110.50332558
1982.00000000	1165.99058987
1984.00000000	1176.41633726
1986.00000000	1137.18244743
1988.00000000	1137.54162276
1990.00000000	1190.54247680
1992.00000000	1177.59359515
1994.00000000	1159.71895680
1996.00000000	1158.03288021
1998.00000000	1143.35432180
2000.00000000	1114.11350099
2002.00000000	1123.21252483
2004.00000000	1168.06840841
2006.00000000	1197.01776797
2008.00000000	1177.97587908
2010.00000000	1172.55091126
2012.00000000	1163.22317885
2014.00000000	1126.56342119
2016.00000000	1116.67075552
2018.00000000	1149.14049490
2020.00000000	1208.06533867
2022.00000000	1233.42781429
2024.00000000	1164.96043901
2026.00000000	1100.44368079
2028.00000000	1138.51032461
2030.00000000	1221.81172597
2032.00000000	1193.17526152
2034.00000000	1166.73918840
2036.00000000	1175.20302659
2038.00000000	1179.83435514
2040.00000000	1172.04635247
2042.00000000	1194.41127211
2044.00000000	1192.13883339
2046.00000000	1166.66269924
2048.00000000	1194.05032803
2050.00000000	1191.48730020
2052.00000000	1179.91544841
2054.00000000	1180.74128855
2056.00000000	1173.72735213
2058.00000000	1203.50548362
2060.00000000	1227.90636849
2062.00000000	1214.51463580
2064.00000000	1185.96862271
2066.00000000	1166.54050992
2068.00000000	1170.93759450
2070.00000000	1201.29232067
2072.00000000	1235.90674771
2074.00000000	1233.04225800
2076.00000000	1220.46487217
2078.00000000	1209.55100711
2080.00000000	1191.90361999
2082.00000000	1184.69441472
2084.00000000	1195.21679457
2086.00000000	1209.28905583
2088.00000000	1196.74178748
2090.00000000	1152.00493292
2092.00000000	1176.08820768
2094.00000000	1219.67575069
2096.00000000	1209.28979251
2098.00000000	1195.16085631
2100.00000000	1206.33721055
2102.00000000	1226.38381985
2104.00000000	1231.59487483
2106.00000000	1216.32069232
2108.00000000	1181.72668645
2110.00000000	1164.67808045
2112.00000000	1185.07300654
2114.00000000	1212.72813684
2116.00000000	1197.60496982
2118.00000000	1185.10911277
2120.00000000	1189.13003391
2122.00000000	1184.86365941
2124.00000000	1192.59058800
2126.00000000	1212.62059919
2128.00000000	1213.14198733
2130.00000000	1193.05774313
2132.00000000	1208.38804249
2134.00000000	1225.24498697
2136.00000000	1247.19463656
2138.00000000	1257.17505455
2140.00000000	1215.77646063
2142.00000000	1245.04351412
2144.00000000	1269.14051148
2146.00000000	1234.64536511
2148.00000000	1221.77575047
2150.00000000	1245.50357202
2152.00000000	1260.63530584
2154.00000000	1263.50174274
2156.00000000	1265.56972548
2158.00000000	1225.84291014
2160.00000000	1225.23243239
2162.00000000	1235.63127323
2164.00000000	1203.04766740
2166.00000000	1192.82962241
2168.00000000	1228.37155566
2170.00000000	1268.56798447
2172.00000000	1267.01401255
2174.00000000	1238.73977609
2176.00000000	1265.39434932
2178.00000000	1286.10101230
2180.00000000	1265.59067012
2182.00000000	1246.30533112
2184.00000000	1245.06354672
2186.00000000	1276.27794953
2188.00000000	1278.10017173
2190.00000000	1234.42088157
2192.00000000	1248.91940237
2194.00000000	1262.00975046
2196.00000000	1259.14975760
2198.00000000	1261.91310053
2200.00000000	1268.38416027
2202.00000000	1261.93883099
2204.00000000	1252.04909888
2206.00000000	1257.32839669
2208.00000000	1272.02471193
2210.00000000	1259.42183676
2212.00000000	1237.92210315
2214.00000000	1222.34206390
2216.00000000	1204.01516616
2218.00000000	1188.05188599
2220.00000000	1246.79136363
2222.00000000	1299.16404461
2224.00000000	1284.76304617
2226.00000000	1265.30405853
2228.00000000	1298.05844008
2230.00000000	1299.93997224
2232.00000000	1287.35382725
2234.00000000	1307.18247596
2236.00000000	1284.35925599
2238.00000000	1226.65698655
2240.00000000	1227.31665292
2242.00000000	1278.02733727
2244.00000000	1266.75574978
2246.00000000	1234.88623528
2248.00000000	1266.15763227
2250.00000000	1307.03380878
2252.00000000	1288.12678162
2254.00000000	1296.71476626
2256.00000000	1309.34797483
2258.00000000	1293.82358499
2260.00000000	1278.18041227
2262.00000000	1300.72607010
2264.00000000	1297.65552813
2266.00000000	1315.79891970
2268.00000000	1334.83043100
2270.00000000	1315.95378537
2272.00000000	1328.54424189
2274.00000000	1301.84633249
2276.00000000	1298.51467679
2278.00000000	1334.89776540
2280.00000000	1320.07912346
2282.00000000	1324.20363265
2284.00000000	1298.84576012
2286.00000000	1300.26035114
2288.00000000	1358.16118429
2290.00000000	1313.80585568
2292.00000000	1294.23036297
2294.00000000	1316.95694593
2296.00000000	1307.76807270
2298.00000000	1269.52842736
2300.00000000	1318.66904638
2302.00000000	1347.82061729
2304.00000000	1335.48160796
2306.00000000	1329.99253841
2308.00000000	1312.35015257
2310.00000000	1317.99174210
2312.00000000	1307.86271167
2314.00000000	1312.22730322
2316.00000000	1369.13567435
2318.00000000	1349.86748889
2320.00000000	1313.71394844
2322.00000000	1294.70835732
2324.00000000	1295.19975109
2326.00000000	1328.95182542
2328.00000000	1355.95892061
2330.00000000	1348.55792573
2332.00000000	1358.09839615
2334.00000000	1395.34419293
2336.00000000	1356.27080972
2338.00000000	1311.54830429
2340.00000000	1310.98176525
2342.00000000	1321.00094634
2344.00000000	1304.52190590
2346.00000000	1310.34211975
2348.00000000	1310.61126465
2350.00000000	1305.34071505
2352.00000000	1325.33073951
2354.00000000	1365.29098758
2356.00000000	1362.74740505
2358.00000000	1377.75167793
2360.00000000	1360.93548225
2362.00000000	1306.13186904
2364.00000000	1361.14024566
2366.00000000	1320.44860548
2368.00000000	1321.10874466
2370.00000000	1372.74564094
2372.00000000	1331.87578833
2374.00000000	1334.13397972
2376.00000000	1352.20504511
2378.00000000	1340.58224982
2380.00000000	1310.83590266
2382.00000000	1324.43516562
2384.00000000	1407.14372910
2386.00000000	1343.56455963
2388.00000000	1272.65583609
2390.00000000	1339.67749205
2392.00000000	1359.65543539
2394.00000000	1303.58463608
2396.00000000	1306.40229709
2398.00000000	1347.20836579
2400.00000000	1348.13726556
2402.00000000	1361.79777956
2404.00000000	1364.17922819
2406.00000000	1357.84982152
2408.00000000	1328.14682572
2410.00000000	1299.52073908
2412.00000000	1349.77121906
2414.00000000	1342.65381694
2416.00000000	1337.21632560
2418.00000000	1364.02496853
2420.00000000	1365.89982907
2422.00000000	1373.72351520
2424.00000000	1350.39178571
2426.00000000	1351.20346838
2428.00000000	1381.87439944
2430.00000000	1377.58746822
2432.00000000	1358.92288006
2434.00000000	1319.18361444
2436.00000000	1325.07753171
2438.00000000	1361.31836369
2440.00000000	1343.27754538
2442.00000000	1345.01110946
2444.00000000	1380.82110587
2446.00000000	1373.21929335
2448.00000000	1340.62864406
2450.00000000	1366.11916137
2452.00000000	1348.51937823
2454.00000000	1355.50414034
2456.00000000	1367.53930766
2458.00000000	1335.98040639
2460.00000000	1320.19833401
2462.00000000	1394.67314069
2464.00000000	1406.53064997
2466.00000000	1362.16294415
2468.00000000	1315.80615247
2470.00000000	1277.01694532
2472.00000000	1382.50746119
2474.00000000	1427.63759014
2476.00000000	1410.07108345
2478.00000000	1415.64174008
2480.00000000	1400.51636378
2482.00000000	1373.66142378
2484.00000000	1383.40093826
2486.00000000	1411.03804887
2488.00000000	1414.90932823
2490.00000000	1382.13318413
2492.00000000	1322.66879518
2494.00000000	1359.80914457
2496.00000000	1382.37839883
2498.00000000	1359.25543042
2500.00000000	1404.80764845
2502.00000000	1386.04590934
2504.00000000	1399.13948269
2506.00000000	1386.24381540
2508.00000000	1353.34912719
2510.00000000	1395.57556802
2512.00000000	1393.06784125
2514.00000000	1411.97017587
2516.00000000	1382.81500751
2518.00000000	1349.06590101
2520.00000000	1397.35801181
2522.00000000	1369.85863763
2524.00000000	1421.67336207
2526.00000000	1448.08581478
2528.00000000	1377.31767197
2530.00000000	1341.35013224
2532.00000000	1414.96260471
2534.00000000	1430.08092959
2536.00000000	1413.92886259
2538.00000000	1410.51977270
2540.00000000	1386.36017853
2542.00000000	1352.54413871
2544.00000000	1404.28715801
2546.00000000	1389.37338791
2548.00000000	1370.38840856
2550.00000000	1429.92025683
2552.00000000	1443.26131426
2554.00000000	1461.61011044
2556.00000000	1454.74509721
2558.00000000	1415.05438848
2560.00000000	1381.13786121
2562.00000000	1383.84514031
2564.00000000	1408.70238741
2566.00000000	1407.24520255
2568.00000000	1381.44114024
2570.00000000	1372.09564796
2572.00000000	1389.75994447
2574.00000000	1402.51778838
2576.00000000	1444.72275101
2578.00000000	1441.64729591
2580.00000000	1373.15227158
2582.00000000	1341.24204808
2584.00000000	1397.03475143
2586.00000000	1379.68264361
2588.00000000	1412.47223273
2590.00000000	1463.76702574
2592.00000000	1431.56550413
2594.00000000	1384.50961542
2596.00000000	1425.04346151
2598.00000000	1464.34076560
2600.00000000	1465.40681701
2602.00000000	1432.23006740
2604.00000000	1389.53749336
2606.00000000	1390.97628000
2608.00000000	1394.54902944
2610.00000000	1444.84241003
2612.00000000	1437.39867775
2614.00000000	1367.86894824
2616.00000000	1426.45889314
2618.00000000	1471.14444460
2620.00000000	1428.47539366
2622.00000000	1362.47555498
2624.00000000	1364.73398411
2626.00000000	1418.76177795
2628.00000000	1418.63835346
2630.00000000	1431.07698666
2632.00000000	1469.30220621
2634.00000000	1470.65673958
2636.00000000	1437.17150401
2638.00000000	1429.67366312
2640.00000000	1384.75643620
2642.00000000	1437.09909710
2644.00000000	1453.32235571
2646.00000000	1405.74031026
2648.00000000	1429.78186012
2650.00000000	1422.22881348
2652.00000000	1420.00627604
2654.00000000	1439.11517097
2656.00000000	1448.89678804
2658.00000000	1439.79032228
2660.00000000	1436.68844567
2662.00000000	1430.87866151
2664.00000000	1419.40562490
2666.00000000	1395.86543939
2668.00000000	1421.35273164
2670.00000000	1480.72996977
2672.00000000	1434.36293760
2674.00000000	1433.86606754
2676.00000000	1426.58143545
2678.00000000	1394.97467146
2680.00000000	1398.22129963
2682.00000000	1439.58223301
2684.00000000	1458.10371753
2686.00000000	1459.71629818
2688.00000000	1457.49760543
2690.00000000	1473.40469018
2692.00000000	1491.87218467
2694.00000000	1477.87390516
2696.00000000	1480.98079489
2698.00000000	1449.07594792
2700.00000000	1438.87174703
2702.00000000	1496.32873354
2704.00000000	1531.77238125
2706.00000000	1470.27918882
2708.00000000	1471.98932965
2710.00000000	1472.41336922
2712.00000000	1494.67152806
2714.00000000	1505.69857336
2716.00000000	1442.46111480
2718.00000000	1461.25853604
2720.00000000	1574.26092662
2722.00000000	1552.49554471
2724.00000000	1467.19454606
2726.00000000	1464.24323949
2728.00000000	1490.30169026
2730.00000000	1512.80971114
2732.00000000	1516.17362657
2734.00000000	1521.69110654
2736.00000000	1537.18097345
2738.00000000	1552.73958655
2740.00000000	1548.11183219
2742.00000000	1500.08724080
2744.00000000	1477.99185294
2746.00000000	1534.47184757
2748.00000000	1566.90657280
2750.00000000	1515.02625726
2752.00000000	1477.04551975
2754.00000000	1471.01764040
2756.00000000	1462.55469286
2758.00000000	1490.28982634
2760.00000000	1534.48648750
2762.00000000	1543.93380597
2764.00000000	1518.92033617
2766.00000000	1471.15160381
2768.00000000	1490.45291369
2770.00000000	1516.14546702
2772.00000000	1513.44313780
2774.00000000	1506.99300354
2776.00000000	1508.62758841
2778.00000000	1535.95242399
2780.00000000	1510.15605804
2782.00000000	1485.12128781
2784.00000000	1479.61145758
2786.00000000	1486.76668915
2788.00000000	1507.44381838
2790.00000000	1465.34099091
2792.00000000	1456.56820559
2794.00000000	1512.38646634
2796.00000000	1511.36616231
2798.00000000	1477.83699497
2800.00000000	1519.73374963
2802.00000000	1484.34360772
2804.00000000	1473.54368945
2806.00000000	1491.25321794
2808.00000000	1482.88141011
2810.00000000	1460.84599062
2812.00000000	1480.86822168
2814.00000000	1519.92941405
2816.00000000	1486.90219276
2818.00000000	1480.59326242
2820.00000000	1535.95050190
2822.00000000	1547.80022078
2824.00000000	1507.16747454
2826.00000000	1538.00095537
2828.00000000	1529.22006722
2830.00000000	1560.38306701
2832.00000000	1617.94203390
2834.00000000	1624.56752552
2836.00000000	1595.55436993
2838.00000000	1590.48754469
2840.00000000	1580.81606353
2842.00000000	1642.05508473
2844.00000000	1642.15977182
2846.00000000	1638.53522946
2848.00000000	1712.53151244
2850.00000000	1800.98977971
2852.00000000	1911.81999275
2854.00000000	1903.45132044
2856.00000000	1896.24289545
2858.00000000	1969.74086178
2860.00000000	2068.73890537
2862.00000000	2086.69553745
2864.00000000	2027.42927559
2866.00000000	2107.38846641
2868.00000000	2185.32300667
2870.00000000	2192.52769245
2872.00000000	2291.42805246
2874.00000000	2427.34879846
2876.00000000	2400.40008268
2878.00000000	2407.52581858
2880.00000000	2394.67422658
2882.00000000	2497.55485569
2884.00000000	2561.76900828
2886.00000000	2510.44041020
2888.00000000	2483.37070343
2890.00000000	2488.85555556
2892.00000000	2500.57932710
2894.00000000	2501.92587923
2896.00000000	2538.11185072
2898.00000000	2584.06297735
2900.00000000	2590.43415442
2902.00000000	2596.34761111
2904.00000000	2658.12986366
2906.00000000	2707.79867324
2908.00000000	2744.56412414
2910.00000000	2853.10555934
2912.00000000	2915.77990798
2914.00000000	2919.17893581
2916.00000000	2993.97452170
2918.00000000	2937.57271785
2920.00000000	3058.28746836
2922.00000000	3211.35956800
2924.00000000	3243.84567761
2926.00000000	3221.74804025
2928.00000000	3245.32438349
2930.00000000	3316.42663494
2932.00000000	3358.91723453
2934.00000000	3275.70531196
2936.00000000	3291.43367416
2938.00000000	3356.85484805
2940.00000000	3315.42715421
2942.00000000	3219.34572675
2944.00000000	3134.84752507
2946.00000000	3034.47034386
2948.00000000	2995.26135013
2950.00000000	2916.70754150
2952.00000000	2857.76223466
2954.00000000	2877.57346360
2956.00000000	2849.45541137
2958.00000000	2764.46231006
2960.00000000	2802.89820100
2962.00000000	2744.85076751
2964.00000000	2762.87908462
2966.00000000	2650.57086328
2968.00000000	2487.91634995
2970.00000000	2574.87874514
2972.00000000	2542.38515090
2974.00000000	2518.15103445
2976.00000000	2540.87267471
2978.00000000	2427.68769206
2980.00000000	2388.34038822
2982.00000000	2424.77497627
2984.00000000	2365.06983602
2986.00000000	2365.24967135
2988.00000000	2162.81689486
2990.00000000	2124.77111441
2992.00000000	2175.32502177
2994.00000000	2129.69743330
2996.00000000	2044.26779610
2998.00000000	2008.33348846
3000.00000000	2006.63467054
3002.00000000	2045.81066392
3004.00000000	1927.62577052
3006.00000000	1879.68244711
3008.00000000	1877.61470831
3010.00000000	1854.16589212
3012.00000000	1835.07286533
3014.00000000	1801.98555672
3016.00000000	1828.70853436
3018.00000000	1831.21852531
3020.00000000	1774.84111862
3022.00000000	1760.39336029
3024.00000000	1732.02368822
3026.00000000	1682.58411705
3028.00000000	1679.67040425
3030.00000000	1625.50843447
3032.00000000	1651.49756956
3034.00000000	1687.28899131
3036.00000000	1679.54253067
3038.00000000	1703.12409819
3040.00000000	1712.62026477
3042.00000000	1668.75247132
3044.00000000	1693.73405912
3046.00000000	1726.87515564
3048.00000000	1715.42491031
3050.00000000	1720.61427975
3052.00000000	1743.93201251
3054.00000000	1743.87563870
3056.00000000	1732.98397741
3058.00000000	1760.23909163
3060.00000000	1810.01208852
3062.00000000	1812.90264131
3064.00000000	1814.55277863
3066.00000000	1802.77634120
3068.00000000	1773.17128558
3070.00000000	1754.09803246
3072.00000000	1767.79677548
3074.00000000	1742.17350056
3076.00000000	1611.04320187
3078.00000000	1644.16340145
3080.00000000	1711.18240729
3082.00000000	1718.09776990
3084.00000000	1673.91320947
3086.00000000	1677.07283347
3088.00000000	1756.48121736
3090.00000000	1746.61024797
3092.00000000	1615.05253425
3094.00000000	1637.49316874
3096.00000000	1598.66634243
3098.00000000	1627.28633087
3100.00000000	1625.98532387
3102.00000000	1634.76679937
3104.00000000	1709.75668565
3106.00000000	1636.97626550
3108.00000000	1698.04471982
3110.00000000	1622.23433742
3112.00000000	1704.36027083
3114.00000000	1638.71843957
3116.00000000	1630.60200550
3118.00000000	1742.64764979
3120.00000000	1693.99165998
3122.00000000	1676.42272441
3124.00000000	1697.50754140
3126.00000000	1716.76409347
3128.00000000	1672.85644001
3130.00000000	1707.79425113
3132.00000000	1682.17197370
3134.00000000	1672.33016860
3136.00000000	1753.67305161
3138.00000000	1681.86397027
3140.00000000	1627.57848439
3142.00000000	1647.83099440
3144.00000000	1653.71293890
3146.00000000	1739.21302060
3148.00000000	1696.16269088
3150.00000000	1651.87258025
3152.00000000	1732.98306227
3154.00000000	1732.13135380
3156.00000000	1710.26542909
3158.00000000	1610.45564360
3160.00000000	1650.58697402
3162.00000000	1667.06517461
3164.00000000	1684.84502086
3166.00000000	1709.29913844
3168.00000000	1730.57371810
3170.00000000	1737.23625466
3172.00000000	1678.00349059
3174.00000000	1689.62814541
3176.00000000	1698.65311830
3178.00000000	1736.26335938
3180.00000000	1711.66877976
3182.00000000	1667.71993961
3184.00000000	1665.08620719
3186.00000000	1707.61908820
3188.00000000	1752.16591418
3190.00000000	1717.55187242
3192.00000000	1700.01245458
3194.00000000	1729.09723270
3196.00000000	1658.06012849
3198.00000000	1672.96819567
3200.00000000	1703.20758017
3202.00000000	1736.90772326
3204.00000000	1734.41084003
3206.00000000	1658.85610436
3208.00000000	1778.50535310
3210.00000000	1741.77754562
3212.00000000	1765.24738352
3214.00000000	1721.93890882
3216.00000000	1722.64377251
3218.00000000	1764.16635480
3220.00000000	1761.92234629
3222.00000000	1731.78338298
3224.00000000	1698.76578599
3226.00000000	1677.12699239
3228.00000000	1666.99425430
3230.00000000	1806.48079896
3232.00000000	1863.79808083
3234.00000000	1768.19904914
3236.00000000	1725.81342524
3238.00000000	1739.53604135
3240.00000000	1744.62077043
3242.00000000	1732.14556847
3244.00000000	1675.32458496
3246.00000000	1803.45082097
3248.00000000	1794.02165072
3250.00000000	1765.06629818
3252.00000000	1777.44613065
3254.00000000	1775.29233143
3256.00000000	1765.04833667
3258.00000000	1734.21643046
3260.00000000	1689.27903083
3262.00000000	1721.26970161
3264.00000000	1789.54442516
3266.00000000	1797.61689333
3268.00000000	1777.36820366
3270.00000000	1784.49370928
3272.00000000	1771.81993918
3274.00000000	1808.05236273
3276.00000000	1841.75359263
3278.00000000	1813.08096105
3280.00000000	1809.56908022
3282.00000000	1820.71501204
3284.00000000	1834.80334461
3286.00000000	1811.13681855
3288.00000000	1817.72927997
3290.00000000	1829.79788169
3292.00000000	1817.23381473
3294.00000000	1834.31444535
3296.00000000	1875.63589884
3298.00000000	1887.14903732
3300.00000000	1834.02551726
3302.00000000	1775.51363739
3304.00000000	1880.53854651
3306.00000000	1831.93329374
3308.00000000	1777.98115944
3310.00000000	1799.58586519
3312.00000000	1827.82058095
3314.00000000	1815.79524456
3316.00000000	1837.89214538
3318.00000000	1864.68710800
3320.00000000	1843.18563258
3322.00000000	1878.76976345
3324.00000000	1877.48704718
3326.00000000	1852.28374508
3328.00000000	1797.76163190
3330.00000000	1882.35905462
3332.00000000	1899.98280221
3334.00000000	1863.56396116
3336.00000000	1897.69797482
3338.00000000	1925.96012071
3340.00000000	1915.96600420
3342.00000000	1873.41428923
3344.00000000	1789.36411423
3346.00000000	1907.41674127
3348.00000000	1839.64153164
3350.00000000	1885.77293773
3352.00000000	1898.76041693
3354.00000000	1864.55553050
3356.00000000	1803.76108389
3358.00000000	1810.93305731
3360.00000000	1873.84412579
3362.00000000	1875.49807082
3364.00000000	1886.76706583
3366.00000000	1855.63171504
3368.00000000	1895.71920698
3370.00000000	1883.57030328
3372.00000000	1846.02729019
3374.00000000	1817.35329713
3376.00000000	1847.30919237
3378.00000000	1827.26131911
3380.00000000	1804.17931506
3382.00000000	1795.55525970
3384.00000000	1813.04243777
3386.00000000	1916.20368884
3388.00000000	1838.91855585
3390.00000000	1920.59924190
3392.00000000	1880.82271232
3394.00000000	1797.12305328
3396.00000000	1774.49574591
3398.00000000	1865.33137339
3400.00000000	1845.21465339
3402.00000000	1796.53987519
3404.00000000	1836.78147361
3406.00000000	1818.79424413
3408.00000000	1787.74841105
3410.00000000	1800.53487006
3412.00000000	1780.53302470
3414.00000000	1855.27961408
3416.00000000	1795.70343557
3418.00000000	1772.02230393
3420.00000000	1857.44289421
3422.00000000	1894.03054445
3424.00000000	1840.85949949
3426.00000000	1794.76371639
3428.00000000	1779.26980926
3430.00000000	1792.90366980
3432.00000000	1829.19862694
3434.00000000	1807.70582417
3436.00000000	1792.40282916
3438.00000000	1805.34357840
3440.00000000	1765.98930958
3442.00000000	1785.44123749
3444.00000000	1762.97917316
3446.00000000	1806.18000967
3448.00000000	1883.50176821
3450.00000000	1875.94982424
3452.00000000	1812.90761289
3454.00000000	1741.96007375
3456.00000000	1717.63389740
3458.00000000	1794.73248651
3460.00000000	1836.66230860
3462.00000000	1781.80763294
3464.00000000	1784.37657823
3466.00000000	1744.33329663
3468.00000000	1793.34605508
3470.00000000	1764.96467733
3472.00000000	1768.01749620
3474.00000000	1831.61910496
3476.00000000	1869.55400010
3478.00000000	1827.12203839
3480.00000000	1793.32245170
3482.00000000	1817.32026164
3484.00000000	1781.45358462
3486.00000000	1841.49214727
3488.00000000	1853.63011961
3490.00000000	1785.80833884
3492.00000000	1794.44732166
3494.00000000	1780.15805503
3496.00000000	1788.68547750
3498.00000000	1765.30470073
3500.00000000	1763.77296074
3502.00000000	1788.58185859
3504.00000000	1799.49976327
3506.00000000	1794.61128880
3508.00000000	1782.20483232
3510.00000000	1778.26281275
3512.00000000	1762.89027479
3514.00000000	1808.57747750
3516.00000000	1861.74291923
3518.00000000	1756.62452327
3520.00000000	1788.31323435
3522.00000000	1809.25986584
3524.00000000	1782.07220276
3526.00000000	1786.94168497
3528.00000000	1778.22030179
3530.00000000	1797.15767255
3532.00000000	1743.82494165
3534.00000000	1746.86575499
3536.00000000	1859.04673976
3538.00000000	1819.70807307
3540.00000000	1774.11217412
3542.00000000	1770.47868058
3544.00000000	1874.14444084
3546.00000000	1820.51915773
3548.00000000	1727.73780200
3550.00000000	1765.56073923
3552.00000000	1817.87848070
3554.00000000	1767.20578171
3556.00000000	1778.27235214
3558.00000000	1788.97331834
3560.00000000	1740.15527694
3562.00000000	1777.48286212
3564.00000000	1834.20580148
3566.00000000	1803.25515346
3568.00000000	1784.96551793
3570.00000000	1788.79766350
3572.00000000	1799.11791215
3574.00000000	1820.00339094
3576.00000000	1831.87575621
3578.00000000	1801.39691393
3580.00000000	1742.13657164
3582.00000000	1748.36554036
3584.00000000	1773.55892156
3586.00000000	1754.54913769
3588.00000000	1729.30844886
3590.00000000	1818.85558004
3592.00000000	1804.23541276
3594.00000000	1785.22496324
3596.00000000	1783.62747543
3598.00000000	1799.71299220
3600.00000000	1842.98044666
3602.00000000	1744.57157494
3604.00000000	1792.78222110
3606.00000000	1791.10145582
3608.00000000	1822.53718995
3610.00000000	1759.90169535
3612.00000000	1792.79565957
3614.00000000	1769.37087388
3616.00000000	1719.72148546
3618.00000000	1796.73614086
3620.00000000	1789.29319583
3622.00000000	1786.31844901
3624.00000000	1736.02709918
3626.00000000	1741.35332576
3628.00000000	1791.45933009
3630.00000000	1801.87356969
3632.00000000	1795.31666661
3634.00000000	1781.14903964
3636.00000000	1752.80479102
3638.00000000	1750.39705038
3640.00000000	1844.79812463
3642.00000000	1836.15498317
3644.00000000	1764.81466428
3646.00000000	1772.77878693
3648.00000000	1848.65840772
3650.00000000	1692.43424900
3652.00000000	1788.00474443
3654.00000000	1807.73669068
3656.00000000	1795.80153862
3658.00000000	1740.60257167
3660.00000000	1763.44609849
3662.00000000	1731.93057401
3664.00000000	1750.61905181
3666.00000000	1762.26370235
3668.00000000	1753.62596400
3670.00000000	1758.12988308
3672.00000000	1734.79558028
3674.00000000	1756.76107675
3676.00000000	1745.80243393
3678.00000000	1736.78706596
3680.00000000	1791.09630852
3682.00000000	1770.56227576
3684.00000000	1798.23554893
3686.00000000	1753.15063507
3688.00000000	1748.11368022
3690.00000000	1775.11797097
3692.00000000	1819.86509891
3694.00000000	1726.73144243
3696.00000000	1765.21884463
3698.00000000	1776.00231602
3700.00000000	1766.42553142
3702.00000000	1712.81883052
3704.00000000	1785.64493941
3706.00000000	1789.83233567
3708.00000000	1702.90923085
3710.00000000	1750.61260159
3712.00000000	1788.49735962
3714.00000000	1739.72762879
3716.00000000	1757.06837529
3718.00000000	1772.50554225
3720.00000000	1752.46051842
3722.00000000	1776.49376524
3724.00000000	1790.94848631
3726.00000000	1786.82914815
3728.00000000	1751.44975781
3730.00000000	1792.07344596
3732.00000000	1758.08800611
3734.00000000	1746.16450554
3736.00000000	1723.55152006
3738.00000000	1770.01702343
3740.00000000	1842.67788422
3742.00000000	1737.49504751
3744.00000000	1752.67066896
3746.00000000	1730.53185077
3748.00000000	1740.59532127
3750.00000000	1817.53331403
3752.00000000	1775.19231927
3754.00000000	1797.91536518
3756.00000000	1783.71882579
3758.00000000	1802.76481039
3760.00000000	1856.45052072
3762.00000000	1834.58090715
3764.00000000	1791.32453119
3766.00000000	1818.15031375
3768.00000000	1817.51109830
3770.00000000	1704.03557094
3772.00000000	1714.90892021
3774.00000000	1835.22486485
3776.00000000	1800.70683888
3778.00000000	1743.20913475
3780.00000000	1786.59610948
3782.00000000	1775.63090674
3784.00000000	1762.56856337
3786.00000000	1808.41394588
3788.00000000	1746.02857378
3790.00000000	1759.31442490
3792.00000000	1713.68292762
3794.00000000	1826.37667921
3796.00000000	1827.89420247
3798.00000000	1745.11039976
3800.00000000	1793.48451671
