400.00000000	707.65192052
402.00000000	701.83641101
404.00000000	696.22428495
406.00000000	686.98389877
408.00000000	665.54363781
410.00000000	669.75792368
412.00000000	697.96319537
414.00000000	709.13297870
416.00000000	712.13649022
418.00000000	716.08519823
420.00000000	697.53324857
422.00000000	681.83751675
424.00000000	708.32937117
426.00000000	722.92439059
428.00000000	703.55654819
430.00000000	697.73244985
432.00000000	705.02246761
434.00000000	703.14633251
436.00000000	683.82172215
438.00000000	667.16907031
440.00000000	685.66359676
442.00000000	704.77839504
444.00000000	697.31493832
446.00000000	687.96672754
448.00000000	681.20654371
450.00000000	670.16044021
452.00000000	666.33047263
454.00000000	670.18349846
456.00000000	666.56742252
458.00000000	658.58062240
460.00000000	661.25868174
462.00000000	694.22842701
464.00000000	722.15491986
466.00000000	691.67390309
468.00000000	667.61389068
470.00000000	684.36060866
472.00000000	688.03690624
474.00000000	667.57654690
476.00000000	639.29235052
478.00000000	621.77871952
480.00000000	635.21297170
482.00000000	688.15710189
484.00000000	721.27037164
486.00000000	701.05950195
488.00000000	674.84195143
490.00000000	662.22435228
492.00000000	659.97542495
494.00000000	662.90835282
496.00000000	669.24267814
498.00000000	680.70313459
500.00000000	695.34987750
502.00000000	707.39108088
504.00000000	706.98487499
506.00000000	691.31453786
508.00000000	671.12225297
510.00000000	685.58674986
512.00000000	723.75630321
514.00000000	719.38502844
516.00000000	692.67615689
518.00000000	682.94005565
520.00000000	688.83545956
522.00000000	692.56962202
524.00000000	679.46643837
526.00000000	678.28495090
528.00000000	695.88010966
530.00000000	701.69701923
532.00000000	691.62612125
534.00000000	676.92884747
536.00000000	673.95316554
538.00000000	690.66239448
540.00000000	719.97518557
542.00000000	723.78104001
544.00000000	698.68192825
546.00000000	689.55042146
548.00000000	697.81140416
550.00000000	708.02649327
552.00000000	713.15217129
554.00000000	705.53345050
556.00000000	684.26973058
558.00000000	678.60076205
560.00000000	688.86181372
562.00000000	679.84991675
564.00000000	682.73956392
566.00000000	714.78893485
568.00000000	708.78582279
570.00000000	670.38796793
572.00000000	655.34639855
574.00000000	682.85512073
576.00000000	717.97964421
578.00000000	692.42896826
580.00000000	663.17496141
582.00000000	680.94238417
584.00000000	692.45780234
586.00000000	683.74277485
588.00000000	675.60435929
590.00000000	691.85460018
592.00000000	717.14871181
594.00000000	707.05280922
596.00000000	685.97470580
598.00000000	677.23613462
600.00000000	665.25383430
602.00000000	671.81368438
604.00000000	710.65633777
606.00000000	712.99972171
608.00000000	684.16678722
610.00000000	688.26684788
612.00000000	691.88205761
614.00000000	677.31722798
616.00000000	683.38795401
618.00000000	692.49392236
620.00000000	680.60249902
622.00000000	673.44283127
624.00000000	678.26743179
626.00000000	684.67287637
628.00000000	687.69096590
630.00000000	684.03160983
632.00000000	674.10086566
634.00000000	678.49799789
636.00000000	701.18785333
638.00000000	706.44605250
640.00000000	698.51225834
642.00000000	699.56806283
644.00000000	707.60734405
646.00000000	719.09305465
648.00000000	728.70184173
650.00000000	712.11807780
652.00000000	683.15889333
654.00000000	702.09413520
656.00000000	726.90174112
658.00000000	712.57456558
660.00000000	706.32462530
662.00000000	722.26015505
664.00000000	744.55209951
666.00000000	761.19615962
668.00000000	764.74907395
670.00000000	753.40806786
672.00000000	735.21717511
674.00000000	724.06569307
676.00000000	732.93338422
678.00000000	733.07049343
680.00000000	711.52865910
682.00000000	731.83112579
684.00000000	763.91994976
686.00000000	737.46499827
688.00000000	708.47642886
690.00000000	709.11278178
692.00000000	719.23956161
694.00000000	736.53781323
696.00000000	758.36161831
698.00000000	773.10635609
700.00000000	788.04356172
702.00000000	800.75241788
704.00000000	769.79243965
706.00000000	728.58585788
708.00000000	741.75512353
710.00000000	780.96112292
712.00000000	802.40977844
714.00000000	781.30817561
716.00000000	764.70538806
718.00000000	778.65862286
720.00000000	789.98194329
722.00000000	804.41979592
724.00000000	830.50119108
726.00000000	840.89074382
728.00000000	822.59531434
730.00000000	789.53123165
732.00000000	795.64658676
734.00000000	831.41529111
736.00000000	838.81611702
738.00000000	837.46836601
740.00000000	853.41469180
742.00000000	887.66916696
744.00000000	911.26052149
746.00000000	909.82843471
748.00000000	912.59137835
750.00000000	922.05217410
752.00000000	929.09623790
754.00000000	937.12970279
756.00000000	913.00476754
758.00000000	832.69510184
760.00000000	804.90975710
762.00000000	837.12769750
764.00000000	826.33608915
766.00000000	801.90022154
768.00000000	792.93527873
770.00000000	774.16203875
772.00000000	772.67888041
774.00000000	805.35465255
776.00000000	825.82809391
778.00000000	823.61155186
780.00000000	818.51342588
782.00000000	839.27677561
784.00000000	864.41811226
786.00000000	851.19755621
788.00000000	826.48676384
790.00000000	814.76644114
792.00000000	818.93504391
794.00000000	829.37424159
796.00000000	836.30824125
798.00000000	837.08739098
800.00000000	845.51149832
802.00000000	860.78646410
804.00000000	850.17177514
806.00000000	838.22017874
808.00000000	853.52297696
810.00000000	857.73291966
812.00000000	843.96654349
814.00000000	836.56894983
816.00000000	862.41432278
818.00000000	894.57860654
820.00000000	878.46532126
822.00000000	851.08642157
824.00000000	846.57195345
826.00000000	862.16990021
828.00000000	868.57669777
830.00000000	862.68160245
832.00000000	882.09734468
834.00000000	885.65612412
836.00000000	851.41730368
838.00000000	853.64719405
840.00000000	873.05919637
842.00000000	865.42099946
844.00000000	867.26895931
846.00000000	885.31712746
848.00000000	901.03563771
850.00000000	910.31193094
852.00000000	906.01510669
854.00000000	889.49920458
856.00000000	913.33474121
858.00000000	961.16695090
860.00000000	950.59996655
862.00000000	915.82515457
864.00000000	900.02668615
866.00000000	903.51705676
868.00000000	901.51984485
870.00000000	893.47698839
872.00000000	921.93683269
874.00000000	940.60568111
876.00000000	912.24550718
878.00000000	902.04866445
880.00000000	905.04058559
882.00000000	885.47751198
884.00000000	854.85365961
886.00000000	854.58912932
888.00000000	905.35024895
890.00000000	922.40146155
892.00000000	914.86539960
894.00000000	949.17356926
896.00000000	948.53687305
898.00000000	916.39384822
900.00000000	939.27594284
902.00000000	959.47304973
904.00000000	945.72902932
906.00000000	939.78401207
908.00000000	936.26882547
910.00000000	930.45277556
912.00000000	938.12809788
914.00000000	943.07438812
916.00000000	944.62091806
918.00000000	978.11205232
920.00000000	986.78081423
922.00000000	943.16543558
924.00000000	950.20224316
926.00000000	992.02744713
928.00000000	1006.78261202
930.00000000	997.04638609
932.00000000	987.30734675
934.00000000	993.44226937
936.00000000	988.68711414
938.00000000	959.71827646
940.00000000	929.20335539
942.00000000	974.32518549
944.00000000	1032.69431908
946.00000000	989.53131222
948.00000000	970.81431901
950.00000000	989.79612572
952.00000000	952.05283767
954.00000000	946.35572773
956.00000000	992.73737331
958.00000000	1010.71690115
960.00000000	1012.96999263
962.00000000	1013.70084333
964.00000000	1002.78521538
966.00000000	1002.36451025
968.00000000	1006.74460001
970.00000000	975.28223147
972.00000000	953.61732444
974.00000000	976.10426963
976.00000000	1013.67000108
978.00000000	1027.20742130
980.00000000	1015.64026036
982.00000000	1029.59596300
984.00000000	1040.57974978
986.00000000	1033.53652288
988.00000000	1065.09107295
990.00000000	1078.81220573
992.00000000	1038.15710456
994.00000000	1038.16305860
996.00000000	1062.88124366
998.00000000	1069.49145887
1000.00000000	1089.35106835
1002.00000000	1123.37593642
1004.00000000	1149.53839772
1006.00000000	1146.29885268
1008.00000000	1115.19587096
1010.00000000	1072.00747647
1012.00000000	1033.71556490
1014.00000000	1019.08428306
1016.00000000	1033.29799182
1018.00000000	1046.13462173
1020.00000000	1032.61524683
1022.00000000	998.38750573
1024.00000000	1004.53774224
1026.00000000	1042.28532402
1028.00000000	1065.26230169
1030.00000000	1075.99709569
1032.00000000	1075.34118318
1034.00000000	1064.12891046
1036.00000000	1063.19971015
1038.00000000	1074.63519667
1040.00000000	1086.12416692
1042.00000000	1093.07973243
1044.00000000	1089.25569310
1046.00000000	1076.06032864
1048.00000000	1083.07783791
1050.00000000	1097.71045031
1052.00000000	1097.37842082
1054.00000000	1140.98047317
1056.00000000	1178.18938648
1058.00000000	1122.73145879
1060.00000000	1094.29527956
1062.00000000	1115.13990179
1064.00000000	1123.39248429
1066.00000000	1154.46598969
1068.00000000	1188.12649810
1070.00000000	1173.37723595
1072.00000000	1162.83167108
1074.00000000	1179.72668273
1076.00000000	1198.99123703
1078.00000000	1180.83016573
1080.00000000	1151.11340122
1082.00000000	1160.69997484
1084.00000000	1161.53824770
1086.00000000	1148.98030193
1088.00000000	1157.90602910
1090.00000000	1181.21263493
1092.00000000	1184.44523394
1094.00000000	1141.57178470
1096.00000000	1098.81882990
1098.00000000	1101.33038040
1100.00000000	1147.40044635
1102.00000000	1139.27358567
1104.00000000	1094.38262442
1106.00000000	1098.54753820
1108.00000000	1135.45649228
1110.00000000	1137.60215757
1112.00000000	1073.39125165
1114.00000000	1065.84879864
1116.00000000	1093.16993283
1118.00000000	1073.88584405
1120.00000000	1087.26464679
1122.00000000	1135.10453360
1124.00000000	1169.95619826
1126.00000000	1197.87842438
1128.00000000	1201.27179027
1130.00000000	1172.52510580
1132.00000000	1168.70580834
1134.00000000	1158.87357374
1136.00000000	1105.77525562
1138.00000000	1081.14731042
1140.00000000	1064.60287677
1142.00000000	1027.41596900
1144.00000000	1038.96204766
1146.00000000	1062.37065327
1148.00000000	1055.27597524
1150.00000000	1073.84378889
1152.00000000	1069.81034913
1154.00000000	1020.63344335
1156.00000000	1031.90353923
1158.00000000	1068.23253212
1160.00000000	1066.27328115
1162.00000000	1039.13777766
1164.00000000	1048.31669521
1166.00000000	1093.06263194
1168.00000000	1080.56363970
1170.00000000	1072.15477897
1172.00000000	1102.58794249
1174.00000000	1102.08567656
1176.00000000	1075.10525017
1178.00000000	1043.49839580
1180.00000000	1020.94107490
1182.00000000	1039.59212356
1184.00000000	1066.53605753
1186.00000000	1030.18428407
1188.00000000	1019.51532842
1190.00000000	1048.64348659
1192.00000000	1043.18115766
1194.00000000	1030.98961794
1196.00000000	1025.38798095
1198.00000000	1013.30367988
1200.00000000	1007.69799545
1202.00000000	1020.89113779
1204.00000000	1046.10702725
1206.00000000	1043.74559959
1208.00000000	1058.59615490
1210.00000000	1119.63630551
1212.00000000	1089.95525086
1214.00000000	1037.92844561
1216.00000000	1075.73029698
1218.00000000	1124.23598510
1220.00000000	1132.63403666
1222.00000000	1112.24426257
1224.00000000	1126.03683101
1226.00000000	1161.17885218
1228.00000000	1173.97730573
1230.00000000	1143.02105404
1232.00000000	1130.45582674
1234.00000000	1154.68806644
1236.00000000	1152.24219675
1238.00000000	1140.41800777
1240.00000000	1146.20941681
1242.00000000	1169.50720438
1244.00000000	1181.48277997
1246.00000000	1171.36471833
1248.00000000	1150.57815852
1250.00000000	1124.78392885
1252.00000000	1110.00901935
1254.00000000	1114.07782456
1256.00000000	1100.74985376
1258.00000000	1099.10165869
1260.00000000	1135.18822826
1262.00000000	1127.03014236
1264.00000000	1109.05064899
1266.00000000	1139.37889902
1268.00000000	1177.49236626
1270.00000000	1157.43765303
1272.00000000	1093.21084156
1274.00000000	1101.69421503
1276.00000000	1113.85806302
1278.00000000	1091.81906981
1280.00000000	1107.21951369
1282.00000000	1121.96443515
1284.00000000	1119.99807307
1286.00000000	1131.88990660
1288.00000000	1139.69458769
1290.00000000	1128.43669110
1292.00000000	1108.06159584
1294.00000000	1119.33322793
1296.00000000	1146.54964207
1298.00000000	1164.77778753
1300.00000000	1216.65298235
1302.00000000	1253.88388771
1304.00000000	1226.34689662
1306.00000000	1185.46533585
1308.00000000	1204.69483125
1310.00000000	1266.85509577
1312.00000000	1250.81129514
1314.00000000	1217.72025420
1316.00000000	1217.37720241
1318.00000000	1216.34725019
1320.00000000	1200.16707651
1322.00000000	1178.23893706
1324.00000000	1165.58603650
1326.00000000	1147.70661877
1328.00000000	1147.06224554
1330.00000000	1191.20179302
1332.00000000	1247.10122814
1334.00000000	1275.18009455
1336.00000000	1269.13763797
1338.00000000	1269.86122073
1340.00000000	1248.34671802
1342.00000000	1203.39210369
1344.00000000	1202.95091782
1346.00000000	1244.78376166
1348.00000000	1263.87252799
1350.00000000	1200.24520702
1352.00000000	1159.59347648
1354.00000000	1173.17788776
1356.00000000	1186.99142857
1358.00000000	1174.05839137
1360.00000000	1172.24317969
1362.00000000	1209.31915781
1364.00000000	1223.72364089
1366.00000000	1197.82369864
1368.00000000	1163.42855692
1370.00000000	1169.69900674
1372.00000000	1168.42650792
1374.00000000	1144.61237185
1376.00000000	1140.38740446
1378.00000000	1128.43555607
1380.00000000	1111.92875012
1382.00000000	1115.58021065
1384.00000000	1113.60995325
1386.00000000	1107.30246594
1388.00000000	1114.38254252
1390.00000000	1134.63462111
1392.00000000	1125.96613829
1394.00000000	1091.29756789
1396.00000000	1103.43305823
1398.00000000	1125.08684551
1400.00000000	1133.02874904
1402.00000000	1145.15604775
1404.00000000	1132.11934327
1406.00000000	1097.35308362
1408.00000000	1074.88424190
1410.00000000	1084.44122178
1412.00000000	1094.81532360
1414.00000000	1078.77957631
1416.00000000	1062.54133002
1418.00000000	1063.26625008
1420.00000000	1078.93302021
1422.00000000	1091.10857969
1424.00000000	1084.70545306
1426.00000000	1074.38138174
1428.00000000	1085.97750617
1430.00000000	1104.67239651
1432.00000000	1128.31529741
1434.00000000	1152.15232334
1436.00000000	1147.55716346
1438.00000000	1136.20530871
1440.00000000	1150.31218944
1442.00000000	1189.59832425
1444.00000000	1191.15500738
1446.00000000	1177.91077022
1448.00000000	1214.40485051
1450.00000000	1191.69038862
1452.00000000	1167.92109458
1454.00000000	1223.55816753
1456.00000000	1220.42791977
1458.00000000	1200.59058145
1460.00000000	1216.27971240
1462.00000000	1209.76057850
1464.00000000	1197.73472397
1466.00000000	1168.46767811
1468.00000000	1096.55752009
1470.00000000	1074.11695998
1472.00000000	1089.71189718
1474.00000000	1079.44214777
1476.00000000	1053.26981234
1478.00000000	1045.27793296
1480.00000000	1059.72102928
1482.00000000	1059.41193125
1484.00000000	1049.95856432
1486.00000000	1033.97241012
1488.00000000	1007.65255412
1490.00000000	992.39892015
1492.00000000	988.25536045
1494.00000000	985.41919927
1496.00000000	986.12075692
1498.00000000	987.31486803
1500.00000000	970.44692813
1502.00000000	926.77862989
1504.00000000	945.60143312
1506.00000000	992.15238568
1508.00000000	970.44965136
1510.00000000	946.11291381
1512.00000000	962.91282913
1514.00000000	1000.59714626
1516.00000000	995.02144310
1518.00000000	976.99183802
1520.00000000	976.64426016
1522.00000000	982.42910299
1524.00000000	974.53895356
1526.00000000	985.74693573
1528.00000000	1032.46466719
1530.00000000	1032.74810753
1532.00000000	1003.61882747
1534.00000000	997.49462579
1536.00000000	1025.95505143
1538.00000000	1014.47781007
1540.00000000	993.60129733
1542.00000000	1029.43801206
1544.00000000	1015.10401054
1546.00000000	980.74107023
1548.00000000	1001.72234464
1550.00000000	1065.15724122
1552.00000000	1073.03694392
1554.00000000	1034.79232085
1556.00000000	1051.64071196
1558.00000000	1091.18916375
1560.00000000	1077.26137469
1562.00000000	1010.27071089
1564.00000000	1022.39325416
1566.00000000	1065.11519502
1568.00000000	1089.71475810
1570.00000000	1116.54586077
1572.00000000	1106.35778625
1574.00000000	1090.70865107
1576.00000000	1119.54959249
1578.00000000	1153.59020888
1580.00000000	1156.59933011
1582.00000000	1149.52213542
1584.00000000	1182.90083165
1586.00000000	1174.33595955
1588.00000000	1118.30449454
1590.00000000	1080.88508423
1592.00000000	1084.94215279
1594.00000000	1096.19428217
1596.00000000	1072.03131224
1598.00000000	1016.57880469
1600.00000000	1032.40285513
1602.00000000	1084.31402230
1604.00000000	1077.49389481
1606.00000000	1089.99883041
1608.00000000	1121.95925358
1610.00000000	1117.17034282
1612.00000000	1045.98086345
1614.00000000	1017.12918625
1616.00000000	1041.73472859
1618.00000000	1054.39539480
1620.00000000	1079.03634817
1622.00000000	1094.19232774
1624.00000000	1068.57065384
1626.00000000	1015.69212305
1628.00000000	1015.09458439
1630.00000000	1048.18326904
1632.00000000	1044.85284317
1634.00000000	1038.32082517
1636.00000000	1016.95391990
1638.00000000	989.43244334
1640.00000000	1010.80703926
1642.00000000	1044.06579646
1644.00000000	1063.25299073
1646.00000000	1061.10849926
1648.00000000	1020.03362761
1650.00000000	1026.98231486
1652.00000000	1091.47635460
1654.00000000	1104.01112947
1656.00000000	1119.29981753
1658.00000000	1127.26450414
1660.00000000	1090.05167556
1662.00000000	1069.06098190
1664.00000000	1061.83529657
1666.00000000	1074.19164908
1668.00000000	1123.99534779
1670.00000000	1117.30250847
1672.00000000	1069.72422739
1674.00000000	1053.52050602
1676.00000000	1070.13371023
1678.00000000	1068.82855620
1680.00000000	1046.97640613
1682.00000000	1046.70062656
1684.00000000	1044.31332745
1686.00000000	999.59224139
1688.00000000	949.03410386
1690.00000000	1000.96910952
1692.00000000	1017.03328569
1694.00000000	968.46816870
1696.00000000	955.60575797
1698.00000000	980.46790389
1700.00000000	980.14777047
1702.00000000	980.14777047
1704.00000000	980.14777047
1706.00000000	980.14777047
1708.00000000	980.14777047
1710.00000000	980.14777047
1712.00000000	980.14777047
1714.00000000	980.14777047
1716.00000000	966.99433133
1718.00000000	932.83082210
1720.00000000	904.38173031
1722.00000000	911.39144801
1724.00000000	914.68260162
1726.00000000	875.54388210
1728.00000000	888.22165616
1730.00000000	928.86761114
1732.00000000	918.91188834
1734.00000000	939.82917422
1736.00000000	947.73769087
1738.00000000	913.24373549
1740.00000000	885.30985973
1742.00000000	856.06587727
1744.00000000	866.75242420
1746.00000000	909.76509860
1748.00000000	873.84569869
1750.00000000	875.32787573
1752.00000000	898.72622266
1754.00000000	843.18625634
1756.00000000	834.71553114
1758.00000000	865.38733717
1760.00000000	893.45633287
1762.00000000	918.56755171
1764.00000000	899.68301843
1766.00000000	883.76711720
1768.00000000	900.45409581
1770.00000000	874.20086314
1772.00000000	879.96047268
1774.00000000	908.23973755
1776.00000000	890.10023980
1778.00000000	885.31056099
1780.00000000	874.87248050
1782.00000000	868.16184319
1784.00000000	913.97736197
1786.00000000	923.43143854
1788.00000000	893.83600936
1790.00000000	875.73748869
1792.00000000	882.89796382
1794.00000000	881.25624544
1796.00000000	877.62029566
1798.00000000	902.64585713
1800.00000000	940.54432217
1802.00000000	933.26611101
1804.00000000	896.92908909
1806.00000000	900.94601769
1808.00000000	912.82133348
1810.00000000	919.11867144
1812.00000000	905.36410516
1814.00000000	856.10694485
1816.00000000	845.88183850
1818.00000000	889.55537876
1820.00000000	927.71879382
1822.00000000	898.25513475
1824.00000000	889.00871918
1826.00000000	912.16645774
1828.00000000	910.33352733
1830.00000000	899.10900783
1832.00000000	902.84033328
1834.00000000	912.00628102
1836.00000000	898.33434805
1838.00000000	878.05874049
1840.00000000	871.98115502
1842.00000000	889.74629689
1844.00000000	912.86477323
1846.00000000	879.02383772
1848.00000000	851.93419710
1850.00000000	880.93727548
1852.00000000	884.27306550
1854.00000000	887.07714440
1856.00000000	882.17944861
1858.00000000	858.92753728
1860.00000000	880.44956879
1862.00000000	924.78552498
1864.00000000	934.47801133
1866.00000000	898.95670675
1868.00000000	902.56533807
1870.00000000	903.30013160
1872.00000000	884.49402001
1874.00000000	895.93653707
1876.00000000	917.33326265
1878.00000000	916.64941649
1880.00000000	894.21082404
1882.00000000	883.54965421
1884.00000000	893.55208779
1886.00000000	907.40178793
1888.00000000	908.62965426
1890.00000000	903.59763792
1892.00000000	914.96492005
1894.00000000	919.90900016
1896.00000000	893.46902836
1898.00000000	865.79830753
1900.00000000	874.56177374
1902.00000000	898.63345109
1904.00000000	899.76127556
1906.00000000	895.24316763
1908.00000000	902.50095169
1910.00000000	917.06174798
1912.00000000	915.90379017
1914.00000000	886.15605050
1916.00000000	890.14892948
1918.00000000	911.09849629
1920.00000000	885.11199985
1922.00000000	876.54133227
1924.00000000	884.02841903
1926.00000000	895.01055611
1928.00000000	913.49558573
1930.00000000	916.29099938
1932.00000000	894.99628593
1934.00000000	882.28944695
1936.00000000	908.97525517
1938.00000000	904.17418491
1940.00000000	892.01689739
1942.00000000	904.46475036
1944.00000000	915.48594964
1946.00000000	920.07694138
1948.00000000	943.70504071
1950.00000000	960.30930596
1952.00000000	910.07873996
1954.00000000	900.46795958
1956.00000000	911.98907246
1958.00000000	909.49889093
1960.00000000	936.19904885
1962.00000000	924.36433226
1964.00000000	917.89490658
1966.00000000	944.03201298
1968.00000000	919.37063269
1970.00000000	897.50585651
1972.00000000	905.87862473
1974.00000000	917.29705539
1976.00000000	904.89683385
1978.00000000	924.81815241
1980.00000000	939.90030926
1982.00000000	920.08580260
1984.00000000	932.47502505
1986.00000000	940.05107842
1988.00000000	913.79817368
1990.00000000	885.62953464
1992.00000000	913.20623062
1994.00000000	936.29671623
1996.00000000	943.70991491
1998.00000000	941.34275592
2000.00000000	910.31116943
2002.00000000	936.18422751
2004.00000000	980.24898513
2006.00000000	966.42478773
2008.00000000	926.18280066
2010.00000000	936.70292696
2012.00000000	937.61913807
2014.00000000	891.13732597
2016.00000000	894.41413829
2018.00000000	910.56788781
2020.00000000	899.73093667
2022.00000000	879.75603430
2024.00000000	899.12986019
2026.00000000	924.00648171
2028.00000000	928.26027834
2030.00000000	921.46075143
2032.00000000	929.08203125
2034.00000000	939.44842425
2036.00000000	931.57317005
2038.00000000	915.66054471
2040.00000000	927.87715726
2042.00000000	954.90925252
2044.00000000	956.13618941
2046.00000000	937.75817587
2048.00000000	939.31818811
2050.00000000	917.24729297
2052.00000000	926.01401755
2054.00000000	964.83684778
2056.00000000	957.84476436
2058.00000000	946.27467759
2060.00000000	928.62446637
2062.00000000	940.47470807
2064.00000000	1001.97468092
2066.00000000	975.22611743
2068.00000000	931.24065322
2070.00000000	933.23212686
2072.00000000	949.23062874
2074.00000000	949.07944264
2076.00000000	948.81002305
2078.00000000	944.29730632
2080.00000000	926.16802442
2082.00000000	927.50155866
2084.00000000	959.94405700
2086.00000000	967.87876875
2088.00000000	941.08846209
2090.00000000	971.94814262
2092.00000000	983.57925263
2094.00000000	956.27758294
2096.00000000	936.05816714
2098.00000000	948.89399285
2100.00000000	962.34218517
2102.00000000	986.11631475
2104.00000000	996.45331963
2106.00000000	942.88809636
2108.00000000	915.38429021
2110.00000000	926.77005742
2112.00000000	946.53152939
2114.00000000	953.78169242
2116.00000000	944.07052148
2118.00000000	953.96153050
2120.00000000	960.32948783
2122.00000000	940.06235220
2124.00000000	969.27452711
2126.00000000	957.68417742
2128.00000000	943.32701381
2130.00000000	976.02924306
2132.00000000	949.13844500
2134.00000000	966.64045765
2136.00000000	997.66436398
2138.00000000	979.85543032
2140.00000000	959.07562203
2142.00000000	940.02544516
2144.00000000	933.18615520
2146.00000000	945.21310640
2148.00000000	960.25306728
2150.00000000	949.82971793
2152.00000000	950.24947520
2154.00000000	973.05604881
2156.00000000	981.64454516
2158.00000000	953.99799261
2160.00000000	947.18084053
2162.00000000	949.77747980
2164.00000000	929.03007499
2166.00000000	927.26354112
2168.00000000	982.33082557
2170.00000000	976.33153779
2172.00000000	902.36642238
2174.00000000	923.28696681
2176.00000000	987.70746032
2178.00000000	1007.06899771
2180.00000000	983.18839980
2182.00000000	975.22308283
2184.00000000	978.67186989
2186.00000000	972.28718894
2188.00000000	955.97764273
2190.00000000	946.41507341
2192.00000000	957.16489260
2194.00000000	991.86342587
2196.00000000	1010.82684302
2198.00000000	986.64193450
2200.00000000	948.04316753
2202.00000000	949.12626556
2204.00000000	982.16272304
2206.00000000	1010.64701709
2208.00000000	1007.52657934
2210.00000000	975.89205773
2212.00000000	960.68052143
2214.00000000	969.01795483
2216.00000000	978.92221802
2218.00000000	982.60803467
2220.00000000	991.64904852
2222.00000000	988.63849908
2224.00000000	985.85712145
2226.00000000	1022.79161812
2228.00000000	1070.25016009
2230.00000000	1017.00485172
2232.00000000	940.27392894
2234.00000000	955.03229009
2236.00000000	983.18389451
2238.00000000	1018.55897301
2240.00000000	1024.84369608
2242.00000000	990.59153270
2244.00000000	964.87275059
2246.00000000	974.67070655
2248.00000000	970.74071979
2250.00000000	982.41304865
2252.00000000	1033.74232086
2254.00000000	1017.66489444
2256.00000000	974.12785768
2258.00000000	986.34129639
2260.00000000	1022.86907005
2262.00000000	992.94587300
2264.00000000	1001.04417776
2266.00000000	1021.94392585
2268.00000000	1018.94908406
2270.00000000	1015.61729558
2272.00000000	1035.85006006
2274.00000000	1018.76042364
2276.00000000	1017.68300634
2278.00000000	1038.30560757
2280.00000000	1007.59816557
2282.00000000	1017.00812019
2284.00000000	995.64627733
2286.00000000	972.34206238
2288.00000000	1004.17240235
2290.00000000	995.24040579
2292.00000000	993.41048046
2294.00000000	1005.37999480
2296.00000000	1006.09240221
2298.00000000	1001.57714532
2300.00000000	1023.28628897
2302.00000000	1023.63047674
2304.00000000	995.21830738
2306.00000000	1004.91418997
2308.00000000	1081.41638153
2310.00000000	1052.51617952
2312.00000000	1018.24416022
2314.00000000	1034.60392250
2316.00000000	1021.35824581
2318.00000000	1017.56118176
2320.00000000	1056.03223121
2322.00000000	1058.38219286
2324.00000000	1017.32675297
2326.00000000	1036.73301956
2328.00000000	1045.34745023
2330.00000000	1021.24562110
2332.00000000	1011.70759426
2334.00000000	1035.03111800
2336.00000000	1038.19063355
2338.00000000	1055.71103071
2340.00000000	1041.76785141
2342.00000000	1019.38575262
2344.00000000	1045.94858912
2346.00000000	1022.42936016
2348.00000000	1034.18780370
2350.00000000	1071.62143378
2352.00000000	1073.38643625
2354.00000000	1045.13863665
2356.00000000	1005.07227084
2358.00000000	1035.93221095
2360.00000000	1070.43489978
2362.00000000	1030.26832296
2364.00000000	1010.96544857
2366.00000000	1009.29294933
2368.00000000	1048.51918871
2370.00000000	1071.66322927
2372.00000000	1027.97150202
2374.00000000	1037.99254667
2376.00000000	1073.36436414
2378.00000000	1051.82371447
2380.00000000	1012.90598145
2382.00000000	1047.56380033
2384.00000000	1053.23676477
2386.00000000	1019.54713211
2388.00000000	1025.37374273
2390.00000000	1051.68484772
2392.00000000	1004.91972044
2394.00000000	1024.89125527
2396.00000000	1059.34687347
2398.00000000	1041.75992131
2400.00000000	1014.07904491
2402.00000000	1041.98752212
2404.00000000	1042.55863010
2406.00000000	1007.54552622
2408.00000000	1007.48087645
2410.00000000	1039.38269531
2412.00000000	997.32183171
2414.00000000	1003.77379222
2416.00000000	1042.82029868
2418.00000000	1066.17959455
2420.00000000	1072.41991062
2422.00000000	1043.27348697
2424.00000000	1006.29852100
2426.00000000	1023.15749428
2428.00000000	1063.22151040
2430.00000000	1054.81796509
2432.00000000	1051.02672182
2434.00000000	1043.48318223
2436.00000000	1030.56720400
2438.00000000	1052.24042768
2440.00000000	1100.85437048
2442.00000000	1063.04411510
2444.00000000	1079.01716959
2446.00000000	1121.03949879
2448.00000000	1092.06493983
2450.00000000	1028.00272416
2452.00000000	1018.42246173
2454.00000000	1038.64420879
2456.00000000	1031.97129715
2458.00000000	1021.94662660
2460.00000000	1060.26066803
2462.00000000	1067.86699886
2464.00000000	1063.23584316
2466.00000000	1039.36905784
2468.00000000	1011.78534090
2470.00000000	1030.33543882
2472.00000000	1050.07830141
2474.00000000	1077.26391179
2476.00000000	1076.69831840
2478.00000000	1039.47649744
2480.00000000	1027.06155614
2482.00000000	1053.50156277
2484.00000000	1051.81560615
2486.00000000	1070.15705453
2488.00000000	1088.28452764
2490.00000000	1030.37626018
2492.00000000	1063.89112882
2494.00000000	1075.75869859
2496.00000000	1031.13134043
2498.00000000	1025.39226095
2500.00000000	1082.67135735
2502.00000000	1073.17969073
2504.00000000	1089.04919373
2506.00000000	1061.07152602
2508.00000000	1032.30838005
2510.00000000	1110.87780969
2512.00000000	1068.09023917
2514.00000000	1025.06384937
2516.00000000	1069.68973860
2518.00000000	1116.16481412
2520.00000000	1078.34078366
2522.00000000	1042.81365680
2524.00000000	1043.59564303
2526.00000000	1033.70954994
2528.00000000	1020.59548376
2530.00000000	1059.38659667
2532.00000000	1118.31382129
2534.00000000	1085.70210924
2536.00000000	1050.99595142
2538.00000000	1085.23209087
2540.00000000	1108.84035632
2542.00000000	1049.67777038
2544.00000000	1061.63275930
2546.00000000	1074.43649171
2548.00000000	1078.28143201
2550.00000000	1107.49204903
2552.00000000	1107.97268468
2554.00000000	1071.50136839
2556.00000000	1041.92209205
2558.00000000	1054.41402915
2560.00000000	1082.70907218
2562.00000000	1079.81822058
2564.00000000	1072.45982467
2566.00000000	1092.00491060
2568.00000000	1085.27254360
2570.00000000	1060.08930365
2572.00000000	1061.26724063
2574.00000000	1053.29387200
2576.00000000	1103.39187754
2578.00000000	1098.58924895
2580.00000000	1054.49920833
2582.00000000	1067.13141663
2584.00000000	1096.53875332
2586.00000000	1121.27159018
2588.00000000	1071.68255256
2590.00000000	1079.30187490
2592.00000000	1133.59321563
2594.00000000	1067.46257119
2596.00000000	1074.84397890
2598.00000000	1109.01222427
2600.00000000	1097.83005328
2602.00000000	1056.52130782
2604.00000000	1060.39732456
2606.00000000	1120.32054018
2608.00000000	1063.12988098
2610.00000000	1058.63544330
2612.00000000	1085.96416853
2614.00000000	1068.43554293
2616.00000000	1105.16592714
2618.00000000	1073.49232510
2620.00000000	1067.21136252
2622.00000000	1086.15441823
2624.00000000	1073.63518066
2626.00000000	1055.94207297
2628.00000000	1084.15249825
2630.00000000	1090.52766695
2632.00000000	1114.18509956
2634.00000000	1142.22078262
2636.00000000	1113.48167621
2638.00000000	1070.04086665
2640.00000000	1120.83523889
2642.00000000	1145.45711430
2644.00000000	1140.65863361
2646.00000000	1124.54469124
2648.00000000	1096.50938080
2650.00000000	1131.78816281
2652.00000000	1106.23704693
2654.00000000	1065.09907622
2656.00000000	1080.12398850
2658.00000000	1117.57062872
2660.00000000	1113.94611587
2662.00000000	1101.96218626
2664.00000000	1090.64553270
2666.00000000	1067.82221377
2668.00000000	1080.91049119
2670.00000000	1127.34554602
2672.00000000	1091.58949820
2674.00000000	1065.41806282
2676.00000000	1130.16014655
2678.00000000	1153.66578709
2680.00000000	1084.48417811
2682.00000000	1078.42909950
2684.00000000	1156.61679740
2686.00000000	1133.98824145
2688.00000000	1116.79668396
2690.00000000	1146.77443925
2692.00000000	1149.87506345
2694.00000000	1144.77388728
2696.00000000	1166.22771856
2698.00000000	1171.62423588
2700.00000000	1135.72380768
2702.00000000	1131.70727324
2704.00000000	1156.16075842
2706.00000000	1098.06357212
2708.00000000	1131.19545736
2710.00000000	1155.77825441
2712.00000000	1158.07674690
2714.00000000	1147.47100413
2716.00000000	1110.02985023
2718.00000000	1135.80904690
2720.00000000	1190.04487215
2722.00000000	1166.14700429
2724.00000000	1133.33095145
2726.00000000	1149.06288019
2728.00000000	1150.99495963
2730.00000000	1148.56266555
2732.00000000	1124.67285630
2734.00000000	1112.53316120
2736.00000000	1140.80934860
2738.00000000	1192.02409096
2740.00000000	1206.75440265
2742.00000000	1152.39346363
2744.00000000	1155.76380883
2746.00000000	1128.64938693
2748.00000000	1090.43995685
2750.00000000	1138.14063429
2752.00000000	1202.09938783
2754.00000000	1174.59646633
2756.00000000	1181.35165829
2758.00000000	1157.76963061
2760.00000000	1153.13953773
2762.00000000	1186.09195196
2764.00000000	1137.88253008
2766.00000000	1151.36096176
2768.00000000	1203.14614863
2770.00000000	1164.00391087
2772.00000000	1103.42222254
2774.00000000	1113.40965699
2776.00000000	1116.79992898
2778.00000000	1108.72675031
2780.00000000	1128.94102286
2782.00000000	1118.56364398
2784.00000000	1103.60951221
2786.00000000	1110.55355554
2788.00000000	1107.19441431
2790.00000000	1160.00562851
2792.00000000	1197.24860783
2794.00000000	1195.35352599
2796.00000000	1154.68953574
2798.00000000	1118.72039335
2800.00000000	1138.98181137
2802.00000000	1159.46517081
2804.00000000	1134.35217607
2806.00000000	1160.31832871
2808.00000000	1192.39699750
2810.00000000	1171.66047614
2812.00000000	1153.09707510
2814.00000000	1157.70844573
2816.00000000	1165.74255504
2818.00000000	1158.43139320
2820.00000000	1188.15869161
2822.00000000	1220.43381749
2824.00000000	1197.63653954
2826.00000000	1181.29983307
2828.00000000	1158.24454626
2830.00000000	1208.44578471
2832.00000000	1263.47769811
2834.00000000	1254.78148122
2836.00000000	1231.22400485
2838.00000000	1249.64286499
2840.00000000	1275.97505520
2842.00000000	1292.55253342
2844.00000000	1305.84957229
2846.00000000	1353.58542632
2848.00000000	1416.74809022
2850.00000000	1438.56646290
2852.00000000	1444.76505769
2854.00000000	1449.58588147
2856.00000000	1491.40819739
2858.00000000	1570.30673966
2860.00000000	1628.00592854
2862.00000000	1637.66344244
2864.00000000	1653.22477053
2866.00000000	1694.70830446
2868.00000000	1735.65380310
2870.00000000	1777.45909471
2872.00000000	1887.53010814
2874.00000000	1978.31672272
2876.00000000	1926.50293184
2878.00000000	1915.57029387
2880.00000000	1906.93570046
2882.00000000	1929.07430415
2884.00000000	1948.36972699
2886.00000000	1903.23372048
2888.00000000	1898.32161761
2890.00000000	2027.46535630
2892.00000000	2003.11800839
2894.00000000	1987.04402930
2896.00000000	2024.05743753
2898.00000000	2033.73317571
2900.00000000	2031.32427817
2902.00000000	2072.85301265
2904.00000000	2110.37835642
2906.00000000	2163.31569659
2908.00000000	2188.33111824
2910.00000000	2247.86607041
2912.00000000	2275.39953141
2914.00000000	2283.23799455
2916.00000000	2389.69680984
2918.00000000	2374.24877852
2920.00000000	2372.45604154
2922.00000000	2474.09165526
2924.00000000	2501.66831693
2926.00000000	2479.43336696
2928.00000000	2546.40614655
2930.00000000	2595.82491934
2932.00000000	2632.15372360
2934.00000000	2680.66220978
2936.00000000	2590.32174648
2938.00000000	2516.48307686
2940.00000000	2569.09884207
2942.00000000	2570.94441767
2944.00000000	2467.86086580
2946.00000000	2415.81485182
2948.00000000	2403.72377564
2950.00000000	2294.18547800
2952.00000000	2240.15433195
2954.00000000	2198.05105319
2956.00000000	2105.93463060
2958.00000000	2220.56860227
2960.00000000	2090.69533669
2962.00000000	2121.93708271
2964.00000000	2148.46208946
2966.00000000	2076.28434937
2968.00000000	2017.51040877
2970.00000000	1974.41861831
2972.00000000	1955.05374476
2974.00000000	1948.06094151
2976.00000000	1968.27248464
2978.00000000	1927.25298505
2980.00000000	1824.78993275
2982.00000000	1799.35425641
2984.00000000	1830.24077645
2986.00000000	1760.28288897
2988.00000000	1765.09468893
2990.00000000	1675.82626798
2992.00000000	1665.09766167
2994.00000000	1613.11540179
2996.00000000	1505.37555417
2998.00000000	1496.43808997
3000.00000000	1478.68210914
3002.00000000	1489.83809712
3004.00000000	1500.40474244
3006.00000000	1436.34790967
3008.00000000	1404.10840408
3010.00000000	1395.49935507
3012.00000000	1388.19145471
3014.00000000	1434.16864763
3016.00000000	1366.41713317
3018.00000000	1311.13796861
3020.00000000	1297.98897039
3022.00000000	1263.04535434
3024.00000000	1295.37909938
3026.00000000	1332.91242952
3028.00000000	1262.00305650
3030.00000000	1276.54110897
3032.00000000	1248.66582783
3034.00000000	1237.96234795
3036.00000000	1264.16350487
3038.00000000	1280.13809758
3040.00000000	1267.64240676
3042.00000000	1285.74630959
3044.00000000	1351.54902916
3046.00000000	1343.29134740
3048.00000000	1316.22074520
3050.00000000	1313.35427830
3052.00000000	1357.45823630
3054.00000000	1338.54588547
3056.00000000	1296.73066728
3058.00000000	1358.57471951
3060.00000000	1377.78649699
3062.00000000	1354.10417189
3064.00000000	1351.78846009
3066.00000000	1372.36416707
3068.00000000	1361.61631509
3070.00000000	1306.85948071
3072.00000000	1286.23895500
3074.00000000	1319.20128094
3076.00000000	1287.47903618
3078.00000000	1258.33373212
3080.00000000	1280.03743765
3082.00000000	1272.36863091
3084.00000000	1320.16305566
3086.00000000	1301.64613406
3088.00000000	1217.50142984
3090.00000000	1297.92372140
3092.00000000	1225.38154858
3094.00000000	1290.12081268
3096.00000000	1283.92087359
3098.00000000	1242.12766639
3100.00000000	1250.21622209
3102.00000000	1243.64169526
3104.00000000	1233.34310113
3106.00000000	1261.18910019
3108.00000000	1209.00490120
3110.00000000	1229.61674670
3112.00000000	1226.32568835
3114.00000000	1260.63380730
3116.00000000	1273.05062155
3118.00000000	1227.21150763
3120.00000000	1224.88647472
3122.00000000	1239.57102691
3124.00000000	1210.07191387
3126.00000000	1267.28745296
3128.00000000	1262.44255011
3130.00000000	1225.81555904
3132.00000000	1230.51510864
3134.00000000	1235.00225192
3136.00000000	1227.39536571
3138.00000000	1250.00322212
3140.00000000	1247.00026177
3142.00000000	1206.50094582
3144.00000000	1199.33290192
3146.00000000	1273.65946321
3148.00000000	1315.26703718
3150.00000000	1282.66506004
3152.00000000	1261.48019107
3154.00000000	1276.45120148
3156.00000000	1271.08824535
3158.00000000	1230.72205942
3160.00000000	1215.70572497
3162.00000000	1264.26335654
3164.00000000	1278.50023941
3166.00000000	1241.14838747
3168.00000000	1248.40520896
3170.00000000	1275.44200608
3172.00000000	1237.22818589
3174.00000000	1236.51425704
3176.00000000	1242.34993762
3178.00000000	1270.31930837
3180.00000000	1255.98810047
3182.00000000	1249.22513436
3184.00000000	1224.81120752
3186.00000000	1185.12988364
3188.00000000	1242.31515756
3190.00000000	1318.69631836
3192.00000000	1284.19423858
3194.00000000	1271.97850610
3196.00000000	1219.04375503
3198.00000000	1220.64891361
3200.00000000	1234.59158546
3202.00000000	1261.67003237
3204.00000000	1304.24248585
3206.00000000	1275.58674383
3208.00000000	1258.58845348
3210.00000000	1250.35155745
3212.00000000	1243.32430022
3214.00000000	1244.09181077
3216.00000000	1267.05765586
3218.00000000	1264.63879201
3220.00000000	1226.94350712
3222.00000000	1272.03396208
3224.00000000	1338.91831811
3226.00000000	1249.39344546
3228.00000000	1309.04379251
3230.00000000	1286.87445333
3232.00000000	1336.85963540
3234.00000000	1293.46212419
3236.00000000	1280.81461987
3238.00000000	1306.12889312
3240.00000000	1284.71083112
3242.00000000	1304.92087712
3244.00000000	1286.46380187
3246.00000000	1281.27204765
3248.00000000	1292.45981037
3250.00000000	1295.91411168
3252.00000000	1306.84955116
3254.00000000	1305.03040266
3256.00000000	1343.78064557
3258.00000000	1344.73451273
3260.00000000	1279.88805261
3262.00000000	1289.28927793
3264.00000000	1277.11325257
3266.00000000	1364.09881718
3268.00000000	1292.58510958
3270.00000000	1330.40212947
3272.00000000	1332.37477960
3274.00000000	1337.48842543
3276.00000000	1388.75680814
3278.00000000	1362.19563871
3280.00000000	1332.77240094
3282.00000000	1362.07173656
3284.00000000	1327.73585300
3286.00000000	1338.08440553
3288.00000000	1407.50905275
3290.00000000	1353.52884901
3292.00000000	1299.52192733
3294.00000000	1321.14704205
3296.00000000	1387.56680255
3298.00000000	1424.97735005
3300.00000000	1393.06981464
3302.00000000	1394.81020077
3304.00000000	1380.41762908
3306.00000000	1389.99562954
3308.00000000	1366.48570802
3310.00000000	1367.90313865
3312.00000000	1394.29542719
3314.00000000	1412.64073311
3316.00000000	1432.63373681
3318.00000000	1424.63634446
3320.00000000	1379.47245359
3322.00000000	1373.84177486
3324.00000000	1380.63847934
3326.00000000	1381.29905730
3328.00000000	1358.62740942
3330.00000000	1446.50490274
3332.00000000	1466.68311173
3334.00000000	1438.39083265
3336.00000000	1392.41837070
3338.00000000	1358.93857326
3340.00000000	1423.52972667
3342.00000000	1441.70378132
3344.00000000	1360.04640966
3346.00000000	1393.76562596
3348.00000000	1339.16814091
3350.00000000	1412.18806814
3352.00000000	1394.69457153
3354.00000000	1362.31457522
3356.00000000	1377.60125498
3358.00000000	1386.16763186
3360.00000000	1393.22805743
3362.00000000	1414.20106580
3364.00000000	1415.41687950
3366.00000000	1344.11216767
3368.00000000	1388.45167832
3370.00000000	1413.20065183
3372.00000000	1338.97919290
3374.00000000	1350.52257780
3376.00000000	1430.06212565
3378.00000000	1386.10304342
3380.00000000	1378.05279003
3382.00000000	1391.63920838
3384.00000000	1327.25427736
3386.00000000	1397.39906182
3388.00000000	1364.53739161
3390.00000000	1348.92829339
3392.00000000	1336.36225876
3394.00000000	1330.81207649
3396.00000000	1415.96374306
3398.00000000	1427.82639986
3400.00000000	1376.22165160
3402.00000000	1411.34921117
3404.00000000	1450.26580940
3406.00000000	1399.99998189
3408.00000000	1359.26391942
3410.00000000	1352.00737736
3412.00000000	1357.54988864
3414.00000000	1337.70128641
3416.00000000	1347.43558105
3418.00000000	1367.58846791
3420.00000000	1404.29252162
3422.00000000	1382.31020522
3424.00000000	1342.08678653
3426.00000000	1366.54689048
3428.00000000	1350.46052682
3430.00000000	1320.95409265
3432.00000000	1378.04058272
3434.00000000	1360.16992240
3436.00000000	1389.50993259
3438.00000000	1383.68279876
3440.00000000	1346.53073786
3442.00000000	1352.45464885
3444.00000000	1387.03935223
3446.00000000	1391.97464787
3448.00000000	1316.49406801
3450.00000000	1329.04801123
3452.00000000	1402.94199206
3454.00000000	1351.70674850
3456.00000000	1352.56402810
3458.00000000	1433.50951055
3460.00000000	1327.22064184
3462.00000000	1367.25589511
3464.00000000	1358.71133749
3466.00000000	1394.65213054
3468.00000000	1324.30646180
3470.00000000	1354.43663167
3472.00000000	1416.94908708
3474.00000000	1372.11788135
3476.00000000	1368.75982848
3478.00000000	1366.16859049
3480.00000000	1327.16162429
3482.00000000	1359.05936013
3484.00000000	1334.26781992
3486.00000000	1354.90578125
3488.00000000	1424.55275073
3490.00000000	1410.37393213
3492.00000000	1354.07991980
3494.00000000	1329.88232579
3496.00000000	1375.10449312
3498.00000000	1378.65107705
3500.00000000	1347.77089242
3502.00000000	1386.38076727
3504.00000000	1411.02404075
3506.00000000	1337.04960938
3508.00000000	1326.06097267
3510.00000000	1395.36500803
3512.00000000	1362.83710127
3514.00000000	1343.55435483
3516.00000000	1331.78988765
3518.00000000	1395.34803217
3520.00000000	1384.50673829
3522.00000000	1358.18072371
3524.00000000	1352.25071727
3526.00000000	1408.65934351
3528.00000000	1384.23850246
3530.00000000	1348.80793479
3532.00000000	1346.96957157
3534.00000000	1361.72856980
3536.00000000	1393.74826746
3538.00000000	1354.32153251
3540.00000000	1342.23587438
3542.00000000	1413.28263354
3544.00000000	1409.90695830
3546.00000000	1342.30225471
3548.00000000	1413.93679137
3550.00000000	1387.46207805
3552.00000000	1341.25518068
3554.00000000	1361.53017807
3556.00000000	1339.52247134
3558.00000000	1406.54511097
3560.00000000	1405.96291935
3562.00000000	1371.43806637
3564.00000000	1373.42706001
3566.00000000	1383.85100953
3568.00000000	1444.17259481
3570.00000000	1389.84703091
3572.00000000	1387.28102042
3574.00000000	1457.97393680
3576.00000000	1416.77098850
3578.00000000	1371.69845120
3580.00000000	1413.68852800
3582.00000000	1296.88263037
3584.00000000	1404.42314441
3586.00000000	1365.42369836
3588.00000000	1296.59549570
3590.00000000	1378.85290193
3592.00000000	1406.97253355
3594.00000000	1373.20608122
3596.00000000	1386.04724478
3598.00000000	1361.92386277
3600.00000000	1346.33849574
3602.00000000	1400.47575419
3604.00000000	1381.57018981
3606.00000000	1388.99778848
3608.00000000	1381.35934512
3610.00000000	1386.97795209
3612.00000000	1455.45457297
3614.00000000	1381.06277824
3616.00000000	1379.39201999
3618.00000000	1371.50743793
3620.00000000	1345.68887881
3622.00000000	1368.99097580
3624.00000000	1400.32486013
3626.00000000	1352.61951936
3628.00000000	1368.56787733
3630.00000000	1409.42685778
3632.00000000	1407.87013747
3634.00000000	1411.00450995
3636.00000000	1364.86560866
3638.00000000	1359.10909988
3640.00000000	1376.08341013
3642.00000000	1353.75489783
3644.00000000	1426.48308715
3646.00000000	1403.08015227
3648.00000000	1349.60055967
3650.00000000	1348.48712531
3652.00000000	1371.07670978
3654.00000000	1351.44503350
3656.00000000	1422.99065045
3658.00000000	1424.90009129
3660.00000000	1413.77933908
3662.00000000	1426.79852391
3664.00000000	1361.93694731
3666.00000000	1381.95718492
3668.00000000	1388.67594858
3670.00000000	1374.01925886
3672.00000000	1387.87706814
3674.00000000	1354.61342129
3676.00000000	1369.41843608
3678.00000000	1360.69631912
3680.00000000	1356.21889534
3682.00000000	1343.32151950
3684.00000000	1421.23786564
3686.00000000	1383.73998172
3688.00000000	1362.97151055
3690.00000000	1393.37805285
3692.00000000	1338.44385428
3694.00000000	1339.82701657
3696.00000000	1374.06597769
3698.00000000	1398.31056503
3700.00000000	1383.93203238
3702.00000000	1299.91957614
3704.00000000	1377.40123069
3706.00000000	1424.50442623
3708.00000000	1357.15220640
3710.00000000	1388.65534358
3712.00000000	1401.26720577
3714.00000000	1370.28768494
3716.00000000	1391.08129959
3718.00000000	1369.93670415
3720.00000000	1342.85879684
3722.00000000	1342.33016650
3724.00000000	1311.43941372
3726.00000000	1335.16076968
3728.00000000	1433.57893803
3730.00000000	1394.41808996
3732.00000000	1387.81015116
3734.00000000	1377.39338798
3736.00000000	1369.63197396
3738.00000000	1299.85990570
3740.00000000	1364.85011957
3742.00000000	1440.52311318
3744.00000000	1423.68802534
3746.00000000	1404.73095095
3748.00000000	1396.05397219
3750.00000000	1360.46635537
3752.00000000	1399.42674112
3754.00000000	1393.68369751
3756.00000000	1351.22067689
3758.00000000	1332.91505619
3760.00000000	1342.41954866
3762.00000000	1377.93207137
3764.00000000	1392.45693144
3766.00000000	1405.79029352
3768.00000000	1408.73990502
3770.00000000	1376.87579548
3772.00000000	1361.65228570
3774.00000000	1385.82110733
3776.00000000	1383.46475478
3778.00000000	1376.59051711
3780.00000000	1428.19771503
3782.00000000	1333.12848677
3784.00000000	1383.63857826
3786.00000000	1377.45301738
3788.00000000	1345.94083902
3790.00000000	1364.64872810
3792.00000000	1420.95626271
3794.00000000	1355.51842868
3796.00000000	1370.01381640
3798.00000000	1380.97218985
3800.00000000	1401.18422171
