400.00000000	624.67995297
402.00000000	629.52219626
404.00000000	609.75543616
406.00000000	601.59273882
408.00000000	634.53765296
410.00000000	637.85254989
412.00000000	607.92189559
414.00000000	611.09046012
416.00000000	625.35469519
418.00000000	620.42976267
420.00000000	614.65495529
422.00000000	623.39081787
424.00000000	644.05936275
426.00000000	629.10188508
428.00000000	586.09954045
430.00000000	599.26645600
432.00000000	639.63109078
434.00000000	644.74932355
436.00000000	622.44944517
438.00000000	603.04534568
440.00000000	615.64245525
442.00000000	627.03751240
444.00000000	613.17378617
446.00000000	602.72620711
448.00000000	613.09539716
450.00000000	634.42028977
452.00000000	602.87839010
454.00000000	542.43128572
456.00000000	571.30318788
458.00000000	626.53946956
460.00000000	623.89929844
462.00000000	612.16836940
464.00000000	611.59829402
466.00000000	608.07170019
468.00000000	603.07808769
470.00000000	598.27542889
472.00000000	591.39474055
474.00000000	603.45698367
476.00000000	643.67336425
478.00000000	656.82034936
480.00000000	631.87631140
482.00000000	608.45804474
484.00000000	612.72926203
486.00000000	637.20452599
488.00000000	631.31074038
490.00000000	608.46670029
492.00000000	609.10434707
494.00000000	624.21507992
496.00000000	634.63283894
498.00000000	627.30759387
500.00000000	627.63407194
502.00000000	649.85810810
504.00000000	660.22454586
506.00000000	652.05705330
508.00000000	639.56214452
510.00000000	630.66507605
512.00000000	629.88128445
514.00000000	636.95304108
516.00000000	634.65832581
518.00000000	624.71573876
520.00000000	656.81649298
522.00000000	686.97974157
524.00000000	639.00324101
526.00000000	596.15961090
528.00000000	605.25609813
530.00000000	622.09201510
532.00000000	634.46676391
534.00000000	642.40861519
536.00000000	637.81882314
538.00000000	639.01537232
540.00000000	665.04216893
542.00000000	656.75139267
544.00000000	608.62279459
546.00000000	598.16895736
548.00000000	625.77937859
550.00000000	656.54282173
552.00000000	661.40521156
554.00000000	650.66634386
556.00000000	652.85598085
558.00000000	654.94425384
560.00000000	647.81855575
562.00000000	639.50177116
564.00000000	634.69978606
566.00000000	634.11861746
568.00000000	634.41397925
570.00000000	636.87624195
572.00000000	645.16384670
574.00000000	657.98053224
576.00000000	666.59668808
578.00000000	658.99077000
580.00000000	648.76443820
582.00000000	646.84689998
584.00000000	640.81586844
586.00000000	631.28348354
588.00000000	628.27034816
590.00000000	638.68407879
592.00000000	658.20529300
594.00000000	672.10400679
596.00000000	669.48931497
598.00000000	652.23246155
600.00000000	639.58712567
602.00000000	636.25873724
604.00000000	639.09021602
606.00000000	648.65142133
608.00000000	662.92030219
610.00000000	673.64733310
612.00000000	658.14879848
614.00000000	627.17336585
616.00000000	634.56251948
618.00000000	652.77297638
620.00000000	646.23335091
622.00000000	650.57633517
624.00000000	671.54894562
626.00000000	688.48728274
628.00000000	694.01727837
630.00000000	688.57651433
632.00000000	677.87018361
634.00000000	667.40761817
636.00000000	662.55194511
638.00000000	668.20826724
640.00000000	683.68927239
642.00000000	701.06265658
644.00000000	702.64964947
646.00000000	696.59699088
648.00000000	704.21187710
650.00000000	692.80010728
652.00000000	667.55540868
654.00000000	692.80363240
656.00000000	721.99609912
658.00000000	707.49283221
660.00000000	705.21291531
662.00000000	715.86150635
664.00000000	711.05570580
666.00000000	721.09550806
668.00000000	752.67562324
670.00000000	776.71512684
672.00000000	770.41738076
674.00000000	738.87646623
676.00000000	721.47052201
678.00000000	722.46785739
680.00000000	727.96788807
682.00000000	727.17404070
684.00000000	727.74915262
686.00000000	739.12735774
688.00000000	731.89490817
690.00000000	705.81525792
692.00000000	699.62095747
694.00000000	743.05231384
696.00000000	809.00827491
698.00000000	804.30041368
700.00000000	773.96513508
702.00000000	777.35906050
704.00000000	748.44107481
706.00000000	713.13719989
708.00000000	737.15710217
710.00000000	753.20468032
712.00000000	748.66967148
714.00000000	775.14637953
716.00000000	772.23858499
718.00000000	732.29693090
720.00000000	759.30760482
722.00000000	802.78218697
724.00000000	801.69810767
726.00000000	825.94437276
728.00000000	855.35070041
730.00000000	833.45408248
732.00000000	808.07905575
734.00000000	808.92894932
736.00000000	826.17799908
738.00000000	833.20674756
740.00000000	844.78930673
742.00000000	914.30056976
744.00000000	965.22184401
746.00000000	966.26300616
748.00000000	1041.51379350
750.00000000	1120.01756994
752.00000000	1086.21987252
754.00000000	1008.75043954
756.00000000	937.99586388
758.00000000	885.62681077
760.00000000	854.57823132
762.00000000	845.92525725
764.00000000	855.50645547
766.00000000	854.09556606
768.00000000	830.22942199
770.00000000	808.26856066
772.00000000	810.10143092
774.00000000	833.80505777
776.00000000	840.05557959
778.00000000	826.81367779
780.00000000	821.76724484
782.00000000	861.31015179
784.00000000	914.45664267
786.00000000	920.14202461
788.00000000	903.30342388
790.00000000	875.74820486
792.00000000	829.38302734
794.00000000	824.43281272
796.00000000	865.18772842
798.00000000	864.89141841
800.00000000	836.35905257
802.00000000	817.99663480
804.00000000	814.36865141
806.00000000	827.99433680
808.00000000	854.63071395
810.00000000	874.11215589
812.00000000	892.63683601
814.00000000	919.70514945
816.00000000	913.87649368
818.00000000	889.66906265
820.00000000	900.79045657
822.00000000	912.11285810
824.00000000	900.46019836
826.00000000	886.86185573
828.00000000	904.46904477
830.00000000	944.60650253
832.00000000	941.25565582
834.00000000	900.05184231
836.00000000	864.82629803
838.00000000	879.06449065
840.00000000	910.50652240
842.00000000	916.34648190
844.00000000	929.34205080
846.00000000	945.47461201
848.00000000	941.60573908
850.00000000	940.07915391
852.00000000	938.83694615
854.00000000	920.88856293
856.00000000	925.13509884
858.00000000	949.86154067
860.00000000	946.68942143
862.00000000	933.06910282
864.00000000	926.08042124
866.00000000	917.32670038
868.00000000	923.40736053
870.00000000	944.11490213
872.00000000	941.77015896
874.00000000	939.68760871
876.00000000	958.24351230
878.00000000	954.06331187
880.00000000	939.37074983
882.00000000	943.86663972
884.00000000	949.46824933
886.00000000	961.10920663
888.00000000	988.61991716
890.00000000	992.90503163
892.00000000	962.35755418
894.00000000	926.07808669
896.00000000	943.62393200
898.00000000	999.26429575
900.00000000	1012.98416668
902.00000000	990.38519061
904.00000000	969.16655514
906.00000000	983.57326789
908.00000000	1003.82892953
910.00000000	999.91708824
912.00000000	980.07629718
914.00000000	1004.12085907
916.00000000	1072.00009452
918.00000000	1070.69334268
920.00000000	1025.25331206
922.00000000	1002.48316221
924.00000000	1011.31754991
926.00000000	1039.43572813
928.00000000	1062.99626176
930.00000000	1055.34023812
932.00000000	1043.85850678
934.00000000	1055.03457046
936.00000000	1030.18157224
938.00000000	1003.24051557
940.00000000	1039.73401368
942.00000000	1070.09240904
944.00000000	1064.31247683
946.00000000	1051.26458219
948.00000000	1072.70200369
950.00000000	1100.78562171
952.00000000	1070.20149969
954.00000000	1032.98510190
956.00000000	1034.58938242
958.00000000	1071.68188972
960.00000000	1094.46165803
962.00000000	1093.97293057
964.00000000	1111.84069489
966.00000000	1129.37097193
968.00000000	1126.76229893
970.00000000	1110.89454847
972.00000000	1098.41572918
974.00000000	1094.10301613
976.00000000	1087.00072958
978.00000000	1099.99834695
980.00000000	1137.90335517
982.00000000	1159.58721005
984.00000000	1155.43452715
986.00000000	1133.39380032
988.00000000	1108.66623464
990.00000000	1127.42670697
992.00000000	1186.13121613
994.00000000	1179.36966800
996.00000000	1154.83260015
998.00000000	1188.08981934
1000.00000000	1238.31799361
1002.00000000	1260.53849594
1004.00000000	1245.99689582
1006.00000000	1245.41866403
1008.00000000	1241.09787652
1010.00000000	1210.18471190
1012.00000000	1213.16155647
1014.00000000	1194.31337764
1016.00000000	1105.80499150
1018.00000000	1103.80710178
1020.00000000	1156.87707089
1022.00000000	1153.04465349
1024.00000000	1149.24164757
1026.00000000	1153.32304615
1028.00000000	1144.76532123
1030.00000000	1167.82969876
1032.00000000	1190.83312274
1034.00000000	1162.19560686
1036.00000000	1151.78950363
1038.00000000	1167.89152929
1040.00000000	1170.78964941
1042.00000000	1166.90329801
1044.00000000	1159.99937411
1046.00000000	1154.93195505
1048.00000000	1183.82697414
1050.00000000	1223.05154896
1052.00000000	1224.88473524
1054.00000000	1219.38226490
1056.00000000	1234.55774889
1058.00000000	1262.03028528
1060.00000000	1231.15456168
1062.00000000	1194.03306375
1064.00000000	1245.24275980
1066.00000000	1263.93495007
1068.00000000	1258.25742389
1070.00000000	1314.88255073
1072.00000000	1315.12917506
1074.00000000	1269.15444309
1076.00000000	1277.34510986
1078.00000000	1273.72843857
1080.00000000	1262.93331721
1082.00000000	1295.62494331
1084.00000000	1294.75049678
1086.00000000	1255.01563005
1088.00000000	1235.12390823
1090.00000000	1240.52284805
1092.00000000	1259.56328636
1094.00000000	1266.75454962
1096.00000000	1216.30017445
1098.00000000	1170.63392311
1100.00000000	1217.30568927
1102.00000000	1257.85230335
1104.00000000	1250.81868829
1106.00000000	1225.74181470
1108.00000000	1210.12782763
1110.00000000	1211.45493343
1112.00000000	1217.54556708
1114.00000000	1205.65337442
1116.00000000	1205.35821222
1118.00000000	1251.01155153
1120.00000000	1289.26473931
1122.00000000	1289.65252432
1124.00000000	1275.43392860
1126.00000000	1328.90796605
1128.00000000	1403.59460737
1130.00000000	1414.88874645
1132.00000000	1396.91354407
1134.00000000	1354.43002336
1136.00000000	1287.43241567
1138.00000000	1243.09332329
1140.00000000	1210.27467239
1142.00000000	1175.94296380
1144.00000000	1190.20659632
1146.00000000	1214.25881123
1148.00000000	1199.90030987
1150.00000000	1177.84904287
1152.00000000	1157.40088677
1154.00000000	1142.87804879
1156.00000000	1153.67336882
1158.00000000	1187.31051652
1160.00000000	1222.08377118
1162.00000000	1227.94069468
1164.00000000	1211.71601888
1166.00000000	1194.21700776
1168.00000000	1191.88862614
1170.00000000	1210.13884685
1172.00000000	1242.95739858
1174.00000000	1268.98768719
1176.00000000	1240.12515329
1178.00000000	1169.34389497
1180.00000000	1140.60136686
1182.00000000	1167.18616688
1184.00000000	1187.80772541
1186.00000000	1130.19551424
1188.00000000	1110.09163290
1190.00000000	1139.53548802
1192.00000000	1122.29378492
1194.00000000	1118.81901380
1196.00000000	1131.93113057
1198.00000000	1112.51337788
1200.00000000	1110.42657929
1202.00000000	1135.75401004
1204.00000000	1158.33132651
1206.00000000	1167.80338407
1208.00000000	1169.07037786
1210.00000000	1174.61817171
1212.00000000	1193.55269819
1214.00000000	1209.24858109
1216.00000000	1209.81063652
1218.00000000	1219.87874961
1220.00000000	1225.54225529
1222.00000000	1217.65886836
1224.00000000	1226.79602979
1226.00000000	1221.38594878
1228.00000000	1202.99891681
1230.00000000	1242.23968660
1232.00000000	1249.45070399
1234.00000000	1194.00637873
1236.00000000	1183.52718718
1238.00000000	1215.27734196
1240.00000000	1249.84557842
1242.00000000	1252.71853392
1244.00000000	1206.32481505
1246.00000000	1160.52220116
1248.00000000	1180.87019050
1250.00000000	1186.55371370
1252.00000000	1164.36257259
1254.00000000	1159.68573001
1256.00000000	1159.34413404
1258.00000000	1171.02278694
1260.00000000	1199.77482074
1262.00000000	1201.52880049
1264.00000000	1187.55359372
1266.00000000	1185.72744707
1268.00000000	1187.47656761
1270.00000000	1172.18017942
1272.00000000	1144.30332096
1274.00000000	1143.78893671
1276.00000000	1156.05643828
1278.00000000	1157.25628031
1280.00000000	1146.57503181
1282.00000000	1155.72434298
1284.00000000	1178.20243740
1286.00000000	1177.30299917
1288.00000000	1186.49309908
1290.00000000	1203.94903053
1292.00000000	1201.94512378
1294.00000000	1205.11200732
1296.00000000	1211.71921528
1298.00000000	1217.78964422
1300.00000000	1264.20743221
1302.00000000	1321.43637541
1304.00000000	1337.63281120
1306.00000000	1309.10647610
1308.00000000	1310.25924138
1310.00000000	1351.93649921
1312.00000000	1337.48407426
1314.00000000	1332.11609521
1316.00000000	1349.73421186
1318.00000000	1309.23115698
1320.00000000	1253.98224591
1322.00000000	1231.93594290
1324.00000000	1247.77912275
1326.00000000	1256.73404833
1328.00000000	1239.41562260
1330.00000000	1217.77014207
1332.00000000	1243.04802118
1334.00000000	1279.58767580
1336.00000000	1286.75960155
1338.00000000	1299.40743251
1340.00000000	1306.58628950
1342.00000000	1279.64172090
1344.00000000	1214.93918803
1346.00000000	1194.97315030
1348.00000000	1231.89679932
1350.00000000	1247.40455347
1352.00000000	1217.14686911
1354.00000000	1186.91453298
1356.00000000	1206.83479169
1358.00000000	1218.69850898
1360.00000000	1217.41684362
1362.00000000	1229.24712207
1364.00000000	1250.29566672
1366.00000000	1252.58256872
1368.00000000	1227.74969496
1370.00000000	1204.64041522
1372.00000000	1177.16990738
1374.00000000	1144.48743279
1376.00000000	1125.62249141
1378.00000000	1134.77349457
1380.00000000	1152.25536466
1382.00000000	1150.35021922
1384.00000000	1150.97205590
1386.00000000	1138.31192631
1388.00000000	1110.43065427
1390.00000000	1134.05759782
1392.00000000	1153.75379684
1394.00000000	1133.40572107
1396.00000000	1138.10011143
1398.00000000	1163.10434368
1400.00000000	1163.00541936
1402.00000000	1111.01981563
1404.00000000	1096.08355763
1406.00000000	1093.51100179
1408.00000000	1044.52462683
1410.00000000	1058.41892346
1412.00000000	1091.27950300
1414.00000000	1069.96696555
1416.00000000	1043.38685703
1418.00000000	1038.34553423
1420.00000000	1062.58906318
1422.00000000	1103.57825103
1424.00000000	1095.69982311
1426.00000000	1066.11552445
1428.00000000	1090.99762469
1430.00000000	1113.24272102
1432.00000000	1106.55402296
1434.00000000	1086.85223006
1436.00000000	1080.45471481
1438.00000000	1094.50317028
1440.00000000	1113.42826693
1442.00000000	1114.41823459
1444.00000000	1128.24295984
1446.00000000	1158.63213546
1448.00000000	1171.46038907
1450.00000000	1151.39750301
1452.00000000	1140.37330798
1454.00000000	1163.47524789
1456.00000000	1150.39007519
1458.00000000	1151.19134585
1460.00000000	1192.17646658
1462.00000000	1191.42456878
1464.00000000	1142.86162170
1466.00000000	1101.38481449
1468.00000000	1113.34181355
1470.00000000	1098.06680816
1472.00000000	1068.45616980
1474.00000000	1070.97729286
1476.00000000	1062.63627319
1478.00000000	1062.35463130
1480.00000000	1070.40457165
1482.00000000	1035.83658820
1484.00000000	1005.46758738
1486.00000000	1014.72441396
1488.00000000	1048.99541339
1490.00000000	1063.28904433
1492.00000000	1028.88284653
1494.00000000	969.95744462
1496.00000000	966.27714938
1498.00000000	972.75036900
1500.00000000	945.28014684
1502.00000000	917.00502977
1504.00000000	944.94222075
1506.00000000	989.95820368
1508.00000000	979.11851198
1510.00000000	965.43238810
1512.00000000	963.98451887
1514.00000000	964.77358918
1516.00000000	968.67412799
1518.00000000	972.15179273
1520.00000000	976.76275722
1522.00000000	982.68695589
1524.00000000	965.42835040
1526.00000000	963.81136253
1528.00000000	1000.39687532
1530.00000000	984.87433656
1532.00000000	971.90425861
1534.00000000	1002.65222514
1536.00000000	1018.39869379
1538.00000000	1014.45668120
1540.00000000	1019.91974362
1542.00000000	1041.48635291
1544.00000000	1007.36646314
1546.00000000	990.53177428
1548.00000000	1037.43113543
1550.00000000	1042.32262902
1552.00000000	1034.91653615
1554.00000000	1062.75068016
1556.00000000	1115.35746443
1558.00000000	1112.11127402
1560.00000000	1067.68106491
1562.00000000	1039.78231143
1564.00000000	1035.05416189
1566.00000000	1043.12577571
1568.00000000	1057.83282546
1570.00000000	1085.37937951
1572.00000000	1135.59378034
1574.00000000	1151.29526195
1576.00000000	1105.84402733
1578.00000000	1121.32665402
1580.00000000	1203.76249635
1582.00000000	1266.65565082
1584.00000000	1231.97286001
1586.00000000	1213.42015394
1588.00000000	1200.36199388
1590.00000000	1135.40768420
1592.00000000	1138.20291006
1594.00000000	1133.90206574
1596.00000000	1067.75117275
1598.00000000	1034.78508894
1600.00000000	1043.66643752
1602.00000000	1065.35447671
1604.00000000	1077.68132778
1606.00000000	1093.35399133
1608.00000000	1095.71276701
1610.00000000	1071.13873124
1612.00000000	1038.09395903
1614.00000000	1028.25142112
1616.00000000	1034.05151211
1618.00000000	1032.11254715
1620.00000000	1042.28934808
1622.00000000	1039.37055613
1624.00000000	1003.34193465
1626.00000000	965.53484864
1628.00000000	984.21287869
1630.00000000	1039.46223338
1632.00000000	1052.04382977
1634.00000000	988.17918349
1636.00000000	950.99866186
1638.00000000	966.97720859
1640.00000000	925.88311723
1642.00000000	942.23290563
1644.00000000	1012.70198110
1646.00000000	1029.14925909
1648.00000000	988.36334818
1650.00000000	976.49550105
1652.00000000	1009.18321942
1654.00000000	1004.72891622
1656.00000000	1021.64290083
1658.00000000	1054.50358158
1660.00000000	1055.14859430
1662.00000000	1043.52317574
1664.00000000	1047.15599825
1666.00000000	1054.01921709
1668.00000000	1031.57538956
1670.00000000	1028.57051837
1672.00000000	1032.00802358
1674.00000000	1010.50380615
1676.00000000	994.51952681
1678.00000000	997.49091999
1680.00000000	1010.01581229
1682.00000000	1012.44101109
1684.00000000	999.89843860
1686.00000000	988.85737058
1688.00000000	983.63443232
1690.00000000	963.34671364
1692.00000000	956.94043503
1694.00000000	946.44170641
1696.00000000	908.35093015
1698.00000000	923.21615405
1700.00000000	928.11295400
1702.00000000	928.11295400
1704.00000000	928.11295400
1706.00000000	928.11295400
1708.00000000	928.11295400
1710.00000000	928.11295400
1712.00000000	928.11295400
1714.00000000	928.11295400
1716.00000000	881.93619823
1718.00000000	862.72376715
1720.00000000	870.67666761
1722.00000000	874.25509811
1724.00000000	853.69389920
1726.00000000	865.69346967
1728.00000000	866.27658326
1730.00000000	849.41227730
1732.00000000	855.48396725
1734.00000000	889.96349822
1736.00000000	913.34653438
1738.00000000	892.35490291
1740.00000000	838.05467753
1742.00000000	811.67035576
1744.00000000	844.23921267
1746.00000000	889.34851972
1748.00000000	851.72128456
1750.00000000	824.29557943
1752.00000000	827.33625799
1754.00000000	804.70297608
1756.00000000	803.00231324
1758.00000000	831.97862557
1760.00000000	854.39962515
1762.00000000	841.56783189
1764.00000000	874.77855943
1766.00000000	868.72428638
1768.00000000	783.54811735
1770.00000000	811.35968340
1772.00000000	873.22085611
1774.00000000	878.74843623
1776.00000000	839.23721743
1778.00000000	825.61664855
1780.00000000	852.85992323
1782.00000000	870.13306913
1784.00000000	830.57510770
1786.00000000	829.59684447
1788.00000000	847.63027401
1790.00000000	827.86139090
1792.00000000	799.44257054
1794.00000000	820.94950113
1796.00000000	849.00707869
1798.00000000	831.01622067
1800.00000000	851.64909615
1802.00000000	864.09229721
1804.00000000	848.42083331
1806.00000000	851.38660238
1808.00000000	861.45795385
1810.00000000	870.30024753
1812.00000000	866.00963064
1814.00000000	833.78439060
1816.00000000	801.46188142
1818.00000000	807.48081102
1820.00000000	841.06650418
1822.00000000	832.26312011
1824.00000000	827.34614644
1826.00000000	828.10709281
1828.00000000	805.75624505
1830.00000000	807.33386686
1832.00000000	831.67336605
1834.00000000	848.23643019
1836.00000000	834.73853898
1838.00000000	811.38100814
1840.00000000	824.25651937
1842.00000000	853.19491027
1844.00000000	826.47220966
1846.00000000	823.38918182
1848.00000000	837.91139316
1850.00000000	837.55816156
1852.00000000	849.95973539
1854.00000000	835.57024893
1856.00000000	831.29508462
1858.00000000	870.91075521
1860.00000000	863.26741454
1862.00000000	837.57517625
1864.00000000	838.83859744
1866.00000000	863.13009941
1868.00000000	866.00077849
1870.00000000	847.04887040
1872.00000000	832.18378906
1874.00000000	838.52325341
1876.00000000	844.52469306
1878.00000000	839.71924506
1880.00000000	830.33459812
1882.00000000	831.72586655
1884.00000000	853.94026275
1886.00000000	871.01681350
1888.00000000	868.98717024
1890.00000000	871.09268552
1892.00000000	861.69711675
1894.00000000	841.58447638
1896.00000000	833.32824245
1898.00000000	852.12391084
1900.00000000	856.64652037
1902.00000000	846.44165869
1904.00000000	841.96230248
1906.00000000	827.35351413
1908.00000000	831.66182928
1910.00000000	850.73146577
1912.00000000	856.86686896
1914.00000000	861.34158230
1916.00000000	850.78086287
1918.00000000	837.64243021
1920.00000000	842.77079260
1922.00000000	829.98195072
1924.00000000	831.35369072
1926.00000000	852.43292106
1928.00000000	855.42665272
1930.00000000	856.02654614
1932.00000000	863.29718825
1934.00000000	858.31866955
1936.00000000	829.05487853
1938.00000000	838.47165180
1940.00000000	834.95816614
1942.00000000	821.02286575
1944.00000000	879.22021188
1946.00000000	884.87994500
1948.00000000	844.74703062
1950.00000000	838.49025092
1952.00000000	876.19847852
1954.00000000	854.98106870
1956.00000000	831.30145099
1958.00000000	861.95338799
1960.00000000	875.18042018
1962.00000000	873.09274374
1964.00000000	860.89769065
1966.00000000	855.15517410
1968.00000000	882.53264404
1970.00000000	895.79382792
1972.00000000	899.41792362
1974.00000000	890.74427723
1976.00000000	828.95926932
1978.00000000	815.36548085
1980.00000000	860.25530763
1982.00000000	899.26106500
1984.00000000	897.13001231
1986.00000000	883.92671625
1988.00000000	874.37798534
1990.00000000	860.41669107
1992.00000000	842.37218364
1994.00000000	860.83811999
1996.00000000	882.72189098
1998.00000000	872.73819743
2000.00000000	868.50048415
2002.00000000	873.95252287
2004.00000000	875.16342570
2006.00000000	865.31135097
2008.00000000	860.42596131
2010.00000000	886.85681423
2012.00000000	892.56457679
2014.00000000	856.33240292
2016.00000000	856.42358214
2018.00000000	886.90890911
2020.00000000	898.96671318
2022.00000000	880.24499379
2024.00000000	868.79525972
2026.00000000	841.02864692
2028.00000000	848.70238626
2030.00000000	890.30428393
2032.00000000	876.15298474
2034.00000000	892.32849126
2036.00000000	896.59895068
2038.00000000	868.34702765
2040.00000000	882.38419252
2042.00000000	863.58767850
2044.00000000	854.52953049
2046.00000000	870.73342417
2048.00000000	851.16279315
2050.00000000	863.89223561
2052.00000000	879.66709699
2054.00000000	891.81236133
2056.00000000	928.72418800
2058.00000000	895.70215410
2060.00000000	849.47683789
2062.00000000	855.23633963
2064.00000000	894.81042368
2066.00000000	916.47177581
2068.00000000	883.34169232
2070.00000000	852.61143256
2072.00000000	890.33892588
2074.00000000	918.88210121
2076.00000000	896.15465258
2078.00000000	857.42099072
2080.00000000	847.81204210
2082.00000000	844.84176391
2084.00000000	844.32801431
2086.00000000	845.20915654
2088.00000000	856.67323264
2090.00000000	898.39916167
2092.00000000	938.85327734
2094.00000000	924.97805546
2096.00000000	879.04335098
2098.00000000	897.22478694
2100.00000000	934.03372990
2102.00000000	936.78788572
2104.00000000	918.76403972
2106.00000000	920.57417062
2108.00000000	893.14832862
2110.00000000	902.10342194
2112.00000000	920.13600817
2114.00000000	869.99954644
2116.00000000	904.77494012
2118.00000000	909.98093711
2120.00000000	868.21827663
2122.00000000	879.01754658
2124.00000000	895.93925504
2126.00000000	916.13012866
2128.00000000	906.11036429
2130.00000000	878.37436325
2132.00000000	926.55494101
2134.00000000	927.42419833
2136.00000000	922.65779592
2138.00000000	953.03199609
2140.00000000	923.82206946
2142.00000000	906.64406675
2144.00000000	900.37272128
2146.00000000	899.17380962
2148.00000000	926.37754102
2150.00000000	940.10698179
2152.00000000	920.04924182
2154.00000000	893.67865480
2156.00000000	904.74405814
2158.00000000	948.23494764
2160.00000000	938.61021565
2162.00000000	919.49684648
2164.00000000	940.00996882
2166.00000000	930.59442356
2168.00000000	969.29854654
2170.00000000	944.24825710
2172.00000000	877.87099132
2174.00000000	954.29804169
2176.00000000	941.72547947
2178.00000000	893.04235021
2180.00000000	908.15078319
2182.00000000	947.61653066
2184.00000000	932.62329868
2186.00000000	912.27523305
2188.00000000	893.84304072
2190.00000000	879.64903052
2192.00000000	916.65376835
2194.00000000	885.91727762
2196.00000000	853.22525376
2198.00000000	900.41301029
2200.00000000	955.33853379
2202.00000000	929.36881815
2204.00000000	921.42786236
2206.00000000	952.94274807
2208.00000000	947.90433444
2210.00000000	926.32896703
2212.00000000	916.65925556
2214.00000000	915.96384062
2216.00000000	924.66736896
2218.00000000	945.76149474
2220.00000000	900.89896068
2222.00000000	910.25832403
2224.00000000	993.14209656
2226.00000000	1003.40816245
2228.00000000	948.06506073
2230.00000000	922.87125026
2232.00000000	938.81793498
2234.00000000	959.94621191
2236.00000000	991.54277059
2238.00000000	972.64590007
2240.00000000	935.85141091
2242.00000000	934.11348656
2244.00000000	956.13501482
2246.00000000	958.98936301
2248.00000000	941.12805542
2250.00000000	949.93513305
2252.00000000	992.69399441
2254.00000000	990.12906009
2256.00000000	978.60064677
2258.00000000	971.81903539
2260.00000000	963.82605443
2262.00000000	962.95858388
2264.00000000	970.70561977
2266.00000000	974.15452258
2268.00000000	993.51224968
2270.00000000	1024.46403642
2272.00000000	992.07549555
2274.00000000	946.65913452
2276.00000000	958.67423154
2278.00000000	997.12086079
2280.00000000	978.09345600
2282.00000000	963.47507280
2284.00000000	976.60222049
2286.00000000	993.20304176
2288.00000000	990.13536861
2290.00000000	981.53155583
2292.00000000	988.35016818
2294.00000000	979.35601088
2296.00000000	961.38139957
2298.00000000	979.72967145
2300.00000000	994.93521045
2302.00000000	982.29511091
2304.00000000	972.87208679
2306.00000000	989.71227115
2308.00000000	994.59240714
2310.00000000	970.36993742
2312.00000000	983.62770993
2314.00000000	1017.25062863
2316.00000000	995.75995011
2318.00000000	972.03496879
2320.00000000	999.30125558
2322.00000000	1013.05205719
2324.00000000	993.38928490
2326.00000000	1020.03441588
2328.00000000	1034.47063356
2330.00000000	993.68033995
2332.00000000	972.91659220
2334.00000000	1016.62693005
2336.00000000	1016.81312182
2338.00000000	1002.04346736
2340.00000000	977.06556036
2342.00000000	978.11579391
2344.00000000	1017.26846066
2346.00000000	973.15492514
2348.00000000	973.71895307
2350.00000000	1004.37303708
2352.00000000	994.10892834
2354.00000000	989.64035377
2356.00000000	1021.79037191
2358.00000000	1022.34465164
2360.00000000	1010.35092479
2362.00000000	1018.81449450
2364.00000000	984.93562987
2366.00000000	973.07109520
2368.00000000	991.97120372
2370.00000000	994.30235986
2372.00000000	978.91441027
2374.00000000	1014.53126287
2376.00000000	995.24936121
2378.00000000	956.59793675
2380.00000000	966.94038190
2382.00000000	1009.25218385
2384.00000000	1057.13525800
2386.00000000	1018.63304539
2388.00000000	959.70186922
2390.00000000	959.64849947
2392.00000000	962.91080768
2394.00000000	948.97505730
2396.00000000	976.02871582
2398.00000000	994.92720156
2400.00000000	972.27734306
2402.00000000	993.43818626
2404.00000000	968.33767800
2406.00000000	940.38750912
2408.00000000	958.28889817
2410.00000000	989.48139657
2412.00000000	988.17021876
2414.00000000	981.19757645
2416.00000000	999.89288876
2418.00000000	997.73979155
2420.00000000	970.47293434
2422.00000000	1038.33569949
2424.00000000	1018.29463937
2426.00000000	990.15920269
2428.00000000	1025.18914489
2430.00000000	1030.25418511
2432.00000000	1008.41177952
2434.00000000	1006.90880985
2436.00000000	1017.06436987
2438.00000000	1002.36472765
2440.00000000	980.58123978
2442.00000000	1021.61951719
2444.00000000	1017.65689534
2446.00000000	1017.73140129
2448.00000000	1039.61515168
2450.00000000	1006.22674316
2452.00000000	1019.78742427
2454.00000000	993.38669073
2456.00000000	949.32426245
2458.00000000	968.24493398
2460.00000000	1024.54884852
2462.00000000	1031.69487417
2464.00000000	1046.92942933
2466.00000000	1045.42803976
2468.00000000	1016.51390067
2470.00000000	1014.26830800
2472.00000000	985.06600529
2474.00000000	1013.63604410
2476.00000000	1036.18071705
2478.00000000	997.60984875
2480.00000000	985.67149776
2482.00000000	1009.32712617
2484.00000000	1012.31699032
2486.00000000	1032.76635873
2488.00000000	1055.97690075
2490.00000000	1016.08931653
2492.00000000	1027.90761275
2494.00000000	1013.38248202
2496.00000000	972.92135862
2498.00000000	976.80739990
2500.00000000	1013.37019035
2502.00000000	987.09984182
2504.00000000	982.36340683
2506.00000000	1012.75074430
2508.00000000	1029.37357883
2510.00000000	1013.09550457
2512.00000000	990.25361206
2514.00000000	1019.46299862
2516.00000000	1022.98667599
2518.00000000	1016.00399570
2520.00000000	1047.78771598
2522.00000000	987.21278546
2524.00000000	991.16172709
2526.00000000	1046.86355491
2528.00000000	1042.42268894
2530.00000000	988.50110646
2532.00000000	1005.78758337
2534.00000000	1020.42575229
2536.00000000	1034.00200049
2538.00000000	1058.64606061
2540.00000000	1050.07062580
2542.00000000	993.65337871
2544.00000000	1014.64067868
2546.00000000	1027.62995924
2548.00000000	1042.05249152
2550.00000000	1070.35391841
2552.00000000	1032.27587502
2554.00000000	1038.95402911
2556.00000000	1067.04112824
2558.00000000	1039.73765797
2560.00000000	1015.88665979
2562.00000000	1069.82581671
2564.00000000	1041.97559593
2566.00000000	1022.60288150
2568.00000000	1040.61487393
2570.00000000	1042.12258774
2572.00000000	1025.73417163
2574.00000000	1051.25215523
2576.00000000	1040.60993587
2578.00000000	1022.18200368
2580.00000000	1020.36741417
2582.00000000	1023.37379433
2584.00000000	1031.60838467
2586.00000000	1017.85943917
2588.00000000	1015.18559831
2590.00000000	1032.46963020
2592.00000000	1034.65861679
2594.00000000	1003.38152736
2596.00000000	980.31360540
2598.00000000	976.06857438
2600.00000000	996.16919060
2602.00000000	1010.12075747
2604.00000000	1011.86121335
2606.00000000	1049.65169078
2608.00000000	1022.76028944
2610.00000000	976.19871719
2612.00000000	978.78913361
2614.00000000	1017.45742326
2616.00000000	1031.68082254
2618.00000000	1007.08250304
2620.00000000	1021.63863089
2622.00000000	1051.83956442
2624.00000000	1052.14809634
2626.00000000	1023.98857778
2628.00000000	972.76330950
2630.00000000	969.73879291
2632.00000000	1033.88549181
2634.00000000	1063.66636736
2636.00000000	1030.13035699
2638.00000000	1031.32095888
2640.00000000	1011.42837400
2642.00000000	1053.14321440
2644.00000000	1075.39735822
2646.00000000	1037.67966628
2648.00000000	1011.00070072
2650.00000000	974.84023936
2652.00000000	979.54880425
2654.00000000	998.35400908
2656.00000000	1031.84884991
2658.00000000	1066.69977543
2660.00000000	1042.81652291
2662.00000000	1000.89509787
2664.00000000	1004.79735197
2666.00000000	1036.59464174
2668.00000000	1054.10837033
2670.00000000	1048.28916487
2672.00000000	1024.90016462
2674.00000000	986.64044190
2676.00000000	1010.61325609
2678.00000000	1038.57742991
2680.00000000	1028.13221751
2682.00000000	1046.20909895
2684.00000000	1078.60812700
2686.00000000	1071.88846644
2688.00000000	1033.66370847
2690.00000000	1024.87737797
2692.00000000	1062.78332182
2694.00000000	1097.89169747
2696.00000000	1109.01793836
2698.00000000	1050.91477405
2700.00000000	1081.67645444
2702.00000000	1106.06555055
2704.00000000	1014.99884872
2706.00000000	1043.79345504
2708.00000000	1025.81415691
2710.00000000	1031.97904609
2712.00000000	1045.57838990
2714.00000000	1023.04531953
2716.00000000	1029.43082824
2718.00000000	1095.22488357
2720.00000000	1101.10134543
2722.00000000	1067.43224001
2724.00000000	1058.57892310
2726.00000000	1051.43691538
2728.00000000	1026.04310178
2730.00000000	1069.73762730
2732.00000000	1083.14419864
2734.00000000	1076.24503930
2736.00000000	1070.06180018
2738.00000000	1061.62784013
2740.00000000	1060.86313786
2742.00000000	1058.82911726
2744.00000000	1035.44315292
2746.00000000	1009.56143488
2748.00000000	988.85491077
2750.00000000	1005.23625153
2752.00000000	1062.00243818
2754.00000000	1041.46610773
2756.00000000	1066.55841001
2758.00000000	1048.10124766
2760.00000000	1010.27333009
2762.00000000	1026.53954845
2764.00000000	1022.46657665
2766.00000000	1020.24070533
2768.00000000	1083.31754192
2770.00000000	1033.70851781
2772.00000000	984.24821714
2774.00000000	1047.92233775
2776.00000000	1049.56670217
2778.00000000	1047.84816444
2780.00000000	1014.83896932
2782.00000000	1012.40146160
2784.00000000	1028.86188414
2786.00000000	1010.05247531
2788.00000000	990.70053685
2790.00000000	1024.06714243
2792.00000000	1071.90797115
2794.00000000	1057.41039382
2796.00000000	1006.64547181
2798.00000000	993.86637416
2800.00000000	1023.79350335
2802.00000000	1040.59797228
2804.00000000	1013.64143754
2806.00000000	987.68031474
2808.00000000	1012.06073326
2810.00000000	1052.58477022
2812.00000000	1036.42583363
2814.00000000	999.28435486
2816.00000000	1051.57050586
2818.00000000	1001.97492662
2820.00000000	1007.73695200
2822.00000000	1071.50331783
2824.00000000	1026.67477561
2826.00000000	1010.27081367
2828.00000000	983.80450084
2830.00000000	1057.70817577
2832.00000000	1106.08147235
2834.00000000	1085.37320832
2836.00000000	1087.76277473
2838.00000000	1107.89904891
2840.00000000	1123.38888892
2842.00000000	1143.15805247
2844.00000000	1184.98779899
2846.00000000	1191.26278782
2848.00000000	1171.63983672
2850.00000000	1207.20172943
2852.00000000	1258.14772259
2854.00000000	1307.32889360
2856.00000000	1349.03936455
2858.00000000	1383.82045257
2860.00000000	1408.83011253
2862.00000000	1396.78631088
2864.00000000	1370.26436798
2866.00000000	1462.64013556
2868.00000000	1498.10659327
2870.00000000	1550.64804130
2872.00000000	1591.09392540
2874.00000000	1599.15251356
2876.00000000	1660.49809499
2878.00000000	1637.16852248
2880.00000000	1625.17044412
2882.00000000	1648.22795134
2884.00000000	1677.43795865
2886.00000000	1650.61546451
2888.00000000	1628.54499864
2890.00000000	1726.78412271
2892.00000000	1727.29181658
2894.00000000	1723.48509745
2896.00000000	1716.49743345
2898.00000000	1715.25851316
2900.00000000	1736.23872858
2902.00000000	1721.25569915
2904.00000000	1681.08645228
2906.00000000	1763.65327053
2908.00000000	1754.05690462
2910.00000000	1864.83122203
2912.00000000	1951.71618258
2914.00000000	1861.39037064
2916.00000000	1917.46207429
2918.00000000	1987.38801051
2920.00000000	2020.72669745
2922.00000000	1998.54503361
2924.00000000	2026.20392819
2926.00000000	2100.94078401
2928.00000000	2076.98335950
2930.00000000	2008.28598499
2932.00000000	2137.90772302
2934.00000000	2151.98502728
2936.00000000	2166.05917517
2938.00000000	2113.47509715
2940.00000000	2028.55519391
2942.00000000	2044.61231023
2944.00000000	1962.84428087
2946.00000000	1880.76170890
2948.00000000	1887.27158826
2950.00000000	1860.34502907
2952.00000000	1796.36849589
2954.00000000	1739.76765396
2956.00000000	1676.29341628
2958.00000000	1664.04392893
2960.00000000	1717.18045882
2962.00000000	1653.59839309
2964.00000000	1661.89272048
2966.00000000	1719.60073073
2968.00000000	1655.26337048
2970.00000000	1536.21156896
2972.00000000	1511.59523620
2974.00000000	1536.87816867
2976.00000000	1540.16073285
2978.00000000	1476.95399494
2980.00000000	1454.41271049
2982.00000000	1478.31714264
2984.00000000	1475.42954239
2986.00000000	1477.73512172
2988.00000000	1379.41534309
2990.00000000	1332.67514602
2992.00000000	1301.11972515
2994.00000000	1274.70100562
2996.00000000	1221.34724974
2998.00000000	1185.11346308
3000.00000000	1263.36629353
3002.00000000	1218.04844985
3004.00000000	1209.45164888
3006.00000000	1124.16941873
3008.00000000	1083.31751118
3010.00000000	1120.54586615
3012.00000000	1111.36890337
3014.00000000	1083.66323172
3016.00000000	1056.15508277
3018.00000000	1012.28630218
3020.00000000	1038.37245306
3022.00000000	1035.65691828
3024.00000000	1023.22569185
3026.00000000	1041.37957221
3028.00000000	1024.66939829
3030.00000000	1014.39579147
3032.00000000	1021.17481776
3034.00000000	1036.45408911
3036.00000000	984.65588274
3038.00000000	958.40215443
3040.00000000	1012.81490617
3042.00000000	1066.00398213
3044.00000000	1075.37846480
3046.00000000	1041.01449235
3048.00000000	1014.22767077
3050.00000000	1038.84637381
3052.00000000	1013.35359862
3054.00000000	1026.54381586
3056.00000000	1054.69718315
3058.00000000	1010.43143530
3060.00000000	1094.94805567
3062.00000000	1103.60571204
3064.00000000	1078.09455827
3066.00000000	1031.40319774
3068.00000000	989.32393508
3070.00000000	996.39871542
3072.00000000	1044.12495651
3074.00000000	1049.03841783
3076.00000000	974.67641828
3078.00000000	989.30023941
3080.00000000	1009.56090436
3082.00000000	980.03456783
3084.00000000	974.95940826
3086.00000000	995.57795570
3088.00000000	987.43016968
3090.00000000	957.19427915
3092.00000000	913.56485360
3094.00000000	968.22777532
3096.00000000	976.85471777
3098.00000000	953.33616970
3100.00000000	963.06088498
3102.00000000	979.44376976
3104.00000000	961.62811910
3106.00000000	931.69643204
3108.00000000	942.55272811
3110.00000000	999.88211324
3112.00000000	979.12486243
3114.00000000	971.66821107
3116.00000000	997.93207392
3118.00000000	1003.03012483
3120.00000000	1004.96130027
3122.00000000	1001.35913349
3124.00000000	959.92383480
3126.00000000	981.14901743
3128.00000000	988.89809796
3130.00000000	991.36563754
3132.00000000	958.75223102
3134.00000000	929.74278472
3136.00000000	965.20273734
3138.00000000	976.18256163
3140.00000000	943.79621138
3142.00000000	999.58939152
3144.00000000	921.65110547
3146.00000000	968.36662079
3148.00000000	972.27449655
3150.00000000	937.34044819
3152.00000000	982.88630365
3154.00000000	950.50331451
3156.00000000	931.61887585
3158.00000000	976.05030602
3160.00000000	910.69314319
3162.00000000	941.32631210
3164.00000000	1005.70345500
3166.00000000	958.78653232
3168.00000000	912.55369435
3170.00000000	963.24436448
3172.00000000	981.83721468
3174.00000000	939.54241247
3176.00000000	936.97478963
3178.00000000	961.26162907
3180.00000000	938.84495697
3182.00000000	939.57499787
3184.00000000	938.74127643
3186.00000000	939.44055986
3188.00000000	975.62539557
3190.00000000	952.80707894
3192.00000000	1005.26825598
3194.00000000	1010.41088932
3196.00000000	923.59480279
3198.00000000	884.63748768
3200.00000000	952.12892716
3202.00000000	983.86020771
3204.00000000	939.65486238
3206.00000000	945.13827109
3208.00000000	974.40118246
3210.00000000	960.98528978
3212.00000000	938.80976783
3214.00000000	902.62942249
3216.00000000	916.05681171
3218.00000000	928.94460185
3220.00000000	938.93639840
3222.00000000	966.85727113
3224.00000000	946.12385036
3226.00000000	904.16896477
3228.00000000	909.04460915
3230.00000000	986.81564821
3232.00000000	953.30258776
3234.00000000	948.53946109
3236.00000000	992.37756147
3238.00000000	970.18645467
3240.00000000	913.34856590
3242.00000000	921.03692250
3244.00000000	961.50090435
3246.00000000	948.28232652
3248.00000000	953.10942491
3250.00000000	920.69858035
3252.00000000	894.57952501
3254.00000000	948.08667341
3256.00000000	973.69862121
3258.00000000	973.55627834
3260.00000000	988.85474328
3262.00000000	909.32184653
3264.00000000	901.76306692
3266.00000000	1062.78429697
3268.00000000	1008.89995525
3270.00000000	970.33762542
3272.00000000	959.36417309
3274.00000000	898.24045229
3276.00000000	904.20601492
3278.00000000	993.48824626
3280.00000000	997.47644534
3282.00000000	930.44826019
3284.00000000	960.01574806
3286.00000000	973.59373539
3288.00000000	948.65410700
3290.00000000	904.37200752
3292.00000000	938.13083235
3294.00000000	995.50304215
3296.00000000	1007.09187422
3298.00000000	995.01728534
3300.00000000	958.71659002
3302.00000000	923.46827369
3304.00000000	942.73994380
3306.00000000	957.36954388
3308.00000000	931.98885059
3310.00000000	964.76357458
3312.00000000	979.40391037
3314.00000000	969.68346487
3316.00000000	968.17653373
3318.00000000	976.27927116
3320.00000000	986.59200420
3322.00000000	972.59420861
3324.00000000	985.63703366
3326.00000000	946.89794396
3328.00000000	975.91141274
3330.00000000	970.54905139
3332.00000000	943.60908709
3334.00000000	1003.51694048
3336.00000000	989.61239366
3338.00000000	959.05650172
3340.00000000	1007.71589689
3342.00000000	942.29669257
3344.00000000	953.49527901
3346.00000000	988.65899092
3348.00000000	1000.46082685
3350.00000000	968.16983960
3352.00000000	953.67066345
3354.00000000	964.29583355
3356.00000000	926.27152633
3358.00000000	907.73648590
3360.00000000	970.72177806
3362.00000000	1004.73396983
3364.00000000	962.18761840
3366.00000000	935.78559243
3368.00000000	994.67450539
3370.00000000	992.56801877
3372.00000000	966.26907637
3374.00000000	977.46900007
3376.00000000	944.64676611
3378.00000000	908.13134656
3380.00000000	943.97152675
3382.00000000	983.86435028
3384.00000000	976.15994146
3386.00000000	960.33765631
3388.00000000	945.09317418
3390.00000000	961.17420040
3392.00000000	931.75750817
3394.00000000	867.48643323
3396.00000000	930.65723705
3398.00000000	960.12079223
3400.00000000	918.76245204
3402.00000000	942.25692547
3404.00000000	968.79224135
3406.00000000	925.73278558
3408.00000000	913.43584194
3410.00000000	919.77507120
3412.00000000	906.26548197
3414.00000000	936.15558897
3416.00000000	937.47735249
3418.00000000	928.71668096
3420.00000000	960.85310719
3422.00000000	935.59866868
3424.00000000	925.60112108
3426.00000000	921.72324410
3428.00000000	876.75514435
3430.00000000	903.15221325
3432.00000000	952.59818248
3434.00000000	891.09445266
3436.00000000	870.31248854
3438.00000000	918.34458592
3440.00000000	876.31477401
3442.00000000	907.42705195
3444.00000000	897.91379090
3446.00000000	948.29052833
3448.00000000	921.05539371
3450.00000000	899.34233963
3452.00000000	960.97511180
3454.00000000	924.55805519
3456.00000000	862.17526565
3458.00000000	889.56731690
3460.00000000	901.45205026
3462.00000000	887.20224214
3464.00000000	890.14973648
3466.00000000	837.06379079
3468.00000000	900.49052946
3470.00000000	870.13353055
3472.00000000	880.19188251
3474.00000000	949.23850367
3476.00000000	920.45960825
3478.00000000	859.17759787
3480.00000000	850.64033863
3482.00000000	879.07561562
3484.00000000	909.21480396
3486.00000000	875.65592083
3488.00000000	920.89518133
3490.00000000	901.17713970
3492.00000000	863.11513153
3494.00000000	871.68731258
3496.00000000	899.29869468
3498.00000000	969.27895376
3500.00000000	881.45450561
3502.00000000	800.78570957
3504.00000000	881.71656882
3506.00000000	919.13955871
3508.00000000	897.68461552
3510.00000000	912.24971335
3512.00000000	879.52893027
3514.00000000	850.26259631
3516.00000000	913.36862590
3518.00000000	948.23951362
3520.00000000	867.46632885
3522.00000000	891.27682518
3524.00000000	899.32285103
3526.00000000	897.98036326
3528.00000000	905.00686295
3530.00000000	864.05538255
3532.00000000	861.20705200
3534.00000000	875.70751715
3536.00000000	865.16697311
3538.00000000	885.76596784
3540.00000000	897.57885878
3542.00000000	922.71654389
3544.00000000	832.65282977
3546.00000000	898.78244314
3548.00000000	855.50582922
3550.00000000	932.92715293
3552.00000000	900.14731019
3554.00000000	887.87340607
3556.00000000	856.16545983
3558.00000000	877.40276225
3560.00000000	880.05957015
3562.00000000	869.45382358
3564.00000000	881.97036723
3566.00000000	879.03054607
3568.00000000	911.67253769
3570.00000000	908.13609585
3572.00000000	887.23956575
3574.00000000	911.49615817
3576.00000000	883.99661067
3578.00000000	851.04892774
3580.00000000	886.26156476
3582.00000000	872.70846467
3584.00000000	846.33832218
3586.00000000	839.97317350
3588.00000000	863.04798020
3590.00000000	898.91315930
3592.00000000	880.10915763
3594.00000000	846.14712130
3596.00000000	911.20416543
3598.00000000	942.48959908
3600.00000000	895.49611647
3602.00000000	910.56462859
3604.00000000	873.75080650
3606.00000000	879.36475749
3608.00000000	913.63265161
3610.00000000	862.09540941
3612.00000000	887.98892813
3614.00000000	858.10342326
3616.00000000	882.32485617
3618.00000000	894.81122145
3620.00000000	850.77703516
3622.00000000	860.68392881
3624.00000000	904.33380755
3626.00000000	873.16659784
3628.00000000	846.38562494
3630.00000000	859.84350285
3632.00000000	878.33155649
3634.00000000	861.04148112
3636.00000000	806.00510813
3638.00000000	828.29007275
3640.00000000	868.15064407
3642.00000000	856.50832445
3644.00000000	860.11758821
3646.00000000	868.61484656
3648.00000000	857.00250625
3650.00000000	889.45998874
3652.00000000	913.19987902
3654.00000000	858.93806034
3656.00000000	896.41012747
3658.00000000	879.16767047
3660.00000000	840.83929056
3662.00000000	855.39544018
3664.00000000	824.53443088
3666.00000000	786.58327467
3668.00000000	856.79226817
3670.00000000	897.23511605
3672.00000000	868.30492053
3674.00000000	861.16798983
3676.00000000	840.48329969
3678.00000000	856.19471057
3680.00000000	873.70153383
3682.00000000	857.56948942
3684.00000000	860.38225742
3686.00000000	892.16017580
3688.00000000	880.17012940
3690.00000000	881.25633773
3692.00000000	853.36677092
3694.00000000	853.77018658
3696.00000000	867.93520519
3698.00000000	917.34612746
3700.00000000	856.97507529
3702.00000000	848.21731533
3704.00000000	850.03873022
3706.00000000	826.36575504
3708.00000000	865.95074196
3710.00000000	839.75020933
3712.00000000	852.12176872
3714.00000000	839.12598428
3716.00000000	807.56008964
3718.00000000	858.92922691
3720.00000000	871.48196203
3722.00000000	878.26119168
3724.00000000	837.93554301
3726.00000000	945.63863000
3728.00000000	912.74588089
3730.00000000	915.60822739
3732.00000000	841.73452949
3734.00000000	852.26387498
3736.00000000	849.28919219
3738.00000000	806.05657140
3740.00000000	857.92424290
3742.00000000	852.54063227
3744.00000000	884.40567488
3746.00000000	850.21635486
3748.00000000	882.74362465
3750.00000000	860.67004167
3752.00000000	875.09968788
3754.00000000	866.43969957
3756.00000000	824.39715531
3758.00000000	878.70264183
3760.00000000	892.79403703
3762.00000000	864.38404980
3764.00000000	839.62810262
3766.00000000	851.53799472
3768.00000000	871.61768087
3770.00000000	860.68821631
3772.00000000	859.98101002
3774.00000000	838.24429891
3776.00000000	854.28200291
3778.00000000	869.46996458
3780.00000000	878.04913029
3782.00000000	836.88179366
3784.00000000	816.14488395
3786.00000000	807.83585755
3788.00000000	869.90090201
3790.00000000	855.94273796
3792.00000000	827.00729779
3794.00000000	847.11242833
3796.00000000	874.97461210
3798.00000000	863.89876586
3800.00000000	893.73844136
