400.00000000	1126.70672958
402.00000000	1095.29090740
404.00000000	1077.80004166
406.00000000	1093.01679265
408.00000000	1126.71711388
410.00000000	1148.32474242
412.00000000	1148.80044926
414.00000000	1140.45529203
416.00000000	1120.57921080
418.00000000	1099.77092632
420.00000000	1119.09673029
422.00000000	1144.84137714
424.00000000	1117.62477820
426.00000000	1091.88795599
428.00000000	1096.18681041
430.00000000	1092.38286092
432.00000000	1083.98297932
434.00000000	1082.33162965
436.00000000	1062.45390415
438.00000000	1049.19374684
440.00000000	1094.39850912
442.00000000	1118.48924465
444.00000000	1062.02544539
446.00000000	979.13217519
448.00000000	946.42370803
450.00000000	997.83486703
452.00000000	1002.25162634
454.00000000	952.90696070
456.00000000	996.21697892
458.00000000	1033.44526651
460.00000000	973.41693330
462.00000000	969.99020115
464.00000000	1023.34304025
466.00000000	1021.39587780
468.00000000	1006.93243472
470.00000000	1015.54259121
472.00000000	1014.49356342
474.00000000	1004.40984268
476.00000000	994.87887639
478.00000000	967.38622961
480.00000000	942.57785685
482.00000000	965.46913636
484.00000000	992.49316624
486.00000000	986.77526426
488.00000000	972.37707130
490.00000000	974.74507918
492.00000000	1000.26096390
494.00000000	1006.06108630
496.00000000	994.32930117
498.00000000	1013.09529399
500.00000000	1032.07017626
502.00000000	1023.71603367
504.00000000	1020.38981365
506.00000000	1016.46823808
508.00000000	996.53259500
510.00000000	1015.44898383
512.00000000	1072.31001523
514.00000000	1094.75439999
516.00000000	1094.90085921
518.00000000	1096.80130828
520.00000000	1077.58841304
522.00000000	1067.25257347
524.00000000	1109.77596255
526.00000000	1142.24834871
528.00000000	1125.32278771
530.00000000	1083.89034670
532.00000000	1066.89065529
534.00000000	1090.76688964
536.00000000	1088.95439850
538.00000000	1066.12288415
540.00000000	1069.10730931
542.00000000	1071.44918144
544.00000000	1054.13981063
546.00000000	1031.46507148
548.00000000	1026.73314133
550.00000000	1043.58989803
552.00000000	1040.12796296
554.00000000	1011.88027271
556.00000000	986.87183251
558.00000000	993.88563718
560.00000000	1025.87774879
562.00000000	1040.72933409
564.00000000	1054.90965880
566.00000000	1077.55628535
568.00000000	1057.28261950
570.00000000	1020.60080635
572.00000000	1025.58806799
574.00000000	1032.09423287
576.00000000	1018.37696285
578.00000000	1003.85314210
580.00000000	978.27272396
582.00000000	951.10640200
584.00000000	981.97750302
586.00000000	1022.86460225
588.00000000	999.90862290
590.00000000	982.68723101
592.00000000	998.49890789
594.00000000	1009.46953570
596.00000000	1017.12463883
598.00000000	1024.39952880
600.00000000	1015.56196533
602.00000000	999.47321914
604.00000000	992.47989890
606.00000000	991.26338359
608.00000000	986.38101630
610.00000000	972.68527953
612.00000000	974.92927768
614.00000000	989.15957884
616.00000000	970.63252680
618.00000000	958.04563367
620.00000000	985.57275948
622.00000000	993.34317227
624.00000000	989.81821622
626.00000000	1015.73031789
628.00000000	1015.02637894
630.00000000	976.93383635
632.00000000	959.35978714
634.00000000	972.62742721
636.00000000	998.92954727
638.00000000	1010.00316043
640.00000000	1031.77126852
642.00000000	1085.58895851
644.00000000	1094.89134263
646.00000000	1055.56535037
648.00000000	1025.54015015
650.00000000	984.40097952
652.00000000	959.21872848
654.00000000	1044.49539837
656.00000000	1138.02833576
658.00000000	1139.86803401
660.00000000	1132.81137416
662.00000000	1133.72740853
664.00000000	1114.36310938
666.00000000	1093.15754143
668.00000000	1082.76771958
670.00000000	1077.27914636
672.00000000	1055.33950097
674.00000000	1013.10459975
676.00000000	979.56981396
678.00000000	982.87231586
680.00000000	1018.85025330
682.00000000	1020.63782727
684.00000000	990.06780618
686.00000000	976.79383889
688.00000000	1002.33387222
690.00000000	1044.09672214
692.00000000	1049.94182293
694.00000000	1020.97184005
696.00000000	990.06411177
698.00000000	1001.51100581
700.00000000	1022.35284033
702.00000000	1019.44568279
704.00000000	1040.32190991
706.00000000	1081.01440818
708.00000000	1098.88512975
710.00000000	1072.54584609
712.00000000	1035.86138778
714.00000000	1051.19901128
716.00000000	1068.84841923
718.00000000	1057.49707291
720.00000000	1058.11934509
722.00000000	1075.57147315
724.00000000	1089.87558395
726.00000000	1073.31251391
728.00000000	1044.41089444
730.00000000	1039.45186056
732.00000000	1055.13880759
734.00000000	1057.18812239
736.00000000	1019.84869313
738.00000000	1042.77036157
740.00000000	1119.14742890
742.00000000	1101.18824929
744.00000000	1062.72551975
746.00000000	1084.65046472
748.00000000	1107.75385336
750.00000000	1115.18687017
752.00000000	1123.43532029
754.00000000	1150.29398994
756.00000000	1152.65282459
758.00000000	1089.67972241
760.00000000	1080.60997680
762.00000000	1127.52342679
764.00000000	1112.17088828
766.00000000	1084.34699757
768.00000000	1081.13791436
770.00000000	1060.56321922
772.00000000	1061.16927563
774.00000000	1099.17545662
776.00000000	1091.81916792
778.00000000	1063.23413660
780.00000000	1074.31372194
782.00000000	1106.05899698
784.00000000	1127.28445813
786.00000000	1122.33184908
788.00000000	1125.95342984
790.00000000	1126.15309273
792.00000000	1078.92863870
794.00000000	1065.16497536
796.00000000	1106.95626246
798.00000000	1113.13801280
800.00000000	1094.67612472
802.00000000	1095.53435094
804.00000000	1133.78428086
806.00000000	1177.38000106
808.00000000	1195.72053256
810.00000000	1218.23196167
812.00000000	1253.57577771
814.00000000	1288.66490657
816.00000000	1308.90641321
818.00000000	1348.65094939
820.00000000	1448.81188950
822.00000000	1502.44422490
824.00000000	1477.85898120
826.00000000	1457.46985170
828.00000000	1444.36471880
830.00000000	1421.64298507
832.00000000	1386.85676558
834.00000000	1349.42742806
836.00000000	1307.44051295
838.00000000	1237.76610252
840.00000000	1194.10628575
842.00000000	1219.90202849
844.00000000	1238.58640476
846.00000000	1251.64816854
848.00000000	1298.77942833
850.00000000	1336.74386143
852.00000000	1335.58905464
854.00000000	1303.60195286
856.00000000	1296.73683982
858.00000000	1315.62506439
860.00000000	1305.74722360
862.00000000	1288.22465705
864.00000000	1272.69062147
866.00000000	1235.87743693
868.00000000	1236.08447839
870.00000000	1282.43468776
872.00000000	1270.67125753
874.00000000	1225.21333110
876.00000000	1206.03090623
878.00000000	1213.66550461
880.00000000	1245.21060572
882.00000000	1276.63305502
884.00000000	1240.93920966
886.00000000	1226.05599377
888.00000000	1322.70731868
890.00000000	1318.67859161
892.00000000	1249.19297324
894.00000000	1305.42615930
896.00000000	1341.83905363
898.00000000	1298.53134386
900.00000000	1260.72800397
902.00000000	1247.69160435
904.00000000	1265.43622848
906.00000000	1312.31091056
908.00000000	1309.29468947
910.00000000	1255.07994491
912.00000000	1264.05612603
914.00000000	1294.49744825
916.00000000	1291.10472011
918.00000000	1278.69940417
920.00000000	1273.60656299
922.00000000	1285.58921450
924.00000000	1320.65902427
926.00000000	1339.04604462
928.00000000	1313.34833754
930.00000000	1293.08238732
932.00000000	1303.18781093
934.00000000	1330.52521962
936.00000000	1326.90923472
938.00000000	1325.31798349
940.00000000	1368.22920036
942.00000000	1356.45603524
944.00000000	1314.94715316
946.00000000	1335.56600159
948.00000000	1334.51108153
950.00000000	1287.31409512
952.00000000	1252.89894008
954.00000000	1270.27300391
956.00000000	1316.29256601
958.00000000	1326.20473466
960.00000000	1305.80183638
962.00000000	1294.09462653
964.00000000	1321.42177985
966.00000000	1304.07932839
968.00000000	1234.23470099
970.00000000	1223.34320146
972.00000000	1268.25088701
974.00000000	1302.86479899
976.00000000	1257.81896090
978.00000000	1217.09875124
980.00000000	1242.99751270
982.00000000	1278.43153258
984.00000000	1293.56059097
986.00000000	1287.56073884
988.00000000	1280.98164760
990.00000000	1291.37240366
992.00000000	1323.51212478
994.00000000	1363.56741178
996.00000000	1399.30441721
998.00000000	1446.46246869
1000.00000000	1561.03332241
1002.00000000	1701.28086633
1004.00000000	1785.01496808
1006.00000000	1773.67329183
1008.00000000	1747.87184893
1010.00000000	1811.17254845
1012.00000000	1963.67377641
1014.00000000	2124.91799260
1016.00000000	2200.64630851
1018.00000000	2162.06245314
1020.00000000	1994.45029532
1022.00000000	1743.03834952
1024.00000000	1582.45760574
1026.00000000	1519.71169240
1028.00000000	1472.28519352
1030.00000000	1457.82383111
1032.00000000	1467.87233909
1034.00000000	1468.41581047
1036.00000000	1442.11304851
1038.00000000	1410.49443712
1040.00000000	1402.44243961
1042.00000000	1394.72289056
1044.00000000	1399.25743206
1046.00000000	1424.76573887
1048.00000000	1380.07917592
1050.00000000	1310.49854168
1052.00000000	1322.86703600
1054.00000000	1347.94037796
1056.00000000	1350.40500284
1058.00000000	1354.26274634
1060.00000000	1394.52092607
1062.00000000	1417.26014602
1064.00000000	1357.13491119
1066.00000000	1331.89560564
1068.00000000	1347.90103169
1070.00000000	1335.88947022
1072.00000000	1357.09703744
1074.00000000	1391.11875438
1076.00000000	1376.19010663
1078.00000000	1387.89080248
1080.00000000	1423.20987531
1082.00000000	1416.91358120
1084.00000000	1377.70510456
1086.00000000	1361.93043074
1088.00000000	1410.16618447
1090.00000000	1440.25739539
1092.00000000	1431.33999200
1094.00000000	1425.83757158
1096.00000000	1452.78109129
1098.00000000	1484.25935639
1100.00000000	1482.28246529
1102.00000000	1494.32204878
1104.00000000	1499.72907294
1106.00000000	1458.39163285
1108.00000000	1445.45716698
1110.00000000	1481.73899493
1112.00000000	1528.16750574
1114.00000000	1534.86393076
1116.00000000	1518.52910187
1118.00000000	1512.85321473
1120.00000000	1480.84839891
1122.00000000	1459.91211112
1124.00000000	1496.53273383
1126.00000000	1524.98936350
1128.00000000	1509.92674340
1130.00000000	1454.81512583
1132.00000000	1385.10582523
1134.00000000	1339.89983457
1136.00000000	1345.84210739
1138.00000000	1384.58768186
1140.00000000	1391.33826319
1142.00000000	1349.88194428
1144.00000000	1366.72724885
1146.00000000	1384.61090766
1148.00000000	1351.67274425
1150.00000000	1376.21791565
1152.00000000	1402.49589468
1154.00000000	1378.37468594
1156.00000000	1389.04776230
1158.00000000	1394.33239805
1160.00000000	1362.40802131
1162.00000000	1359.90695410
1164.00000000	1383.49899464
1166.00000000	1396.24696210
1168.00000000	1373.13243661
1170.00000000	1372.54478162
1172.00000000	1399.88860422
1174.00000000	1378.39369079
1176.00000000	1364.31909401
1178.00000000	1375.64451983
1180.00000000	1354.59583362
1182.00000000	1347.01102430
1184.00000000	1373.71373544
1186.00000000	1397.05056816
1188.00000000	1388.52696538
1190.00000000	1376.43392390
1192.00000000	1412.11743026
1194.00000000	1448.57556648
1196.00000000	1451.92337553
1198.00000000	1432.64411481
1200.00000000	1440.79101485
1202.00000000	1469.35671627
1204.00000000	1485.69997199
1206.00000000	1513.23254143
1208.00000000	1514.70374610
1210.00000000	1468.75086458
1212.00000000	1482.46093468
1214.00000000	1509.47124835
1216.00000000	1474.07290312
1218.00000000	1439.36268561
1220.00000000	1459.60531727
1222.00000000	1520.50119990
1224.00000000	1527.51739417
1226.00000000	1494.64231891
1228.00000000	1483.05093173
1230.00000000	1531.01904006
1232.00000000	1570.49648227
1234.00000000	1568.28870189
1236.00000000	1567.42145934
1238.00000000	1534.66008352
1240.00000000	1483.21199602
1242.00000000	1482.36808938
1244.00000000	1516.38396083
1246.00000000	1544.73681851
1248.00000000	1546.39609341
1250.00000000	1566.88395748
1252.00000000	1583.33666244
1254.00000000	1558.14032359
1256.00000000	1575.89409425
1258.00000000	1607.44389590
1260.00000000	1595.74653807
1262.00000000	1606.32594465
1264.00000000	1614.15527730
1266.00000000	1591.83615556
1268.00000000	1600.83152927
1270.00000000	1610.67965608
1272.00000000	1592.30380305
1274.00000000	1584.54813075
1276.00000000	1613.19084762
1278.00000000	1637.46595845
1280.00000000	1583.84185100
1282.00000000	1559.81458465
1284.00000000	1595.66216550
1286.00000000	1608.12030267
1288.00000000	1581.55725430
1290.00000000	1567.48283203
1292.00000000	1615.73011665
1294.00000000	1658.57032628
1296.00000000	1674.78528849
1298.00000000	1673.90863541
1300.00000000	1642.49315003
1302.00000000	1642.53069110
1304.00000000	1693.96969250
1306.00000000	1692.42810392
1308.00000000	1690.37563651
1310.00000000	1719.36825195
1312.00000000	1708.77670856
1314.00000000	1723.74845539
1316.00000000	1767.94994091
1318.00000000	1754.29999925
1320.00000000	1712.47242227
1322.00000000	1698.09134379
1324.00000000	1733.07720198
1326.00000000	1754.10231830
1328.00000000	1734.98174371
1330.00000000	1701.69627195
1332.00000000	1709.69770710
1334.00000000	1762.66107074
1336.00000000	1804.66563943
1338.00000000	1753.29556040
1340.00000000	1689.12671848
1342.00000000	1679.80348498
1344.00000000	1687.89934228
1346.00000000	1691.52806789
1348.00000000	1690.46421384
1350.00000000	1689.52168436
1352.00000000	1662.82533078
1354.00000000	1657.50774482
1356.00000000	1711.94213944
1358.00000000	1695.62490787
1360.00000000	1668.50244602
1362.00000000	1713.33015123
1364.00000000	1722.39217039
1366.00000000	1727.57743832
1368.00000000	1755.02681205
1370.00000000	1742.73669818
1372.00000000	1758.63806408
1374.00000000	1785.20811703
1376.00000000	1732.27565773
1378.00000000	1756.13953798
1380.00000000	1856.44681622
1382.00000000	1908.75135707
1384.00000000	1925.82187038
1386.00000000	1923.61344847
1388.00000000	1921.89565381
1390.00000000	1960.70303504
1392.00000000	2005.37670884
1394.00000000	2021.05518529
1396.00000000	2022.72626963
1398.00000000	2036.14533392
1400.00000000	2038.34715696
1402.00000000	1981.06894608
1404.00000000	1906.87833876
1406.00000000	1846.23427766
1408.00000000	1780.61785227
1410.00000000	1652.00649950
1412.00000000	1578.25817881
1414.00000000	1629.57776393
1416.00000000	1654.41527445
1418.00000000	1651.45051587
1420.00000000	1641.44796702
1422.00000000	1616.84645482
1424.00000000	1662.97109068
1426.00000000	1740.14808052
1428.00000000	1738.79252838
1430.00000000	1718.01286222
1432.00000000	1756.62063875
1434.00000000	1865.03186378
1436.00000000	1950.63479419
1438.00000000	2025.55396271
1440.00000000	2093.86105049
1442.00000000	2107.51185057
1444.00000000	2133.39502628
1446.00000000	2199.99783146
1448.00000000	2248.94924232
1450.00000000	2183.83281402
1452.00000000	2099.70786639
1454.00000000	2105.59502441
1456.00000000	2090.65524390
1458.00000000	2055.81083070
1460.00000000	2017.38344440
1462.00000000	1940.69260357
1464.00000000	1857.59149815
1466.00000000	1783.54603303
1468.00000000	1714.91246391
1470.00000000	1690.05221829
1472.00000000	1649.89590676
1474.00000000	1557.93971825
1476.00000000	1536.65279024
1478.00000000	1539.12097206
1480.00000000	1497.00815712
1482.00000000	1429.81921249
1484.00000000	1377.98937539
1486.00000000	1346.02660214
1488.00000000	1316.59673368
1490.00000000	1309.48623557
1492.00000000	1300.42462805
1494.00000000	1270.27639582
1496.00000000	1259.73696941
1498.00000000	1266.90793022
1500.00000000	1256.47371390
1502.00000000	1210.57522468
1504.00000000	1235.61518170
1506.00000000	1287.29228913
1508.00000000	1259.25311647
1510.00000000	1242.83271321
1512.00000000	1229.90871895
1514.00000000	1194.55454436
1516.00000000	1183.80797512
1518.00000000	1199.63693712
1520.00000000	1226.84679236
1522.00000000	1251.29270428
1524.00000000	1261.92341345
1526.00000000	1255.32858236
1528.00000000	1245.30223949
1530.00000000	1260.46481498
1532.00000000	1261.64344254
1534.00000000	1253.68101995
1536.00000000	1296.49173988
1538.00000000	1295.15534727
1540.00000000	1253.75878508
1542.00000000	1250.70425730
1544.00000000	1264.73137599
1546.00000000	1299.98693356
1548.00000000	1347.41706445
1550.00000000	1360.58513685
1552.00000000	1372.55350553
1554.00000000	1409.67428339
1556.00000000	1461.63370033
1558.00000000	1505.18385245
1560.00000000	1513.35058636
1562.00000000	1512.73767590
1564.00000000	1600.53664630
1566.00000000	1717.24910955
1568.00000000	1801.24163662
1570.00000000	1856.90754274
1572.00000000	1888.52651795
1574.00000000	1906.60201775
1576.00000000	1920.33614254
1578.00000000	1925.31053531
1580.00000000	1909.44004885
1582.00000000	1882.26166716
1584.00000000	1863.60648599
1586.00000000	1804.47993635
1588.00000000	1722.78350051
1590.00000000	1674.00898577
1592.00000000	1654.20743992
1594.00000000	1642.14723698
1596.00000000	1621.09909196
1598.00000000	1595.15678300
1600.00000000	1604.28691180
1602.00000000	1649.92052154
1604.00000000	1679.49992427
1606.00000000	1623.94395657
1608.00000000	1568.10558650
1610.00000000	1564.76034689
1612.00000000	1548.32003852
1614.00000000	1562.60732146
1616.00000000	1559.48880827
1618.00000000	1480.78749764
1620.00000000	1461.50162086
1622.00000000	1466.69007162
1624.00000000	1459.71765767
1626.00000000	1493.15707901
1628.00000000	1463.20481184
1630.00000000	1429.18034827
1632.00000000	1484.86541951
1634.00000000	1453.99206249
1636.00000000	1446.32768601
1638.00000000	1519.44801292
1640.00000000	1524.06842457
1642.00000000	1566.09576273
1644.00000000	1601.26696970
1646.00000000	1544.68859394
1648.00000000	1566.17465772
1650.00000000	1620.16651711
1652.00000000	1647.87139255
1654.00000000	1694.23442841
1656.00000000	1735.73247731
1658.00000000	1750.37788781
1660.00000000	1732.80842039
1662.00000000	1690.03728587
1664.00000000	1673.78664711
1666.00000000	1685.19571679
1668.00000000	1671.64219624
1670.00000000	1654.28052968
1672.00000000	1614.22166976
1674.00000000	1552.84935935
1676.00000000	1548.40499368
1678.00000000	1548.81271527
1680.00000000	1539.12478779
1682.00000000	1547.88204983
1684.00000000	1498.26402677
1686.00000000	1457.98141239
1688.00000000	1451.70260090
1690.00000000	1353.89503100
1692.00000000	1292.53611064
1694.00000000	1295.39738991
1696.00000000	1276.69520836
1698.00000000	1244.76868564
1700.00000000	1208.56844194
1702.00000000	1208.56844194
1704.00000000	1208.56844194
1706.00000000	1208.56844194
1708.00000000	1208.56844194
1710.00000000	1208.56844194
1712.00000000	1208.56844194
1714.00000000	1208.56844194
1716.00000000	1084.80997564
1718.00000000	1055.14979306
1720.00000000	1073.38251376
1722.00000000	1084.76517658
1724.00000000	1061.72711943
1726.00000000	1090.69627598
1728.00000000	1080.11900780
1730.00000000	1027.98663062
1732.00000000	1012.61755114
1734.00000000	1026.86306726
1736.00000000	1032.13425873
1738.00000000	1017.29225184
1740.00000000	1008.96858269
1742.00000000	1018.10194922
1744.00000000	1018.57462801
1746.00000000	1010.56429162
1748.00000000	1042.20370811
1750.00000000	1028.24218718
1752.00000000	999.32525040
1754.00000000	1027.36143864
1756.00000000	990.34440812
1758.00000000	985.96863048
1760.00000000	1029.43013777
1762.00000000	983.45106972
1764.00000000	968.98936914
1766.00000000	1012.55325443
1768.00000000	1031.79568313
1770.00000000	967.93616396
1772.00000000	970.40722828
1774.00000000	1011.79757775
1776.00000000	968.57335473
1778.00000000	949.29346142
1780.00000000	972.55283637
1782.00000000	993.67210922
1784.00000000	978.16781034
1786.00000000	957.59063183
1788.00000000	949.60125745
1790.00000000	963.00342448
1792.00000000	1000.63480054
1794.00000000	999.39724667
1796.00000000	967.82808218
1798.00000000	957.61904703
1800.00000000	964.87008535
1802.00000000	967.76817113
1804.00000000	960.56784235
1806.00000000	958.72935962
1808.00000000	975.08765973
1810.00000000	981.21026845
1812.00000000	967.31444359
1814.00000000	965.25909571
1816.00000000	976.03271137
1818.00000000	991.27140735
1820.00000000	1003.75069614
1822.00000000	1007.36730761
1824.00000000	986.29015126
1826.00000000	955.50493865
1828.00000000	942.94846042
1830.00000000	946.76805246
1832.00000000	968.13205153
1834.00000000	998.57686355
1836.00000000	1011.81787861
1838.00000000	980.20987479
1840.00000000	975.45171996
1842.00000000	1002.28624721
1844.00000000	974.83331056
1846.00000000	977.46915250
1848.00000000	974.95701856
1850.00000000	942.63932343
1852.00000000	977.08932911
1854.00000000	1003.33203524
1856.00000000	997.39432142
1858.00000000	992.61247786
1860.00000000	987.85264645
1862.00000000	969.54791175
1864.00000000	952.78624161
1866.00000000	963.98819794
1868.00000000	991.64296643
1870.00000000	1017.45738499
1872.00000000	1001.99735855
1874.00000000	943.72280938
1876.00000000	973.46232674
1878.00000000	1006.68302096
1880.00000000	977.14923972
1882.00000000	961.64937639
1884.00000000	964.55771219
1886.00000000	976.76626135
1888.00000000	984.68611965
1890.00000000	972.53520232
1892.00000000	953.10951153
1894.00000000	965.07297053
1896.00000000	997.44518170
1898.00000000	972.90924790
1900.00000000	963.26304531
1902.00000000	965.04786640
1904.00000000	944.54567940
1906.00000000	960.84992752
1908.00000000	975.95150458
1910.00000000	954.81534935
1912.00000000	922.19935278
1914.00000000	940.19755538
1916.00000000	960.35613403
1918.00000000	963.96082307
1920.00000000	969.75484503
1922.00000000	942.97662453
1924.00000000	974.75099203
1926.00000000	1017.23874486
1928.00000000	949.19380435
1930.00000000	951.85393810
1932.00000000	974.63802445
1934.00000000	975.29458421
1936.00000000	1011.99096178
1938.00000000	999.04232486
1940.00000000	973.30921872
1942.00000000	966.28123266
1944.00000000	947.26823818
1946.00000000	980.36411677
1948.00000000	1003.95648860
1950.00000000	983.44697570
1952.00000000	986.78859400
1954.00000000	976.67876205
1956.00000000	957.05155073
1958.00000000	964.94735565
1960.00000000	998.39760340
1962.00000000	956.99670903
1964.00000000	923.30610477
1966.00000000	961.38584961
1968.00000000	971.39653831
1970.00000000	978.56365011
1972.00000000	973.30036414
1974.00000000	959.23701847
1976.00000000	986.17270632
1978.00000000	985.93678323
1980.00000000	991.34982550
1982.00000000	1018.84910164
1984.00000000	985.30871187
1986.00000000	980.17635011
1988.00000000	981.09049410
1990.00000000	955.54013100
1992.00000000	972.05729241
1994.00000000	974.49352828
1996.00000000	983.62956524
1998.00000000	1012.16604263
2000.00000000	991.52724996
2002.00000000	985.38236403
2004.00000000	981.77621700
2006.00000000	971.05914475
2008.00000000	1005.39242954
2010.00000000	984.39650162
2012.00000000	960.76699769
2014.00000000	991.57601886
2016.00000000	994.22118525
2018.00000000	978.64482985
2020.00000000	967.15526339
2022.00000000	968.94532563
2024.00000000	981.31985538
2026.00000000	990.24905448
2028.00000000	995.29925203
2030.00000000	991.98997373
2032.00000000	978.51015353
2034.00000000	1006.34732844
2036.00000000	1015.56781306
2038.00000000	993.43455122
2040.00000000	1011.64421630
2042.00000000	981.04464691
2044.00000000	956.42562579
2046.00000000	990.00886997
2048.00000000	1027.90337733
2050.00000000	1029.32236974
2052.00000000	998.32734007
2054.00000000	984.60288865
2056.00000000	1010.70120371
2058.00000000	981.44435651
2060.00000000	963.30300435
2062.00000000	986.05718103
2064.00000000	991.47904267
2066.00000000	983.97849738
2068.00000000	986.57135745
2070.00000000	1001.40835827
2072.00000000	1006.44886187
2074.00000000	988.04352214
2076.00000000	997.21627052
2078.00000000	1018.17317476
2080.00000000	1012.91402457
2082.00000000	1019.63288893
2084.00000000	1012.48986588
2086.00000000	982.72979816
2088.00000000	967.86085096
2090.00000000	1000.84641119
2092.00000000	993.05760058
2094.00000000	998.91825990
2096.00000000	1044.76408814
2098.00000000	1024.14231234
2100.00000000	1020.55656202
2102.00000000	1020.74640472
2104.00000000	990.55788821
2106.00000000	964.30565914
2108.00000000	973.66444331
2110.00000000	1000.37281556
2112.00000000	1014.80799688
2114.00000000	1010.41653902
2116.00000000	1004.63389413
2118.00000000	996.78636394
2120.00000000	1012.58474637
2122.00000000	1040.59602400
2124.00000000	985.74476694
2126.00000000	981.38944616
2128.00000000	1018.52714176
2130.00000000	1007.56003694
2132.00000000	987.15320032
2134.00000000	984.29473889
2136.00000000	994.76145786
2138.00000000	1008.25321905
2140.00000000	1022.53284438
2142.00000000	1027.41701531
2144.00000000	1053.00069416
2146.00000000	1052.78255786
2148.00000000	968.28421177
2150.00000000	950.07661787
2152.00000000	996.50291191
2154.00000000	1026.64953173
2156.00000000	1007.67810112
2158.00000000	998.63869376
2160.00000000	1000.38136380
2162.00000000	992.03016276
2164.00000000	979.18942781
2166.00000000	995.66126628
2168.00000000	1024.26034356
2170.00000000	1012.95306380
2172.00000000	998.23897162
2174.00000000	1051.90991512
2176.00000000	1037.54084657
2178.00000000	1019.72982411
2180.00000000	1046.06357218
2182.00000000	1049.20732907
2184.00000000	993.14445209
2186.00000000	994.31661234
2188.00000000	1012.83261022
2190.00000000	1002.51671438
2192.00000000	1065.60129779
2194.00000000	1042.47750718
2196.00000000	1001.36816420
2198.00000000	1022.85267825
2200.00000000	1031.86075115
2202.00000000	1024.71120279
2204.00000000	1003.14391941
2206.00000000	975.74766335
2208.00000000	971.07735630
2210.00000000	1013.22172461
2212.00000000	1019.26769215
2214.00000000	993.99839119
2216.00000000	1000.56058335
2218.00000000	1035.30433016
2220.00000000	1004.80418761
2222.00000000	977.62220808
2224.00000000	1002.24295294
2226.00000000	1021.26644375
2228.00000000	1011.64954236
2230.00000000	1016.86260721
2232.00000000	1026.99132145
2234.00000000	1016.78226185
2236.00000000	1021.33028750
2238.00000000	1040.51942826
2240.00000000	1032.67866494
2242.00000000	996.06151369
2244.00000000	983.22277423
2246.00000000	1006.59644020
2248.00000000	1027.90710171
2250.00000000	1032.77146555
2252.00000000	1033.80055657
2254.00000000	1038.58629814
2256.00000000	1071.34293436
2258.00000000	1059.99405536
2260.00000000	1011.98778661
2262.00000000	1032.23429504
2264.00000000	1048.47385238
2266.00000000	1020.61260113
2268.00000000	990.81544097
2270.00000000	1001.65535282
2272.00000000	1022.56978756
2274.00000000	1060.34177668
2276.00000000	1073.51554510
2278.00000000	1046.33865510
2280.00000000	1026.36500789
2282.00000000	1031.40886364
2284.00000000	1034.76896034
2286.00000000	1020.84596673
2288.00000000	1006.85502257
2290.00000000	1014.89836056
2292.00000000	1016.76810702
2294.00000000	1012.81479196
2296.00000000	1023.59438904
2298.00000000	1049.62049260
2300.00000000	1056.59683762
2302.00000000	1046.47123739
2304.00000000	1032.12976957
2306.00000000	1013.87368793
2308.00000000	995.94359588
2310.00000000	1027.34635272
2312.00000000	1032.24629998
2314.00000000	1007.92124715
2316.00000000	1027.23916939
2318.00000000	1048.74543688
2320.00000000	1053.89526025
2322.00000000	1032.97635742
2324.00000000	1007.49353325
2326.00000000	1016.28200312
2328.00000000	1036.19123518
2330.00000000	1063.47264286
2332.00000000	1054.31090838
2334.00000000	1012.73794789
2336.00000000	1039.84490295
2338.00000000	1055.99518375
2340.00000000	1025.86235277
2342.00000000	1006.39504382
2344.00000000	1034.70169388
2346.00000000	1031.08415944
2348.00000000	1035.42994171
2350.00000000	1053.17554342
2352.00000000	1049.42624474
2354.00000000	1029.30962684
2356.00000000	1057.65509544
2358.00000000	1097.11535255
2360.00000000	1083.64500418
2362.00000000	1031.24832500
2364.00000000	1027.77861896
2366.00000000	1061.33620877
2368.00000000	1072.34545440
2370.00000000	1055.62665291
2372.00000000	1062.18781681
2374.00000000	1102.54710549
2376.00000000	1088.31986402
2378.00000000	1045.39204935
2380.00000000	1019.61996613
2382.00000000	1005.14725321
2384.00000000	1024.30816327
2386.00000000	1055.02190252
2388.00000000	1061.92409637
2390.00000000	1040.85163099
2392.00000000	1027.45180918
2394.00000000	1046.32872788
2396.00000000	1044.39127489
2398.00000000	1044.18998525
2400.00000000	1063.62548681
2402.00000000	1041.95626516
2404.00000000	1052.94667028
2406.00000000	1049.12701241
2408.00000000	1052.23614720
2410.00000000	1085.83512239
2412.00000000	1043.69927196
2414.00000000	1036.38965779
2416.00000000	1063.33217048
2418.00000000	1049.73780735
2420.00000000	1016.44899571
2422.00000000	1073.01936598
2424.00000000	1051.14210954
2426.00000000	1022.92026050
2428.00000000	1044.77753557
2430.00000000	1045.91585544
2432.00000000	1071.04929608
2434.00000000	1075.56844821
2436.00000000	1044.00413624
2438.00000000	1021.78700535
2440.00000000	1032.29715247
2442.00000000	1018.37075693
2444.00000000	1054.56623882
2446.00000000	1054.67935368
2448.00000000	1007.48555214
2450.00000000	1042.56088655
2452.00000000	1082.01962526
2454.00000000	1092.69244419
2456.00000000	1103.52451322
2458.00000000	1092.63558423
2460.00000000	1030.88146596
2462.00000000	1049.34124913
2464.00000000	1096.42142385
2466.00000000	1072.34993939
2468.00000000	1021.66234534
2470.00000000	1051.04767362
2472.00000000	1056.36843313
2474.00000000	1058.87850180
2476.00000000	1067.39709313
2478.00000000	1056.58749376
2480.00000000	1034.33139709
2482.00000000	1048.88848261
2484.00000000	1074.49736379
2486.00000000	1099.25497680
2488.00000000	1088.98984694
2490.00000000	1033.22716112
2492.00000000	1059.63661123
2494.00000000	1078.61158483
2496.00000000	1047.80743034
2498.00000000	1028.81907726
2500.00000000	1064.67522234
2502.00000000	1092.50013608
2504.00000000	1086.47162828
2506.00000000	1069.55450457
2508.00000000	1066.19745500
2510.00000000	1073.03989600
2512.00000000	1076.76011107
2514.00000000	1088.87556490
2516.00000000	1105.04099567
2518.00000000	1124.83291288
2520.00000000	1135.22211156
2522.00000000	1089.67093817
2524.00000000	1029.22636550
2526.00000000	1034.03717137
2528.00000000	1078.84160491
2530.00000000	1092.40385270
2532.00000000	1094.38896214
2534.00000000	1080.24712683
2536.00000000	1117.64786345
2538.00000000	1137.67048965
2540.00000000	1096.93547697
2542.00000000	1125.51765615
2544.00000000	1127.55532919
2546.00000000	1128.88408958
2548.00000000	1121.87426598
2550.00000000	1095.18547466
2552.00000000	1094.03719353
2554.00000000	1084.56104319
2556.00000000	1090.34486258
2558.00000000	1088.20016658
2560.00000000	1081.19796439
2562.00000000	1128.63634594
2564.00000000	1195.01069486
2566.00000000	1119.47923603
2568.00000000	1069.12801390
2570.00000000	1094.45588749
2572.00000000	1089.69394574
2574.00000000	1143.15466965
2576.00000000	1118.72524327
2578.00000000	1071.14175550
2580.00000000	1061.88662856
2582.00000000	1068.96869328
2584.00000000	1080.64485730
2586.00000000	1103.00355104
2588.00000000	1135.04043225
2590.00000000	1160.20154714
2592.00000000	1136.28311340
2594.00000000	1082.11852868
2596.00000000	1128.95525630
2598.00000000	1135.41157564
2600.00000000	1116.14890700
2602.00000000	1140.39191343
2604.00000000	1153.86759167
2606.00000000	1085.07161979
2608.00000000	1076.64455242
2610.00000000	1135.22920969
2612.00000000	1147.02365331
2614.00000000	1116.29696067
2616.00000000	1143.18967929
2618.00000000	1113.40080115
2620.00000000	1155.58221092
2622.00000000	1174.85115643
2624.00000000	1124.91295917
2626.00000000	1119.61880955
2628.00000000	1120.17503697
2630.00000000	1120.97050653
2632.00000000	1143.55808066
2634.00000000	1175.42721646
2636.00000000	1181.53717487
2638.00000000	1154.28758621
2640.00000000	1126.44793204
2642.00000000	1152.66479415
2644.00000000	1164.49848624
2646.00000000	1121.64658051
2648.00000000	1100.51743571
2650.00000000	1143.71425485
2652.00000000	1154.26269873
2654.00000000	1168.03579751
2656.00000000	1154.03765889
2658.00000000	1107.33343046
2660.00000000	1129.92830820
2662.00000000	1170.98274102
2664.00000000	1208.84814584
2666.00000000	1179.94503401
2668.00000000	1137.84128757
2670.00000000	1153.85571014
2672.00000000	1139.18812267
2674.00000000	1136.44177839
2676.00000000	1147.02910508
2678.00000000	1132.24169928
2680.00000000	1125.59073018
2682.00000000	1174.74689566
2684.00000000	1187.36760765
2686.00000000	1161.28488422
2688.00000000	1168.98996394
2690.00000000	1183.17491661
2692.00000000	1163.51723916
2694.00000000	1163.87275750
2696.00000000	1180.72131031
2698.00000000	1189.26283512
2700.00000000	1145.48713781
2702.00000000	1131.94957420
2704.00000000	1206.73538814
2706.00000000	1221.97327578
2708.00000000	1158.92658971
2710.00000000	1187.80054710
2712.00000000	1255.44347434
2714.00000000	1264.72449635
2716.00000000	1239.22579645
2718.00000000	1198.50090476
2720.00000000	1216.22058695
2722.00000000	1263.80777849
2724.00000000	1269.27575532
2726.00000000	1241.93854371
2728.00000000	1243.67877867
2730.00000000	1258.09588381
2732.00000000	1269.67977336
2734.00000000	1264.44243413
2736.00000000	1231.17427794
2738.00000000	1239.98006053
2740.00000000	1314.91241171
2742.00000000	1264.63260581
2744.00000000	1212.21053085
2746.00000000	1195.08292477
2748.00000000	1212.06242958
2750.00000000	1265.69037841
2752.00000000	1292.69849139
2754.00000000	1237.55385878
2756.00000000	1288.17395634
2758.00000000	1287.22603463
2760.00000000	1249.85535279
2762.00000000	1262.00985581
2764.00000000	1225.10962088
2766.00000000	1237.58689927
2768.00000000	1259.96936760
2770.00000000	1242.03906449
2772.00000000	1207.43383063
2774.00000000	1212.69365179
2776.00000000	1248.12274905
2778.00000000	1234.09795724
2780.00000000	1227.79227724
2782.00000000	1205.86355368
2784.00000000	1198.71281853
2786.00000000	1225.26302577
2788.00000000	1224.70922783
2790.00000000	1218.69036728
2792.00000000	1217.83860170
2794.00000000	1224.79140585
2796.00000000	1253.15265061
2798.00000000	1251.85857848
2800.00000000	1213.91985063
2802.00000000	1280.45128269
2804.00000000	1259.64185681
2806.00000000	1220.16329343
2808.00000000	1223.55726716
2810.00000000	1249.25082042
2812.00000000	1274.35067456
2814.00000000	1272.41807666
2816.00000000	1292.79563150
2818.00000000	1288.20901386
2820.00000000	1313.64368023
2822.00000000	1348.49130102
2824.00000000	1321.30439507
2826.00000000	1315.94284177
2828.00000000	1349.27552465
2830.00000000	1361.56713251
2832.00000000	1395.41602011
2834.00000000	1413.69022184
2836.00000000	1408.69695251
2838.00000000	1495.87344689
2840.00000000	1577.02456116
2842.00000000	1549.50720578
2844.00000000	1578.33761174
2846.00000000	1671.50810301
2848.00000000	1725.99980723
2850.00000000	1759.25204779
2852.00000000	1813.10256151
2854.00000000	1913.51668192
2856.00000000	2040.60577774
2858.00000000	2145.53395048
2860.00000000	2231.75200733
2862.00000000	2298.76620425
2864.00000000	2336.66230535
2866.00000000	2479.90491807
2868.00000000	2563.64780633
2870.00000000	2626.96610068
2872.00000000	2740.68952210
2874.00000000	2854.43540066
2876.00000000	2932.82466235
2878.00000000	3005.85683700
2880.00000000	2996.13676309
2882.00000000	2977.53353478
2884.00000000	2923.80995902
2886.00000000	2885.69237911
2888.00000000	2938.16395839
2890.00000000	2991.11191718
2892.00000000	3057.46616701
2894.00000000	2997.97496621
2896.00000000	3122.09696748
2898.00000000	3199.62873249
2900.00000000	3131.38084011
2902.00000000	3241.07833034
2904.00000000	3297.90769902
2906.00000000	3459.48351911
2908.00000000	3544.72148264
2910.00000000	3543.64335569
2912.00000000	3561.43191678
2914.00000000	3695.91950524
2916.00000000	3963.04958580
2918.00000000	4140.26329399
2920.00000000	4208.35036323
2922.00000000	4267.33498192
2924.00000000	4452.25510581
2926.00000000	4556.54940873
2928.00000000	4502.42025275
2930.00000000	4621.53814609
2932.00000000	4720.36603819
2934.00000000	4981.19194760
2936.00000000	5018.18083439
2938.00000000	4818.49991463
2940.00000000	4647.66282214
2942.00000000	4510.69532851
2944.00000000	4365.45592251
2946.00000000	4289.91028192
2948.00000000	4070.43507258
2950.00000000	3878.41523080
2952.00000000	3678.61762220
2954.00000000	3524.70836492
2956.00000000	3523.99377925
2958.00000000	3392.90501817
2960.00000000	3340.58598214
2962.00000000	3341.56196199
2964.00000000	3323.78663252
2966.00000000	3288.57093928
2968.00000000	3211.19696856
2970.00000000	3085.70645858
2972.00000000	3019.73487126
2974.00000000	3004.11562548
2976.00000000	2903.26960696
2978.00000000	2854.43797571
2980.00000000	2795.35309826
2982.00000000	2643.11643509
2984.00000000	2581.27714900
2986.00000000	2672.53435152
2988.00000000	2635.12801621
2990.00000000	2591.24426557
2992.00000000	2518.02420292
2994.00000000	2329.30628767
2996.00000000	2179.50675109
2998.00000000	2166.66774149
3000.00000000	2112.07260213
3002.00000000	2052.02076794
3004.00000000	1943.01870314
3006.00000000	1890.10710767
3008.00000000	1882.12290505
3010.00000000	1840.95531249
3012.00000000	1775.04695293
3014.00000000	1733.89656280
3016.00000000	1728.71059672
3018.00000000	1760.31535340
3020.00000000	1705.96954376
3022.00000000	1561.30786043
3024.00000000	1534.02462626
3026.00000000	1567.01430953
3028.00000000	1501.46892995
3030.00000000	1536.10171948
3032.00000000	1474.55122513
3034.00000000	1522.17308423
3036.00000000	1531.12577035
3038.00000000	1502.22709439
3040.00000000	1523.19894233
3042.00000000	1535.64919449
3044.00000000	1534.28302140
3046.00000000	1570.53988173
3048.00000000	1563.07115304
3050.00000000	1566.77725501
3052.00000000	1587.74023402
3054.00000000	1654.94902528
3056.00000000	1724.36895352
3058.00000000	1721.86722809
3060.00000000	1740.98345996
3062.00000000	1757.94715237
3064.00000000	1754.58719991
3066.00000000	1741.32854099
3068.00000000	1784.86382551
3070.00000000	1832.46486217
3072.00000000	1762.38990344
3074.00000000	1683.79667819
3076.00000000	1766.12285834
3078.00000000	1692.00937906
3080.00000000	1711.14707965
3082.00000000	1661.40925285
3084.00000000	1656.66486434
3086.00000000	1686.68990254
3088.00000000	1569.75653501
3090.00000000	1498.67295673
3092.00000000	1491.81526353
3094.00000000	1475.98078987
3096.00000000	1396.90577457
3098.00000000	1398.69134377
3100.00000000	1413.76611157
3102.00000000	1377.91257941
3104.00000000	1365.45660462
3106.00000000	1337.23296012
3108.00000000	1284.84447958
3110.00000000	1265.59679117
3112.00000000	1299.87111609
3114.00000000	1320.65626303
3116.00000000	1260.98681114
3118.00000000	1235.00786247
3120.00000000	1287.45662061
3122.00000000	1256.24627055
3124.00000000	1228.49716029
3126.00000000	1268.53415590
3128.00000000	1188.34054209
3130.00000000	1201.68395613
3132.00000000	1252.75843318
3134.00000000	1234.51089718
3136.00000000	1245.12500293
3138.00000000	1274.33882696
3140.00000000	1277.90068689
3142.00000000	1270.03403751
3144.00000000	1230.05938801
3146.00000000	1262.39782488
3148.00000000	1277.78574819
3150.00000000	1246.20136192
3152.00000000	1249.78925754
3154.00000000	1234.15700761
3156.00000000	1184.33297118
3158.00000000	1260.51078509
3160.00000000	1206.85663040
3162.00000000	1171.60027195
3164.00000000	1210.40550433
3166.00000000	1199.65946132
3168.00000000	1187.92658108
3170.00000000	1227.61420668
3172.00000000	1202.99584783
3174.00000000	1201.54598263
3176.00000000	1221.65879614
3178.00000000	1218.41745450
3180.00000000	1211.12831843
3182.00000000	1256.39367161
3184.00000000	1238.45117627
3186.00000000	1160.26256232
3188.00000000	1177.04151005
3190.00000000	1224.63179214
3192.00000000	1278.75544275
3194.00000000	1241.90757664
3196.00000000	1209.03553404
3198.00000000	1255.51000282
3200.00000000	1243.00190710
3202.00000000	1233.47491885
3204.00000000	1281.93188719
3206.00000000	1241.42372630
3208.00000000	1216.33477432
3210.00000000	1234.48421042
3212.00000000	1211.79950362
3214.00000000	1256.78503292
3216.00000000	1244.70732456
3218.00000000	1263.09813553
3220.00000000	1259.92311794
3222.00000000	1211.90133196
3224.00000000	1276.14841464
3226.00000000	1250.08494390
3228.00000000	1227.05534785
3230.00000000	1261.38967210
3232.00000000	1249.67215958
3234.00000000	1208.68340551
3236.00000000	1228.33549964
3238.00000000	1246.93685396
3240.00000000	1249.66885665
3242.00000000	1280.23012538
3244.00000000	1223.25180842
3246.00000000	1172.41836706
3248.00000000	1260.62817261
3250.00000000	1295.42725107
3252.00000000	1265.35693158
3254.00000000	1282.28846342
3256.00000000	1288.64303638
3258.00000000	1289.90926043
3260.00000000	1315.38541812
3262.00000000	1266.72852248
3264.00000000	1259.54387692
3266.00000000	1294.77274909
3268.00000000	1317.25867896
3270.00000000	1318.71215317
3272.00000000	1349.26966270
3274.00000000	1330.79926229
3276.00000000	1296.08637969
3278.00000000	1306.84869283
3280.00000000	1322.35978490
3282.00000000	1372.16668636
3284.00000000	1380.09893035
3286.00000000	1341.40236186
3288.00000000	1338.55688498
3290.00000000	1335.36605772
3292.00000000	1371.14345212
3294.00000000	1408.91462661
3296.00000000	1384.33903929
3298.00000000	1355.54549085
3300.00000000	1342.41150895
3302.00000000	1316.48392281
3304.00000000	1378.83469335
3306.00000000	1347.41275201
3308.00000000	1376.43468566
3310.00000000	1329.58428636
3312.00000000	1341.91429033
3314.00000000	1411.77657122
3316.00000000	1422.13180928
3318.00000000	1386.36134297
3320.00000000	1355.99491438
3322.00000000	1382.91844535
3324.00000000	1403.06354881
3326.00000000	1350.49111862
3328.00000000	1364.77694227
3330.00000000	1339.18552184
3332.00000000	1388.77278423
3334.00000000	1377.97986128
3336.00000000	1334.99309568
3338.00000000	1369.35709568
3340.00000000	1338.73444581
3342.00000000	1303.86173764
3344.00000000	1387.79511426
3346.00000000	1347.27363540
3348.00000000	1380.31910438
3350.00000000	1350.76404612
3352.00000000	1325.25165353
3354.00000000	1308.74222036
3356.00000000	1311.34547892
3358.00000000	1330.51493204
3360.00000000	1324.44944021
3362.00000000	1282.30899535
3364.00000000	1265.95158067
3366.00000000	1351.69922447
3368.00000000	1304.11794139
3370.00000000	1278.21299214
3372.00000000	1377.63406819
3374.00000000	1328.36971573
3376.00000000	1249.17348444
3378.00000000	1269.75240743
3380.00000000	1284.24280765
3382.00000000	1207.42393303
3384.00000000	1184.13331232
3386.00000000	1273.36545602
3388.00000000	1225.69554388
3390.00000000	1285.93181110
3392.00000000	1233.97366217
3394.00000000	1231.73072870
3396.00000000	1263.49735091
3398.00000000	1285.72527923
3400.00000000	1250.82229097
3402.00000000	1181.08961969
3404.00000000	1196.80415628
3406.00000000	1230.91705984
3408.00000000	1197.92034591
3410.00000000	1225.73505271
3412.00000000	1186.79330432
3414.00000000	1201.75721511
3416.00000000	1211.02240775
3418.00000000	1161.05403729
3420.00000000	1132.59556367
3422.00000000	1123.59306273
3424.00000000	1088.12512784
3426.00000000	1124.51449562
3428.00000000	1189.96410498
3430.00000000	1155.89891708
3432.00000000	1121.75224951
3434.00000000	1143.54023313
3436.00000000	1161.34060856
3438.00000000	1111.96683243
3440.00000000	1129.97373952
3442.00000000	1154.41465485
3444.00000000	1141.34372977
3446.00000000	1113.39111148
3448.00000000	1068.92091924
3450.00000000	1100.51977075
3452.00000000	1109.49304333
3454.00000000	1075.85205111
3456.00000000	1124.06838500
3458.00000000	1095.93575266
3460.00000000	1084.65554233
3462.00000000	1117.48832522
3464.00000000	1108.03342486
3466.00000000	1082.19787333
3468.00000000	1089.25221019
3470.00000000	1057.11514147
3472.00000000	1050.92011198
3474.00000000	1083.60952170
3476.00000000	1091.91817750
3478.00000000	1032.20315600
3480.00000000	1030.15971439
3482.00000000	1105.60307884
3484.00000000	1093.45014945
3486.00000000	1155.67190757
3488.00000000	1117.48313128
3490.00000000	1065.05582924
3492.00000000	1058.82688358
3494.00000000	1014.37742726
3496.00000000	1040.09706738
3498.00000000	1034.54922088
3500.00000000	1029.55245306
3502.00000000	982.04569430
3504.00000000	961.60737488
3506.00000000	1024.27912575
3508.00000000	1040.19514472
3510.00000000	1001.24148773
3512.00000000	954.65493903
3514.00000000	1027.75859277
3516.00000000	1048.01645147
3518.00000000	983.46820838
3520.00000000	1025.89994119
3522.00000000	998.52766839
3524.00000000	1021.73989065
3526.00000000	965.43734775
3528.00000000	1015.08944592
3530.00000000	1028.85688854
3532.00000000	991.38372819
3534.00000000	996.66133225
3536.00000000	972.24515651
3538.00000000	980.96710772
3540.00000000	988.75291122
3542.00000000	1029.77103210
3544.00000000	948.98827600
3546.00000000	962.76096555
3548.00000000	1022.81105963
3550.00000000	958.97548040
3552.00000000	947.99705672
3554.00000000	969.27026160
3556.00000000	959.77115853
3558.00000000	967.73617982
3560.00000000	962.69175035
3562.00000000	946.42836758
3564.00000000	937.65768165
3566.00000000	953.98781540
3568.00000000	995.04839255
3570.00000000	975.99151444
3572.00000000	948.78321733
3574.00000000	969.19326705
3576.00000000	986.23569754
3578.00000000	953.89894670
3580.00000000	973.90339630
3582.00000000	938.34903024
3584.00000000	895.35645995
3586.00000000	922.67669962
3588.00000000	941.81486267
3590.00000000	916.12703632
3592.00000000	911.49473718
3594.00000000	935.10624278
3596.00000000	955.18875637
3598.00000000	940.99016988
3600.00000000	901.21767078
3602.00000000	905.84158329
3604.00000000	928.85639942
3606.00000000	922.45372138
3608.00000000	950.99010735
3610.00000000	953.71745084
3612.00000000	863.04577283
3614.00000000	955.29710046
3616.00000000	935.63125125
3618.00000000	907.78946729
3620.00000000	896.90160680
3622.00000000	897.15922974
3624.00000000	907.50348437
3626.00000000	895.51704051
3628.00000000	912.96091481
3630.00000000	937.81982919
3632.00000000	933.96591170
3634.00000000	914.82551464
3636.00000000	901.12095837
3638.00000000	901.57864731
3640.00000000	858.61942757
3642.00000000	869.67673287
3644.00000000	928.19888961
3646.00000000	933.09861549
3648.00000000	869.66320594
3650.00000000	894.80763566
3652.00000000	851.63091938
3654.00000000	854.05735594
3656.00000000	908.90179908
3658.00000000	900.76606616
3660.00000000	903.11724235
3662.00000000	885.28344339
3664.00000000	866.92381929
3666.00000000	890.91008213
3668.00000000	876.69197796
3670.00000000	858.67181865
3672.00000000	851.71456253
3674.00000000	844.64340112
3676.00000000	876.37965843
3678.00000000	889.41128446
3680.00000000	899.70532787
3682.00000000	862.68176144
3684.00000000	859.18522248
3686.00000000	878.88806386
3688.00000000	849.81964613
3690.00000000	867.26079943
3692.00000000	888.31066391
3694.00000000	826.28823107
3696.00000000	885.78600382
3698.00000000	877.24381779
3700.00000000	868.02547051
3702.00000000	910.79449989
3704.00000000	877.00787469
3706.00000000	845.15500005
3708.00000000	894.26822236
3710.00000000	875.64489832
3712.00000000	831.50155095
3714.00000000	840.42818825
3716.00000000	848.47720204
3718.00000000	847.38302999
3720.00000000	831.61515651
3722.00000000	852.22000894
3724.00000000	886.47837600
3726.00000000	868.22263965
3728.00000000	873.77683816
3730.00000000	842.58486779
3732.00000000	873.22899404
3734.00000000	883.56312501
3736.00000000	870.75252503
3738.00000000	886.77411544
3740.00000000	827.88954727
3742.00000000	868.05270265
3744.00000000	841.41786559
3746.00000000	855.84621128
3748.00000000	862.78663153
3750.00000000	874.58648838
3752.00000000	873.97513240
3754.00000000	874.88450498
3756.00000000	859.75805002
3758.00000000	850.06594477
3760.00000000	852.02612834
3762.00000000	874.46669058
3764.00000000	857.17825146
3766.00000000	864.19303155
3768.00000000	889.99636282
3770.00000000	835.09263494
3772.00000000	843.76081330
3774.00000000	862.62814644
3776.00000000	823.63834629
3778.00000000	867.25243545
3780.00000000	837.86619306
3782.00000000	805.70510379
3784.00000000	852.06348927
3786.00000000	838.99064959
3788.00000000	845.81478469
3790.00000000	864.77725952
3792.00000000	841.78879958
3794.00000000	843.92465082
3796.00000000	803.79073542
3798.00000000	863.94307550
3800.00000000	874.97105647
