610	1.652691
611	1.6424526666666666
612	1.6461229999999998
613	1.6581786666666667
614	1.670996
615	1.6790209999999999
616	1.6799186666666666
617	1.676548
618	1.674154
619	1.6781553333333334
620	1.6908813333333332
621	1.7074340000000001
622	1.7198606666666665
623	1.7207696666666665
624	1.7075623333333332
625	1.6877446666666667
626	1.6708523333333334
627	1.6609843333333334
628	1.6580516666666667
629	1.6582283333333334
630	1.657445
631	1.6544949999999998
632	1.6495273333333333
633	1.643003
634	1.6364149999999997
635	1.633314666666667
636	1.6361236666666665
637	1.6425720000000001
638	1.6485253333333332
639	1.6504756666666667
640	1.6469266666666666
641	1.6403899999999998
642	1.6358643333333331
643	1.6399096666666666
644	1.656618
645	1.682742
646	1.710499
647	1.7295343333333333
648	1.7341813333333334
649	1.7317913333333332
650	1.73328
651	1.7444153333333332
652	1.764831
653	1.7859246666666666
654	1.798632
655	1.8009599999999997
656	1.7958320000000003
657	1.790320333333333
658	1.793048
659	1.812099333333333
660	1.8514650000000001
661	1.9058666666666666
662	1.9636426666666664
663	2.0083173333333333
664	2.029743
665	2.037069333333333
666	2.0477643333333333
667	2.078232666666666
668	2.1345786666666666
669	2.201154333333333
670	2.2567609999999996
671	2.289389666666666
672	2.2966996666666666
673	2.288565333333333
674	2.2775689999999997
675	2.2707423333333336
676	2.269942
677	2.2708636666666666
678	2.265813666666667
679	2.2454783333333332
680	2.204250666666667
681	2.146828666666667
682	2.0837973333333335
683	2.0285846666666663
684	1.9899189999999998
685	1.9632416666666668
686	1.9389659999999997
687	1.9094913333333332
688	1.8718983333333334
689	1.8313786666666667
690	1.7946576666666667
691	1.7641793333333333
692	1.7406956666666666
693	1.7254943333333335
694	1.718843
695	1.7175996666666669
696	1.7156656666666668
697	1.704219666666667
698	1.6795783333333334
699	1.6526086666666666
700	1.6392470000000001
701	1.6516873333333333
702	1.6922023333333331
703	1.7447616666666665
704	1.7905016666666669
705	1.8224266666666669
706	1.843034
707	1.8636483333333334
708	1.8931573333333334
709	1.926882
710	1.9565546666666667
711	1.9797263333333333
712	1.9990303333333332
713	2.0220193333333336
714	2.0542173333333333
715	2.092218
716	2.132015
717	2.1769226666666666
718	2.2303733333333335
719	2.287905
720	2.3391356666666665
721	2.3690323333333336
722	2.368733333333333
723	2.347913666666667
724	2.3222193333333334
725	2.3021713333333333
726	2.2920303333333334
727	2.2879823333333333
728	2.287414
729	2.297672
730	2.3259239999999997
731	2.3684329999999996
732	2.415985666666667
733	2.458771333333334
734	2.4938739999999995
735	2.5343053333333336
736	2.5972123333333332
737	2.6925203333333334
738	2.8184396666666665
739	2.9547463333333335
740	3.082633333333333
741	3.204092
742	3.326264333333333
743	3.446813333333334
744	3.559815
745	3.661342
746	3.746925
747	3.808571
748	3.8393286666666664
749	3.8387140000000004
750	3.8114673333333338
751	3.7678220000000002
752	3.7184816666666665
753	3.6695686666666663
754	3.620673
755	3.5609546666666665
756	3.476382666666667
757	3.356808333333333
758	3.2034926666666665
759	3.0392159999999997
760	2.8877420000000003
761	2.754153
762	2.6371343333333335
763	2.539571
764	2.4627186666666665
765	2.3992263333333335
766	2.342311
767	2.295493
768	2.2673646666666665
769	2.267116333333333
770	2.299415
771	2.3580696666666667
772	2.4312936666666665
773	2.505595
774	2.572360666666667
775	2.635418333333333
776	2.702391
777	2.7767816666666665
778	2.8556236666666663
779	2.92584
780	2.9732389999999995
781	2.9914033333333334
782	2.9817246666666666
783	2.9557903333333333
784	2.929418666666667
785	2.9176040000000003
786	2.926297
787	2.941673333333333
788	2.9436180000000003
789	2.9178159999999993
790	2.8603940000000003
791	2.78476
792	2.707333
793	2.6344896666666666
794	2.5658313333333336
795	2.496385666666667
796	2.423258333333333
797	2.352389333333333
798	2.2932593333333333
799	2.2543046666666666
800	2.240639
801	2.2505446666666664
802	2.275826
803	2.300078
804	2.3068026666666666
805	2.288032333333333
806	2.2467390000000003
807	2.2019526666666667
808	2.17273
809	2.1623856666666663
810	2.1655043333333333
811	2.1731303333333334
812	2.1793106666666664
813	2.187209
814	2.199478
815	2.208671
816	2.205859333333333
817	2.1895453333333332
818	2.1641950000000003
819	2.139556333333333
820	2.121230666666667
821	2.1008880000000003
822	2.0696773333333334
823	2.03186
824	1.9986810000000002
825	1.9830923333333332
826	1.9914523333333336
827	2.0140290000000003
828	2.037782
829	2.0580689999999997
830	2.0748706666666665
831	2.0895536666666663
832	2.1018676666666667
833	2.10739
834	2.1038376666666667
835	2.0977466666666666
836	2.0958093333333334
837	2.096109333333333
838	2.093439666666667
839	2.0846603333333333
840	2.073450666666667
841	2.0758023333333333
842	2.103272
843	2.1451089999999997
844	2.1835773333333335
845	2.208329333333333
846	2.219884
847	2.2344413333333337
848	2.2642743333333333
849	2.297742
850	2.3173083333333335
851	2.316911
852	2.3011433333333335
853	2.2858523333333336
854	2.283029
855	2.2855836666666667
856	2.282820333333334
857	2.275285666666667
858	2.2698633333333333
859	2.275203666666667
860	2.2938126666666667
861	2.3134783333333333
862	2.3228989999999996
863	2.3271803333333336
864	2.3349783333333334
865	2.3457713333333334
866	2.352334
867	2.342896666666667
868	2.313311666666667
869	2.280497
870	2.263364666666667
871	2.263677333333333
872	2.2713083333333333
873	2.2675880000000004
874	2.240624333333333
875	2.2016923333333334
876	2.1692883333333333
877	2.154525
878	2.158304
879	2.1668716666666668
880	2.1670296666666666
881	2.1607096666666665
882	2.154176
883	2.1479696666666666
884	2.1395743333333335
885	2.126149
886	2.107304666666667
887	2.0880603333333334
888	2.0731669999999998
889	2.0615266666666665
890	2.0510313333333334
891	2.0434953333333334
892	2.0438883333333333
893	2.0598733333333334
894	2.0963426666666667
895	2.1489510000000003
896	2.20774
897	2.259305333333333
898	2.2926433333333334
899	2.3054989999999997
900	2.300467333333333
901	2.28283
902	2.259587
903	2.2392883333333335
904	2.2285539999999995
905	2.228075
906	2.236502
907	2.2537439999999997
908	2.280842333333333
909	2.319471
910	2.367837666666667
911	2.415911
912	2.4538433333333334
913	2.480717
914	2.5010823333333336
915	2.5227043333333334
916	2.5516883333333333
917	2.5875116666666664
918	2.626566333333334
919	2.6648453333333335
920	2.6992220000000007
921	2.7287049999999997
922	2.75347
923	2.774387
924	2.793124
925	2.812364
926	2.832953333333333
927	2.8503723333333335
928	2.8576119999999996
929	2.8478733333333333
930	2.8198349999999994
931	2.784144
932	2.7528616666666665
933	2.729348
934	2.7122096666666664
935	2.6982706666666667
936	2.6847190000000003
937	2.6708293333333337
938	2.6564963333333336
939	2.641069
940	2.6245536666666665
941	2.6090786666666665
942	2.596683333333333
943	2.5869676666666668
944	2.5776839999999996
945	2.5650836666666668
946	2.547115
947	2.5272353333333335
948	2.5121936666666667
949	2.5104029999999997
950	2.526669
951	2.5559576666666666
952	2.5894609999999996
953	2.6194486666666665
954	2.6396813333333333
955	2.6459989999999998
956	2.636426
957	2.6125396666666667
958	2.580157333333333
959	2.551174
960	2.5360916666666666
961	2.5360753333333332
962	2.547155666666667
963	2.5631493333333335
964	2.5794536666666668
965	2.5965896666666666
966	2.6152040000000003
967	2.631114
968	2.638837
969	2.6353643333333334
970	2.6223296666666664
971	2.609093
972	2.604550333333333
973	2.6087556666666663
974	2.6167339999999997
975	2.6213626666666667
976	2.6188420000000003
977	2.614485666666667
978	2.6148366666666667
979	2.620306333333333
980	2.6299573333333335
981	2.6459536666666663
982	2.6695813333333334
983	2.6966623333333337
984	2.721570666666667
985	2.741500333333333
986	2.759657666666667
987	2.789407
988	2.8413353333333338
989	2.909430333333333
990	2.980237
991	3.040759666666667
992	3.0857276666666666
993	3.126292333333333
994	3.177080333333334
995	3.2440949999999997
996	3.325471
997	3.4104869999999994
998	3.486768333333333
999	3.54644
1000	3.584475666666667
1001	3.5981333333333336
1002	3.5893413333333335
1003	3.568625
1004	3.546658666666666
1005	3.5254786666666664
1006	3.4995453333333337
1007	3.4554560000000003
1008	3.3841496666666666
1009	3.2938276666666666
1010	3.1974430000000003
1011	3.101142666666667
1012	3.0048800000000004
1013	2.902339333333334
1014	2.789396666666667
1015	2.672673
1016	2.561341
1017	2.459438
1018	2.367764
1019	2.2852936666666666
1020	2.211006666666667
1021	2.1453936666666666
1022	2.089481666666667
1023	2.044001666666667
1024	2.0096433333333334
1025	1.9872713333333336
1026	1.9769066666666666
1027	1.9761840000000002
1028	1.9802516666666667
1029	1.9813466666666668
1030	1.9750020000000001
1031	1.9670530000000002
1032	1.965755
1033	1.9742403333333334
1034	1.9903296666666666
1035	2.0055443333333334
1036	2.0133443333333334
1037	2.0175633333333334
1038	2.0251423333333336
1039	2.039361
1040	2.059376
1041	2.079205
1042	2.0936706666666667
1043	2.1042940000000003
1044	2.1148426666666666
1045	2.127175333333333
1046	2.1403060000000003
1047	2.1494766666666667
1048	2.1533923333333336
1049	2.1619763333333335
1050	2.185147
1051	2.221065666666667
1052	2.2601076666666664
1053	2.287605666666667
1054	2.2945736666666665
1055	2.2895093333333336
1056	2.28595
1057	2.2913716666666666
1058	2.3082063333333336
1059	2.3341086666666664
1060	2.365728666666667
1061	2.401464
1062	2.4385296666666667
1063	2.4697219999999995
1064	2.4886813333333335
1065	2.4958503333333333
1066	2.496649333333333
1067	2.5007339999999996
1068	2.515572333333333
1069	2.539675
1070	2.568093333333333
1071	2.5971616666666666
1072	2.626153
1073	2.659131666666667
1074	2.6991933333333336
1075	2.7427146666666666
1076	2.7849880000000002
1077	2.8255546666666667
1078	2.864611666666667
1079	2.899420333333333
1080	2.926975
1081	2.9470666666666667
1082	2.9624360000000003
1083	2.9793256666666665
1084	3.0013723333333338
1085	3.022991
1086	3.0366066666666667
1087	3.0397499999999997
1088	3.035334
1089	3.0329683333333333
1090	3.04168
1091	3.0626806666666666
1092	3.0932646666666668
1093	3.1295033333333335
1094	3.166125
1095	3.195712333333333
1096	3.211848
1097	3.2129599999999994
1098	3.202284333333333
1099	3.1890470000000004
1100	3.181549
1101	3.179990666666667
1102	3.179528666666667
1103	3.172320333333333
1104	3.153445333333333
1105	3.1276083333333333
1106	3.1050069999999996
1107	3.0980853333333336
1108	3.1123943333333335
1109	3.136012666666667
1110	3.1537170000000003
1111	3.160658333333333
1112	3.16154
1113	3.171533666666667
1114	3.204012
1115	3.258398333333333
1116	3.3291853333333337
1117	3.413229666666667
1118	3.5052896666666666
1119	3.5927979999999997
1120	3.6661566666666667
1121	3.730166333333333
1122	3.794780333333333
1123	3.8668389999999997
1124	3.947649666666667
1125	4.0292813333333335
1126	4.099262333333334
1127	4.144016333333333
1128	4.15435
1129	4.132256333333333
1130	4.085952666666667
1131	4.026600999999999
1132	3.961860666666667
1133	3.8893566666666666
1134	3.806612333333333
1135	3.720241333333333
1136	3.634352666666667
1137	3.5383996666666664
1138	3.422147333333333
1139	3.2910290000000004
1140	3.1551546666666663
1141	3.0192403333333333
1142	2.8854606666666665
1143	2.756581333333333
1144	2.637785666666667
1145	2.538573333333333
1146	2.466551
1147	2.420513333333333
1148	2.3947566666666664
1149	2.3821456666666667
1150	2.3761586666666665
1151	2.3727393333333335
1152	2.369254333333333
1153	2.364051666666666
1154	2.356612
1155	2.3484086666666664
1156	2.342782
1157	2.3452623333333333
1158	2.360004333333333
1159	2.385838333333333
1160	2.419323
1161	2.457259333333333
1162	2.4978546666666666
1163	2.5418173333333334
1164	2.5885523333333333
1165	2.632076666666667
1166	2.6651966666666667
1167	2.6837616666666664
1168	2.6878246666666663
1169	2.6835573333333334
1170	2.675934333333333
1171	2.6613553333333337
1172	2.633849666666667
1173	2.5912436666666667
1174	2.5368343333333336
1175	2.4818996666666666
1176	2.4356269999999998
1177	2.3945323333333333
1178	2.3495809999999997
1179	2.292562
1180	2.222270333333333
1181	2.1516106666666666
1182	2.0922683333333336
1183	2.039227
1184	1.9815263333333333
1185	1.9122416666666666
1186	1.831137
1187	1.7484796666666667
1188	1.6762026666666667
1189	1.6199743333333332
1190	1.5824176666666667
1191	1.5656626666666666
1192	1.5706740000000001
1193	1.5953296666666668
1194	1.6326379999999998
1195	1.668051
1196	1.6904026666666667
1197	1.7041036666666667
1198	1.721519
1199	1.7566983333333333
1200	1.8151343333333334
1201	1.882124
1202	1.9409113333333332
1203	1.9903343333333332
1204	2.0379666666666667
1205	2.094768
1206	2.1683203333333334
1207	2.2558236666666667
1208	2.350490333333333
1209	2.446659
1210	2.539734
1211	2.626194
1212	2.704806
1213	2.7786326666666668
1214	2.8513390000000003
1215	2.9235753333333334
1216	2.993056
1217	3.054417666666667
1218	3.105709
1219	3.1555316666666666
1220	3.2136663333333333
1221	3.2816110000000003
1222	3.3541933333333334
1223	3.420011
1224	3.47023
1225	3.5077290000000003
1226	3.5395203333333334
1227	3.570224
1228	3.601986
1229	3.634037
1230	3.663498666666667
1231	3.685340666666667
1232	3.6944930000000005
1233	3.6881206666666664
1234	3.6670043333333333
1235	3.6380226666666666
1236	3.6098130000000004
1237	3.5885203333333333
1238	3.573940666666667
1239	3.5543813333333336
1240	3.5188813333333333
1241	3.4698140000000004
1242	3.417581
1243	3.376586666666667
1244	3.3547996666666666
1245	3.342076
1246	3.323316
1247	3.290448
1248	3.242433
1249	3.186605666666667
1250	3.131973333333333
1251	3.083421
1252	3.042756
1253	3.009163666666667
1254	2.981663666666667
1255	2.9609976666666666
1256	2.9469036666666666
1257	2.9348953333333334
1258	2.918845
1259	2.8932879999999996
1260	2.8548939999999994
1261	2.804882
1262	2.7494436666666666
1263	2.701478
1264	2.6723356666666667
1265	2.662778666666666
1266	2.6654306666666665
1267	2.6650846666666665
1268	2.6472799999999994
1269	2.607171
1270	2.548954
1271	2.4878569999999995
1272	2.4409203333333327
1273	2.418048333333333
1274	2.4187943333333335
1275	2.4269576666666666
1276	2.4277673333333336
1277	2.4250579999999995
1278	2.4301493333333335
1279	2.4519746666666666
1280	2.493204
1281	2.5451823333333334
1282	2.594903333333333
1283	2.6308723333333335
1284	2.6477586666666673
1285	2.6527229999999995
1286	2.6585003333333335
1287	2.6782553333333334
1288	2.722137666666667
1289	2.793044333333333
1290	2.888039666666667
1291	2.997650666666667
1292	3.1100256666666666
1293	3.2147496666666666
1294	3.309144666666667
1295	3.4063486666666662
1296	3.520625
1297	3.6530299999999998
1298	3.7975373333333335
1299	3.9457993333333334
1300	4.091600333333333
1301	4.2351106666666665
1302	4.377740666666667
1303	4.517439
1304	4.6511336666666665
1305	4.776974666666667
1306	4.892314333333333
1307	4.9915140000000005
1308	5.07016
1309	5.129921666666666
1310	5.176036333333333
1311	5.215499333333333
1312	5.252751666666667
1313	5.284673333333334
1314	5.304293000000001
1315	5.303489333333333
1316	5.276397
1317	5.223563666666666
1318	5.150951
1319	5.070658333333333
1320	4.995507666666667
1321	4.933925666666667
1322	4.8898253333333335
1323	4.861142666666667
1324	4.843244333333334
1325	4.831689
1326	4.826409333333333
1327	4.836482999999999
1328	4.869354
1329	4.919447666666667
1330	4.974994333333334
1331	5.023608333333333
1332	5.056680666666667
1333	5.074530333333333
1334	5.081923
1335	5.085104666666666
1336	5.089531666666668
1337	5.0974726666666665
1338	5.107076666666666
1339	5.110411999999999
1340	5.100244333333333
1341	5.076839666666666
1342	5.043412
1343	5.002009666666666
1344	4.951647666666667
1345	4.8865523333333325
1346	4.805010333333334
1347	4.7191556666666665
1348	4.643652
1349	4.584372
1350	4.538153
1351	4.490998666666667
1352	4.432126333333334
1353	4.368386666666666
1354	4.312311
1355	4.271324333333333
1356	4.247658333333334
1357	4.237079333333333
1358	4.230593333333333
1359	4.214804333333333
1360	4.1802616666666665
1361	4.131166666666666
1362	4.079444666666667
1363	4.040507666666666
1364	4.0239139999999995
1365	4.022485
1366	4.020753
1367	4.001258333333333
1368	3.9518353333333334
1369	3.8747603333333327
1370	3.785066
1371	3.711534666666666
1372	3.673717333333333
1373	3.6571776666666667
1374	3.639061666666666
1375	3.611377
1376	3.574057666666667
1377	3.5294186666666665
1378	3.4837103333333337
1379	3.4502490000000003
1380	3.439399
1381	3.446982
1382	3.458396666666667
1383	3.4512883333333333
1384	3.4156793333333333
1385	3.3764336666666663
1386	3.362939
1387	3.3796286666666666
1388	3.4164149999999993
1389	3.456148
1390	3.4825353333333333
1391	3.4875063333333336
1392	3.4714876666666665
1393	3.445813666666667
1394	3.4211893333333334
1395	3.3968326666666666
1396	3.3702896666666664
1397	3.3465853333333335
1398	3.329470333333333
1399	3.311774333333333
1400	3.2833863333333335
1401	3.2394586666666663
1402	3.1841456666666668
1403	3.1354810000000004
1404	3.105650333333333
1405	3.0802843333333336
1406	3.0400036666666668
1407	2.9812363333333334
1408	2.9105420000000004
1409	2.8405986666666667
1410	2.7822106666666664
1411	2.7365433333333335
1412	2.7003036666666667
1413	2.669571
1414	2.6406143333333336
1415	2.610439666666667
1416	2.578088
1417	2.546844666666667
1418	2.523177
1419	2.516286
1420	2.532147333333333
1421	2.566198
1422	2.6064876666666668
1423	2.6355863333333334
1424	2.6441833333333333
1425	2.646517
1426	2.662622666666667
1427	2.701907
1428	2.7646816666666667
1429	2.8417923333333337
1430	2.921196666666667
1431	2.993542333333333
1432	3.056246
1433	3.1193603333333333
1434	3.1965106666666667
1435	3.2962636666666665
1436	3.4167446666666668
1437	3.538082
1438	3.6403166666666666
1439	3.7211823333333336
1440	3.787911666666667
1441	3.8513420000000003
1442	3.9217589999999998
1443	4.004983333333334
1444	4.100377666666667
1445	4.196994333333333
1446	4.282537333333333
1447	4.351887666666666
1448	4.405673666666667
1449	4.450177666666666
1450	4.4923123333333335
1451	4.534878333333333
1452	4.57604
1453	4.607547666666667
1454	4.619849
1455	4.607167333333333
1456	4.570779
1457	4.523897
1458	4.479917333333333
1459	4.440874
1460	4.403189333333333
1461	4.362172000000001
1462	4.314325666666667
1463	4.25947
1464	4.199338666666667
1465	4.136746333333333
1466	4.074166
1467	4.012279666666666
1468	3.9504869999999994
1469	3.8870223333333334
1470	3.8201203333333327
1471	3.749260666666667
1472	3.6760226666666664
1473	3.6054753333333336
1474	3.5429539999999995
1475	3.4905233333333334
1476	3.445243333333333
1477	3.3964613333333333
1478	3.3354916666666665
1479	3.2657336666666668
1480	3.1951823333333333
1481	3.1298923333333333
1482	3.072308333333333
1483	3.019112
1484	2.9656026666666664
1485	2.9093536666666666
1486	2.8483690000000004
1487	2.779177666666667
1488	2.698182666666667
1489	2.6034716666666666
1490	2.4965553333333337
1491	2.3850043333333337
1492	2.2768803333333336
1493	2.175384666666667
1494	2.081051
1495	1.993454666666667
1496	1.913119
1497	1.843373
1498	1.7880133333333335
1499	1.7487916666666665
1500	1.7242960000000003
1501	1.7077956666666667
1502	1.6902690000000002
1503	1.6630143333333336
1504	1.6219103333333333
1505	1.5731046666666666
1506	1.5274450000000002
1507	1.4963553333333333
1508	1.488923
1509	1.5079393333333333
1510	1.5478049999999999
1511	1.5902946666666666
1512	1.6191233333333335
1513	1.6348813333333334
1514	1.6455606666666667
1515	1.658744
1516	1.6785863333333335
1517	1.7026416666666668
1518	1.7267216666666667
1519	1.74906
1520	1.7693250000000003
1521	1.7879403333333335
1522	1.806765
1523	1.8302316666666665
1524	1.8622246666666669
1525	1.9025236666666665
1526	1.9471463333333334
1527	1.987765
1528	2.0167376666666668
1529	2.032847
1530	2.042956666666667
1531	2.065223
1532	2.113445333333334
1533	2.1802806666666665
1534	2.2500633333333333
1535	2.309821
1536	2.3532900000000003
1537	2.3860216666666663
1538	2.4172363333333333
1539	2.453107333333333
1540	2.4972000000000003
1541	2.5505566666666666
1542	2.6129636666666665
1543	2.683212
1544	2.757261333333333
1545	2.8259266666666667
1546	2.8832436666666665
1547	2.935725
1548	2.9935409999999996
1549	3.0621439999999995
1550	3.1401079999999997
1551	3.2157806666666664
1552	3.278186333333333
1553	3.327916
1554	3.3709906666666667
1555	3.414083666666667
1556	3.4631206666666663
1557	3.5219966666666664
1558	3.591596
1559	3.667553333333333
1560	3.7421349999999998
1561	3.805407666666667
1562	3.8513873333333333
1563	3.8858263333333336
1564	3.922983666666666
1565	3.983668333333334
1566	4.077919
1567	4.185268333333334
1568	4.278918666666667
1569	4.348723
1570	4.398408
1571	4.445423333333333
1572	4.506791
1573	4.585628666666667
1574	4.677408333333333
1575	4.774138
1576	4.866907666666666
1577	4.94734
1578	5.007648
1579	5.041378
1580	5.047192
1581	5.034317000000001
1582	5.014356666666667
1583	4.993427999999999
1584	4.970175333333334
1585	4.932780333333333
1586	4.873737
1587	4.805179999999999
1588	4.742397333333334
1589	4.687675666666667
1590	4.635164
1591	4.574660333333333
1592	4.500294333333333
1593	4.419678666666666
1594	4.343510666666667
1595	4.276038999999999
1596	4.217811
1597	4.167756000000001
1598	4.123715666666667
1599	4.0825586666666664
1600	4.043599666666667
1601	4.012378333333333
1602	3.99347
1603	3.9828953333333335
1604	3.972979
1605	3.9567246666666667
1606	3.9315909999999996
1607	3.9041713333333337
1608	3.8829836666666666
1609	3.871775333333334
1610	3.870054666666667
1611	3.8723893333333335
1612	3.8699570000000003
1613	3.8513903333333337
1614	3.810605666666667
1615	3.755964666666667
1616	3.6992376666666673
1617	3.6457173333333337
1618	3.5977580000000002
1619	3.5582243333333334
1620	3.5317263333333333
1621	3.525167
1622	3.5393540000000003
1623	3.5590669999999998
1624	3.567034333333334
1625	3.5576079999999997
1626	3.53277
1627	3.499734666666667
1628	3.465143666666667
1629	3.4300726666666668
1630	3.3954363333333335
1631	3.367443666666667
1632	3.353419333333333
1633	3.3572303333333338
1634	3.377340666666667
1635	3.4037483333333336
1636	3.427077666666667
1637	3.4476573333333334
1638	3.469765666666667
1639	3.4964173333333335
1640	3.526291666666667
1641	3.550705666666667
1642	3.565978
1643	3.586729666666667
1644	3.6294516666666663
1645	3.6959410000000004
1646	3.7783626666666668
1647	3.8626500000000004
1648	3.938963333333333
1649	4.012157333333334
1650	4.088451666666667
1651	4.162625333333333
1652	4.226896999999999
1653	4.279981333333334
1654	4.325889
1655	4.373411666666667
1656	4.428847666666667
1657	4.488415
1658	4.5455820000000005
1659	4.597499666666667
1660	4.642226666666667
1661	4.6757323333333325
1662	4.693265
1663	4.691227333333333
1664	4.67069
1665	4.642193
1666	4.617967666666667
1667	4.604442
1668	4.602347
1669	4.60558
1670	4.607972
1671	4.609370333333334
1672	4.610195999999999
1673	4.605880666666666
1674	4.590068333333333
1675	4.557969000000001
1676	4.509247333333333
1677	4.451775333333333
1678	4.393419
1679	4.333863999999999
1680	4.268903333333333
1681	4.194082666666667
1682	4.10778
1683	4.014762999999999
1684	3.92203
1685	3.8350133333333334
1686	3.755026333333333
1687	3.675777
1688	3.5898226666666666
1689	3.49467
1690	3.391754
1691	3.2862963333333335
1692	3.1840890000000006
1693	3.088683
1694	3.0020896666666665
1695	2.9249783333333337
1696	2.856866666666667
1697	2.795796333333334
1698	2.739917
1699	2.6891083333333334
1700	2.6448570000000005
1701	2.6105436666666666
1702	2.5898710000000005
1703	2.5847240000000005
1704	2.5905610000000006
1705	2.590403333333333
1706	2.568885666666667
1707	2.526770666666667
1708	2.4718883333333337
1709	2.4118373333333336
1710	2.352679
1711	2.2978870000000002
1712	2.249138
1713	2.206051
1714	2.1650593333333332
1715	2.1175833333333336
1716	2.0576343333333336
1717	1.9901986666666667
1718	1.9244813333333333
1719	1.8679573333333335
1720	1.8235343333333334
1721	1.7859670000000003
1722	1.7489693333333332
1723	1.7121383333333335
1724	1.6801823333333334
1725	1.663066
1726	1.6688823333333334
1727	1.6961136666666667
1728	1.7369550000000002
1729	1.7789910000000002
1730	1.810968
1731	1.8286626666666668
1732	1.8325373333333335
1733	1.8270180000000003
1734	1.818975666666667
1735	1.8171793333333335
1736	1.8286396666666667
1737	1.8540303333333337
1738	1.8877016666666668
1739	1.916108666666667
1740	1.9272969999999998
1741	1.9208150000000002
1742	1.9026489999999998
1743	1.8815076666666668
1744	1.8623263333333333
1745	1.8396523333333334
1746	1.8080246666666668
1747	1.7726683333333333
1748	1.7449590000000001
1749	1.7382816666666667
1750	1.756738333333333
1751	1.7820813333333334
1752	1.7941289999999999
1753	1.7907146666666667
1754	1.778898
1755	1.767687
1756	1.7615266666666667
1757	1.7535713333333334
1758	1.7351506666666667
1759	1.705072
1760	1.6691556666666667
1761	1.6409036666666668
1762	1.6308123333333335
1763	1.6350006666666665
1764	1.6433113333333331
1765	1.6460970000000001
1766	1.6389650000000002
1767	1.628004
1768	1.6191283333333333
1769	1.608004
1770	1.5903176666666667
1771	1.572191
1772	1.5613020000000002
1773	1.5579779999999999
1774	1.5594973333333335
1775	1.5639303333333334
1776	1.5704106666666666
1777	1.5793153333333332
1778	1.5912796666666666
1779	1.6063403333333335
1780	1.6239803333333334
1781	1.6428533333333333
1782	1.6598533333333332
1783	1.6692073333333333
1784	1.6692896666666666
1785	1.6701000000000001
1786	1.6803676666666667
1787	1.6946913333333335
1788	1.7064279999999998
1789	1.7204300000000001
1790	1.7442099999999998
