610	1.8004726666666666
611	1.7863853333333335
612	1.787927
613	1.7955653333333332
614	1.7964906666666667
615	1.786667
616	1.7691853333333334
617	1.7537926666666666
618	1.7482913333333332
619	1.7499656666666665
620	1.7527033333333335
621	1.7533426666666665
622	1.7509083333333335
623	1.7460483333333334
624	1.739699
625	1.7321396666666666
626	1.7236466666666668
627	1.7154876666666667
628	1.711017666666667
629	1.7172996666666667
630	1.741140666666667
631	1.784323
632	1.8404213333333335
633	1.8902006666666666
634	1.919686
635	1.9388993333333333
636	1.9608393333333334
637	1.981313
638	1.9917220000000002
639	1.9916153333333333
640	1.984537
641	1.9742710000000003
642	1.9642943333333336
643	1.957449
644	1.9550096666666665
645	1.9550750000000003
646	1.9538950000000002
647	1.9468283333333336
648	1.9317166666666667
649	1.9125366666666668
650	1.892458
651	1.8671246666666668
652	1.8331526666666667
653	1.7968363333333335
654	1.7649753333333333
655	1.7361516666666668
656	1.7106193333333333
657	1.7005356666666667
658	1.7169710000000002
659	1.7559776666666669
660	1.8066363333333335
661	1.8573903333333335
662	1.8980949999999999
663	1.9225626666666669
664	1.9327996666666667
665	1.9456906666666667
666	1.9799733333333334
667	2.042794333333333
668	2.126084
669	2.1996710000000004
670	2.2359143333333336
671	2.2349536666666667
672	2.2121313333333332
673	2.1887713333333334
674	2.180289
675	2.1838386666666665
676	2.189573333333333
677	2.189840666666667
678	2.1805036666666666
679	2.1625646666666665
680	2.1395466666666665
681	2.1159670000000004
682	2.096607
683	2.085538666666667
684	2.081975
685	2.0749690000000003
686	2.0539106666666664
687	2.0198003333333334
688	1.9841803333333332
689	1.9698603333333335
690	1.9927989999999998
691	2.042485666666667
692	2.099796
693	2.1527403333333335
694	2.196808
695	2.2357506666666667
696	2.2707949999999997
697	2.2902883333333333
698	2.2838656666666663
699	2.257645
700	2.226111
701	2.2054220000000004
702	2.2053113333333334
703	2.2196913333333335
704	2.236782
705	2.247432
706	2.246058333333333
707	2.2320716666666667
708	2.2074413333333336
709	2.175519
710	2.141156666666667
711	2.111298666666667
712	2.091163666666666
713	2.0797483333333333
714	2.072575666666667
715	2.0640376666666667
716	2.053935
717	2.0550053333333334
718	2.0806036666666667
719	2.131982333333333
720	2.2007346666666665
721	2.269164
722	2.3218433333333337
723	2.3574303333333333
724	2.381866666666667
725	2.4035976666666663
726	2.430503666666667
727	2.467355333333333
728	2.517088333333333
729	2.5811729999999997
730	2.658170333333333
731	2.741195333333333
732	2.8224050000000003
733	2.897889
734	2.971916333333333
735	3.0624886666666664
736	3.1828489999999996
737	3.3220053333333333
738	3.4626010000000003
739	3.597303333333333
740	3.724560666666667
741	3.8453626666666665
742	3.96372
743	4.0877289999999995
744	4.218639
745	4.338448333333333
746	4.428398333333334
747	4.487135666666666
748	4.519395
749	4.526038333333333
750	4.5077766666666665
751	4.469692666666666
752	4.417963
753	4.3560696666666665
754	4.281848666666667
755	4.183853666666666
756	4.055745666666667
757	3.9114703333333334
758	3.7670519999999996
759	3.6229720000000003
760	3.475395
761	3.3267306666666667
762	3.180809333333333
763	3.0382396666666667
764	2.9026609999999997
765	2.787522666666667
766	2.7030873333333334
767	2.642431333333333
768	2.59401
769	2.55319
770	2.519596333333333
771	2.4949023333333336
772	2.4805283333333334
773	2.475637
774	2.4781306666666665
775	2.4852136666666667
776	2.4936023333333335
777	2.4995013333333334
778	2.4997013333333333
779	2.4931953333333334
780	2.482737666666667
781	2.4770606666666666
782	2.482422333333333
783	2.493294666666667
784	2.498845
785	2.4884716666666664
786	2.457449
787	2.413691333333334
788	2.367989666666667
789	2.3249453333333334
790	2.2834313333333336
791	2.236166
792	2.177671
793	2.112427333333333
794	2.048934666666667
795	1.9946596666666667
796	1.9546306666666668
797	1.9296906666666667
798	1.9190430000000003
799	1.9216953333333333
800	1.93375
801	1.9450656666666666
802	1.9480320000000002
803	1.9471246666666666
804	1.9509633333333336
805	1.9649013333333332
806	1.9877556666666667
807	2.007584666666667
808	2.013793
809	2.0095696666666667
810	2.0046486666666667
811	2.009216
812	2.028213
813	2.054507666666667
814	2.0758463333333332
815	2.080759666666667
816	2.0648853333333337
817	2.03924
818	2.021371
819	2.027757
820	2.0647573333333336
821	2.117021666666667
822	2.162775
823	2.187537
824	2.1875756666666666
825	2.175652
826	2.1680826666666664
827	2.173095
828	2.1917076666666664
829	2.2171133333333333
830	2.2416443333333333
831	2.2629616666666665
832	2.281685
833	2.2997563333333333
834	2.320174333333333
835	2.3467796666666665
836	2.378929666666667
837	2.404728
838	2.408802
839	2.3800236666666663
840	2.318334
841	2.2443863333333334
842	2.182722666666667
843	2.146098333333333
844	2.1375943333333334
845	2.150591
846	2.176883
847	2.2132363333333336
848	2.2568849999999996
849	2.3008976666666667
850	2.338036333333333
851	2.365006
852	2.381817
853	2.3917566666666663
854	2.396665
855	2.392492333333333
856	2.376992
857	2.358193666666667
858	2.3481696666666667
859	2.3570003333333336
860	2.3865426666666663
861	2.4222526666666666
862	2.4464756666666667
863	2.4508833333333335
864	2.4348193333333334
865	2.4052206666666667
866	2.369363
867	2.3285899999999997
868	2.2836666666666665
869	2.24019
870	2.2049413333333336
871	2.1819473333333335
872	2.170982
873	2.1653203333333333
874	2.1593970000000002
875	2.156469
876	2.161636
877	2.1747286666666668
878	2.189586333333333
879	2.1925986666666666
880	2.1742683333333335
881	2.141919
882	2.109663666666667
883	2.0897916666666667
884	2.088090333333333
885	2.0980776666666667
886	2.1105846666666666
887	2.1222193333333332
888	2.1323776666666667
889	2.1405176666666668
890	2.1452376666666666
891	2.143723
892	2.1349513333333334
893	2.1235006666666667
894	2.1159763333333332
895	2.1177143333333333
896	2.130377
897	2.148663
898	2.165457
899	2.176456
900	2.180480666666667
901	2.180223333333333
902	2.1774953333333333
903	2.168555
904	2.148945
905	2.1187383333333334
906	2.0837046666666668
907	2.057646666666667
908	2.0531703333333335
909	2.071756333333333
910	2.1061083333333332
911	2.1406829999999997
912	2.1642843333333333
913	2.1832366666666667
914	2.2086976666666667
915	2.2448896666666665
916	2.289443333333333
917	2.332883
918	2.3673100000000002
919	2.395095
920	2.4222036666666664
921	2.4525596666666667
922	2.4896746666666667
923	2.5381453333333335
924	2.598821
925	2.6622763333333332
926	2.7134420000000006
927	2.7353836666666664
928	2.719305666666667
929	2.6771243333333334
930	2.6305466666666666
931	2.6023573333333334
932	2.605172
933	2.62764
934	2.6485063333333336
935	2.648324666666667
936	2.6187723333333333
937	2.5742923333333336
938	2.5355553333333334
939	2.5147236666666664
940	2.514781666666667
941	2.5268169999999994
942	2.537711
943	2.5364186666666666
944	2.5183093333333333
945	2.491058333333333
946	2.4663063333333333
947	2.452504666666667
948	2.4535053333333336
949	2.466283333333333
950	2.486419333333333
951	2.5123900000000003
952	2.5408766666666662
953	2.5619146666666666
954	2.5695426666666665
955	2.5736323333333333
956	2.5875733333333333
957	2.6161393333333334
958	2.654699
959	2.6865870000000003
960	2.695766
961	2.6793893333333334
962	2.6419496666666666
963	2.5918446666666664
964	2.5413973333333333
965	2.5083049999999996
966	2.5063129999999996
967	2.5339499999999995
968	2.5779293333333326
969	2.6137086666666667
970	2.621197333333333
971	2.6016073333333334
972	2.5677776666666667
973	2.5372803333333334
974	2.5218486666666666
975	2.5162793333333333
976	2.510838
977	2.5025816666666665
978	2.494489
979	2.495363
980	2.5125599999999997
981	2.5449826666666664
982	2.5903756666666666
983	2.6518879999999996
984	2.730420333333333
985	2.8160789999999998
986	2.8973196666666667
987	2.970034
988	3.0350800000000002
989	3.0964676666666673
990	3.1550616666666667
991	3.2027923333333335
992	3.236872
993	3.2748453333333334
994	3.3333576666666667
995	3.40643
996	3.480467
997	3.54797
998	3.6070183333333334
999	3.660861666666667
1000	3.7099906666666667
1001	3.7440406666666664
1002	3.7510476666666666
1003	3.7268353333333333
1004	3.673924
1005	3.602017666666667
1006	3.5214193333333332
1007	3.4373296666666664
1008	3.3539456666666667
1009	3.2783063333333327
1010	3.216657
1011	3.169461666666667
1012	3.1287463333333334
1013	3.074217
1014	2.9933286666666663
1015	2.9029623333333334
1016	2.825744666666666
1017	2.767446
1018	2.723208
1019	2.6825916666666667
1020	2.6411906666666662
1021	2.612793
1022	2.6140896666666666
1023	2.649545333333333
1024	2.7131336666666668
1025	2.78785
1026	2.8570273333333334
1027	2.915309
1028	2.9643786666666667
1029	3.0101993333333334
1030	3.056415666666667
1031	3.097736333333333
1032	3.1263826666666668
1033	3.138282666666667
1034	3.134739666666667
1035	3.125077666666667
1036	3.1183496666666666
1037	3.1153313333333332
1038	3.1143243333333333
1039	3.116347666666667
1040	3.1228263333333333
1041	3.1327483333333337
1042	3.1426706666666666
1043	3.146432
1044	3.1400913333333333
1045	3.127423333333333
1046	3.11478
1047	3.106452
1048	3.1035973333333335
1049	3.1028696666666664
1050	3.102493
1051	3.1090696666666666
1052	3.135328666666667
1053	3.1978050000000002
1054	3.298801
1055	3.405132666666667
1056	3.480269333333333
1057	3.515906666666667
1058	3.5201386666666665
1059	3.5091976666666667
1060	3.4983013333333335
1061	3.4935093333333334
1062	3.494376
1063	3.4951773333333334
1064	3.492572
1065	3.493206
1066	3.5047113333333333
1067	3.5269623333333335
1068	3.5571583333333336
1069	3.594847
1070	3.6430803333333337
1071	3.708826666666667
1072	3.7884463333333334
1073	3.8513843333333333
1074	3.8702463333333332
1075	3.8525493333333336
1076	3.8232266666666668
1077	3.8105096666666665
1078	3.8314486666666663
1079	3.8757426666666666
1080	3.9244416666666666
1081	3.966334
1082	4.000184333333333
1083	4.037697
1084	4.085105333333333
1085	4.124192666666667
1086	4.1331826666666664
1087	4.108023666666667
1088	4.060401000000001
1089	4.018127333333333
1090	4.000111333333334
1091	3.9902483333333327
1092	3.9658786666666668
1093	3.9253016666666665
1094	3.8813073333333334
1095	3.8561536666666667
1096	3.861365666666667
1097	3.8761023333333333
1098	3.8752703333333334
1099	3.8568663333333335
1100	3.832167666666667
1101	3.8176133333333335
1102	3.82104
1103	3.8272166666666667
1104	3.81938
1105	3.8007073333333334
1106	3.7856913333333333
1107	3.7925493333333335
1108	3.826831
1109	3.8631276666666667
1110	3.875009
1111	3.8650530000000005
1112	3.8513653333333333
1113	3.8568283333333335
1114	3.896104
1115	3.962028
1116	4.043303666666667
1117	4.140841
1118	4.260888
1119	4.4079593333333325
1120	4.578061
1121	4.750190999999999
1122	4.900841
1123	5.017631333333334
1124	5.094351
1125	5.127865666666667
1126	5.119696333333334
1127	5.080177
1128	5.024322
1129	4.968574333333333
1130	4.921919666666667
1131	4.875428
1132	4.817386666666667
1133	4.747285
1134	4.668143666666667
1135	4.578500666666667
1136	4.469704
1137	4.322506333333333
1138	4.122841666666667
1139	3.8795153333333334
1140	3.6133996666666666
1141	3.3499743333333334
1142	3.112158
1143	2.9134443333333335
1144	2.7628593333333336
1145	2.667345666666667
1146	2.6248633333333333
1147	2.6142083333333335
1148	2.610571
1149	2.6003203333333333
1150	2.580028333333334
1151	2.557442
1152	2.539210666666666
1153	2.519536
1154	2.492074333333333
1155	2.462248333333333
1156	2.4410243333333335
1157	2.4391176666666667
1158	2.460192333333333
1159	2.492719666666667
1160	2.5230753333333333
1161	2.547851666666667
1162	2.568661
1163	2.587801666666667
1164	2.606643
1165	2.6242626666666666
1166	2.6387399999999994
1167	2.6476273333333333
1168	2.6449299999999996
1169	2.6179443333333334
1170	2.561054333333333
1171	2.4918326666666673
1172	2.435831333333333
1173	2.412410666666667
1174	2.4262766666666664
1175	2.455893
1176	2.4760889999999995
1177	2.4789166666666667
1178	2.4644063333333333
1179	2.432885666666667
1180	2.384897
1181	2.322481666666667
1182	2.250300333333333
1183	2.1772820000000004
1184	2.1111216666666666
1185	2.0523103333333332
1186	1.9973733333333334
1187	1.9417903333333333
1188	1.8875326666666667
1189	1.8514313333333334
1190	1.8478016666666668
1191	1.8695780000000002
1192	1.8962003333333333
1193	1.8993559999999998
1194	1.862964
1195	1.805791666666667
1196	1.7565373333333332
1197	1.7313973333333332
1198	1.7341876666666667
1199	1.75428
1200	1.7781873333333333
1201	1.7995949999999998
1202	1.817582
1203	1.8360506666666667
1204	1.8604666666666665
1205	1.8955616666666666
1206	1.945079
1207	2.011023666666667
1208	2.0917076666666667
1209	2.178616
1210	2.262077333333333
1211	2.3370553333333333
1212	2.405375333333333
1213	2.4791160000000003
1214	2.567009
1215	2.6599816666666665
1216	2.7418506666666667
1217	2.7993903333333336
1218	2.831790333333333
1219	2.8625106666666666
1220	2.916347
1221	2.9967870000000003
1222	3.0945053333333337
1223	3.1928343333333333
1224	3.275135333333333
1225	3.331554
1226	3.359971333333333
1227	3.3694333333333333
1228	3.3731936666666673
1229	3.3827949999999998
1230	3.4018156666666663
1231	3.4179106666666663
1232	3.416664
1233	3.395076
1234	3.3592636666666666
1235	3.3242846666666668
1236	3.3059293333333333
1237	3.312687
1238	3.3438366666666663
1239	3.385049333333333
1240	3.4198143333333335
1241	3.4398186666666666
1242	3.4419199999999996
1243	3.4263543333333337
1244	3.3949756666666664
1245	3.3505776666666667
1246	3.296085
1247	3.234376666666667
1248	3.1713453333333335
1249	3.119494333333333
1250	3.089239666666667
1251	3.0792013333333332
1252	3.0808106666666664
1253	3.081323
1254	3.0713973333333335
1255	3.053172
1256	3.0329076666666666
1257	3.0146713333333333
1258	2.998923333333333
1259	2.9806283333333337
1260	2.9537269999999998
1261	2.9157823333333335
1262	2.871117
1263	2.835702333333333
1264	2.8268036666666667
1265	2.8525769999999997
1266	2.9113379999999998
1267	2.9871500000000006
1268	3.0530270000000006
1269	3.0722666666666667
1270	3.0251600000000005
1271	2.9406683333333334
1272	2.8646030000000002
1273	2.8309553333333333
1274	2.8482966666666667
1275	2.8815163333333333
1276	2.8923086666666666
1277	2.877877666666667
1278	2.853145666666667
1279	2.8361253333333334
1280	2.8380706666666664
1281	2.853635333333333
1282	2.8735763333333333
1283	2.8960003333333333
1284	2.922142333333333
1285	2.9519863333333336
1286	2.9820766666666665
1287	3.0043493333333333
1288	3.0228406666666667
1289	3.0726269999999998
1290	3.186043333333333
1291	3.356623
1292	3.553213
1293	3.7296786666666666
1294	3.8568259999999994
1295	3.956904333333333
1296	4.063609333333333
1297	4.185354
1298	4.316879666666666
1299	4.449640666666666
1300	4.581243333333333
1301	4.724322999999999
1302	4.888414999999999
1303	5.060814
1304	5.220820999999999
1305	5.352925333333332
1306	5.452202333333332
1307	5.530983
1308	5.598603999999999
1309	5.641230333333333
1310	5.641008333333334
1311	5.5954559999999995
1312	5.514978666666666
1313	5.422939333333333
1314	5.341455333333333
1315	5.277467
1316	5.229872333333334
1317	5.194146
1318	5.163058
1319	5.126055333333333
1320	5.075376
1321	5.0132493333333334
1322	4.947768999999999
1323	4.890529333333333
1324	4.852669666666666
1325	4.841140666666667
1326	4.859672333333334
1327	4.908402333333333
1328	4.983570333333333
1329	5.075561666666666
1330	5.172528666666666
1331	5.263567333333333
1332	5.342637999999999
1333	5.413440333333334
1334	5.479770333333334
1335	5.536197333333333
1336	5.574751
1337	5.591932
1338	5.591864
1339	5.590319
1340	5.597399
1341	5.5988853333333335
1342	5.573582333333333
1343	5.509975333333333
1344	5.410734333333334
1345	5.299681333333333
1346	5.1990446666666665
1347	5.107047666666666
1348	5.013708333333333
1349	4.915311666666666
1350	4.815664666666667
1351	4.728191333333333
1352	4.666232333333333
1353	4.6334979999999995
1354	4.62758
1355	4.641531666666666
1356	4.665227333333334
1357	4.685173
1358	4.687870333333333
1359	4.663941666666666
1360	4.6131356666666665
1361	4.552148
1362	4.501870666666666
1363	4.4751303333333325
1364	4.4711333333333325
1365	4.467030333333333
1366	4.4399343333333325
1367	4.388543666666666
1368	4.321958666666666
1369	4.250984
1370	4.185452
1371	4.131610666666666
1372	4.087760666666666
1373	4.037730333333333
1374	3.9649316666666667
1375	3.866908
1376	3.7538869999999998
1377	3.650073333333334
1378	3.5765786666666664
1379	3.5339213333333337
1380	3.512679666666666
1381	3.501449
1382	3.4902116666666667
1383	3.47357
1384	3.452158
1385	3.435907666666667
1386	3.4361026666666663
1387	3.4577843333333336
1388	3.5001569999999997
1389	3.5551116666666664
1390	3.6098323333333338
1391	3.648405666666666
1392	3.662233
1393	3.6622706666666667
1394	3.6642093333333334
1395	3.6743859999999997
1396	3.6882676666666665
1397	3.6873646666666664
1398	3.657701666666666
1399	3.6090449999999996
1400	3.5591533333333327
1401	3.519611333333333
1402	3.4943003333333333
1403	3.4762839999999997
1404	3.4534109999999996
1405	3.4122486666666663
1406	3.3442006666666666
1407	3.253086333333333
1408	3.149973333333333
1409	3.0501419999999997
1410	2.966561
1411	2.9029686666666663
1412	2.8571856666666666
1413	2.822662
1414	2.792711333333333
1415	2.764661
1416	2.741195666666667
1417	2.7325436666666665
1418	2.7449733333333333
1419	2.7684763333333335
1420	2.7889416666666667
1421	2.7998233333333333
1422	2.8025113333333334
1423	2.808310666666667
1424	2.8294563333333334
1425	2.870517333333334
1426	2.929291666666667
1427	2.995753666666667
1428	3.056883
1429	3.100768333333334
1430	3.122457
1431	3.1317763333333333
1432	3.143419333333333
1433	3.168515
1434	3.2134223333333334
1435	3.277139666666667
1436	3.3523523333333336
1437	3.424738666666667
1438	3.483551
1439	3.533010333333333
1440	3.5831056666666665
1441	3.641722
1442	3.712262333333333
1443	3.790676333333333
1444	3.871293666666667
1445	3.9520420000000005
1446	4.033474333333333
1447	4.118302
1448	4.209341666666666
1449	4.307171
1450	4.40683
1451	4.493128666666667
1452	4.550300999999999
1453	4.571856666666667
1454	4.559161333333334
1455	4.522756666666666
1456	4.479522333333334
1457	4.451276333333333
1458	4.450269333333333
1459	4.461974333333334
1460	4.462461666666666
1461	4.433582333333334
1462	4.367575333333333
1463	4.273802666666667
1464	4.166975
1465	4.057549
1466	3.9520546666666663
1467	3.8527983333333333
1468	3.759447333333333
1469	3.6695086666666668
1470	3.5808336666666665
1471	3.4942333333333333
1472	3.413485333333333
1473	3.345871
1474	3.296815666666667
1475	3.2630263333333334
1476	3.230088
1477	3.1686490000000003
1478	3.062391
1479	2.939367
1480	2.839837666666667
1481	2.7860016666666665
1482	2.777960333333333
1483	2.7856090000000004
1484	2.778389333333333
1485	2.753472666666667
1486	2.7185479999999997
1487	2.676715
1488	2.627361
1489	2.5678229999999997
1490	2.498596333333334
1491	2.4285970000000003
1492	2.364480666666667
1493	2.299378
1494	2.223103
1495	2.1327803333333337
1496	2.0378103333333333
1497	1.9662473333333335
1498	1.9361956666666669
1499	1.9249493333333334
1500	1.8994556666666667
1501	1.8453983333333333
1502	1.76812
1503	1.6965276666666669
1504	1.654508
1505	1.6321960000000002
1506	1.6090836666666666
1507	1.5749813333333336
1508	1.5290286666666666
1509	1.480115
1510	1.4405610000000002
1511	1.4210116666666668
1512	1.425818
1513	1.4469063333333334
1514	1.4733893333333334
1515	1.5004386666666667
1516	1.5294046666666667
1517	1.5687250000000001
1518	1.623804
1519	1.686435
1520	1.7447899999999998
1521	1.7925976666666665
1522	1.8274343333333334
1523	1.8496456666666665
1524	1.8605173333333334
1525	1.8617076666666665
1526	1.859159
1527	1.868159
1528	1.9036083333333333
1529	1.9688756666666667
1530	2.052429666666667
1531	2.1216393333333334
1532	2.1512593333333334
1533	2.153350333333333
1534	2.1514343333333334
1535	2.1566386666666664
1536	2.165535666666667
1537	2.1570923333333334
1538	2.1205843333333334
1539	2.0849036666666665
1540	2.083744
1541	2.121023666666667
1542	2.1823770000000002
1543	2.243730333333333
1544	2.289148
1545	2.3292783333333333
1546	2.381262
1547	2.450107333333333
1548	2.5311576666666666
1549	2.610835333333333
1550	2.674401
1551	2.7137566666666664
1552	2.7330103333333335
1553	2.7568443333333335
1554	2.808956666666667
1555	2.890254666666667
1556	2.989168666666666
1557	3.0891343333333334
1558	3.176614
1559	3.249179333333333
1560	3.3110526666666664
1561	3.3708053333333328
1562	3.4377763333333333
1563	3.5186759999999992
1564	3.613454
1565	3.709698
1566	3.795973
1567	3.875241
1568	3.955895
1569	4.044233333333334
1570	4.146259333333333
1571	4.2691886666666665
1572	4.412969
1573	4.559585333333333
1574	4.688118333333334
1575	4.789533333333334
1576	4.865817
1577	4.931335000000001
1578	4.99931
1579	5.068504333333333
1580	5.130906
1581	5.177942333333334
1582	5.204155
1583	5.211273666666667
1584	5.204885333333333
1585	5.191471333333332
1586	5.1698129999999995
1587	5.121380666666666
1588	5.0311363333333325
1589	4.909875666666666
1590	4.781372666666667
1591	4.671612
1592	4.593771666666667
1593	4.531336
1594	4.465393333333333
1595	4.400633666666667
1596	4.348771
1597	4.312170666666666
1598	4.282891666666666
1599	4.240983
1600	4.173778
1601	4.096451999999999
1602	4.029811666666666
1603	3.979316666666667
1604	3.941658666666667
1605	3.9103676666666667
1606	3.883028
1607	3.8678866666666667
1608	3.8690093333333335
1609	3.8705079999999996
1610	3.853473333333333
1611	3.8132070000000002
1612	3.7577993333333333
1613	3.7086033333333335
1614	3.67975
1615	3.6567776666666667
1616	3.6200273333333333
1617	3.567092666666666
1618	3.505879333333333
1619	3.448838
1620	3.402646666666666
1621	3.3577129999999995
1622	3.304388
1623	3.249088
1624	3.203454
1625	3.173903
1626	3.1595886666666666
1627	3.1496526666666664
1628	3.1367553333333333
1629	3.130788333333333
1630	3.1431773333333335
1631	3.1709476666666667
1632	3.2025113333333333
1633	3.2225203333333328
1634	3.2236609999999994
1635	3.2197126666666667
1636	3.226821666666667
1637	3.2456759999999996
1638	3.2711253333333334
1639	3.3011136666666663
1640	3.3371176666666664
1641	3.384087
1642	3.4415123333333333
1643	3.4939246666666666
1644	3.528476
1645	3.5534786666666665
1646	3.5848733333333334
1647	3.6335043333333332
1648	3.6985833333333336
1649	3.759595666666667
1650	3.7990586666666664
1651	3.8254166666666665
1652	3.853612666666667
1653	3.886721333333333
1654	3.9201506666666663
1655	3.9457253333333333
1656	3.9630606666666663
1657	3.991675666666666
1658	4.049036666666667
1659	4.127660666666666
1660	4.208885333333334
1661	4.274811
1662	4.317368
1663	4.348475333333333
1664	4.380315666666666
1665	4.406370666666667
1666	4.415981666666666
1667	4.409090666666667
1668	4.395316333333334
1669	4.3937
1670	4.413666666666667
1671	4.434340333333333
1672	4.431425
1673	4.40351
1674	4.361271333333333
1675	4.318245666666667
1676	4.280141666666667
1677	4.233582999999999
1678	4.1645563333333335
1679	4.076558666666667
1680	3.980067666666667
1681	3.883132333333333
1682	3.7896726666666662
1683	3.697604
1684	3.6048859999999996
1685	3.515065
1686	3.4318109999999997
1687	3.3530216666666663
1688	3.2729863333333333
1689	3.184394333333333
1690	3.085949666666666
1691	2.9910553333333336
1692	2.9134016666666667
1693	2.8526259999999994
1694	2.8023833333333337
1695	2.757190333333333
1696	2.7134033333333334
1697	2.670091
1698	2.6277546666666662
1699	2.5877130000000004
1700	2.5518426666666665
1701	2.522642333333333
1702	2.502737333333333
1703	2.4939766666666663
1704	2.4943543333333333
1705	2.4940563333333334
1706	2.484075333333333
1707	2.4649836666666665
1708	2.441008
1709	2.4148426666666665
1710	2.3870166666666663
1711	2.3552826666666666
1712	2.318341333333333
1713	2.2794383333333332
1714	2.241215
1715	2.2004206666666666
1716	2.1531393333333333
1717	2.1000716666666666
1718	2.0445013333333333
1719	1.9907566666666667
1720	1.9429006666666666
1721	1.9032396666666664
1722	1.8708536666666666
1723	1.8394266666666665
1724	1.8039783333333332
1725	1.7676423333333335
1726	1.734672
1727	1.7037790000000002
1728	1.6729910000000001
1729	1.6445716666666668
1730	1.6218066666666666
1731	1.6057283333333332
1732	1.5957956666666666
1733	1.5904263333333333
1734	1.5893023333333334
1735	1.5955793333333332
1736	1.6110106666666666
1737	1.6306286666666667
1738	1.647683
1739	1.6582506666666665
1740	1.6608923333333334
1741	1.656939
1742	1.6496616666666664
1743	1.6440383333333335
1744	1.6435053333333336
1745	1.646381
1746	1.6495783333333336
1747	1.6520776666666666
1748	1.6553186666666668
1749	1.6638433333333333
1750	1.6807479999999997
1751	1.7027986666666668
1752	1.7245363333333337
1753	1.7418186666666668
1754	1.751899
1755	1.7538183333333335
1756	1.7485693333333334
1757	1.7398533333333333
1758	1.730922
1759	1.721461666666667
1760	1.7105663333333334
1761	1.699644333333333
1762	1.6913080000000003
1763	1.6883326666666667
1764	1.6923133333333336
1765	1.7020053333333334
1766	1.714845
1767	1.7279066666666667
1768	1.7375956666666665
1769	1.739232
1770	1.7298786666666668
1771	1.711832
1772	1.689816
1773	1.6689656666666666
1774	1.6540553333333334
1775	1.6487286666666665
1776	1.6548196666666666
1777	1.6709443333333334
1778	1.693658
1779	1.7178703333333334
1780	1.7382173333333333
1781	1.7502596666666668
1782	1.7504676666666668
1783	1.7368106666666667
1784	1.7103193333333335
1785	1.677704
1786	1.6469296666666666
1787	1.623399
1788	1.6117296666666667
1789	1.6169820000000001
1790	1.6401130000000002
