610	1.8473246666666667
611	1.8344363333333333
612	1.825458666666667
613	1.8228653333333336
614	1.8279623333333337
615	1.836965666666667
616	1.8452680000000004
617	1.851628666666667
618	1.8569413333333336
619	1.8634266666666668
620	1.8732153333333335
621	1.887094
622	1.905192
623	1.9273283333333333
624	1.952029
625	1.9750596666666667
626	1.99154
627	1.9980213333333334
628	1.9934233333333333
629	1.9808500000000002
630	1.9664473333333332
631	1.9589083333333335
632	1.9636856666666667
633	1.9763046666666668
634	1.9885996666666668
635	1.9941130000000002
636	1.990422
637	1.9821166666666667
638	1.9746056666666667
639	1.9683723333333338
640	1.9617656666666667
641	1.9535320000000003
642	1.9436399999999998
643	1.9342066666666669
644	1.9276700000000002
645	1.9250523333333336
646	1.9261000000000001
647	1.9291793333333336
648	1.9327956666666668
649	1.9368729999999998
650	1.9402579999999998
651	1.9381766666666667
652	1.927269
653	1.9113566666666668
654	1.8980706666666665
655	1.896145666666667
656	1.9103403333333335
657	1.9355099999999998
658	1.9636806666666669
659	1.990259
660	2.013251
661	2.0328053333333336
662	2.0491776666666666
663	2.061129666666667
664	2.0679939999999997
665	2.0720953333333334
666	2.077195
667	2.087112
668	2.1033749999999998
669	2.1222953333333336
670	2.1384643333333333
671	2.1478543333333335
672	2.1488416666666663
673	2.1437813333333335
674	2.136209
675	2.1284013333333336
676	2.120621
677	2.109919666666667
678	2.0925086666666664
679	2.0660403333333335
680	2.030953333333333
681	1.9925673333333334
682	1.9573120000000002
683	1.929281
684	1.9099866666666667
685	1.8975343333333334
686	1.889343
687	1.884482666666667
688	1.8828903333333333
689	1.8846570000000002
690	1.8894593333333334
691	1.8959156666666668
692	1.9020746666666668
693	1.905691
694	1.9044933333333334
695	1.8966046666666667
696	1.8820353333333333
697	1.864983
698	1.8524593333333335
699	1.853566
700	1.8752053333333334
701	1.9167406666666666
702	1.9708363333333332
703	2.022499333333333
704	2.0580833333333333
705	2.0746093333333335
706	2.07573
707	2.069491666666667
708	2.0638143333333336
709	2.062539
710	2.0677413333333337
711	2.0815723333333334
712	2.106115
713	2.1428149999999997
714	2.1917236666666664
715	2.250211333333333
716	2.3144293333333334
717	2.3802389999999995
718	2.4432026666666666
719	2.4983223333333333
720	2.540490666666667
721	2.565424
722	2.5733716666666666
723	2.574004333333334
724	2.577697666666667
725	2.586882666666667
726	2.598865
727	2.607543666666667
728	2.6077773333333334
729	2.5994713333333332
730	2.5837313333333336
731	2.5593506666666666
732	2.524658
733	2.47962
734	2.4261043333333334
735	2.3684450000000004
736	2.3101563333333335
737	2.2505036666666665
738	2.187416
739	2.1204003333333334
740	2.0525766666666665
741	1.9932753333333335
742	1.9504696666666668
743	1.922831
744	1.9051103333333335
745	1.8927853333333333
746	1.8845593333333333
747	1.8850353333333334
748	1.8975420000000003
749	1.9167136666666669
750	1.9342716666666666
751	1.94449
752	1.945939
753	1.9441126666666668
754	1.9456356666666665
755	1.9531443333333334
756	1.9678546666666668
757	1.991899666666667
758	2.027010333333333
759	2.072484666666667
760	2.1238506666666663
761	2.1707403333333333
762	2.2041243333333336
763	2.2243663333333332
764	2.2391213333333333
765	2.2628839999999997
766	2.3070916666666665
767	2.3696506666666663
768	2.442469
769	2.5177066666666668
770	2.5922400000000003
771	2.672731
772	2.7672293333333333
773	2.8769146666666665
774	2.996623333333333
775	3.1141606666666664
776	3.2189020000000004
777	3.310437666666667
778	3.391950666666667
779	3.4644576666666667
780	3.527247666666667
781	3.5785396666666665
782	3.6183560000000003
783	3.6513383333333334
784	3.6800426666666666
785	3.697722333333333
786	3.6961693333333328
787	3.6735949999999997
788	3.633721666666667
789	3.5857536666666663
790	3.536543333333334
791	3.482470333333333
792	3.416941
793	3.337552333333333
794	3.247606666666667
795	3.158463333333333
796	3.0798903333333336
797	3.0102073333333337
798	2.943662
799	2.877017
800	2.8105593333333334
801	2.7496319999999996
802	2.7007586666666668
803	2.6680706666666665
804	2.6521046666666663
805	2.647540333333333
806	2.6464603333333327
807	2.6411163333333336
808	2.628431999999999
809	2.6155533333333336
810	2.6110593333333334
811	2.6163726666666665
812	2.626838666666666
813	2.631915333333333
814	2.6245770000000004
815	2.611309666666666
816	2.6022956666666666
817	2.6022893333333332
818	2.610562333333333
819	2.619924333333333
820	2.622953666666666
821	2.6176923333333333
822	2.603833
823	2.5794776666666666
824	2.5443366666666662
825	2.5037243333333334
826	2.4645463333333333
827	2.431316333333333
828	2.4041676666666665
829	2.3760616666666667
830	2.3408486666666666
831	2.301578
832	2.2660416666666663
833	2.2429196666666664
834	2.2354773333333333
835	2.2341423333333332
836	2.2265706666666665
837	2.207198
838	2.1774823333333333
839	2.147600333333333
840	2.128197
841	2.122519
842	2.12903
843	2.142952666666667
844	2.1601376666666665
845	2.1807446666666666
846	2.2070716666666668
847	2.2415686666666668
848	2.2833150000000004
849	2.32393
850	2.355236
851	2.3771273333333336
852	2.394237
853	2.4133633333333333
854	2.4377980000000004
855	2.461254
856	2.4766133333333333
857	2.4844889999999995
858	2.4892899999999996
859	2.495784
860	2.506145333333333
861	2.5167373333333334
862	2.5232989999999997
863	2.525801
864	2.5254736666666666
865	2.5218786666666664
866	2.5131203333333327
867	2.4962003333333334
868	2.470970666666666
869	2.444595
870	2.424066666666666
871	2.40851
872	2.3927349999999996
873	2.3702846666666666
874	2.339334666666667
875	2.309528666666667
876	2.2930116666666667
877	2.2957973333333337
878	2.316869
879	2.3456783333333338
880	2.370366
881	2.385314
882	2.3891703333333334
883	2.3838976666666665
884	2.3723423333333336
885	2.3565933333333335
886	2.338878
887	2.322457
888	2.309335
889	2.297672
890	2.2855446666666666
891	2.274800666666667
892	2.2693946666666673
893	2.2737013333333334
894	2.2877883333333333
895	2.3018039999999997
896	2.305229666666667
897	2.295799666666667
898	2.2740393333333335
899	2.2388433333333335
900	2.1922623333333338
901	2.145528666666667
902	2.110478
903	2.090898
904	2.0854303333333335
905	2.089125666666667
906	2.0957483333333338
907	2.0994863333333336
908	2.097274
909	2.0918276666666666
910	2.087167
911	2.084474
912	2.082199666666667
913	2.075968666666667
914	2.0638549999999998
915	2.0518660000000004
916	2.045428666666667
917	2.0410036666666667
918	2.0347103333333334
919	2.0308223333333335
920	2.033742666666667
921	2.039766
922	2.043490333333333
923	2.044022
924	2.0419856666666667
925	2.0366956666666667
926	2.027375666666667
927	2.0146623333333333
928	2.0001040000000003
929	1.9859153333333335
930	1.9744986666666666
931	1.9680520000000001
932	1.9680033333333333
933	1.9739533333333332
934	1.9827516666666667
935	1.9870863333333335
936	1.981882666666667
937	1.9714013333333336
938	1.9636416666666667
939	1.965436
940	1.9793416666666666
941	1.9995586666666667
942	2.0171393333333336
943	2.0243683333333333
944	2.017344666666667
945	1.9998203333333333
946	1.9810760000000003
947	1.9752083333333335
948	1.9927580000000003
949	2.031151
950	2.0800203333333336
951	2.124526333333333
952	2.1531013333333333
953	2.1658756666666665
954	2.1698413333333333
955	2.1757633333333333
956	2.1915443333333333
957	2.2151236666666665
958	2.2397853333333333
959	2.2582666666666666
960	2.266096
961	2.265308
962	2.260306
963	2.2546963333333334
964	2.2525896666666663
965	2.259811
966	2.2782003333333334
967	2.2987406666666668
968	2.3105073333333332
969	2.3095386666666666
970	2.2989876666666667
971	2.2906540000000004
972	2.2949966666666666
973	2.3110573333333333
974	2.3326266666666666
975	2.353199
976	2.3682586666666667
977	2.377726333333333
978	2.3839013333333336
979	2.3903320000000003
980	2.4011190000000004
981	2.4205073333333336
982	2.4514323333333334
983	2.4933913333333333
984	2.5424593333333334
985	2.5906080000000005
986	2.6323763333333328
987	2.6719923333333337
988	2.7155579999999997
989	2.763681333333334
990	2.8141730000000003
991	2.864334666666667
992	2.9118543333333338
993	2.955677
994	2.996550666666667
995	3.038028666666667
996	3.083291
997	3.132084
998	3.1839526666666664
999	3.2408073333333336
1000	3.2997976666666666
1001	3.345231
1002	3.363209666666666
1003	3.357027
1004	3.336886333333333
1005	3.3110809999999997
1006	3.283683333333333
1007	3.252123333333333
1008	3.214190333333333
1009	3.174695
1010	3.1389223333333334
1011	3.105889666666666
1012	3.071400333333333
1013	3.030554333333333
1014	2.9796446666666663
1015	2.9185643333333333
1016	2.8517580000000002
1017	2.79011
1018	2.7413479999999995
1019	2.700343333333333
1020	2.66261
1021	2.6379213333333333
1022	2.6385753333333333
1023	2.667444333333333
1024	2.7197086666666666
1025	2.7828136666666667
1026	2.842501
1027	2.8880953333333332
1028	2.913834
1029	2.9216683333333333
1030	2.9171076666666664
1031	2.9065936666666663
1032	2.8966773333333333
1033	2.8932053333333334
1034	2.898228
1035	2.905701
1036	2.907302333333333
1037	2.8978596666666663
1038	2.877348333333333
1039	2.8538559999999995
1040	2.8350443333333333
1041	2.8197110000000003
1042	2.8029936666666666
1043	2.7810983333333334
1044	2.7539616666666666
1045	2.728390333333333
1046	2.7109863333333335
1047	2.701259
1048	2.6965923333333333
1049	2.6968403333333333
1050	2.702979
1051	2.715625
1052	2.7338663333333333
1053	2.754020666666667
1054	2.7734113333333332
1055	2.794162333333333
1056	2.8178053333333333
1057	2.839821333333333
1058	2.8551936666666666
1059	2.8641566666666667
1060	2.8700219999999996
1061	2.8773493333333335
1062	2.887799333333333
1063	2.8954696666666666
1064	2.8930773333333337
1065	2.878117666666667
1066	2.853646666666667
1067	2.8302146666666665
1068	2.817999666666667
1069	2.819024666666666
1070	2.831317
1071	2.8519599999999996
1072	2.8776743333333332
1073	2.904808333333333
1074	2.929902
1075	2.950505666666667
1076	2.9663586666666664
1077	2.981188
1078	2.9991419999999995
1079	3.0215933333333336
1080	3.049798333333333
1081	3.087421
1082	3.136842333333333
1083	3.194749
1084	3.254751333333333
1085	3.3092113333333337
1086	3.351599666666666
1087	3.3793089999999997
1088	3.394145666666666
1089	3.4039736666666665
1090	3.415872666666666
1091	3.429389333333333
1092	3.441915
1093	3.4535426666666664
1094	3.4652013333333334
1095	3.476689333333333
1096	3.487427666666666
1097	3.497134
1098	3.504862666666667
1099	3.507617333333333
1100	3.500776333333333
1101	3.478363
1102	3.437188
1103	3.3819266666666663
1104	3.320902
1105	3.262993
1106	3.216159333333333
1107	3.185391
1108	3.169521333333333
1109	3.1562313333333334
1110	3.132248333333333
1111	3.0933090000000005
1112	3.0416013333333334
1113	2.984701333333333
1114	2.930508333333333
1115	2.8826279999999995
1116	2.8414616666666666
1117	2.804694666666667
1118	2.771594
1119	2.747019666666667
1120	2.7339376666666664
1121	2.725238666666667
1122	2.7107563333333333
1123	2.683883333333333
1124	2.643099333333333
1125	2.594449
1126	2.544793
1127	2.495639666666667
1128	2.4467749999999997
1129	2.3994583333333335
1130	2.3544799999999997
1131	2.3098193333333334
1132	2.263368333333333
1133	2.215804
1134	2.170077
1135	2.131152666666667
1136	2.101985666666667
1137	2.0784356666666666
1138	2.0500273333333334
1139	1.9997083333333334
1140	1.9173623333333332
1141	1.8154973333333333
1142	1.716705
1143	1.6433649999999997
1144	1.6089653333333334
1145	1.6074709999999999
1146	1.6251033333333336
1147	1.6493983333333335
1148	1.6706273333333335
1149	1.683462
1150	1.6868753333333333
1151	1.6855433333333334
1152	1.6848109999999998
1153	1.6861963333333334
1154	1.6897913333333334
1155	1.6963750000000002
1156	1.7063960000000002
1157	1.718877666666667
1158	1.7341106666666668
1159	1.7566123333333334
1160	1.7906616666666668
1161	1.8354453333333336
1162	1.8861076666666667
1163	1.933957666666667
1164	1.9716486666666668
1165	1.9985933333333334
1166	2.0172116666666664
1167	2.0301066666666667
1168	2.0397256666666665
1169	2.0483960000000003
1170	2.0585626666666665
1171	2.072991
1172	2.0939506666666663
1173	2.121941666666667
1174	2.1546433333333335
1175	2.185162
1176	2.2071206666666665
1177	2.2198266666666666
1178	2.225033333333333
1179	2.224297
1180	2.218685333333333
1181	2.2087456666666667
1182	2.195837
1183	2.183654
1184	2.176536333333334
1185	2.1775219999999997
1186	2.185793
1187	2.193528666666667
1188	2.1955643333333335
1189	2.199564333333333
1190	2.216111
1191	2.248811
1192	2.2930693333333334
1193	2.333486333333333
1194	2.3571753333333336
1195	2.3676126666666666
1196	2.3757603333333335
1197	2.393143
1198	2.4295006666666663
1199	2.490237666666667
1200	2.575214
1201	2.6755066666666667
1202	2.778867
1203	2.874268
1204	2.955604
1205	3.027074
1206	3.0997776666666663
1207	3.1898009999999997
1208	3.3063623333333334
1209	3.4379513333333334
1210	3.563846666666667
1211	3.6639213333333336
1212	3.729742
1213	3.778028
1214	3.8303530000000006
1215	3.894359666666667
1216	3.968644333333333
1217	4.045872
1218	4.118020666666666
1219	4.180931666666667
1220	4.235592666666667
1221	4.290739
1222	4.356333666666667
1223	4.437115666666667
1224	4.5311433333333335
1225	4.626706666666667
1226	4.711609666666666
1227	4.782229666666668
1228	4.841241666666667
1229	4.896633666666666
1230	4.954971666666666
1231	5.014711333333333
1232	5.0715856666666665
1233	5.123432666666666
1234	5.170865
1235	5.2178803333333335
1236	5.2655416666666675
1237	5.305404333333334
1238	5.330459666666666
1239	5.346492333333333
1240	5.363031666666666
1241	5.384316666666666
1242	5.406078000000001
1243	5.411101333333333
1244	5.386002666666666
1245	5.338599333333334
1246	5.2826303333333335
1247	5.223434666666667
1248	5.158641666666667
1249	5.078505333333333
1250	4.980227666666667
1251	4.883226666666667
1252	4.808497666666667
1253	4.757789
1254	4.721400333333333
1255	4.684064666666667
1256	4.636645666666666
1257	4.587979333333333
1258	4.547308
1259	4.506788666666666
1260	4.452209333333333
1261	4.373722666666667
1262	4.273967666666667
1263	4.1783866666666665
1264	4.111369666666667
1265	4.072229666666666
1266	4.048497333333334
1267	4.026910666666667
1268	4.000361
1269	3.9751446666666665
1270	3.9595263333333337
1271	3.95318
1272	3.952834
1273	3.957599
1274	3.968197333333334
1275	3.9858706666666666
1276	4.009156
1277	4.030226
1278	4.041669333333333
1279	4.043953333333333
1280	4.044942333333334
1281	4.060671666666667
1282	4.102009333333333
1283	4.1601463333333335
1284	4.219868333333333
1285	4.271273333333333
1286	4.310009666666667
1287	4.338626666666666
1288	4.363807
1289	4.395066
1290	4.439637666666667
1291	4.496593666666667
1292	4.5590926666666665
1293	4.615056999999999
1294	4.653685333333333
1295	4.672510666666667
1296	4.676575
1297	4.6799420000000005
1298	4.69893
1299	4.745260333333334
1300	4.8178469999999995
1301	4.891679666666667
1302	4.941792666666667
1303	4.967319333333334
1304	4.980637999999999
1305	4.999166333333334
1306	5.034786
1307	5.082728000000001
1308	5.131509
1309	5.1709923333333325
1310	5.194775333333333
1311	5.203122666666666
1312	5.199680333333333
1313	5.189741
1314	5.180293
1315	5.180541333333332
1316	5.196408333333332
1317	5.223556333333333
1318	5.250365333333333
1319	5.259903999999999
1320	5.244774666666666
1321	5.223972
1322	5.220623333333333
1323	5.240463
1324	5.277118
1325	5.3152859999999995
1326	5.342670666666667
1327	5.361744666666667
1328	5.379430333333333
1329	5.397991
1330	5.417192666666666
1331	5.436352333333333
1332	5.454154999999999
1333	5.467736666666667
1334	5.471828
1335	5.457482666666667
1336	5.417653999999999
1337	5.354259333333333
1338	5.279523333333333
1339	5.219071999999999
1340	5.189795666666666
1341	5.175424999999999
1342	5.148221333333333
1343	5.088663666666667
1344	4.992625666666665
1345	4.881235333333333
1346	4.777535333333333
1347	4.684427333333333
1348	4.595697333333334
1349	4.505504666666666
1350	4.411994
1351	4.320963666666666
1352	4.239731333333333
1353	4.171714
1354	4.118867333333333
1355	4.083891333333334
1356	4.068788
1357	4.072230333333334
1358	4.086042000000001
1359	4.0904023333333335
1360	4.069474
1361	4.028257
1362	3.9803296666666665
1363	3.937468666666667
1364	3.905249999999999
1365	3.877948
1366	3.847986666666667
1367	3.814522333333333
1368	3.779668
1369	3.7454713333333336
1370	3.715885666666667
1371	3.699049
1372	3.698739333333333
1373	3.704483666666666
1374	3.701848666666667
1375	3.682179666666667
1376	3.644796
1377	3.6004316666666663
1378	3.5579213333333337
1379	3.5110896666666664
1380	3.4512889999999996
1381	3.3799086666666667
1382	3.304927666666667
1383	3.2381753333333334
1384	3.1862973333333335
1385	3.1411656666666663
1386	3.09385
1387	3.048295333333333
1388	3.01275
1389	2.9911206666666663
1390	2.978837333333333
1391	2.9576173333333338
1392	2.912986333333333
1393	2.8525720000000003
1394	2.790982
1395	2.735903
1396	2.686843333333334
1397	2.6332273333333336
1398	2.568403
1399	2.5042150000000003
1400	2.457093
1401	2.4348543333333335
1402	2.4376616666666666
1403	2.457408333333333
1404	2.4839623333333334
1405	2.5102853333333335
1406	2.5319053333333335
1407	2.5470256666666664
1408	2.5556653333333332
1409	2.559558
1410	2.5600563333333337
1411	2.556493666666667
1412	2.5504713333333333
1413	2.5508356666666665
1414	2.567555333333334
1415	2.6051759999999997
1416	2.6601916666666665
1417	2.716856
1418	2.7618783333333337
1419	2.799416
1420	2.8391103333333327
1421	2.8849376666666666
1422	2.933957333333333
1423	2.974499
1424	2.9987186666666674
1425	3.0157119999999997
1426	3.0382680000000004
1427	3.0702216666666664
1428	3.1089846666666667
1429	3.1473016666666664
1430	3.1809336666666668
1431	3.2164386666666664
1432	3.261644
1433	3.3163923333333334
1434	3.3771923333333334
1435	3.4417210000000003
1436	3.511838333333333
1437	3.5967430000000005
1438	3.7017013333333333
1439	3.8158066666666666
1440	3.9241643333333336
1441	4.019658333333333
1442	4.10389
1443	4.189481666666667
1444	4.286591666666666
1445	4.389299333333334
1446	4.486854
1447	4.574016666666667
1448	4.650357333333333
1449	4.720256
1450	4.7888183333333325
1451	4.858076333333332
1452	4.926014666666667
1453	4.984459666666666
1454	5.023469
1455	5.0354253333333325
1456	5.017904333333333
1457	4.978283666666667
1458	4.929246666666667
1459	4.885815666666666
1460	4.859360333333334
1461	4.850194999999999
1462	4.849204
1463	4.837363999999999
1464	4.801222666666668
1465	4.749459
1466	4.697560666666667
1467	4.654127
1468	4.621439666666666
1469	4.595285666666666
1470	4.571144
1471	4.549750666666667
1472	4.533594
1473	4.523736666666667
1474	4.520396666666667
1475	4.52358
1476	4.533346
1477	4.5494330000000005
1478	4.566873666666666
1479	4.570576666666667
1480	4.546275333333334
1481	4.492601666666667
1482	4.4199823333333335
1483	4.351750999999999
1484	4.304295333333333
1485	4.265951666666667
1486	4.216966333333334
1487	4.147634333333333
1488	4.056721333333334
1489	3.9507770000000004
1490	3.8346873333333336
1491	3.7030833333333333
1492	3.5523643333333337
1493	3.3936073333333336
1494	3.2431603333333334
1495	3.1136353333333333
1496	3.0086450000000005
1497	2.9157876666666667
1498	2.821463
1499	2.7248946666666667
1500	2.6304320000000003
1501	2.540621
1502	2.455268
1503	2.370794666666667
1504	2.2865173333333333
1505	2.211336666666667
1506	2.1545636666666668
1507	2.116517
1508	2.092099666666667
1509	2.0733523333333332
1510	2.0546743333333333
1511	2.037995333333333
1512	2.0256553333333334
1513	2.0133993333333335
1514	1.9948813333333335
1515	1.966206333333333
1516	1.9276893333333334
1517	1.8865450000000001
1518	1.851177
1519	1.8258436666666666
1520	1.8112293333333334
1521	1.8040616666666667
1522	1.7993396666666666
1523	1.791938
1524	1.778651
1525	1.7607926666666667
1526	1.74186
1527	1.7260266666666668
1528	1.7176156666666667
1529	1.720712
1530	1.737711
1531	1.7669443333333332
1532	1.8022626666666666
1533	1.8315503333333334
1534	1.8444566666666666
1535	1.8410053333333332
1536	1.8288726666666666
1537	1.8222876666666668
1538	1.831168
1539	1.8497926666666666
1540	1.8695763333333335
1541	1.891251
1542	1.920685666666667
1543	1.9650866666666666
1544	2.027190666666667
1545	2.0987626666666666
1546	2.169712333333333
1547	2.2365716666666664
1548	2.298935
1549	2.356234333333333
1550	2.4064016666666666
1551	2.445225666666667
1552	2.4741393333333335
1553	2.5092723333333335
1554	2.5671896666666667
1555	2.650167333333333
1556	2.750349333333333
1557	2.852030333333333
1558	2.944418333333333
1559	3.034704
1560	3.1329096666666665
1561	3.237294333333333
1562	3.3401593333333333
1563	3.4329250000000004
1564	3.5104283333333335
1565	3.5757556666666668
1566	3.6355500000000003
1567	3.696418
1568	3.763368333333333
1569	3.8380003333333335
1570	3.919691
1571	4.005791666666666
1572	4.091914333333333
1573	4.171650666666666
1574	4.239887333333334
1575	4.296506
1576	4.343790333333334
1577	4.38422
1578	4.417448666666667
1579	4.436896333333333
1580	4.436202000000001
1581	4.415924333333333
1582	4.380948666666667
1583	4.338990000000001
1584	4.297637666666667
1585	4.261250666666667
1586	4.228992
1587	4.191693
1588	4.1414246666666665
1589	4.081374333333334
1590	4.019958000000001
1591	3.965839
1592	3.9232693333333337
1593	3.8868123333333333
1594	3.8497506666666665
1595	3.811930666666667
1596	3.775739333333333
1597	3.7424853333333337
1598	3.7129116666666664
1599	3.6881753333333336
1600	3.6717613333333325
1601	3.671441333333334
1602	3.6912853333333335
1603	3.7224753333333336
1604	3.7517609999999997
1605	3.769505
1606	3.7753529999999995
1607	3.7853223333333337
1608	3.8126393333333333
1609	3.8481366666666665
1610	3.8754470000000003
1611	3.8851006666666668
1612	3.8760886666666665
1613	3.8586276666666666
1614	3.8428056666666666
1615	3.827844333333333
1616	3.809601333333333
1617	3.787560666666667
1618	3.763887
1619	3.742461
1620	3.7249386666666666
1621	3.7066956666666666
1622	3.683940333333333
1623	3.6609393333333333
1624	3.643347
1625	3.631211333333334
1626	3.6182753333333335
1627	3.5907833333333334
1628	3.542133
1629	3.4892086666666664
1630	3.454134333333333
1631	3.447109666666667
1632	3.4690719999999997
1633	3.5125983333333335
1634	3.5692236666666664
1635	3.6353316666666675
1636	3.7070646666666662
1637	3.7752403333333335
1638	3.8321456666666665
1639	3.879335666666667
1640	3.9236196666666663
1641	3.9739676666666663
1642	4.034522333333333
1643	4.097103333333333
1644	4.1536116666666665
1645	4.208561
1646	4.271979
1647	4.352947333333333
1648	4.4543219999999994
1649	4.566283
1650	4.676444333333333
1651	4.778917333333333
1652	4.870711
1653	4.9486246666666664
1654	5.010116
1655	5.055664666666666
1656	5.093473666666666
1657	5.145637
1658	5.229866666666668
1659	5.339616
1660	5.456554666666667
1661	5.560616333333334
1662	5.640324
1663	5.704287000000001
1664	5.765231
1665	5.8255170000000005
1666	5.88267
1667	5.934395
1668	5.979899333333334
1669	6.020893
1670	6.058356333333333
1671	6.089211333333333
1672	6.109617999999999
1673	6.118136333333333
1674	6.114600666666666
1675	6.098858
1676	6.067916
1677	6.01319
1678	5.931281
1679	5.836036999999999
1680	5.744020333333333
1681	5.660383333333333
1682	5.582904
1683	5.504868333333333
1684	5.422315666666667
1685	5.341036
1686	5.266654
1687	5.194533333333332
1688	5.116145333333333
1689	5.025114
1690	4.9204099999999995
1691	4.810675999999999
1692	4.7068433333333335
1693	4.6156489999999994
1694	4.541097000000001
1695	4.485224666666666
1696	4.447685666666667
1697	4.424037666666667
1698	4.406935333333333
1699	4.3866776666666665
1700	4.356573666666667
1701	4.319489333333333
1702	4.284672
1703	4.264870666666667
1704	4.259423
1705	4.235263
1706	4.163175000000001
1707	4.054919
1708	3.934978
1709	3.8149846666666667
1710	3.698674
1711	3.5862496666666672
1712	3.476180333333333
1713	3.365657
1714	3.252447
1715	3.136830333333333
1716	3.0203233333333332
1717	2.9047103333333335
1718	2.791269666666667
1719	2.6799773333333334
1720	2.570529666666667
1721	2.46299
1722	2.355603666666666
1723	2.2431293333333335
1724	2.128499
1725	2.0356626666666666
1726	1.9835396666666667
1727	1.958694666666667
1728	1.9394566666666666
1729	1.9182916666666667
1730	1.895343
1731	1.8730506666666669
1732	1.8554959999999998
1733	1.8487516666666668
1734	1.8560906666666666
1735	1.8724783333333335
1736	1.8911243333333334
1737	1.9094253333333335
1738	1.9262283333333334
1739	1.9392436666666668
1740	1.9462093333333332
1741	1.9463696666666668
1742	1.9398646666666668
1743	1.9274576666666667
1744	1.9106750000000001
1745	1.892485
1746	1.877623
1747	1.8734196666666665
1748	1.886724
1749	1.919975
1750	1.967693666666667
1751	2.011158
1752	2.0330856666666666
1753	2.0328173333333335
1754	2.0183213333333336
1755	2.0001443333333335
1756	1.985281
1757	1.9710833333333335
1758	1.9532103333333337
1759	1.9331940000000003
1760	1.9159846666666664
1761	1.9079853333333334
1762	1.9139203333333334
1763	1.9332473333333333
1764	1.961308666666667
1765	1.989278
1766	2.0082543333333334
1767	2.013243
1768	2.002352666666667
1769	1.9773586666666665
1770	1.9446833333333335
1771	1.9174003333333334
1772	1.9043246666666667
1773	1.898316
1774	1.8898756666666667
1775	1.8802156666666665
1776	1.8754736666666667
1777	1.8812236666666664
1778	1.8981716666666666
1779	1.9168739999999997
1780	1.9251143333333331
1781	1.914726333333333
1782	1.883801
1783	1.8406513333333332
1784	1.7982420000000001
1785	1.7697236666666665
1786	1.761931
1787	1.767475
1788	1.7761326666666668
1789	1.784994
1790	1.7936713333333334
