610	1.7104903333333332
611	1.690972666666667
612	1.6867266666666667
613	1.7035176666666667
614	1.739428
615	1.779520666666667
616	1.8078783333333335
617	1.8195370000000002
618	1.8180273333333334
619	1.8147466666666665
620	1.8194483333333333
621	1.8308816666666665
622	1.843654
623	1.8543643333333333
624	1.8636696666666666
625	1.8786626666666666
626	1.9048256666666665
627	1.9378006666666665
628	1.970818
629	2.0014920000000003
630	2.0287550000000003
631	2.0495496666666666
632	2.058654666666667
633	2.0487006666666665
634	2.0168683333333335
635	1.9729840000000003
636	1.931135666666667
637	1.902158666666667
638	1.8909010000000002
639	1.8921130000000002
640	1.8974286666666667
641	1.9012393333333333
642	1.9014113333333333
643	1.900347
644	1.8994153333333332
645	1.89357
646	1.8779393333333332
647	1.8547376666666668
648	1.8294776666666668
649	1.8076030000000003
650	1.791222
651	1.7754160000000003
652	1.7552583333333334
653	1.7328783333333333
654	1.7141133333333332
655	1.7057126666666664
656	1.7114576666666668
657	1.7276669999999998
658	1.7479103333333332
659	1.7671513333333335
660	1.7840526666666667
661	1.8038593333333333
662	1.8315226666666666
663	1.86473
664	1.8971186666666668
665	1.9208273333333334
666	1.9309143333333336
667	1.9304343333333334
668	1.925832666666667
669	1.9233153333333333
670	1.9271090000000002
671	1.9374156666666666
672	1.9525433333333333
673	1.9702933333333335
674	1.9882636666666667
675	2.0038403333333332
676	2.014187
677	2.0163933333333333
678	2.0094793333333336
679	1.9967776666666668
680	1.9810440000000002
681	1.9595513333333334
682	1.9287179999999997
683	1.8891503333333333
684	1.8470343333333334
685	1.8165040000000001
686	1.8092296666666667
687	1.823214
688	1.8494346666666666
689	1.8767179999999999
690	1.896128
691	1.9055176666666667
692	1.9064863333333337
693	1.9025613333333333
694	1.8972743333333333
695	1.892606
696	1.8897096666666666
697	1.8894476666666666
698	1.8928436666666664
699	1.9015316666666668
700	1.9176349999999998
701	1.9434083333333334
702	1.978157
703	2.0142046666666666
704	2.0417330000000002
705	2.0535163333333335
706	2.048795
707	2.038581333333333
708	2.0346330000000004
709	2.0389290000000004
710	2.049564666666667
711	2.0660686666666663
712	2.0903506666666667
713	2.1271986666666667
714	2.176794
715	2.2261133333333336
716	2.2598526666666667
717	2.271510666666667
718	2.2647396666666664
719	2.256782666666667
720	2.2633073333333336
721	2.2832076666666667
722	2.3078126666666665
723	2.3286179999999996
724	2.341755
725	2.3526283333333335
726	2.3659803333333334
727	2.376101
728	2.374858333333333
729	2.359647333333333
730	2.33247
731	2.299613
732	2.265136
733	2.2244800000000002
734	2.1737766666666665
735	2.119488666666667
736	2.07144
737	2.0359213333333335
738	2.01233
739	1.9888940000000002
740	1.9569053333333333
741	1.9252943333333334
742	1.906518
743	1.9025440000000002
744	1.906075
745	1.9006633333333336
746	1.8760263333333331
747	1.8444223333333336
748	1.8235953333333332
749	1.820598666666667
750	1.8325116666666668
751	1.8457180000000002
752	1.849658
753	1.850737
754	1.8605866666666668
755	1.8852063333333335
756	1.924294666666667
757	1.9693466666666668
758	2.0095080000000003
759	2.0363636666666665
760	2.044099666666667
761	2.0309133333333333
762	2.0022586666666666
763	1.9761263333333334
764	1.9697183333333335
765	1.9854656666666668
766	2.0149559999999997
767	2.040710333333333
768	2.0505896666666668
769	2.05296
770	2.0624603333333336
771	2.086891666666667
772	2.125229
773	2.1643823333333336
774	2.192652
775	2.213094
776	2.2341066666666665
777	2.261036333333333
778	2.2953666666666663
779	2.333527333333333
780	2.371270333333333
781	2.407376
782	2.440387333333333
783	2.4654666666666665
784	2.479748
785	2.4882206666666664
786	2.4961803333333332
787	2.5015203333333336
788	2.4979816666666665
789	2.478034
790	2.4389419999999995
791	2.389823
792	2.342057
793	2.3001379999999996
794	2.262601
795	2.221945333333333
796	2.172095666666667
797	2.116016333333333
798	2.0607246666666663
799	2.0131180000000004
800	1.976856666666667
801	1.948765
802	1.924001
803	1.9005893333333335
804	1.8778280000000003
805	1.8550573333333333
806	1.833559
807	1.8193026666666665
808	1.8198933333333334
809	1.8413783333333333
810	1.8834343333333332
811	1.932792
812	1.9730590000000001
813	1.9941490000000002
814	1.995241
815	1.9899033333333331
816	1.9935040000000002
817	2.0113719999999997
818	2.0419213333333337
819	2.0783153333333333
820	2.1140339999999997
821	2.1477983333333333
822	2.1795733333333334
823	2.206817
824	2.226368
825	2.2365606666666666
826	2.237744
827	2.2331499999999997
828	2.225573333333333
829	2.214421
830	2.2010433333333332
831	2.194551
832	2.2046276666666667
833	2.2336483333333335
834	2.2755153333333333
835	2.3126853333333335
836	2.3296133333333335
837	2.326644
838	2.3122986666666665
839	2.2974913333333333
840	2.290272
841	2.2903973333333334
842	2.293796
843	2.296065333333333
844	2.29549
845	2.2964049999999996
846	2.304236
847	2.320568666666667
848	2.3421529999999997
849	2.3587363333333338
850	2.3590956666666667
851	2.337032333333333
852	2.292655
853	2.2354316666666665
854	2.177233333333333
855	2.1261453333333336
856	2.085252666666667
857	2.050275666666667
858	2.015271
859	1.9778093333333335
860	1.9395683333333333
861	1.9077513333333334
862	1.889576
863	1.8863809999999999
864	1.8923326666666667
865	1.8918316666666668
866	1.8732993333333332
867	1.8440533333333333
868	1.8193303333333333
869	1.812704
870	1.8290933333333335
871	1.8562253333333336
872	1.8789026666666668
873	1.8922776666666667
874	1.8980733333333335
875	1.9022256666666668
876	1.9118556666666666
877	1.9328513333333335
878	1.967098
879	2.0082370000000003
880	2.044953666666667
881	2.0631373333333336
882	2.053555333333333
883	2.021258
884	1.9802746666666668
885	1.9503303333333335
886	1.9443026666666663
887	1.9540523333333335
888	1.9630336666666666
889	1.9571816666666668
890	1.9323176666666666
891	1.9033736666666665
892	1.88856
893	1.8944056666666667
894	1.9179983333333332
895	1.947039666666667
896	1.9673029999999998
897	1.9692596666666669
898	1.9499946666666665
899	1.9170393333333333
900	1.8820253333333334
901	1.855726
902	1.845307
903	1.8506933333333333
904	1.8680063333333334
905	1.891475
906	1.9146096666666668
907	1.931153
908	1.9386476666666668
909	1.9430749999999999
910	1.9524590000000002
911	1.9705753333333336
912	1.9944700000000002
913	2.0107213333333336
914	2.0076133333333335
915	1.9880153333333335
916	1.9641009999999999
917	1.9537073333333335
918	1.9677573333333331
919	1.9962116666666667
920	2.0220706666666666
921	2.0337606666666668
922	2.0278479999999997
923	2.0130820000000003
924	1.9996723333333335
925	1.9895296666666664
926	1.9812226666666666
927	1.974388
928	1.9693826666666667
929	1.9664493333333333
930	1.9636689999999999
931	1.9548806666666667
932	1.937087
933	1.9189133333333335
934	1.9131033333333334
935	1.9291296666666669
936	1.9659156666666666
937	2.002427
938	2.017476333333333
939	2.009719
940	1.990042
941	1.9761856666666666
942	1.9792756666666667
943	1.989556
944	1.991827
945	1.9798316666666667
946	1.9564810000000001
947	1.9354546666666668
948	1.928708
949	1.9338890000000002
950	1.9423936666666668
951	1.9462826666666666
952	1.9428453333333333
953	1.9394713333333333
954	1.941875
955	1.9422520000000003
956	1.930449
957	1.9054079999999998
958	1.8747353333333336
959	1.8555689999999998
960	1.8605483333333335
961	1.8829383333333334
962	1.9096440000000003
963	1.9327853333333334
964	1.9501546666666667
965	1.9661656666666667
966	1.984043
967	1.9985443333333333
968	2.005234
969	2.010292333333333
970	2.0234813333333337
971	2.0513376666666665
972	2.093952333333333
973	2.140607
974	2.1804696666666668
975	2.213136333333333
976	2.2432723333333335
977	2.2760736666666666
978	2.3129200000000005
979	2.346789333333333
980	2.3709610000000003
981	2.3879833333333336
982	2.405479666666667
983	2.43293
984	2.477004
985	2.5362663333333333
986	2.6047453333333337
987	2.6739353333333336
988	2.734620666666667
989	2.7785710000000003
990	2.8024536666666666
991	2.8135796666666666
992	2.8249250000000004
993	2.8513940000000004
994	2.901713666666667
995	2.968853
996	3.0408493333333335
997	3.1101433333333333
998	3.17349
999	3.2322436666666663
1000	3.2872923333333333
1001	3.334254333333334
1002	3.3675849999999996
1003	3.3846713333333334
1004	3.3856603333333335
1005	3.3740493333333337
1006	3.355137
1007	3.3351313333333334
1008	3.3192126666666666
1009	3.308868
1010	3.3001159999999996
1011	3.2802929999999995
1012	3.2373366666666668
1013	3.169566
1014	3.083717333333334
1015	2.994717333333334
1016	2.9141020000000006
1017	2.838343666666667
1018	2.7615886666666674
1019	2.68797
1020	2.626231333333333
1021	2.584383
1022	2.5638016666666665
1023	2.5522956666666667
1024	2.5380103333333333
1025	2.523227
1026	2.515255333333333
1027	2.5178913333333335
1028	2.529008
1029	2.537962
1030	2.5394723333333333
1031	2.5483936666666667
1032	2.5818436666666664
1033	2.6413583333333333
1034	2.7186223333333333
1035	2.799429
1036	2.872658
1037	2.9388853333333333
1038	2.9993139999999996
1039	3.045500666666667
1040	3.0710343333333334
1041	3.0847170000000004
1042	3.102665333333333
1043	3.1414009999999997
1044	3.2087689999999998
1045	3.2927803333333334
1046	3.374874333333333
1047	3.4419103333333334
1048	3.4922823333333333
1049	3.544171666666667
1050	3.6161803333333333
1051	3.7080943333333334
1052	3.8082429999999996
1053	3.898594666666667
1054	3.9654476666666665
1055	4.010822666666667
1056	4.045130333333334
1057	4.082398333333333
1058	4.135943666666666
1059	4.2136233333333335
1060	4.312868333333333
1061	4.4127996666666665
1062	4.490723333333333
1063	4.538347666666667
1064	4.559133
1065	4.568407666666666
1066	4.581902666666667
1067	4.604861666666666
1068	4.6346766666666666
1069	4.661672666666666
1070	4.676811666666667
1071	4.679146666666666
1072	4.672446333333333
1073	4.6628783333333335
1074	4.655059666666667
1075	4.647907333333333
1076	4.637133333333334
1077	4.616836333333333
1078	4.581949666666666
1079	4.531027333333333
1080	4.4669203333333325
1081	4.398557333333333
1082	4.334390666666666
1083	4.2755860000000006
1084	4.218068000000001
1085	4.153430999999999
1086	4.075256333333333
1087	3.985588
1088	3.8890656666666663
1089	3.7878309999999997
1090	3.683019
1091	3.5764839999999998
1092	3.4713156666666665
1093	3.372196333333333
1094	3.2811353333333333
1095	3.192968666666667
1096	3.1048836666666664
1097	3.0263476666666667
1098	2.9680683333333335
1099	2.930324333333333
1100	2.9035213333333334
1101	2.8672406666666665
1102	2.807453333333333
1103	2.735088333333333
1104	2.6689616666666667
1105	2.620268
1106	2.590594333333333
1107	2.568691
1108	2.5446833333333334
1109	2.523796
1110	2.5142616666666666
1111	2.515438
1112	2.5209953333333335
1113	2.52141
1114	2.509923666666667
1115	2.488568
1116	2.460021333333333
1117	2.420206666666667
1118	2.366903666666667
1119	2.3095223333333337
1120	2.2623966666666666
1121	2.238394
1122	2.2412216666666667
1123	2.255497666666667
1124	2.2613529999999997
1125	2.2480089999999997
1126	2.214533666666666
1127	2.172463333333333
1128	2.133035
1129	2.094980666666667
1130	2.0523203333333333
1131	2.001406
1132	1.9424146666666668
1133	1.8814110000000002
1134	1.826264
1135	1.7829873333333335
1136	1.7537493333333332
1137	1.7336936666666667
1138	1.7146253333333332
1139	1.6878980000000001
1140	1.6493550000000001
1141	1.605277
1142	1.5647196666666667
1143	1.5327353333333331
1144	1.5118003333333334
1145	1.5027666666666666
1146	1.5055486666666669
1147	1.5190493333333335
1148	1.5409750000000002
1149	1.567206
1150	1.5938100000000002
1151	1.6190113333333334
1152	1.6418890000000002
1153	1.6613136666666666
1154	1.6764126666666668
1155	1.6874453333333332
1156	1.6966716666666666
1157	1.7094446666666665
1158	1.7285986666666666
1159	1.748162
1160	1.7597523333333336
1161	1.759023
1162	1.749241
1163	1.7462849999999999
1164	1.7644426666666666
1165	1.8016470000000002
1166	1.8468010000000001
1167	1.88497
1168	1.9037613333333336
1169	1.9000343333333336
1170	1.8771623333333334
1171	1.8445926666666668
1172	1.8145223333333333
1173	1.7994203333333334
1174	1.8065733333333331
1175	1.8309613333333332
1176	1.8620313333333334
1177	1.88884
1178	1.9039043333333334
1179	1.9080533333333332
1180	1.9089369999999999
1181	1.920710666666667
1182	1.9500323333333331
1183	1.980446
1184	1.9908689999999998
1185	1.9736763333333331
1186	1.9347946666666669
1187	1.8965496666666666
1188	1.8808510000000003
1189	1.8926429999999999
1190	1.9263466666666667
1191	1.969717
1192	2.011305
1193	2.047231
1194	2.0769613333333337
1195	2.100144
1196	2.1171876666666667
1197	2.130882333333333
1198	2.1472133333333336
1199	2.176344
1200	2.2224026666666665
1201	2.271939666666667
1202	2.309549333333334
1203	2.3331723333333336
1204	2.3480286666666665
1205	2.361947
1206	2.381278
1207	2.4072536666666666
1208	2.4402286666666666
1209	2.483312
1210	2.537804
1211	2.597727
1212	2.6541900000000007
1213	2.6995273333333336
1214	2.7318213333333334
1215	2.760801666666667
1216	2.7986093333333333
1217	2.851044666666667
1218	2.9173036666666663
1219	2.988291333333333
1220	3.054443666666667
1221	3.113039
1222	3.164939666666667
1223	3.2126416666666664
1224	3.262502
1225	3.327734
1226	3.416453333333333
1227	3.518052
1228	3.6149626666666665
1229	3.693276
1230	3.7490373333333338
1231	3.7962146666666663
1232	3.84943
1233	3.907144666666666
1234	3.9604049999999997
1235	4.000181666666666
1236	4.020586333333333
1237	4.022566666666666
1238	4.0121970000000005
1239	4.0006786666666665
1240	3.9995736666666666
1241	4.0156633333333325
1242	4.046898666666667
1243	4.075975
1244	4.083931
1245	4.063498666666667
1246	4.017571
1247	3.9601859999999998
1248	3.9068069999999997
1249	3.8653706666666663
1250	3.836796333333333
1251	3.813983
1252	3.7901246666666664
1253	3.7667246666666663
1254	3.7491260000000004
1255	3.742755666666666
1256	3.7506230000000005
1257	3.7700416666666663
1258	3.792967666666667
1259	3.804836
1260	3.7921113333333336
1261	3.7511083333333333
1262	3.691570333333334
1263	3.6432016666666667
1264	3.6313516666666668
1265	3.6515093333333333
1266	3.684902
1267	3.710796333333333
1268	3.7149896666666664
1269	3.699089
1270	3.672342666666667
1271	3.646104
1272	3.631050666666667
1273	3.634254666666667
1274	3.655310666666667
1275	3.6804656666666666
1276	3.695613333333333
1277	3.6991783333333332
1278	3.696809
1279	3.6977783333333334
1280	3.710775666666666
1281	3.7396746666666667
1282	3.7818636666666663
1283	3.824846333333334
1284	3.8556926666666667
1285	3.8704653333333336
1286	3.8721750000000004
1287	3.8706976666666666
1288	3.8779360000000005
1289	3.903534
1290	3.9503313333333336
1291	4.007536333333334
1292	4.057523
1293	4.0815426666666665
1294	4.072435666666667
1295	4.050015666666667
1296	4.038973333333333
1297	4.048128999999999
1298	4.075692
1299	4.112418666666667
1300	4.148638666666667
1301	4.180233666666666
1302	4.206270999999999
1303	4.227451333333334
1304	4.245113
1305	4.260986999999999
1306	4.2784743333333335
1307	4.303813666666667
1308	4.338547666666667
1309	4.370739666666666
1310	4.386272
1311	4.380491
1312	4.360628
1313	4.350191333333333
1314	4.366974666666667
1315	4.399933
1316	4.428574333333333
1317	4.440636666666666
1318	4.434738666666666
1319	4.4246110000000005
1320	4.424207333333333
1321	4.4336693333333335
1322	4.4484976666666665
1323	4.467971333333334
1324	4.494198
1325	4.530801333333334
1326	4.577267
1327	4.622667333333334
1328	4.656352666666666
1329	4.678877
1330	4.696045666666667
1331	4.713883
1332	4.734859333333333
1333	4.753966
1334	4.766729333333333
1335	4.777084
1336	4.790265
1337	4.805445333333333
1338	4.8167056666666666
1339	4.813333
1340	4.7883189999999995
1341	4.747689666666666
1342	4.7019910000000005
1343	4.658814333333334
1344	4.621489333333334
1345	4.5870766666666665
1346	4.551107
1347	4.511719
1348	4.469516666666666
1349	4.428091666666667
1350	4.392905000000001
1351	4.370165666666667
1352	4.359825
1353	4.347148
1354	4.316626
1355	4.266065666666667
1356	4.202332
1357	4.139239333333333
1358	4.090182666666666
1359	4.060798666666667
1360	4.048488333333333
1361	4.039441999999999
1362	4.0165809999999995
1363	3.967127666666667
1364	3.8899730000000003
1365	3.805763333333333
1366	3.736733666666667
1367	3.6871023333333333
1368	3.6507789999999996
1369	3.6169326666666666
1370	3.576738666666666
1371	3.5299793333333325
1372	3.4815779999999994
1373	3.439466
1374	3.4099473333333328
1375	3.3927173333333336
1376	3.382889333333333
1377	3.371650666666666
1378	3.350154666666666
1379	3.313557333333333
1380	3.2629789999999996
1381	3.2093623333333334
1382	3.167031333333333
1383	3.147834666666667
1384	3.1556669999999993
1385	3.178968333333333
1386	3.2025923333333326
1387	3.2182846666666665
1388	3.221722333333333
1389	3.210484666666667
1390	3.185219666666667
1391	3.152098333333334
1392	3.1174419999999996
1393	3.082532
1394	3.0466273333333334
1395	3.009818666666667
1396	2.974704333333333
1397	2.948124333333334
1398	2.9342523333333332
1399	2.9270730000000005
1400	2.9182433333333333
1401	2.904643666666667
1402	2.887760333333333
1403	2.873475
1404	2.8638706666666667
1405	2.8487096666666667
1406	2.8180129999999997
1407	2.7751373333333333
1408	2.730610333333333
1409	2.6973363333333333
1410	2.684449
1411	2.6905533333333334
1412	2.7095773333333333
1413	2.7350663333333336
1414	2.7610689999999996
1415	2.7829673333333336
1416	2.7991813333333333
1417	2.8140223333333334
1418	2.834213
1419	2.866095333333333
1420	2.9134209999999996
1421	2.9743586666666664
1422	3.0433416666666666
1423	3.111894
1424	3.173125333333333
1425	3.2266476666666666
1426	3.2757283333333334
1427	3.325549666666667
1428	3.3810683333333333
1429	3.444579
1430	3.5127016666666666
1431	3.572281
1432	3.6129759999999997
1433	3.6408009999999997
1434	3.6693230000000003
1435	3.712416666666667
1436	3.7782896666666668
1437	3.8624123333333333
1438	3.9550746666666665
1439	4.0471520000000005
1440	4.131145
1441	4.202348
1442	4.2589966666666665
1443	4.3037426666666665
1444	4.342385666666667
1445	4.383557333333333
1446	4.434251333333333
1447	4.4947756666666665
1448	4.560882333333333
1449	4.624725333333334
1450	4.679827666666666
1451	4.726092333333333
1452	4.765508
1453	4.798277999999999
1454	4.822416333333333
1455	4.832662666666667
1456	4.820606000000001
1457	4.774785333333333
1458	4.692033
1459	4.591168
1460	4.496311333333334
1461	4.42095
1462	4.3655273333333335
1463	4.312568333333334
1464	4.245450333333333
1465	4.166666
1466	4.085711
1467	4.008380666666667
1468	3.9365276666666666
1469	3.8675533333333334
1470	3.797170333333333
1471	3.7218006666666663
1472	3.6418596666666665
1473	3.566127333333333
1474	3.5054146666666663
1475	3.4663299999999997
1476	3.4479249999999997
1477	3.4365526666666666
1478	3.4170159999999994
1479	3.3832096666666667
1480	3.3352779999999993
1481	3.2785476666666664
1482	3.221314
1483	3.173331
1484	3.1376283333333332
1485	3.1006756666666666
1486	3.0461286666666667
1487	2.968133
1488	2.8696289999999998
1489	2.7628773333333334
1490	2.6631286666666663
1491	2.5828963333333332
1492	2.5248036666666667
1493	2.4717206666666667
1494	2.4016756666666668
1495	2.3024240000000002
1496	2.1786326666666667
1497	2.062436666666667
1498	1.9840946666666666
1499	1.9423803333333334
1500	1.9209836666666664
1501	1.9014043333333335
1502	1.8692313333333335
1503	1.8206006666666665
1504	1.759985
1505	1.7006136666666665
1506	1.6560203333333334
1507	1.6319023333333333
1508	1.6275363333333333
1509	1.6350790000000002
1510	1.642301
1511	1.63448
1512	1.6052529999999998
1513	1.5698123333333331
1514	1.5495849999999998
1515	1.557978
1516	1.595803
1517	1.6439329999999999
1518	1.6797473333333335
1519	1.6925726666666665
1520	1.6828676666666664
1521	1.6645003333333332
1522	1.6568736666666664
1523	1.6781633333333332
1524	1.7328366666666664
1525	1.7961239999999998
1526	1.8403586666666667
1527	1.8604889999999998
1528	1.863967
1529	1.86311
1530	1.867588
1531	1.8773353333333334
1532	1.8882750000000001
1533	1.8967956666666668
1534	1.8998536666666668
1535	1.8950013333333333
1536	1.8820843333333335
1537	1.8659453333333333
1538	1.8544216666666666
1539	1.8567273333333332
1540	1.8770293333333334
1541	1.9063830000000002
1542	1.930033
1543	1.9339096666666666
1544	1.9143716666666668
1545	1.8901946666666667
1546	1.8831793333333335
1547	1.899645
1548	1.9366043333333334
1549	1.9861156666666668
1550	2.0412813333333335
1551	2.1012753333333336
1552	2.1646756666666667
1553	2.2227623333333333
1554	2.2665783333333334
1555	2.2946243333333336
1556	2.3113390000000003
1557	2.326979
1558	2.3511366666666667
1559	2.3863196666666666
1560	2.43077
1561	2.4801996666666666
1562	2.5307106666666668
1563	2.581572666666667
1564	2.6342653333333335
1565	2.691903666666667
1566	2.7557339999999995
1567	2.8211679999999997
1568	2.881373
1569	2.9304783333333337
1570	2.9659193333333334
1571	2.9921290000000003
1572	3.020064666666667
1573	3.0678620000000003
1574	3.1464306666666664
1575	3.2428966666666668
1576	3.335177333333333
1577	3.404525666666667
1578	3.441631666666667
1579	3.4543153333333336
1580	3.453469666666667
1581	3.4407799999999997
1582	3.416508666666667
1583	3.387591333333333
1584	3.3632183333333336
1585	3.3499106666666667
1586	3.347080666666667
1587	3.3413066666666666
1588	3.3208403333333334
1589	3.2904756666666666
1590	3.26155
1591	3.2425013333333332
1592	3.2312363333333334
1593	3.206569
1594	3.1541489999999994
1595	3.093939
1596	3.0548873333333337
1597	3.050577
1598	3.077286
1599	3.1093623333333333
1600	3.1249523333333333
1601	3.1316023333333334
1602	3.1452226666666663
1603	3.170590333333333
1604	3.203930333333333
1605	3.2348873333333326
1606	3.2566149999999996
1607	3.275881
1608	3.3007573333333333
1609	3.3286326666666666
1610	3.3530979999999997
1611	3.3707086666666664
1612	3.3831013333333333
1613	3.3991853333333326
1614	3.421920333333333
1615	3.434382666666666
1616	3.4206876666666663
1617	3.387819
1618	3.3538356666666664
1619	3.3374933333333336
1620	3.345665
1621	3.358899666666667
1622	3.355578
1623	3.3350726666666666
1624	3.305018
1625	3.270042333333334
1626	3.232086333333333
1627	3.1914010000000004
1628	3.1506846666666664
1629	3.119284
1630	3.1047263333333337
1631	3.1035866666666667
1632	3.1082213333333337
1633	3.113059666666667
1634	3.119194333333333
1635	3.1394680000000004
1636	3.1814616666666664
1637	3.229308
1638	3.2614723333333333
1639	3.268251333333333
1640	3.2541903333333337
1641	3.243341666666667
1642	3.259621
1643	3.307416
1644	3.379094
1645	3.459657
1646	3.5354843333333332
1647	3.6025589999999994
1648	3.662079666666666
1649	3.717533333333333
1650	3.7724149999999996
1651	3.828573
1652	3.887820666666667
1653	3.9532626666666664
1654	4.026048333333333
1655	4.101572333333333
1656	4.175018666666666
1657	4.247007333333333
1658	4.321614333333334
1659	4.404867
1660	4.5001196666666665
1661	4.6024650000000005
1662	4.7013386666666666
1663	4.7821430000000005
1664	4.836594666666667
1665	4.874704666666666
1666	4.912697333333334
1667	4.962200999999999
1668	5.026441
1669	5.094685666666666
1670	5.152955
1671	5.193233333333334
1672	5.2105066666666655
1673	5.200393999999999
1674	5.160479666666666
1675	5.093180333333333
1676	5.006297
1677	4.9145959999999995
1678	4.828342666666666
1679	4.741091333333332
1680	4.643954
1681	4.5394206666666665
1682	4.435712
1683	4.341386333333333
1684	4.257991333333333
1685	4.171749
1686	4.069379
1687	3.9539316666666666
1688	3.8343993333333333
1689	3.7167223333333332
1690	3.605413
1691	3.5056026666666664
1692	3.4225080000000005
1693	3.360423
1694	3.320947333333333
1695	3.300204
1696	3.2913853333333334
1697	3.286697666666667
1698	3.2819636666666665
1699	3.281676666666667
1700	3.2895519999999996
1701	3.299174333333333
1702	3.302664333333333
1703	3.299141
1704	3.2895976666666664
1705	3.272009
1706	3.243753999999999
1707	3.204333666666667
1708	3.1548443333333327
1709	3.0979929999999993
1710	3.0381609999999997
1711	2.98163
1712	2.930908666666666
1713	2.8783046666666667
1714	2.815828666666666
1715	2.744896
1716	2.6695156666666664
1717	2.5899583333333336
1718	2.505353
1719	2.416720666666667
1720	2.328244333333333
1721	2.248718333333333
1722	2.1831663333333333
1723	2.124220666666667
1724	2.0669446666666667
1725	2.0238346666666667
1726	2.0077836666666666
1727	2.0144216666666668
1728	2.0312023333333333
1729	2.044924
1730	2.0459153333333333
1731	2.0328790000000003
1732	2.0110656666666666
1733	1.992187
1734	1.985417
1735	1.9881900000000001
1736	1.9950266666666665
1737	2.005358666666667
1738	2.019082
1739	2.0315776666666667
1740	2.036068333333333
1741	2.0263693333333332
1742	2.0035146666666668
1743	1.983429
1744	1.9783233333333334
1745	1.9773246666666666
1746	1.9637526666666667
1747	1.9317783333333332
1748	1.8860513333333333
1749	1.8428106666666664
1750	1.8149943333333334
1751	1.7972790000000003
1752	1.779805
1753	1.760849
1754	1.7424540000000002
1755	1.726154
1756	1.7109713333333332
1757	1.6918016666666666
1758	1.6676083333333331
1759	1.6504053333333335
1760	1.652567
1761	1.6735656666666667
1762	1.7030486666666667
1763	1.7224046666666668
1764	1.719755
1765	1.7061560000000002
1766	1.6982773333333334
1767	1.7024206666666668
1768	1.7171706666666666
1769	1.7351176666666668
1770	1.7507273333333333
1771	1.7675706666666666
1772	1.7875466666666666
1773	1.8004313333333335
1774	1.7995683333333332
1775	1.798753
1776	1.815351
1777	1.8528176666666667
1778	1.8986646666666667
1779	1.9202686666666668
1780	1.8956316666666666
1781	1.8461456666666667
1782	1.8036343333333333
1783	1.779769666666667
1784	1.7734553333333334
1785	1.7764366666666669
1786	1.781055
1787	1.7868769999999998
1788	1.7957736666666666
1789	1.8075343333333334
1790	1.8207896666666668
