610	1.4105093333333332
611	1.3471233333333335
612	1.2965390000000003
613	1.274967
614	1.2895020000000001
615	1.3249233333333332
616	1.3592403333333332
617	1.377644
618	1.3752813333333336
619	1.3619080000000001
620	1.3491736666666667
621	1.3393113333333333
622	1.3321010000000002
623	1.3317453333333333
624	1.344811
625	1.3777326666666665
626	1.431285
627	1.4936269999999998
628	1.5506006666666667
629	1.595605
630	1.6290596666666668
631	1.6589926666666666
632	1.6908043333333331
633	1.7168333333333332
634	1.7261319999999998
635	1.7137463333333334
636	1.6801666666666668
637	1.6317050000000002
638	1.5747966666666666
639	1.5110513333333333
640	1.4426346666666663
641	1.3781123333333334
642	1.3286483333333332
643	1.3040976666666668
644	1.307869666666667
645	1.3300723333333335
646	1.3574506666666668
647	1.3821976666666669
648	1.4007580000000002
649	1.4131146666666667
650	1.4180813333333333
651	1.4095973333333331
652	1.3879526666666666
653	1.372806
654	1.3869713333333333
655	1.4401893333333333
656	1.5297619999999998
657	1.6384533333333335
658	1.7492103333333333
659	1.8590556666666667
660	1.970825
661	2.085720666666667
662	2.200029333333333
663	2.3012206666666666
664	2.3760923333333337
665	2.4191716666666667
666	2.4335556666666665
667	2.434086666666667
668	2.438059
669	2.456342666666667
670	2.489920333333333
671	2.523509
672	2.5359480000000003
673	2.5096286666666665
674	2.440888333333333
675	2.3540083333333337
676	2.2799276666666666
677	2.236726
678	2.229191333333333
679	2.2453493333333334
680	2.2686933333333332
681	2.288170333333333
682	2.2970553333333337
683	2.2927726666666666
684	2.276209
685	2.253017
686	2.2334769999999997
687	2.2333753333333335
688	2.263839
689	2.3195736666666664
690	2.3870763333333334
691	2.4512910000000003
692	2.5056943333333335
693	2.5634846666666666
694	2.6377713333333337
695	2.7213136666666666
696	2.79493
697	2.833905333333333
698	2.821519333333333
699	2.7644313333333335
700	2.6800753333333334
701	2.587153666666667
702	2.499528333333333
703	2.4199393333333337
704	2.3485883333333333
705	2.290349
706	2.2489936666666663
707	2.220135
708	2.1937816666666667
709	2.1564893333333335
710	2.1038086666666667
711	2.054730666666667
712	2.031705
713	2.0407
714	2.071944666666667
715	2.0977416666666664
716	2.0947956666666667
717	2.0673013333333334
718	2.032282
719	2.008014
720	2.0072156666666667
721	2.0300633333333336
722	2.073461
723	2.138380333333333
724	2.2221643333333336
725	2.3095393333333334
726	2.3851676666666664
727	2.4475136666666666
728	2.509016
729	2.5983453333333335
730	2.7326629999999996
731	2.887433666666667
732	3.0273779999999997
733	3.1368513333333334
734	3.2284286666666664
735	3.3564146666666668
736	3.568577333333333
737	3.8565213333333332
738	4.185606333333334
739	4.5187946666666665
740	4.829309333333333
741	5.113925000000001
742	5.380085
743	5.636021666666667
744	5.882348333333333
745	6.102593333333334
746	6.276290666666667
747	6.3905753333333335
748	6.436193666666666
749	6.405832
750	6.3074916666666665
751	6.182458666666666
752	6.0744956666666665
753	5.998012
754	5.938939333333333
755	5.8494426666666675
756	5.686955333333333
757	5.453753333333333
758	5.174509333333333
759	4.8792383333333325
760	4.591196999999999
761	4.314683
762	4.044482666666666
763	3.772862
764	3.4984326666666665
765	3.2355466666666666
766	2.999843333333333
767	2.7948500000000003
768	2.623830666666666
769	2.5011036666666673
770	2.4362643333333334
771	2.415737333333334
772	2.4145553333333334
773	2.4059893333333333
774	2.3738556666666666
775	2.327008666666667
776	2.2822623333333336
777	2.249213
778	2.226360333333333
779	2.1960176666666666
780	2.145255333333334
781	2.087632
782	2.0447266666666666
783	2.0294356666666666
784	2.0480146666666665
785	2.100466
786	2.1788513333333333
787	2.2621683333333333
788	2.324540333333333
789	2.3430293333333334
790	2.3094616666666665
791	2.2459876666666667
792	2.1801186666666665
793	2.1213923333333335
794	2.0670376666666668
795	2.0057509999999996
796	1.9305003333333333
797	1.8519840000000003
798	1.7899026666666666
799	1.7655653333333334
800	1.7885756666666666
801	1.8404420000000001
802	1.8923843333333332
803	1.9205783333333333
804	1.9129856666666667
805	1.8792060000000002
806	1.8397780000000001
807	1.818665
808	1.8316096666666668
809	1.872677666666667
810	1.9268076666666665
811	1.9802160000000002
812	2.0282590000000003
813	2.0842620000000003
814	2.159925
815	2.245815666666667
816	2.3270306666666665
817	2.3980040000000002
818	2.458677
819	2.5108960000000002
820	2.55259
821	2.5720050000000003
822	2.5599446666666665
823	2.522874333333333
824	2.4727026666666667
825	2.4180919999999997
826	2.3662549999999998
827	2.325129333333333
828	2.3029553333333332
829	2.306649666666667
830	2.334294
831	2.3649123333333333
832	2.3732713333333333
833	2.3444280000000006
834	2.278983666666667
835	2.2022586666666673
836	2.144363333333333
837	2.1214756666666665
838	2.1345500000000004
839	2.1646666666666667
840	2.1919393333333335
841	2.213674666666667
842	2.238662
843	2.2833816666666666
844	2.3579863333333333
845	2.45066
846	2.5381013333333335
847	2.593328666666667
848	2.597486333333334
849	2.553762
850	2.477682666666667
851	2.3912213333333336
852	2.314183
853	2.255773333333334
854	2.218745333333333
855	2.2010330000000002
856	2.19566
857	2.188686
858	2.1668876666666668
859	2.1268523333333333
860	2.080075
861	2.059987
862	2.0850913333333336
863	2.1197166666666667
864	2.124226
865	2.1041843333333334
866	2.079746
867	2.0578753333333335
868	2.043123666666667
869	2.0495856666666668
870	2.0911513333333334
871	2.16972
872	2.273828
873	2.3737383333333337
874	2.4384693333333334
875	2.4538443333333335
876	2.429895
877	2.4133396666666673
878	2.4445113333333337
879	2.511752666666667
880	2.5719206666666663
881	2.5666990000000003
882	2.473711333333333
883	2.3631710000000004
884	2.3093606666666666
885	2.3035553333333336
886	2.304762333333333
887	2.2852743333333336
888	2.2365880000000002
889	2.176582666666667
890	2.1273166666666667
891	2.095663666666667
892	2.0839073333333333
893	2.0996770000000002
894	2.1506016666666667
895	2.2362546666666665
896	2.3393143333333337
897	2.4139743333333334
898	2.4264273333333337
899	2.399093666666667
900	2.377483
901	2.4004926666666666
902	2.476647333333333
903	2.555167
904	2.581833333333333
905	2.5548619999999995
906	2.510034666666667
907	2.5121016666666667
908	2.6045350000000003
909	2.754797
910	2.8996713333333335
911	2.9837206666666662
912	2.9792953333333334
913	2.9118536666666666
914	2.8245973333333336
915	2.749419333333333
916	2.7056113333333336
917	2.6963466666666664
918	2.714605
919	2.7447316666666666
920	2.7692933333333336
921	2.775479666666667
922	2.7606623333333338
923	2.7410773333333336
924	2.7393490000000003
925	2.7726703333333336
926	2.840500666666667
927	2.9076946666666665
928	2.931677333333333
929	2.889043666666667
930	2.784409333333333
931	2.6655116666666663
932	2.5815956666666664
933	2.5427480000000005
934	2.535618333333333
935	2.533953333333333
936	2.515355333333333
937	2.4775286666666663
938	2.4298786666666663
939	2.3882423333333334
940	2.3663173333333334
941	2.3667306666666663
942	2.381913
943	2.392130333333333
944	2.377531
945	2.3308693333333332
946	2.260719
947	2.1987550000000002
948	2.1775053333333334
949	2.207651333333333
950	2.27852
951	2.353955666666667
952	2.402387666666667
953	2.427171
954	2.44583
955	2.4722880000000003
956	2.5112696666666667
957	2.552334666666667
958	2.5860140000000005
959	2.6196533333333334
960	2.665108666666667
961	2.727052
962	2.8046789999999997
963	2.8925423333333335
964	2.9843056666666667
965	3.0751836666666668
966	3.15689
967	3.2127293333333333
968	3.2348833333333333
969	3.2445196666666662
970	3.271077333333333
971	3.332345666666667
972	3.4270903333333327
973	3.523743
974	3.5890839999999997
975	3.6167523333333333
976	3.621368
977	3.636705666666667
978	3.688704
979	3.7669066666666664
980	3.8431573333333335
981	3.886597666666667
982	3.880103
983	3.8394056666666665
984	3.792061333333333
985	3.760053666666667
986	3.757229333333333
987	3.784562
988	3.8302886666666667
989	3.8664553333333336
990	3.8700943333333333
991	3.8462059999999996
992	3.817062
993	3.8147680000000004
994	3.857946666666667
995	3.925031
996	3.9769623333333333
997	3.9761756666666663
998	3.903886
999	3.782395333333333
1000	3.654148666666667
1001	3.566112
1002	3.5488703333333333
1003	3.5910576666666665
1004	3.6567416666666666
1005	3.695981666666667
1006	3.669909333333334
1007	3.5785150000000003
1008	3.44604
1009	3.313235666666667
1010	3.2164686666666666
1011	3.166043666666667
1012	3.150789
1013	3.137572666666667
1014	3.1002843333333336
1015	3.0497976666666666
1016	3.0125170000000003
1017	3.0116856666666667
1018	3.0547873333333335
1019	3.117612333333333
1020	3.1653733333333336
1021	3.1704963333333334
1022	3.1158746666666666
1023	3.0023056666666665
1024	2.853847
1025	2.7296609999999997
1026	2.6839359999999997
1027	2.7229843333333332
1028	2.8172553333333332
1029	2.9047413333333334
1030	2.9312960000000006
1031	2.8917749999999995
1032	2.8077786666666666
1033	2.7125163333333333
1034	2.6349393333333335
1035	2.5844336666666665
1036	2.5568583333333335
1037	2.5367949999999997
1038	2.510037666666667
1039	2.4759516666666666
1040	2.444205666666667
1041	2.434137333333333
1042	2.464469666666667
1043	2.5420626666666664
1044	2.6570263333333335
1045	2.7729003333333333
1046	2.8479116666666666
1047	2.8565169999999998
1048	2.802872333333333
1049	2.741566
1050	2.731162
1051	2.7887823333333333
1052	2.9021483333333333
1053	3.0349843333333335
1054	3.1526889999999996
1055	3.2464399999999998
1056	3.3208083333333334
1057	3.3848126666666665
1058	3.446349333333333
1059	3.5073073333333333
1060	3.5637396666666663
1061	3.6046606666666667
1062	3.62077
1063	3.6138106666666667
1064	3.5930690000000003
1065	3.574124
1066	3.573818666666667
1067	3.605558
1068	3.675346333333333
1069	3.774774
1070	3.884737
1071	3.9770556666666663
1072	4.035738666666667
1073	4.079813333333333
1074	4.127353333333334
1075	4.160877666666667
1076	4.163867333333333
1077	4.158085333333334
1078	4.171149
1079	4.204088333333333
1080	4.245589666666667
1081	4.284579333333333
1082	4.315989
1083	4.346434666666666
1084	4.382521333333334
1085	4.419415
1086	4.448759
1087	4.465975666666667
1088	4.468953333333333
1089	4.457254666666667
1090	4.433429666666667
1091	4.404702333333333
1092	4.373058333333334
1093	4.325198333333334
1094	4.254475666666666
1095	4.183538333333334
1096	4.132835
1097	4.0888116666666665
1098	4.033397333333333
1099	3.9729690000000004
1100	3.9212226666666665
1101	3.8826706666666673
1102	3.857016333333333
1103	3.843512
1104	3.843916
1105	3.865136666666667
1106	3.9116366666666664
1107	3.9766463333333335
1108	4.046478666666667
1109	4.103654000000001
1110	4.13768
1111	4.158418666666667
1112	4.189518
1113	4.264851
1114	4.4079310000000005
1115	4.608549
1116	4.841265666666667
1117	5.07996
1118	5.307766
1119	5.528086666666667
1120	5.749538999999999
1121	5.972226666666666
1122	6.1870846666666655
1123	6.373525666666666
1124	6.510443666666667
1125	6.587208333333334
1126	6.603307333333333
1127	6.571032333333333
1128	6.507301
1129	6.4272013333333335
1130	6.340208333333333
1131	6.244392666666667
1132	6.128293666666666
1133	5.970681666666667
1134	5.757986666666666
1135	5.503545333333333
1136	5.229412666666667
1137	4.950498666666666
1138	4.675209
1139	4.40544
1140	4.142188666666667
1141	3.8897866666666667
1142	3.6497713333333333
1143	3.4147410000000002
1144	3.1835173333333335
1145	2.9779213333333336
1146	2.8229456666666666
1147	2.7268396666666668
1148	2.6845106666666667
1149	2.6783916666666663
1150	2.694096666666667
1151	2.735368333333333
1152	2.8073103333333336
1153	2.899176333333333
1154	2.9908316666666663
1155	3.0583959999999997
1156	3.088801
1157	3.0961779999999997
1158	3.0970146666666665
1159	3.0865303333333336
1160	3.0541146666666665
1161	3.000041
1162	2.944062333333333
1163	2.936379333333333
1164	3.012951
1165	3.1463496666666666
1166	3.2822916666666666
1167	3.3704616666666665
1168	3.382647333333333
1169	3.3343483333333332
1170	3.251431666666667
1171	3.1416823333333332
1172	3.009152333333333
1173	2.8696016666666666
1174	2.744621
1175	2.654999666666667
1176	2.6076103333333336
1177	2.5787863333333334
1178	2.5388933333333332
1179	2.4756573333333334
1180	2.39283
1181	2.310870333333333
1182	2.24045
1183	2.1551513333333334
1184	2.02595
1185	1.856751
1186	1.675227
1187	1.5279396666666667
1188	1.4511116666666666
1189	1.4394363333333335
1190	1.4691133333333335
1191	1.5153873333333336
1192	1.5570780000000002
1193	1.5809373333333334
1194	1.5838863333333333
1195	1.5790586666666666
1196	1.5862783333333332
1197	1.624595
1198	1.7060613333333334
1199	1.8269916666666668
1200	1.97102
1201	2.1085333333333334
1202	2.2133833333333333
1203	2.2804596666666668
1204	2.3172780000000004
1205	2.3390443333333337
1206	2.3600713333333334
1207	2.385975
1208	2.4177463333333336
1209	2.454153333333333
1210	2.4906300000000003
1211	2.517427333333333
1212	2.5300313333333335
1213	2.5405529999999996
1214	2.5615780000000004
1215	2.5897930000000002
1216	2.6137566666666667
1217	2.6205166666666666
1218	2.603476666666667
1219	2.571629666666666
1220	2.5401036666666665
1221	2.522549333333333
1222	2.528545333333333
1223	2.559944
1224	2.612008666666667
1225	2.6721786666666665
1226	2.725991333333333
1227	2.76255
1228	2.777635
1229	2.779101
1230	2.781577
1231	2.802299
1232	2.847363
1233	2.895337
1234	2.919214333333333
1235	2.9081349999999997
1236	2.871753333333333
1237	2.8481543333333335
1238	2.86846
1239	2.9199213333333334
1240	2.9711843333333334
1241	2.993717
1242	2.972572
1243	2.919147666666667
1244	2.8524130000000003
1245	2.783018
1246	2.7161973333333336
1247	2.6542253333333337
1248	2.5992940000000004
1249	2.555308
1250	2.523378333333333
1251	2.4965630000000005
1252	2.4678086666666665
1253	2.4377786666666665
1254	2.4094526666666667
1255	2.3827053333333335
1256	2.352986666666667
1257	2.3098796666666668
1258	2.248887
1259	2.1843969999999997
1260	2.1331793333333335
1261	2.0982373333333335
1262	2.0750360000000003
1263	2.0566123333333333
1264	2.0399416666666665
1265	2.0325580000000003
1266	2.043819666666667
1267	2.0757156666666665
1268	2.119059666666667
1269	2.147802
1270	2.141488
1271	2.1094386666666667
1272	2.0748296666666666
1273	2.061569333333334
1274	2.0827376666666666
1275	2.1267210000000003
1276	2.1712963333333333
1277	2.1949476666666667
1278	2.185976333333333
1279	2.1541116666666666
1280	2.119947
1281	2.1076553333333337
1282	2.1359666666666666
1283	2.2077446666666667
1284	2.3146096666666667
1285	2.4372173333333333
1286	2.5494090000000003
1287	2.6213866666666665
1288	2.6404733333333334
1289	2.636499333333333
1290	2.6488566666666666
1291	2.6961416666666667
1292	2.7814316666666663
1293	2.8946593333333333
1294	3.023968
1295	3.165016333333334
1296	3.316092333333333
1297	3.4738809999999996
1298	3.636732
1299	3.8082776666666662
1300	3.988856666666666
1301	4.1659939999999995
1302	4.324434999999999
1303	4.456223333333333
1304	4.562398333333333
1305	4.6571929999999995
1306	4.759332
1307	4.884197333333333
1308	5.0357606666666666
1309	5.1953
1310	5.336378999999999
1311	5.437360333333333
1312	5.483355666666668
1313	5.470591333333333
1314	5.408517666666667
1315	5.326090333333333
1316	5.252183666666667
1317	5.195613333333333
1318	5.148867666666667
1319	5.088689333333333
1320	4.999287333333334
1321	4.896398666666667
1322	4.803953333333333
1323	4.732505333333333
1324	4.683001666666667
1325	4.649079666666666
1326	4.623836666666667
1327	4.605400666666666
1328	4.593303333333333
1329	4.585116
1330	4.578586666666666
1331	4.574326
1332	4.575958666666666
1333	4.590532666666666
1334	4.621334999999999
1335	4.659582
1336	4.692326666666666
1337	4.709451333333334
1338	4.705904666666666
1339	4.685396666666667
1340	4.657588333333333
1341	4.637245999999999
1342	4.6381559999999995
1343	4.666223
1344	4.717070333333333
1345	4.770758999999999
1346	4.806048333333333
1347	4.814251666666666
1348	4.796522
1349	4.764214666666666
1350	4.735115
1351	4.731156333333334
1352	4.763749333333333
1353	4.816279999999999
1354	4.864322666666666
1355	4.893850333333334
1356	4.901162666666667
1357	4.895299999999999
1358	4.8925556666666665
1359	4.912664
1360	4.964163666666665
1361	5.026433666666667
1362	5.067581666666666
1363	5.060166333333333
1364	4.993275
1365	4.888654666666666
1366	4.778746666666666
1367	4.688021
1368	4.629449666666666
1369	4.597733333333334
1370	4.573860666666667
1371	4.526003333333333
1372	4.431841666666666
1373	4.303254666666667
1374	4.165606666666667
1375	4.040742333333333
1376	3.943599
1377	3.877267
1378	3.8326613333333333
1379	3.7848216666666668
1380	3.7130043333333336
1381	3.622167
1382	3.5320393333333335
1383	3.468522666666667
1384	3.442346666666667
1385	3.4254000000000002
1386	3.386488
1387	3.3267396666666667
1388	3.2656886666666662
1389	3.230574333333333
1390	3.240582
1391	3.2899496666666668
1392	3.36149
1393	3.4364143333333335
1394	3.4972746666666663
1395	3.5303783333333336
1396	3.526607333333333
1397	3.4847456666666665
1398	3.4131039999999997
1399	3.3339359999999996
1400	3.2680496666666667
1401	3.218719333333333
1402	3.17683
1403	3.123582333333333
1404	3.0467576666666667
1405	2.957522
1406	2.8704986666666663
1407	2.7846419999999994
1408	2.691711
1409	2.584237333333333
1410	2.4614496666666668
1411	2.3365976666666666
1412	2.2277596666666666
1413	2.149925
1414	2.1117429999999997
1415	2.109790666666667
1416	2.1284289999999997
1417	2.1373766666666665
1418	2.1187349999999996
1419	2.096988333333333
1420	2.107829333333333
1421	2.1686083333333332
1422	2.2748673333333334
1423	2.3932726666666664
1424	2.494095666666667
1425	2.583317
1426	2.678472333333333
1427	2.786684333333333
1428	2.905843
1429	3.024521
1430	3.128157
1431	3.2041433333333336
1432	3.246709666666667
1433	3.2641530000000003
1434	3.2731626666666664
1435	3.2960089999999997
1436	3.354436333333333
1437	3.462116666666667
1438	3.6140993333333333
1439	3.7708683333333335
1440	3.887813333333334
1441	3.9442123333333337
1442	3.94455
1443	3.925364666666667
1444	3.9224093333333334
1445	3.939059666666667
1446	3.9653356666666664
1447	3.993923
1448	4.021304333333333
1449	4.047942
1450	4.072738
1451	4.087924666666667
1452	4.088634
1453	4.083475
1454	4.084895333333333
1455	4.099229666666667
1456	4.119715666666667
1457	4.117123666666666
1458	4.065402000000001
1459	3.9683729999999997
1460	3.8448896666666665
1461	3.717815
1462	3.6071456666666664
1463	3.5232223333333335
1464	3.467482
1465	3.430139333333333
1466	3.397222
1467	3.355912333333334
1468	3.2968393333333337
1469	3.217915
1470	3.1263843333333337
1471	3.043139666666667
1472	2.9848893333333333
1473	2.945082
1474	2.906156666666667
1475	2.849823333333334
1476	2.7681649999999998
1477	2.676956
1478	2.599911666666667
1479	2.5550186666666668
1480	2.5505266666666664
1481	2.5781123333333333
1482	2.6182133333333333
1483	2.6420373333333336
1484	2.626266
1485	2.569286333333334
1486	2.481874333333333
1487	2.3817063333333333
1488	2.2867333333333333
1489	2.208954
1490	2.1505966666666665
1491	2.097496
1492	2.032210666666667
1493	1.9461443333333337
1494	1.8388710000000001
1495	1.72022
1496	1.6088153333333333
1497	1.532003
1498	1.5021820000000001
1499	1.4893953333333334
1500	1.4545483333333336
1501	1.3814463333333333
1502	1.2773403333333335
1503	1.17799
1504	1.11718
1505	1.0969803333333332
1506	1.105587
1507	1.1316920000000001
1508	1.1656160000000002
1509	1.1996973333333336
1510	1.230628
1511	1.2632090000000002
1512	1.3029876666666667
1513	1.3493843333333335
1514	1.3995963333333332
1515	1.4524563333333333
1516	1.509925
1517	1.5789426666666668
1518	1.6651963333333335
1519	1.766265
1520	1.874102
1521	1.9757840000000002
1522	2.057050333333333
1523	2.1064293333333333
1524	2.1254596666666665
1525	2.1421653333333333
1526	2.1859496666666667
1527	2.2626596666666665
1528	2.363830666666667
1529	2.4728623333333335
1530	2.5759046666666667
1531	2.672452333333333
1532	2.7685636666666666
1533	2.871479666666667
1534	2.9838546666666668
1535	3.0967903333333338
1536	3.1944170000000005
1537	3.257693
1538	3.2798526666666667
1539	3.284812
1540	3.3026473333333337
1541	3.346667
1542	3.4184810000000003
1543	3.5107989999999996
1544	3.6156520000000003
1545	3.730538
1546	3.849682666666667
1547	3.954323666666667
1548	4.025308333333333
1549	4.056748000000001
1550	4.055369
1551	4.043090666666667
1552	4.042812
1553	4.064794333333333
1554	4.109506666666666
1555	4.167895333333333
1556	4.229014666666667
1557	4.286688
1558	4.340644666666667
1559	4.398990333333334
1560	4.470547333333333
1561	4.557626666666666
1562	4.6585936666666665
1563	4.769020333333334
1564	4.880304333333334
1565	4.9779029999999995
1566	5.056433333333334
1567	5.137478
1568	5.250090666666667
1569	5.412617999999999
1570	5.629885
1571	5.886674999999999
1572	6.157791333333332
1573	6.414634666666667
1574	6.634263
1575	6.810125333333334
1576	6.947705
1577	7.063843
1578	7.175059
1579	7.2857416666666674
1580	7.387895333333333
1581	7.4583070000000005
1582	7.478294
1583	7.454764666666667
1584	7.408427666666666
1585	7.363948000000001
1586	7.329298
1587	7.272369333333334
1588	7.158525333333333
1589	6.987796666666666
1590	6.778850333333334
1591	6.5567779999999996
1592	6.342262999999999
1593	6.141265333333334
1594	5.9539843333333335
1595	5.781848
1596	5.626372999999999
1597	5.486788333333333
1598	5.357980666666666
1599	5.228034666666666
1600	5.090301666666667
1601	4.956941333333333
1602	4.845635000000001
1603	4.766953333333333
1604	4.720434
1605	4.688687000000001
1606	4.655266666666668
1607	4.621604666666667
1608	4.590990666666666
1609	4.552815
1610	4.494107333333334
1611	4.412257666666667
1612	4.317111333333334
1613	4.235634666666667
1614	4.192911333333333
1615	4.192180333333334
1616	4.220421333333333
1617	4.249387333333333
1618	4.248883
1619	4.200106666666667
1620	4.104973
1621	3.999702666666667
1622	3.915214666666666
1623	3.8371886666666666
1624	3.738559333333333
1625	3.610707333333333
1626	3.4652833333333333
1627	3.3389963333333332
1628	3.2644343333333334
1629	3.2402216666666668
1630	3.247660333333333
1631	3.262519666666667
1632	3.260582333333333
1633	3.2223443333333335
1634	3.138927333333333
1635	3.022482
1636	2.899937333333333
1637	2.8108153333333328
1638	2.7870113333333335
1639	2.8294963333333336
1640	2.9151000000000002
1641	2.998267333333333
1642	3.049008
1643	3.092574
1644	3.1608613333333335
1645	3.2451540000000003
1646	3.3185210000000005
1647	3.3569043333333335
1648	3.355385333333334
1649	3.346799
1650	3.362500666666667
1651	3.393706666666666
1652	3.419821
1653	3.4349716666666668
1654	3.4437659999999997
1655	3.4572119999999997
1656	3.4781440000000003
1657	3.486290666666666
1658	3.464132666666667
1659	3.423819333333333
1660	3.3885146666666666
1661	3.3744066666666668
1662	3.378201333333333
1663	3.362736
1664	3.3037503333333333
1665	3.238729333333333
1666	3.2153223333333334
1667	3.240024
1668	3.288211333333333
1669	3.309865333333333
1670	3.2725573333333333
1671	3.2059953333333335
1672	3.148289
1673	3.0944900000000004
1674	3.0234319999999997
1675	2.923866666666666
1676	2.8030123333333328
1677	2.696703666666666
1678	2.6329046666666667
1679	2.594065
1680	2.5506049999999996
1681	2.492431333333333
1682	2.4255193333333334
1683	2.369887
1684	2.33655
1685	2.3036453333333338
1686	2.244695
1687	2.1565133333333333
1688	2.0514140000000003
1689	1.9518476666666666
1690	1.8734376666666668
1691	1.8080853333333333
1692	1.7466416666666664
1693	1.7007553333333334
1694	1.6847029999999998
1695	1.695998
1696	1.7184426666666666
1697	1.7231586666666667
1698	1.6901953333333335
1699	1.6318233333333332
1700	1.569973
1701	1.5162326666666666
1702	1.4748063333333332
1703	1.444286
1704	1.4191876666666665
1705	1.3897323333333336
1706	1.3477789999999998
1707	1.293569
1708	1.23465
1709	1.1867733333333332
1710	1.165232
1711	1.176332
1712	1.2210156666666667
1713	1.2962296666666668
1714	1.3920506666666665
1715	1.486678
1716	1.5602653333333334
1717	1.6096273333333335
1718	1.6413466666666667
1719	1.6675943333333334
1720	1.7005316666666668
1721	1.7470753333333333
1722	1.807051666666667
1723	1.8696053333333336
1724	1.923972
1725	1.9702450000000002
1726	2.015379
1727	2.070191666666667
1728	2.139742
1729	2.212149666666667
1730	2.2677633333333334
1731	2.286524
1732	2.2553056666666667
1733	2.1779056666666667
1734	2.073251
1735	1.9774976666666668
1736	1.9208673333333333
1737	1.902774
1738	1.9058006666666665
1739	1.9051743333333335
1740	1.879789
1741	1.8240830000000003
1742	1.748889
1743	1.6858413333333333
1744	1.6585853333333334
1745	1.65255
1746	1.6411453333333332
1747	1.6096010000000003
1748	1.5562116666666665
1749	1.49625
1750	1.4521483333333332
1751	1.4450196666666668
1752	1.479184
1753	1.5223866666666668
1754	1.5341506666666667
1755	1.4933613333333333
1756	1.4058103333333332
1757	1.3177443333333334
1758	1.2777983333333331
1759	1.300105
1760	1.3765773333333333
1761	1.4829376666666665
1762	1.5869416666666667
1763	1.6542936666666666
1764	1.670361
1765	1.6666910000000001
1766	1.6819140000000001
1767	1.7248336666666668
1768	1.7878503333333335
1769	1.8571923333333333
1770	1.9191820000000002
1771	1.965351
1772	1.994198
1773	2.015739
1774	2.0483510000000003
1775	2.116391
1776	2.2268163333333337
1777	2.3410623333333334
1778	2.4091526666666665
1779	2.4027083333333334
1780	2.324869333333333
1781	2.2267026666666667
1782	2.1596796666666664
1783	2.1289526666666667
1784	2.1139156666666667
1785	2.0840396666666665
1786	2.022269666666667
1787	1.949292
1788	1.891828
1789	1.8523493333333334
1790	1.8195443333333334
